-1.451580358609803501e+00 7.228068454248280261e+00 -7.808938958985822687e+00
-2.127934473901717194e+00 3.992277550770504835e+00 -2.863141460226025004e+00
-2.024138306230379936e+00 4.304973841237608845e+00 -2.856831191886572974e+00
-1.926500491270079607e+00 4.356132059852130034e+00 -2.831502753288507090e+00
-2.876377892275417292e+00 4.395675917143508471e+00 -3.338359592237902351e+00
-2.157287244935038206e+00 4.437639429373085420e+00 -2.491430686750030432e+00
-3.142273624860563164e+00 4.169778857579690801e+00 -2.817408223989741334e+00
-2.367834746041687310e+00 4.222200401244545986e+00 -2.469636594796291273e+00
-2.281321988590820027e+00 4.123866872842028464e+00 -2.607372389693999093e+00
-2.649173364496827165e+00 4.047799556250849307e+00 -2.699453260573807079e+00
-2.302961006865511084e+00 4.215297993315494374e+00 -2.801386149167591544e+00
-2.422615014623338503e+00 4.025469172705226306e+00 -2.658441811319097514e+00
-1.884090007585788484e+00 3.576510369602665218e+00 -2.236073564926770896e+00
-2.038764694985851555e+00 3.844068651912086132e+00 -1.217547650609091203e+00
-2.364470995001842990e+00 4.287075350481635461e+00 -2.585315952126836070e+00
-2.514140093174040302e+00 4.273274302989302775e+00 -2.294458688432678972e+00
-2.212287108210963193e+00 4.201036161714817752e+00 -2.839229397224440454e+00
-2.408298692022951659e+00 4.463658156086001583e+00 -2.656679236842160119e+00
-2.892820789071544496e+00 4.005282239071656036e+00 -2.420075301971016835e+00
-3.304452735760000870e+00 5.322162202349798754e+00 -3.159822641415287681e+00
-2.309630698950972949e+00 4.099892104554348826e+00 -2.389784916032511308e+00
-2.169620905160340563e+00 4.625419266591476841e+00 -2.737201660088968147e+00
-2.153533238477169487e+00 4.215455192873350576e+00 -2.623826089493539904e+00
-2.294326987109026383e+00 4.342009881577591379e+00 -2.663804300066449304e+00
-2.763535420416818766e+00 4.748979430932531720e+00 -2.453144341080804036e+00
-2.573227109378467325e+00 3.888491631775692792e+00 -2.550863149579374767e+00
-2.303620503691110599e+00 4.031055046816269360e+00 -2.582495258962562268e+00
-2.056356439799551072e+00 4.373083839675061313e+00 -2.822386235481185945e+00
-2.255963444293191511e+00 4.261074961298827013e+00 -2.698100977633127950e+00
-1.433953569285378871e+00 4.663860251053717043e+00 -1.226292877072306720e+00
-2.201985099604049978e+00 4.332534794746938367e+00 -2.848052899210263167e+00
-2.181192072358253853e+00 4.146042696507867831e+00 -2.154191800123910205e+00
-2.378302309024332040e+00 4.366218431859446802e+00 -2.610559711798786431e+00
-2.270804730977312058e+00 4.374515969104076696e+00 -2.736596772967853308e+00
-2.343239324316197525e+00 4.182408395737225781e+00 -2.634645611186680725e+00
-2.365155326515391732e+00 4.090381325337593132e+00 -2.568881880233511605e+00
-2.695378309192027810e+00 4.431308741660978434e+00 -2.531367256023079548e+00
-3.695121750059239041e+00 4.549636003095190340e+00 -3.551130968476690963e+00
-2.243998083106703234e+00 4.147217818981723703e+00 -2.741762032843251706e+00
-2.744683303941245711e+00 4.369552868013260927e+00 -3.294059160818823884e+00
-2.587777523953996184e+00 4.198169803954809431e+00 -2.551546106271040060e+00
-2.141410430681315535e+00 4.100054725846017156e+00 -2.792148951922538203e+00
-2.555298093880572718e+00 4.167817254776730707e+00 -2.609446305381797782e+00
-2.371726770058215195e+00 4.031482994638349915e+00 -2.832766878907039043e+00
-2.383164014479673742e+00 4.698034172619566462e+00 -2.727619333962296277e+00
-2.227730327163584878e+00 3.982288206360621530e+00 -2.750115697675592497e+00
-2.404625107699485120e+00 4.137957956723279374e+00 -2.504824364821871097e+00
-2.523333686754440919e+00 4.259341641759287533e+00 -2.797453641206039343e+00
-2.487246843575438238e+00 3.829776984477796908e+00 -2.667574236652626052e+00
-2.120358807352899611e+00 4.189677538449506855e+00 -2.662860218930230616e+00
-2.553875268252610020e+00 4.172675643181315230e+00 -2.559370405311037100e+00
-2.204395256982960571e+00 4.482051802987166766e+00 -2.786793676045411949e+00
-2.320823375485046469e+00 3.691396764284803123e+00 -2.835754862188668124e+00
-2.853940102664981104e+00 3.058189541740444994e+00 -2.969372844423784130e+00
-2.001348841901668951e+00 4.247264887526591259e+00 -2.544501043032862064e+00
-3.420552575251308847e-01 2.560953768205750603e+00 -1.118394608049877226e+00
-2.543091733635890250e+00 4.299827620572294506e+00 -2.642796111822397265e+00
-2.380265905145019456e+00 4.174345636854898345e+00 -2.658748106809716738e+00
-2.527817509234492555e+00 4.294677039452567513e+00 -2.535411297300199429e+00
-2.240934408574513093e+00 4.187565073740289634e+00 -2.854220126245282430e+00
-2.534245998684407031e+00 3.746523045750052461e+00 -2.495565516099660819e+00
-1.883677970702221094e+00 4.696435889080992077e+00 -2.470379064479449216e+00
-2.245467828886426709e+00 4.564274894179171760e+00 -2.577196914664273475e+00
-2.351012707417658554e+00 4.176302252834970474e+00 -2.643895175360152283e+00
-2.465462536818303629e+00 4.223879034549087308e+00 -2.925334666898055325e+00
-2.111051647611155158e+00 4.020845665055380991e+00 -2.454646884205141877e+00
-2.326362325917453955e+00 3.879307556840803084e+00 -2.804349147054032265e+00
-1.924813805777966458e+00 4.332715994288197869e+00 -1.934511910557497938e+00
-2.463231340847767736e+00 3.702211025490032448e+00 -2.822441643847401593e+00
-1.510515034231056042e+00 4.303395451812085604e+00 -2.775024450675847465e+00
-9.782291081449121517e-01 3.647592774153339157e+00 -2.801239453862384376e+00
-2.107606198872722381e+00 4.067428269729841617e+00 -2.595639876024239179e+00
-1.946449679352287854e+00 3.734006630703556429e+00 -2.902000991788899142e+00
-2.846359923226061461e+00 4.879012201132539417e+00 -2.655439307073403032e+00
-2.263025503783209214e+00 4.302918396971662673e+00 -2.612789897096548408e+00
-2.498022234966069899e+00 4.514426871103747629e+00 -3.047016703544418892e+00
-1.808050546790400448e+00 4.782685691036370201e+00 -2.669601883004887544e+00
-2.515130850574865295e+00 4.127213714699363045e+00 -2.859578930046344336e+00
-2.718581719467142666e+00 4.114143080221875692e+00 -2.407218352303630127e+00
-2.505644850008667213e+00 4.263984651605569276e+00 -2.797395477652869999e+00
-2.276004864981409082e+00 4.441360683345351390e+00 -2.485652219545573249e+00
-2.217720952770132925e+00 4.230307447520379682e+00 -2.761925073203239656e+00
-1.612505948264228772e+00 4.371655992395941936e+00 -2.579319277560424339e+00
-2.559675830068448121e+00 3.769683363967123668e+00 -2.666095620777142905e+00
-2.416287321296883839e+00 4.174902105179114642e+00 -2.870974653594273285e+00
-2.494143812542506389e+00 3.996298725584170874e+00 -2.832747939571968576e+00
-2.351584932467405853e+00 4.062347172989185573e+00 -2.691465380243396766e+00
-2.147172759199762027e+00 4.079878640627247144e+00 -2.654143071954615074e+00
-2.015812392377133833e+00 3.927577909145816726e+00 -2.878882145390913916e+00
-2.621067287296386272e+00 2.486748190929133351e+00 -3.494764724525318833e+00
-4.747563230508679011e-01 4.139730082569390568e+00 -1.746483898570216020e+00
-2.423660921664369639e+00 4.190926724320149788e+00 -2.356265863837593066e+00
-2.478516298673021812e+00 4.068255723620877617e+00 -2.748883099046548040e+00
-2.314550495441921818e+00 4.444796670487269452e+00 -2.890588565902856288e+00
-2.619843645332584181e+00 4.281634913490837135e+00 -2.867226407619453799e+00
-2.386902841688176125e+00 4.079225624875576273e+00 -2.307263900640990073e+00
-2.055613233058573908e+00 3.269115266820962429e+00 -1.130903081076093830e+00
-2.219125892435578784e+00 4.005417910073373555e+00 -2.506680856921916334e+00
-2.323168922572345974e+00 4.111696817556773631e+00 -2.572567799686241052e+00
-2.268402017706539375e+00 4.180040698495290918e+00 -3.016221170154346876e+00
