-1.069674035346574126e+00 9.244474104826571059e-01 1.210482410512876639e+00
6.688635334170547342e-01 8.880427664576618918e-01 7.544346281881247895e-01
9.209339021887152921e-01 8.276094622679726065e-01 4.096832211711746163e-01
8.660531264934768769e-01 5.479737339201804502e-01 1.198549373292421005e-01
1.081642723008817697e+00 5.831635482204957643e-01 9.194386552454131278e-01
6.194219466772022953e-01 1.363561060698175176e+00 2.756479294207654362e-01
8.814165613538280653e-01 6.323412067769034195e-01 -3.528814607165207257e-02
7.816094936588197095e-01 5.598710608830523849e-01 -2.520342297608803572e-01
9.112080539225233533e-01 4.824869947606372222e-01 3.145545338222930365e-01
9.407127419684369052e-01 4.533906225938703627e-01 7.913001361450193727e-01
7.981774647067640949e-01 7.603475572839712981e-01 3.481883689458596942e-01
9.187167414746862937e-01 7.351829782701682081e-01 9.303608377829917231e-01
1.005260129560135329e+00 6.484003709888601641e-01 2.771711720716228955e-01
4.047521548123466095e-01 1.076045022406016072e+00 3.202250876932548063e-01
8.284910396753747408e-01 9.169211612581467108e-01 5.931086771401129498e-01
8.003051076831128041e-01 7.612611380139280293e-01 4.220504083473334833e-01
7.935002026293065391e-01 4.299047256063184275e-01 6.404509862817736598e-01
6.264813596169312993e-01 1.143439406634334299e+00 3.965041642900916097e-01
4.135629241227744002e-01 2.007088259817629006e-01 5.448746444840396608e-01
9.903388493793130465e-01 6.904665382054742118e-01 3.836060887141029552e-01
2.231922913049341206e-01 5.948884437822103965e-01 2.352749281016583704e-01
1.217286108896878716e+00 8.780764385196219157e-01 8.176123472272645021e-01
7.971501848823551173e-01 1.266275264978406589e+00 1.946620962159540946e-01
7.073727565384262395e-01 8.257062573926343685e-01 2.929319696003982454e-01
1.922832182538230628e+00 1.021348724675857023e+00 5.114458855649829383e-01
8.369698835984084040e-01 1.146668634491918803e+00 2.694844413834213137e-01
6.357028323511928480e-01 1.116921121545839224e+00 2.077654875115300670e-01
8.089413934365523584e-01 8.515373797747676221e-01 5.414915223811205269e-01
8.260983576894515013e-01 4.692734540135489185e-01 4.113901400288637600e-01
1.009476677641076847e+00 4.893102714798566177e-01 2.176014032195872916e-01
6.455205078728107893e-01 1.067553285325052226e+00 3.697530198870881968e-01
8.039060174567034256e-01 7.110439493302893599e-01 9.433823710954140074e-01
9.991529497694170425e-01 3.677813851378183285e-01 2.698784233806895694e-01
1.258541028260090844e+00 4.310904041653130236e-01 4.031987808460739675e-01
8.207903713502657794e-01 3.311940086012212653e-02 3.635476442466651914e-01
8.441186662373280081e-01 6.190192307942580241e-01 5.937150587325770168e-01
9.695586319673827891e-01 7.774038684553313816e-01 3.543395492451550388e-01
1.364781626319968133e+00 7.934420514701923111e-02 7.112875437502676201e-02
6.953107979705921426e-01 7.563285584492505098e-01 3.749350063837113556e-01
1.197212237436558802e+00 4.528205394192774680e-01 2.606219555628644380e-01
6.864429257596111889e-01 1.195956190549310794e+00 3.503856993116742369e-01
3.721965149401816331e-01 6.504585490511131107e-01 5.568479364367928675e-01
9.318627289821378445e-01 7.287127270423546799e-01 1.375384322496706890e-01
9.413982055781755509e-01 5.603267858934569690e-01 4.564696438162549885e-01
1.108618951449402035e+00 5.657097627862891498e-01 4.621338320041895598e-01
8.014005434953892504e-01 9.128885628124449036e-01 1.181285851779917406e-01
8.915335520850540263e-01 5.736266477864232494e-01 2.097607318064646786e-01
8.771991299053272240e-01 9.469304032668657278e-01 2.804553444733697276e-01
5.241079803482751043e-01 8.436390065247237890e-01 3.063527097524748610e-01
4.656764052362540318e-01 4.709622143840085373e-01 3.170387733235532357e-01
9.257664013530487734e-01 5.911425845152137315e-01 8.623997084262144952e-01
8.735820385303448843e-01 4.036900330282330862e-01 4.842442214155882052e-01
5.288750497973117026e-01 3.831532701776419469e-01 6.149926364681795876e-01
8.501109865698297519e-01 4.872163785135822933e-01 5.332721278527159381e-01
1.200162408773397749e+00 6.002109377949065294e-01 4.768605950070562427e-01
1.450426573445686707e-01 -6.326756975267276983e-01 2.535209710752862611e-01
8.276279130985448873e-01 9.721015182302938928e-01 2.898715439285811102e-01
7.919023996757561523e-01 6.713449398283679592e-01 4.836820592250221651e-01
6.887774424376437166e-01 7.635200352937335788e-01 6.150774914958142547e-01
7.424584471459216850e-01 7.272795162917222722e-01 4.115180455291941874e-01
1.168861155841758093e+00 1.110603808870346487e+00 4.090218639186365412e-01
1.061145840675542962e+00 1.130024479020097061e+00 1.161848720022333747e-01
9.579346137999217303e-01 4.809792098800188542e-01 1.047619521624724714e-01
9.159799569538705777e-01 6.232776218792670520e-01 9.731500798130562901e-02
8.125277863231850084e-01 6.757211005092248479e-01 3.881907332931744392e-01
8.704951885558548375e-01 5.590006359537020852e-01 4.639242399248580395e-01
7.796212038526729726e-01 4.409896795936497083e-01 2.408845307032678185e-01
3.296713823860778492e-01 1.117817728420012147e+00 5.594548399292171847e-01
1.034551864087640105e+00 2.744912797974185525e-01 9.276521732179277002e-02
4.289401406795598781e-01 1.031335781374615124e+00 6.133809919329474836e-01
8.075176386782022542e-01 1.086832281212434026e+00 3.073135604423954947e-01
6.101126435012419469e-01 5.370145512296778945e-01 2.904380216542271076e-02
5.523696249128653424e-01 8.989825557890680496e-01 4.523294821195967264e-01
6.866048740781717230e-01 7.301191398724241610e-01 6.622828595625668280e-01
9.519531538975941620e-01 5.491133746778074087e-01 3.573564752182582516e-01
9.974594889106472850e-01 7.300942265983024759e-01 3.973275906018519099e-01
1.200963551922727746e+00 2.218895888732592414e-01 6.220425184271141106e-01
8.166220376329375030e-01 9.717227816118659822e-01 3.668825564697862918e-01
8.967677872537365147e-01 9.575579051990378288e-01 7.484011934015677436e-02
7.722468547930361193e-01 6.448091362348629119e-01 5.216456018399829864e-01
5.404107905119063249e-01 5.546352087065699044e-01 6.097000090023330099e-01
9.023383033471968906e-01 5.619746440392401343e-01 5.419698312198670820e-01
1.009262791203837883e+00 1.073508915991492063e-01 1.743910905795444666e-01
1.389530278346186254e+00 1.217097117974825116e+00 -5.466460059262007870e-03
7.217165952885010727e-01 6.769398393053301932e-01 2.222435200686233014e-01
8.849561885910588455e-01 7.407046686209661779e-01 3.706981564558138320e-01
8.530686354614467337e-01 3.932762244086870362e-01 3.848186627467307108e-01
9.891297891341308546e-01 1.092654460857009235e+00 6.170292792954181760e-01
1.192323493221361108e+00 4.519348380495434858e-01 3.950431135305793040e-01
1.314140141193666400e+00 6.448323746578614735e-01 2.205217789060637257e-01
1.388582130445402241e+00 4.396867146539943372e-01 3.497271453592807333e-01
5.191522029161519391e-01 1.038482619358818138e+00 2.912963435584987049e-01
6.789171256379127328e-01 7.340781504612012842e-01 4.130581546693230521e-01
7.866868740548178529e-01 4.491608555117752033e-01 5.619662806507357278e-01
5.702245531615597329e-01 6.556291796097025726e-01 -1.792494298438092049e-01
1.043128131595620234e+00 4.715201201225006217e-02 4.837619047892344204e-01
6.956884548578600169e-01 8.376660206984194446e-01 1.099285866526337863e+00
9.423557483871805029e-01 1.080558161117029847e+00 1.366242062979713956e-01
5.645977904706336314e-01 7.417759873780852553e-01 5.513735552950772556e-01
6.953095612331432473e-01 5.125420217851784921e-01 1.865272060261435327e-01
