-1.462040989152754992e+04 -1.658891579452849328e+04 -1.547784551064887410e+03
1.237795171018537076e+04 2.486046250925014465e+04 -5.033638871413542802e+03
-1.396654006450142731e+02 -5.788930875114733681e+03 9.692424778341932324e+03
-1.422719766289390282e+04 2.325560743717694550e+03 5.151842610683939711e+03
-9.496851678692877613e+03 3.043294181224330714e+03 3.199079958442038333e+03
9.165267920374851656e+02 -6.578092440969331619e+03 1.122561790979517582e+03
-3.312298226096167491e+04 1.730188017857661862e+03 -3.432536932385629825e+03
-1.083188367116069276e+04 -4.799100816266459333e+03 1.096425110897856030e+03
-3.643678481692741116e+02 -7.822429678639817894e+02 5.242054791626377664e+03
-8.662993666183966752e+02 -1.628891778614463510e+04 8.190379164588744061e+02
-1.139036126148896074e+04 1.855322667874474064e+03 2.359257517993985402e+03
-1.024697770827783097e+04 -3.391584683100099937e+03 1.379102812704151575e+03
-8.224135880999981964e+03 -1.738355990681877302e+03 4.891542331765955169e+03
-2.784562156209212844e+03 -4.042508047008050653e+03 4.614710934881906724e+03
1.482061522851064365e+04 -4.654014632406492456e+04 -4.223315574189846302e+03
-1.063063084991110736e+04 1.336096509600852414e+03 3.059029280118558290e+03
-1.151793624637165158e+04 2.144041926530387627e+03 2.899200670480149711e+03
-1.201459255599782773e+04 -1.354814865618724252e+04 -6.696715497592923612e+02
-1.118212753151319521e+04 -3.701666479380619876e+03 5.434539561286597745e+03
1.015352451652265881e+04 2.943100635906904063e+04 -1.851914078351001535e+03
-1.603755971360420699e+04 -2.510222252593830945e+03 3.077252175396439725e+03
-3.456075799365379680e+03 4.800491291386460944e+03 4.944909367485194707e+03
1.697288492954590038e+04 -3.010280278195592473e+04 -7.552945116625210176e+03
-7.402466233270051816e+03 -1.160226802768939933e+03 3.315321047504286980e+03
6.152967013839981519e+03 -1.130834997181828294e+04 -2.222833189335836323e+03
-1.607695836642345603e+04 -4.832755401960672316e+03 3.559547224020575413e+03
1.387207947088988476e+04 -1.342385081649499261e+04 -2.097513915919942519e+03
2.375526254474764573e+04 -2.703052187281666556e+04 -3.340817379248471298e+03
-8.147762578882903881e+02 -5.118865335206101008e+03 4.299499616529950799e+03
-3.898809394491134753e+03 -8.963159406648821459e+03 -2.143427598563698211e+03
-2.145857288296575689e+02 3.722550727950221699e+03 -4.675058439002356749e+02
8.389596503497428785e+03 -1.246048888504958268e+04 -1.619087610960250458e+03
-8.726366222821714018e+02 -1.402425931070546903e+04 -1.506551095851089599e+02
-1.044675938249553292e+04 -2.410350851517504452e+03 1.683098393219110221e+03
-1.630373509146010656e+04 -2.477994408815638053e+03 3.132612087962175337e+03
-2.192322485991535814e+03 -1.089089530864704830e+04 -8.198315043286921764e+02
-1.280087488159994427e+04 -4.561475847873339262e+03 3.555611495413439570e+03
2.831744733685011852e+03 -4.496131037234867108e+03 1.391551723756065712e+03
-1.646954758206098995e+04 -6.723515047830029289e+03 4.155378843269202662e+03
-9.604535614963819171e+03 -3.672581273865782350e+03 5.839480713781058512e+03
1.367015778227780720e+04 3.267310755645138124e+04 -4.057563080459181037e+03
-3.440762972327666648e+04 2.749859932480814678e+04 -7.247317992296368175e+03
-4.458032153391336578e+03 -7.547350301924438099e+03 3.721518349856610257e+03
-6.766105444016585352e+03 -2.258493539685618816e+04 -1.194445954771063953e+03
-7.648656713636460154e+03 -6.726326516253565387e+03 -2.133974554456225974e+02
-4.931137905291175230e+03 -9.227519716115182746e+03 7.262346730479735015e+02
-1.601529036224150514e+04 -3.778159107144530026e+03 3.306132614329811076e+03
-5.836322755486537972e+03 1.739255658974006292e+04 -8.681199538742587265e+02
-8.796688560942511685e+03 -6.316700442196096446e+03 3.602444611069842267e+03
-2.591769279400929736e+04 -9.313612152915104525e+04 -1.732062593484650961e+03
-2.248847301563383007e+04 5.513780723757096894e+03 -4.191382199204259086e+04
-7.269866503932531486e+03 8.130823141604573721e+03 -2.717972867508934360e+04
-2.912701177358664609e+03 2.500426743186104886e+03 -3.472899481406041741e+04
3.270816529807275401e+03 4.582870601858572854e+02 -3.769347845094998047e+04
-1.604814507216897982e+04 6.023050621132140805e+03 -2.198419890488879901e+04
1.017289914895066431e+03 1.286381192271448526e+04 -2.570937663452995912e+04
-1.244381532317699566e+04 1.046483174737624358e+04 -1.648642994681256823e+04
1.143919186372305319e+02 9.586064113944396013e+03 -2.256740671527423547e+04
-1.569595513362982092e+04 1.164911038885906419e+04 -1.238583493712611744e+04
-1.985102401002294937e+04 9.779911244706179332e+02 -3.011784159014631587e+04
6.786968018246978318e+03 6.120949113499399573e+03 -3.384992483089667076e+04
7.921451209212901631e+03 3.621160974502422960e+03 -3.581041053289078263e+04
1.123532179802126484e+04 4.643774414025016085e+03 -3.192271666516494588e+04
2.487326498505045311e+04 1.152693195118732365e+04 -2.196666404028845500e+04
7.193214502352633644e+03 3.877786448306485454e+02 -4.569378333084954647e+04
1.398909492877635785e+04 -1.460552065097255309e+03 -4.428592861900037678e+04
6.381836294712044264e+02 1.032287431822812687e+04 -2.662071879651946074e+04
1.851281361914520312e+04 4.117426115426344950e+03 -3.900440403688310471e+04
1.312841934241860372e+03 6.088152634796536404e+03 -3.532918993468381814e+04
1.772208347517800576e+04 -3.997650181917945702e+03 -4.628886122525872634e+04
2.581550282771667480e+04 1.224059256452733462e+04 -3.282274061160678684e+04
2.668084550204603147e+04 1.758453585610586742e+04 -1.695753068422164142e+04
2.597586899950421866e+04 1.906266684854217601e+04 -1.233935287481554406e+04
5.496151759756977299e+03 3.072141828072811768e+04 -2.172148018228005640e+03
1.199568987470306638e+04 3.036569181412809940e+03 -3.554956693769412959e+04
2.155538591939520848e+04 1.645757543053934569e+04 -1.829017777874077001e+04
8.012614192610981263e+03 6.873245015515272826e+03 -2.983704886207950403e+04
2.449808299596381039e+04 1.637737600449367710e+04 -2.015592290570580371e+04
4.824285237777316070e+04 1.790912749446606540e+04 -3.697786179497344710e+04
1.047623060035425260e+04 1.062311079976201290e+04 -2.124570420335797098e+04
6.690748723715379128e+03 3.980309942471126124e+04 1.089802328459945784e+03
2.807262257491986929e+03 2.348022403229750489e+04 -5.131533464489326434e+03
1.174961349826884316e+02 3.023390059991949238e+04 1.551348541893832362e+03
-2.313875556115676591e+04 2.378391015875988160e+04 -7.423761916462110094e+03
1.785729618198084063e+04 3.696840843393908290e+04 -3.145636416313007885e+03
1.819742855717338216e+03 2.321915017051349787e+04 -4.139464796972984914e+03
3.031531263243181093e+04 4.183329487410739239e+04 -1.567604737373991838e+03
2.495319047654854785e+03 2.322509962944142899e+04 -4.599202695090693851e+03
1.811925165044865935e+04 1.786159205618697160e+04 -1.579399736911129366e+04
2.976958559840287762e+03 2.491760633845403572e+04 -3.558802317071182188e+03
-1.408576922872707291e+04 2.044066062468055316e+04 -8.912290145056978872e+03
-2.459625760611813894e+04 2.141050625914679040e+04 -6.736740454667602535e+03
-2.854416364997350684e+04 1.865686648634037920e+04 -9.625456364473922804e+03
-2.236310823684761272e+04 5.172687684726522093e+03 -2.928098083194456194e+04
-2.583952504775936177e+03 2.632126654546886130e+04 -3.799543252216574274e+03
-1.776321102139322829e+04 1.685330328229491715e+04 -1.132996121516151106e+04
-7.479832621593547628e+03 1.974844177117867002e+04 -6.376547038312988661e+03
-1.427012499035088695e+04 1.333472361742828798e+04 -1.088531293010944137e+04
-2.700099378228591013e+04 5.328451095284958137e+04 2.354262385806991460e+03
-1.641826041913255176e+04 1.563088029430500501e+04 -1.107117192607005745e+04
-1.128778635414639029e+04 -4.473557831546524540e+03 2.742176918557609042e+03
3.172658215909711544e+03 8.378769634343090729e+03 -2.335184839208434641e+04
