-1.404792416847454660e+03 -3.302963783845079433e+03 -1.009729109782444175e+04
-2.997178826684728847e+03 -2.552741829553766308e+02 -9.871017181181812703e+03
-9.295446944182151583e+02 -3.111810252882364694e+03 -1.035498808436649597e+04
2.293761974460422152e+03 3.345204497090256154e+03 -1.019850572767850281e+04
1.107199128092149522e+03 -2.615658255907736930e+03 -1.027023659970640801e+04
-1.330231717660738013e+03 -2.740327938094604633e+03 -1.033550567186134504e+04
-2.118567805224113272e+02 -3.180707779915533138e+03 -1.008061599312745966e+04
-1.527806784149151099e+03 -3.153804048855714882e+03 -1.034292473703621363e+04
1.456478439082392697e+03 -2.528038273580061286e+03 -1.012010468206970290e+04
-2.927040497660404981e+03 -8.941939969457413895e+01 -1.021620980814220093e+04
1.848354963633261150e+03 -2.855522578534847980e+03 -9.894918012877486035e+03
1.762325509377293884e+03 -3.106034047139460654e+03 -1.005257915331171534e+04
2.645836463647215169e+03 -8.756891271769542300e+02 -1.014728366729238769e+04
-2.878003361442241840e+03 3.234441955418608813e+03 -1.019218861646884397e+04
2.539358755891195869e+03 4.975641277508196367e+02 -1.025123596221220760e+04
2.112996557964243948e+03 -2.548841074870997545e+03 -1.018704513875611156e+04
2.281209769935758686e+03 2.120033932152657030e+02 -1.024213570267310388e+04
1.117393075658418184e+03 -3.114963324098368048e+03 -1.028174132600130542e+04
1.868238293521399555e+03 7.243703841667689858e+02 -1.016488014401111104e+04
-2.850947681810299059e+02 -5.730626111071283049e+03 -1.023279679781755112e+04
1.388565693439792767e+03 2.433535848631127919e+03 -1.003241718331995980e+04
2.865941514797058971e+03 -2.202631894772111536e+03 -1.024355986804565509e+04
1.358658647917062808e+03 2.221920861060802963e+03 -1.005492137199022181e+04
-4.129597300231335794e+03 -1.978664069094027127e+03 -1.007144222641579654e+04
1.195725257814308861e+03 2.457339968131108435e+03 -1.016394612372259871e+04
1.703923803023571281e+03 1.954120150317075058e+03 -1.016053530260502703e+04
1.490345576152409876e+03 2.377884422882172657e+03 -1.036629074157505602e+04
2.486771274992461258e+03 1.280478208266933052e+03 -1.028065484578195901e+04
6.644527954154457348e+02 2.793915418624932499e+03 -1.016308355784175001e+04
4.125737642460530878e+03 -4.566780242595962591e+03 -1.047949600446544173e+04
8.319399783488565845e+02 3.063484924196738120e+03 -1.023222083282515086e+04
1.367249444065016178e+03 2.664708139660740926e+03 -1.032993792337799459e+04
-1.162802873591094340e+03 2.772493919280007503e+03 -1.032150048056743617e+04
6.088965901657154518e+02 -4.403299113580419544e+03 -1.018880726319314454e+04
-2.495034443246125647e+03 5.945403544815877694e+02 -1.018769871466157383e+04
1.439998228854380841e+03 2.695474374465417895e+03 -1.037347358635799173e+04
-2.293915581826590369e+03 8.531697268958963605e+02 -1.012035127999761971e+04
-3.230963586626129427e+02 3.484261694022306074e+03 -1.039497083322486469e+04
-2.586264405679641186e+03 3.863932566431353166e+02 -1.024881178610856296e+04
1.326528444864306493e+03 2.258856109579253371e+03 -1.005482095775938615e+04
-2.997098423562807056e+03 -2.843550213745245401e+02 -1.006063529290201950e+04
-6.141306282192692379e+03 4.400249437106070218e+03 -1.024928356957551841e+04
-2.607890704997241755e+03 -1.273358128764203229e+03 -1.031692050991648102e+04
5.132678468116073418e+03 -9.198300576780409301e+02 -1.018622367102949283e+04
-1.692130772620540029e+03 -2.187307684406972385e+03 -1.014607196509633286e+04
-3.149668269631513340e+03 -6.652235088000784913e+01 -1.020539101661809582e+04
-2.915523095097538317e+03 -7.341233154037724944e+02 -1.020355239981727755e+04
-2.836979937805740065e+03 6.708558230953510702e+02 -1.032374783065034535e+04
-1.659434536165563713e+03 -2.369246893685043688e+03 -1.022843491362210443e+04
-2.767268805185826750e+03 -1.116025094775867728e+04 -1.019835552693081081e+04
-7.595446962406243074e+03 -9.889620851411937110e+03 -2.637091789226303717e+03
-3.599316656274322213e+03 -1.032486178256517633e+04 1.161732306733239284e+01
-2.809792012880835955e+03 -1.058370962768347999e+04 -7.244419505998636168e+02
-1.053566779117567876e+03 -8.609067506783010685e+03 2.745294938125789940e+03
-7.374256246462311537e+03 -1.015682300546837359e+04 -8.324701972814199280e+02
-1.141757153904766028e+03 -1.005141642198726186e+04 -1.084927629066399504e+03
-7.786356554468329705e+03 -9.476176826900042215e+03 -1.793428391637305026e+02
-3.037217715927220979e+03 -1.072910430581130640e+04 -1.191918692161804529e+03
-9.160741964374214149e+03 -8.356408667345891445e+03 8.675537153391869651e+02
-6.029443514499848789e+03 -1.058024404444230640e+04 -7.526699608830344914e+02
-3.894618938111416924e+02 -1.019697209033123363e+04 -1.527981540964676242e+03
-2.837564395180403949e+02 -8.821712418619905293e+03 1.491820609778707876e+03
-9.338168946423252237e+02 -7.674180596616566618e+03 3.281343190121759562e+03
-3.435053301842739984e+03 -6.264059926844444817e+03 5.139451620308525889e+03
-1.661503512109032954e+03 -1.148246040599647858e+04 -3.273102818411667613e+03
-7.405667529902353863e+01 -9.869394300844169265e+03 -3.949789062163854396e+02
-2.100546345164196737e+03 -1.050378401285650762e+04 -1.717500048166934221e+03
1.633333613774416335e+03 -8.676761399913770219e+03 1.178814906680776176e+01
-3.151739799576187579e+03 -1.081073652814632806e+04 -2.884486787736905626e+03
1.292958240229444868e+02 -1.008687854383551894e+04 -6.202847220016258234e+02
1.091904393415223240e+03 -6.710102682666663895e+03 2.091372525632009001e+03
-9.409558524044584829e+02 -5.511880749610173552e+03 4.638152432316460363e+03
-3.849232365867101635e+03 -6.407797938736434844e+03 4.766798049075152448e+03
-7.063347094504412780e+03 -7.580286854159212453e+03 3.849148130387116908e+03
9.056666528966472924e+02 -8.888153927722412845e+03 6.784082661568801313e+02
-1.859160395354094248e+02 -5.289669353210721056e+03 4.061551147341112028e+03
1.587766136747473865e+03 -8.656949157663737424e+03 4.720268914229862958e+02
-1.078425261058685010e+03 -5.680830720521313197e+03 4.477796255200083579e+03
4.308346589484887772e+03 -7.057270013607442706e+03 5.506756584122442746e+02
-5.167155430618043965e+01 -5.482039788566510651e+03 3.902650776020195281e+03
-4.129397523706612446e+03 -2.542226270198174461e+03 5.707090832859974398e+03
-5.959609633656329606e+03 -5.698275779214792237e+03 4.539694301610758885e+03
-6.419952010202534439e+03 -7.340968733077578690e+03 3.678917237006814503e+03
-6.591567433580749821e+03 -9.901003133175245239e+03 1.340378852722682041e+03
-2.144143933901155833e+03 -2.750583255836249009e+03 5.500917147508345806e+03
-5.482409808257827535e+03 -4.415377657910598828e+03 4.982070667854005478e+03
-1.535071772075650074e+02 -2.589396851108373085e+03 5.311435912717355677e+03
-5.621199988069422034e+03 -5.717629003650479717e+03 4.773491832792422429e+03
-8.929824751462419954e+02 -3.985305653510028606e+03 4.780068980944011855e+03
-6.718257442644559887e+03 -6.739768917083575616e+03 3.845415824018906733e+03
-8.759079277118189566e+03 -5.714075375362231171e+03 3.136975635009735925e+03
-6.652765754879889755e+03 -9.447119761143943833e+03 1.633457740339561951e+03
-6.300229346009386063e+03 -9.448605428687982567e+03 1.482041430522873952e+03
-3.441514304296916180e+03 -1.050694637854329085e+04 6.124411496156076282e+02
-6.677518092601398166e+03 -4.261855609687863762e+03 4.292863457360431312e+03
-7.510529654967506758e+03 -8.699134101877285502e+03 1.766286026883069781e+03
-7.685405480800488476e+03 -6.370888003499795559e+03 3.252383889445898603e+03
-8.284300127029810028e+03 -8.035047553578949191e+03 1.544618077456938636e+03
-8.411534159384282248e+03 -2.337745912660707290e+03 4.656354217220609826e+03
-7.484937465504325701e+03 -8.797428692040359238e+03 1.385027838059162377e+03
-6.791317452202335403e+01 -1.993433533868279994e+02 -1.020698170924488841e+04
-3.810894655505821447e+03 -9.463239545091919354e+03 3.867354961676115636e+03
