-1.725430875445465063e+04 -1.685020014812405861e+04 1.015782915591649953e+03
1.549823996365606581e+04 3.105523790770417327e+04 -4.048120644540818830e+03
-1.273458688814610696e+03 -7.710956569402926107e+03 1.550613716946651039e+04
-1.642903557162901416e+04 5.655204653971466087e+02 8.446472246518478642e+03
-1.282301091327523864e+04 4.864878630940385847e+03 7.610758214852685342e+03
-1.856292971395765562e+03 -9.526782386889983172e+03 4.567291928023481887e+03
-4.027856530679919524e+04 2.889553664415802814e+03 -1.854782905122852071e+03
-1.219216475213591002e+04 -2.998228684797609276e+03 6.812119313655548467e+03
-9.665833270848642087e+02 -1.892442085686277323e+03 1.036887067370711338e+04
-2.716732206917200074e+03 -2.122899593638497026e+04 4.394539320836715888e+03
-1.458032679184050357e+04 2.669907193919912515e+03 6.984952627268074139e+03
-1.464426996454889922e+04 9.374057353549731033e+02 6.504797959548601284e+03
-1.562186409177677706e+04 -7.479000631382511528e+03 5.629815881279226232e+03
-6.627400656977413746e+03 -7.739004191344457467e+03 8.925758618281684903e+03
1.860136790979083526e+04 -5.843693216544494499e+04 -3.069117988963774678e+03
-1.353074055425804181e+04 1.349797546119814569e+03 7.211925544101680316e+03
-1.609087556354035951e+04 -2.645322630577925338e+02 7.226708444281446646e+03
-1.403469608146850442e+04 -1.092619926310240589e+04 2.497329626018340605e+03
-1.590806456356883609e+04 -7.451517637713901422e+03 5.598472660147650458e+03
1.426523243054271006e+04 4.082412483283971960e+04 -1.486251626281824088e+02
-1.503233537704623632e+04 -4.855218352446183417e+03 6.396520931496513185e+03
-4.467492616633988291e+03 6.337887723712956358e+03 9.807160219760518885e+03
2.077167814644983082e+04 -3.745466357082921604e+04 -7.184482824907189752e+03
-8.451556498737058064e+03 -4.214513970556989989e+03 8.163138800906785036e+03
4.978760411058392492e+03 -1.369949831818700477e+04 -4.932835285064668085e+01
-2.220416890845651142e+04 -2.405239362815139884e+03 8.200269428230487392e+03
1.552357549188888515e+04 -1.623627906451648050e+04 -3.592637057291697147e+02
2.933350870453229072e+04 -3.355833733870233846e+04 -1.935490920421502096e+03
-2.817166928481939067e+03 -9.016777862572318554e+03 8.592628786807266806e+03
-9.338863909047156994e+03 -5.049418939893878814e+03 1.389933117955409216e+03
9.673541492776173527e+02 1.250566464507192222e+03 2.070993139130954205e+03
8.312019932936089390e+03 -1.611146454908909254e+04 4.226338400008829126e+02
-4.808413683933976245e+03 -1.754435795703920303e+04 2.805562637267509672e+03
-9.908989058218385253e+03 2.374614778586328612e+02 6.498534048049325975e+03
-1.863574819166518137e+04 -4.213806642393502443e+03 6.819728881514814930e+03
-7.421289691285869594e+03 -1.245628400709385824e+04 2.134863880882066042e+03
-1.339936929945141128e+04 -6.546932918918503674e+03 7.220791119980932308e+03
3.331946894594088008e+03 -8.675083349090964475e+03 5.318979656059879744e+03
-1.816577968022658024e+04 -3.499878279854370248e+03 7.847146079528391965e+03
-1.558479088397784835e+04 -7.395769868252684319e+03 4.589095472411158880e+03
1.726364486433432467e+04 4.109091860166632978e+04 -2.843308554080537760e+03
-3.861113247245254752e+04 3.077816010315082167e+04 -6.527151933114430904e+03
-1.024067770205012312e+04 -1.214382308006801031e+04 8.364348290653337244e+03
-1.075352182937039652e+04 -2.968212920983086951e+04 1.427642596835199356e+03
-1.694200268826822503e+04 -2.130925667325289396e+03 6.607565687826973772e+03
-1.221704474047425174e+04 -1.182855035371166377e+04 4.930630082199949356e+03
-2.274709083160723821e+04 -1.746619757577164819e+03 8.003543730432684242e+03
-6.824977539328748207e+03 2.033612967973927516e+04 1.025790521100964952e+03
-1.592956464351585964e+04 -1.086262622138412371e+04 6.978604910195358570e+03
-3.019999035102012203e+04 -1.082107597180933371e+05 -7.314467593368692633e+01
-2.393755642524702853e+04 8.629431217556180854e+03 -4.798154951841587899e+04
-5.703492289553163573e+03 1.212710776416897170e+04 -2.983673090884363410e+04
-2.265533334519368509e+03 6.262854655621548773e+03 -3.872634663521064795e+04
3.557537013273482444e+03 3.814561958146458892e+03 -4.337594584167106950e+04
-1.512007701109458503e+04 9.250155900156290954e+03 -2.450527015002103508e+04
7.321222445020088117e+02 1.793042001036072179e+04 -2.749850557408048917e+04
-1.075520835595933022e+04 1.356104526272570729e+04 -1.819457665897319021e+04
1.266831396397592243e+03 1.443119585652454771e+04 -2.358458621229302662e+04
-1.406289979709754698e+04 1.464471450419395660e+04 -1.411692440552602784e+04
-2.068807963221377213e+04 3.870536942824790458e+03 -3.422887441664008657e+04
6.941210696885444122e+03 1.022307578525817917e+04 -3.745516751668959478e+04
7.835674957265560806e+03 7.055352162444591158e+03 -4.089722559653699864e+04
1.085841870558416667e+04 7.642158603970287913e+03 -3.719976431714847422e+04
2.809335713676637170e+04 1.460855419507401530e+04 -2.749559857770695817e+04
8.496928291003277991e+03 3.529871435014536928e+03 -5.183452413933406933e+04
1.555825956692380532e+04 1.104020373495157173e+03 -5.100364151429793128e+04
1.052006573670675380e+03 1.509213476095532133e+04 -2.853044204809549410e+04
1.987141637584193813e+04 6.981031212322469401e+03 -4.509586697812780767e+04
2.450412047304614589e+03 1.019278759524682391e+04 -3.878690197042850195e+04
1.995555046084821151e+04 -1.925860677293947219e+03 -5.353974901551683433e+04
2.843803398420180019e+04 1.546066672816584833e+04 -3.881924175720827770e+04
3.001902847416169971e+04 2.101516599885616233e+04 -2.156860185694569009e+04
2.997044916064296558e+04 2.291739736818549864e+04 -1.643553619581605381e+04
7.672887755518415361e+03 3.616781440945873328e+04 -4.469815399055563830e+03
1.222743299881063103e+04 6.049235740802884720e+03 -4.091583332420575607e+04
2.353543674577099591e+04 1.937294541196596401e+04 -2.290315294460889709e+04
6.576781175553016510e+03 1.029693557959204736e+04 -3.361590575881682889e+04
2.727452375761571966e+04 1.953722776773453006e+04 -2.510314720246579600e+04
5.540286451192507957e+04 2.245088466203507414e+04 -4.379844533338522888e+04
9.467048543906437772e+03 1.212204366290674989e+04 -2.612875454768419149e+04
8.469412820960720637e+03 4.620652593555166823e+04 -6.337843707465975740e+02
4.261785783587291007e+03 2.709907612280649118e+04 -7.843123588835376722e+03
1.852686304942539664e+03 3.537847066801205074e+04 -4.345679088864195023e+02
-2.427943187569536894e+04 2.874679980332756895e+04 -9.722602934119178826e+03
2.088346209483964776e+04 4.301866194794717740e+04 -5.528338595257897396e+03
3.311003535527835083e+03 2.618657089931493101e+04 -7.248097851322450879e+03
3.533644559719741665e+04 4.930255092689721641e+04 -3.374910668189016633e+03
3.608424734888829335e+03 2.680504736112571845e+04 -7.809865534570224554e+03
1.989518558049029161e+04 2.033506276397759939e+04 -2.034556585880589773e+04
5.316914133077625593e+03 2.862201326976291239e+04 -6.335512294509223466e+03
-1.357097219189666612e+04 2.325514189211520716e+04 -1.168864406051049082e+04
-2.574574457506538965e+04 2.594152970093674958e+04 -8.953534119334355637e+03
-3.025441871791129233e+04 2.319807358178951836e+04 -1.188044060137450833e+04
-2.397385046629434146e+04 8.532724484238555306e+03 -3.373165742300741840e+04
-8.968144905523911348e+02 2.985522152771480614e+04 -6.209798784270919896e+03
-1.765500298997877326e+04 2.016820549653861599e+04 -1.405390032790532678e+04
-6.096981812077906397e+03 2.238302850242572458e+04 -9.109423074461670694e+03
-1.293255243249803789e+04 1.603507399176914441e+04 -1.310733908786839856e+04
-3.000241554262116188e+04 6.299206378563031467e+04 1.579955636424016575e+03
-1.585472276025440988e+04 1.892998356892275115e+04 -1.332889016700768843e+04
-1.521580849949834555e+04 -5.156216033395958220e+03 5.793470640244553579e+03
4.615781598472592123e+03 1.181214612704509091e+04 -2.893088155496287072e+04
