-1.776693396893188401e+04 -1.674182105793169467e+04 1.607008990740871695e+03
1.612958332713711934e+04 3.232878287903786986e+04 -3.860054082378248495e+03
-1.603197614394335915e+03 -8.093121777810541062e+03 1.664918229882820742e+04
-1.673142494610235008e+04 -2.714321886930938490e+02 8.891979129612742327e+03
-1.359257150889685363e+04 4.955286991264157223e+03 8.472746701604386544e+03
-2.581663579517954076e+03 -1.009275352468070923e+04 5.289807875382281054e+03
-4.173269431341388554e+04 3.124820057724337858e+03 -1.517128657519811441e+03
-1.384495065975800935e+04 -3.433593575718940428e+03 7.904750395498453145e+03
-1.223081256517232077e+03 -2.151849779542350916e+03 1.138890726015278960e+04
-3.152984854621122849e+03 -2.218942591057141180e+04 5.143329770837473916e+03
-1.526071975021725302e+04 2.388965487390861199e+03 7.894646836590568455e+03
-1.570279849991160700e+04 1.072335517859194852e+03 7.581842880606909603e+03
-1.734886107330099912e+04 -8.395189586056509143e+03 5.619284948987174175e+03
-7.716081345621259970e+03 -8.446237516305491226e+03 9.723841631494306057e+03
1.939134524050570326e+04 -6.092759792640106753e+04 -2.826903716817400436e+03
-1.429213858158891526e+04 8.360097850567846081e+02 7.952330012238258860e+03
-1.691639032046487773e+04 -1.492941152198646705e+03 7.945514537620210831e+03
-1.449927386298508100e+04 -9.953941623517361222e+03 3.366869992799061947e+03
-1.663299709557455208e+04 -7.463835343119345453e+03 5.276837148488390994e+03
1.511640027148741137e+04 4.319555439548100549e+04 1.966349030927489139e+02
-1.401286420743499730e+04 -5.780521513572611184e+03 6.855369125538115441e+03
-4.762293034218736466e+03 6.571427377916747901e+03 1.077781950657039852e+04
2.155732121106409977e+04 -3.898221855581588898e+04 -7.107048506529372389e+03
-9.178735036858603053e+03 -4.990645495835295151e+03 9.009030490794606521e+03
4.672201552372361220e+03 -1.416165210683494297e+04 4.095789997460199743e+02
-2.301289408871110936e+04 -2.002769330215340460e+03 9.027901625588934621e+03
1.583503622503440420e+04 -1.680277404049021061e+04 -3.001236750249205443e-01
3.049218694203880659e+04 -3.491679363209836447e+04 -1.642421619381304936e+03
-3.403742292395570985e+03 -9.784600739248686295e+03 9.444573694611302926e+03
-1.080207619220233755e+04 -4.162272061732739530e+03 2.360173304798614481e+03
1.125078625647950730e+03 6.938748549222414113e+02 2.600368318427155828e+03
8.247844254363530126e+03 -1.684380348610128931e+04 8.487621685376711866e+02
-5.705723701526889272e+03 -1.818569283240800723e+04 3.437243890731063402e+03
-1.018198996453797554e+04 3.856032992684670262e+02 7.489647170231963173e+03
-1.793760042014151622e+04 -4.914568097002766990e+03 7.298900830370584117e+03
-8.663393066584125336e+03 -1.263953138040905833e+04 2.810183556771934036e+03
-1.417946508480205557e+04 -6.447246665910701267e+03 7.465304463848872729e+03
3.340974239706569733e+03 -9.529229209113645993e+03 6.130895238136663465e+03
-1.751924122904077740e+04 -3.077761699852840593e+03 8.027918894311894292e+03
-1.687872435128051075e+04 -7.816846471807367379e+03 4.374243994232730074e+03
1.800447312252888878e+04 4.283700787039571878e+04 -2.598717189061708268e+03
-3.947381115481189772e+04 3.144975093064891917e+04 -6.376572287200233404e+03
-1.168999281347121723e+04 -1.284775580652068129e+04 9.238103426261317509e+03
-1.159794458552796823e+04 -3.111311202964370023e+04 1.982422686529430621e+03
-1.880560303425481834e+04 -1.841904670198126951e+03 8.171690686655151694e+03
-1.397043810529586699e+04 -1.198670474660444597e+04 5.872301070817366053e+03
-2.373745703156765012e+04 -1.456419231854825512e+03 8.880431949372245072e+03
-7.033366963624780510e+03 2.090861836611599938e+04 1.401441344176601433e+03
-1.746701683252493604e+04 -1.101603950767293099e+04 7.487400155866449495e+03
-3.110040179236925542e+04 -1.113790381949881412e+05 2.757869695516401976e+02
-2.421880849652176403e+04 9.285474413899681167e+03 -4.923309899674355256e+04
-5.371691151999012618e+03 1.296014782895297139e+04 -3.037681721616813229e+04
-2.124533609176227401e+03 7.055904742997991889e+03 -3.954822797876128607e+04
3.619030110579033590e+03 4.525986585383433521e+03 -4.455213711168838199e+04
-1.487977660530068715e+04 9.925913030100848118e+03 -2.501122943247651710e+04
6.687019992271335695e+02 1.898372790179977892e+04 -2.786076881084105480e+04
-1.040483148898170657e+04 1.419757525708930007e+04 -1.851650576084950080e+04
1.502359399276435852e+03 1.544030511294990174e+04 -2.378274041836732795e+04
-1.367856758550283485e+04 1.524196132415267493e+04 -1.447809717804700449e+04
-2.082330722502412391e+04 4.488372440882082628e+03 -3.506505904755908705e+04
6.967186565729145514e+03 1.108451802999088250e+04 -3.819746799063431536e+04
7.811417705896326879e+03 7.777831468272705024e+03 -4.195236933254481846e+04
1.076870282540502922e+04 8.272936348711316896e+03 -3.829676973069871747e+04
2.871151800533221467e+04 1.525266506579285851e+04 -2.865364367813248828e+04
8.761547351874516607e+03 4.207177972778468757e+03 -5.307207198833950679e+04
1.586729074043918081e+04 1.660966216071604322e+03 -5.237449131771794782e+04
1.135293991211279263e+03 1.608563439951656801e+04 -2.891827644722338664e+04
2.011365751278015159e+04 7.593830777587811099e+03 -4.633061168803487089e+04
2.690910437591050595e+03 1.105325438088426017e+04 -3.949680454623305559e+04
2.040760213799267876e+04 -1.476468036042019548e+03 -5.503594227158521971e+04
2.894436399445289862e+04 1.612984656200302561e+04 -4.005674499768698297e+04
3.067874909870388728e+04 2.171987744900497273e+04 -2.254410190083814450e+04
3.077276330063198839e+04 2.371125221025812425e+04 -1.730808599291844439e+04
8.118429644669008667e+03 3.727520342377661291e+04 -4.970744783921980343e+03
1.226530421465363543e+04 6.685256169634248181e+03 -4.203046115793933859e+04
2.389030076783623736e+04 1.995888570948641427e+04 -2.388419694067820456e+04
6.267138821700847075e+03 1.101374690910784011e+04 -3.439700863071388449e+04
2.780661034640543949e+04 2.017880133368708630e+04 -2.614745282824899914e+04
5.689499950535112293e+04 2.340330638120922231e+04 -4.522806199266212934e+04
9.241387110258947359e+03 1.243163836889683807e+04 -2.714728875641912600e+04
8.837300505439352492e+03 4.752697945701320714e+04 -1.007182076268075434e+03
4.553276418108112921e+03 2.781427766993878322e+04 -8.436541451700155449e+03
2.214972682887672363e+03 3.642591398316001869e+04 -8.719480121147289537e+02
-2.449278679216143064e+04 2.975903453434873518e+04 -1.020863100813219899e+04
2.150589680636440607e+04 4.426898318534035207e+04 -6.038277480076519169e+03
3.623716094478229934e+03 2.677624700113390281e+04 -7.932504945965766638e+03
3.638109369834566314e+04 5.086135438098823943e+04 -3.759963197831102661e+03
3.835304354564552341e+03 2.751889224863077470e+04 -8.510446447230444392e+03
2.024163573004885984e+04 2.083796890307078502e+04 -2.130672548418819861e+04
5.785165762110688775e+03 2.934298091817468594e+04 -6.955830987871551770e+03
-1.343923586421125583e+04 2.379762247891636798e+04 -1.228283169877186083e+04
-2.595763254292624697e+04 2.686326298570610379e+04 -9.421772330248961225e+03
-3.057842230616588131e+04 2.413142813415563069e+04 -1.234964082880187925e+04
-2.427355615821286119e+04 9.239465080533593209e+03 -3.464308779199757555e+04
-5.267295683645364761e+02 3.054964286441068907e+04 -6.739705911412040223e+03
-1.759300543585539708e+04 2.082455779452559364e+04 -1.462475904187318702e+04
-5.792244430495826236e+03 2.289004354347570552e+04 -9.706723464862161563e+03
-1.261506369667366562e+04 1.656573137540730022e+04 -1.357726133911370744e+04
-3.062818010933456389e+04 6.502227877654859185e+04 1.413888545733445653e+03
-1.570014491904391252e+04 1.958581262534888810e+04 -1.380363626938924608e+04
-1.602540022727583164e+04 -5.302885474992400304e+03 6.439278132967217061e+03
4.912992870024207150e+03 1.252727816987671758e+04 -3.009318987819652830e+04
