-2.238218190881246119e+04 -1.177388416865114596e+04 9.100920219062976685e+03
2.199117632296466763e+04 4.437148023761528748e+04 -2.293385295258399310e+03
-5.909828070542515889e+03 -1.150518849963394678e+04 2.674484896109878173e+04
-1.933567834337884051e+04 -1.313920916728515112e+04 1.041520060500439831e+04
-2.198346145069487466e+04 1.691139791383880265e+03 1.566561196390945406e+04
-1.189004735213611457e+04 -1.446806730608316502e+04 1.231013896678630408e+04
-5.521099546741706581e+04 5.274795199133098322e+03 1.866549502546675512e+03
-3.261681569826511259e+04 -1.142840759059082666e+04 1.268349656880088332e+04
-5.341653309902370893e+03 -4.904370847655064608e+03 2.049968372432499746e+04
-7.928164911621235660e+03 -3.054931191821227185e+04 1.236892609202203676e+04
-2.287907218108080633e+04 -7.334443939757451517e+03 1.451745058289961889e+04
-2.561016428600786094e+04 -5.659248407631719601e+03 1.551187425915492895e+04
-2.824961632491788987e+04 -8.483952735694736475e+03 9.248288137175468364e+03
-2.276483955395768862e+04 -1.205153550225379149e+04 1.491017063065575167e+04
2.702194696335374829e+04 -8.504560160868329694e+04 -4.748037772438557340e+02
-2.405691618181169906e+04 -1.096998369050539077e+04 1.283962733568388103e+04
-2.308416560060070697e+04 -1.654278733542681584e+04 1.199054080548489401e+04
-2.260706079264246364e+04 2.673396828901524714e+03 1.569428652104046341e+04
-2.217120111087724581e+04 -1.697502854875533103e+03 1.260605087662735423e+04
2.326967693833868907e+04 6.601870873080547608e+04 3.413626237315757407e+03
-1.085136886640076045e+04 -1.222756526866741660e+04 1.115294169548811988e+04
-8.645223468194453744e+03 7.792394526573948497e+03 1.954779511909414578e+04
2.904723254995129537e+04 -5.362984995327313663e+04 -6.353280917513045097e+03
-2.343713837825882729e+04 -1.100257052446170565e+04 1.383679227764585085e+04
8.659600323207904466e+02 -1.812841933852353395e+04 4.954757401264839245e+03
-2.520319385039916597e+04 -1.900630251407354990e+03 1.446488547473333711e+04
1.840463442272087195e+04 -2.200678000318472914e+04 3.425614507573782703e+03
4.159872865120622009e+04 -4.796860242974085122e+04 1.181099872757033836e+03
-1.123845796640106710e+04 -1.614853469530789698e+04 1.695716352593106421e+04
-2.920528833867497815e+04 2.351738723252753971e+01 1.572281866606298172e+04
1.453570977670073717e+03 -4.953554612685870779e+03 7.737171922056576477e+03
7.019116535912336076e+03 -2.352173702242186482e+04 4.983767149151189187e+03
-1.535257686594818006e+04 -2.284535850250063595e+04 9.763638155974636902e+03
-1.736774410030773652e+04 -2.052809249914494558e+03 1.573320570170726023e+04
-1.478721018363214534e+04 -9.573522863402342409e+03 1.115447375348245259e+04
-2.359959766711831253e+04 -1.046578132374517190e+04 1.108352993751873692e+04
-3.209138335953316346e+04 -7.795474751412765499e+02 7.091540878563475417e+03
2.337058770973893388e+03 -1.741936413904398796e+04 1.385208608316515529e+04
-1.583645443298090504e+04 -9.336293776445554613e+03 7.827046686283308190e+03
-2.549619492743211958e+04 -5.179609391060464986e+03 1.017189938378511033e+04
2.504905227377369374e+04 5.955126010947321629e+04 -3.642227774116190631e+02
-4.757088077024128143e+04 3.772847742037756689e+04 -4.924267684384633867e+03
-2.697566506885627314e+04 -1.455136966392563590e+04 1.566998410388304001e+04
-1.984583001556560703e+04 -4.431384257177029940e+04 7.416947587927105815e+03
-3.110222917200708616e+04 -3.909780538450511813e+03 1.918727969267411390e+04
-3.076511483838199274e+04 -5.825135911747797763e+03 1.481100896592435856e+04
-2.854404812240813044e+04 -1.413269189721267367e+03 1.551855930427942985e+04
-9.130566692393933408e+03 2.588016855016363479e+04 4.785800777100226696e+03
-2.816650049708796723e+04 -4.553046074014871010e+03 1.127451090963814568e+04
-3.986472194621541712e+04 -1.421973022373601561e+05 3.673505430164284462e+03
-2.659999463680541157e+04 1.568675684167412692e+04 -6.106452198259192664e+04
-8.911895404495546700e+02 2.085911506003299291e+04 -3.580559526682785508e+04
1.011453015875762503e+03 1.595049561500818163e+04 -4.547436655711958883e+04
4.438917608372003087e+03 1.226553488589650806e+04 -5.439256617743575771e+04
-1.162425248423057201e+04 1.654064880135243220e+04 -2.986497703448034008e+04
4.982528990768522590e+02 2.839942547106170241e+04 -3.174290820677401643e+04
-6.414259693012500975e+03 2.019302543536787198e+04 -2.187044125347039881e+04
3.914613282078090378e+03 2.485629364248922866e+04 -2.633524232196495359e+04
-9.477616901617237090e+03 2.074722513961610093e+04 -1.811925030964965481e+04
-2.151464165584999137e+04 1.065397814921264580e+04 -4.284708630908532359e+04
7.035689633127310117e+03 1.954845880749184289e+04 -4.436991378504788008e+04
7.120799487533858155e+03 1.585584486743318848e+04 -4.948992199117183918e+04
9.019534843513265514e+03 1.532605965023971476e+04 -4.724602314794601261e+04
3.382651516748301219e+04 2.142718172250287898e+04 -3.988772113759024796e+04
1.117698890088563894e+04 1.108348866235574860e+04 -6.422053379621732165e+04
1.855664187466888689e+04 7.366932366369702322e+03 -6.506395405796563864e+04
2.894099560592255330e+03 2.459376194521566504e+04 -3.363631220504136581e+04
2.173969147587879343e+04 1.376903405172341263e+04 -5.754532523446535924e+04
5.714863655838368686e+03 1.955263622707123795e+04 -4.434237120843103912e+04
2.454768019872297737e+04 3.109755501070546416e+03 -6.917227617166918935e+04
3.315346239524584962e+04 2.253110062312772061e+04 -5.173662688403973880e+04
3.645837270928351063e+04 2.835023531123674547e+04 -3.213896327503424618e+04
3.805008685880172561e+04 3.121026774681441020e+04 -2.596565522080357186e+04
1.228061866179227400e+04 4.755204477761129237e+04 -1.010247767404974729e+04
1.164238705569695048e+04 1.371868863872489965e+04 -5.111407322947112698e+04
2.627688437863618674e+04 2.525478492196946536e+04 -3.368049201614112098e+04
3.219040896143312693e+03 1.794024020949329861e+04 -4.182731050705598318e+04
3.213805886688295868e+04 2.613209499096623767e+04 -3.638158850408054423e+04
7.123084588719495514e+04 3.263734979488887984e+04 -5.907989314716192166e+04
6.871164553321020321e+03 1.540461983729892745e+04 -3.697792962012007774e+04
1.232687872444955428e+04 6.005084634749467659e+04 -4.789899680079159225e+03
7.047763871627640583e+03 3.393163476760304911e+04 -1.458986220283190050e+04
5.669550249649836587e+03 4.615553960725384968e+04 -5.406743575316355418e+03
-2.622499398375058445e+04 3.918665435510141106e+04 -1.497742739600963978e+04
2.737337632772632060e+04 5.614176605463644955e+04 -1.113380786461120806e+04
6.544189143097741180e+03 3.207482819541222125e+04 -1.508946014463099527e+04
4.640046899020458659e+04 6.587649044772183697e+04 -7.576746003787457994e+03
5.945975334571861822e+03 3.379164370385293296e+04 -1.573685247286945560e+04
2.257906097457608121e+04 2.521124037319599302e+04 -3.112391201306590301e+04
9.924131867346804938e+03 3.560674974677546561e+04 -1.353532289088015568e+04
-1.181376277352860416e+04 2.848738858868613170e+04 -1.824909850363851001e+04
-2.763706915843658498e+04 3.541311724725595559e+04 -1.400352763704218160e+04
-3.326455060718359891e+04 3.291246651367720915e+04 -1.684718423517952760e+04
-2.662245591645439708e+04 1.612354233219283924e+04 -4.320226924477001739e+04
3.261047885555938137e+03 3.663078555627707829e+04 -1.231012989416972050e+04
-1.645760816771616737e+04 2.675274868197503019e+04 -2.018830982458818471e+04
-2.699996785472284955e+03 2.727334117169606907e+04 -1.594852261996076777e+04
-9.108894825275943731e+03 2.139894264553683024e+04 -1.832865266279540811e+04
-3.664921638583608728e+04 8.463194102386770828e+04 -2.443348932641992235e+02
-1.369033745774148156e+04 2.544382350203669921e+04 -1.850801725830242867e+04
-2.373109098456717766e+04 -6.529223244794927268e+03 1.264559581719102243e+04
7.720717858034000528e+03 1.941916544872829400e+04 -4.129498840515528718e+04
