-2.277626503252801558e+04 -1.095168711846451151e+04 9.929969990845000211e+03
2.242503281820969642e+04 4.527662790775077883e+04 -2.189139012470569924e+03
-6.306402378005304854e+03 -1.174664227081846366e+04 2.745758891849150314e+04
-1.962693616936673789e+04 -1.402234837804908057e+04 1.055286639438827842e+04
-2.270101645068738071e+04 1.099234287764845021e+03 1.610164833969790561e+04
-1.276457039747569615e+04 -1.470282604801456364e+04 1.284681177119145286e+04
-5.620481023471325170e+04 5.430131770105465876e+03 2.133269033191500966e+03
-3.372733010763370839e+04 -1.189020075875991461e+04 1.296431103241457640e+04
-5.758857421877716661e+03 -5.126035757976109380e+03 2.114561888885152075e+04
-8.325852077315554197e+03 -3.113238321802548307e+04 1.291955385473421120e+04
-2.350206273360276464e+04 -8.298687289382785821e+03 1.492418745776287687e+04
-2.620159408443706707e+04 -6.438691018424040521e+03 1.582158470855995802e+04
-2.875796103205927284e+04 -8.232346111651097090e+03 9.750124853947883821e+03
-2.415830032542003755e+04 -1.192804154037726039e+04 1.508664221935143178e+04
2.760481670695763023e+04 -8.689136110266747710e+04 -2.944321798429864430e+02
-2.481848170605461928e+04 -1.174183476665770650e+04 1.315509100268732072e+04
-2.353939454846966692e+04 -1.734720258411307805e+04 1.227150159006179274e+04
-2.336571221152486760e+04 3.347708058128383527e+03 1.661015869672051849e+04
-2.262201426376507879e+04 -1.332929209525470469e+03 1.341733538678828336e+04
2.388876379056631049e+04 6.775780317969707539e+04 3.652853999640975417e+03
-1.092563173296650893e+04 -1.259011690284813631e+04 1.149314089321418032e+04
-9.005615481998800533e+03 7.823539923799220560e+03 2.017929747563688943e+04
2.961363534302902553e+04 -5.474247842838868382e+04 -6.295395568702781929e+03
-2.475224172375627313e+04 -1.114915706225899885e+04 1.403149574635159843e+04
5.210438773835982147e+02 -1.839899909843843125e+04 5.311138597879077679e+03
-2.508003258368826937e+04 -2.293200419671112741e+03 1.468028402112070216e+04
1.857554213492819690e+04 -2.238861533406635135e+04 3.684988013127540853e+03
4.244216624750311894e+04 -4.896151201028290961e+04 1.396320054389908364e+03
-1.197044831215524391e+04 -1.654621970207941558e+04 1.747664598288826164e+04
-3.050599316272023498e+04 -4.356208506458752083e+01 1.672940653481097979e+04
1.405468552804098863e+03 -5.392167584776486365e+03 8.132715357599226081e+03
6.889488880710132435e+03 -2.400722916083718519e+04 5.301379235740943841e+03
-1.614948834636035099e+04 -2.308942418826206995e+04 1.026299922071362744e+04
-1.825154501588045241e+04 -2.500047097096632115e+03 1.622122017333727672e+04
-1.502650599850684011e+04 -9.742999384083783298e+03 1.148037768152733042e+04
-2.487376831011964532e+04 -9.824572149863503000e+03 1.192243003361469709e+04
-3.331799912284805760e+04 -4.663804232194506767e+02 7.212426807037944855e+03
2.197801089493781092e+03 -1.799580351883797994e+04 1.443463960782298273e+04
-1.617881349465812673e+04 -9.919726987742249548e+03 7.994535409199222158e+03
-2.602380051290238771e+04 -4.875910322232509316e+03 1.083216892181008734e+04
2.558024366040685709e+04 6.081891565359574452e+04 -2.015890673595503699e+02
-4.817415717941240291e+04 3.819419377358750353e+04 -4.813583823211895833e+03
-2.809496849888274301e+04 -1.429186037237926394e+04 1.600665900774884540e+04
-2.048050352683080200e+04 -4.528668973700866627e+04 7.836059080548487145e+03
-3.173218753359999391e+04 -4.234075469091350897e+03 1.976723459719540188e+04
-3.185031636266941860e+04 -5.185421602640016317e+03 1.543168871893651522e+04
-2.856254340674529158e+04 -1.695729569524060025e+03 1.585176011441465926e+04
-9.297300753269217239e+03 2.622690543923169753e+04 5.030368404033109073e+03
-2.865701882851840128e+04 -3.980990116064270296e+03 1.160950305112601018e+04
-4.053801643412162230e+04 -1.445634660445007030e+05 3.934598163222157837e+03
-2.675906940126845075e+04 1.617963221839076687e+04 -6.195105544424591062e+04
-3.402863566277483187e+02 2.143614314017002107e+04 -3.630028214237355860e+04
1.451658017321169837e+03 1.674812414419191191e+04 -4.575902517102056299e+04
4.525979788079237551e+03 1.292714022550535083e+04 -5.501586551590383897e+04
-1.130938340660105132e+04 1.705457636036500116e+04 -3.024545813307257777e+04
5.612838444749854716e+02 2.900838378104775256e+04 -3.212301501388417091e+04
-6.078022443269979703e+03 2.064668969026696504e+04 -2.214959737847139695e+04
4.126650514995306366e+03 2.552734870499580938e+04 -2.665232255257552606e+04
-9.130456286680189805e+03 2.115670675100422523e+04 -1.841536356612901727e+04
-2.152540646147861116e+04 1.113806212651956230e+04 -4.342460281338632922e+04
7.028891782040506769e+03 2.020280549243063797e+04 -4.478018306099776964e+04
7.053891484982894326e+03 1.658027342170277916e+04 -4.981117361256887671e+04
8.783315460763704323e+03 1.603917346559329235e+04 -4.765585255120886723e+04
3.415750180735922913e+04 2.189490138482210750e+04 -4.074908114514334011e+04
1.135119213738393228e+04 1.163252510901819551e+04 -6.501209835310327617e+04
1.874170619739792528e+04 7.825316331809726762e+03 -6.599349846274589072e+04
3.169827862452024874e+03 2.508764066444531636e+04 -3.417145448759675492e+04
2.181242849521723838e+04 1.426071624007973151e+04 -5.834677317534060421e+04
6.009698755767009061e+03 2.021895305887904033e+04 -4.452798165383356536e+04
2.484862529635188548e+04 3.476482768420957200e+03 -7.022971597735310206e+04
3.342627934162144811e+04 2.301577686288835321e+04 -5.260812745653414459e+04
3.685853893448307645e+04 2.884463422560738036e+04 -3.288379919064287242e+04
3.857364398280589376e+04 3.177162906830581051e+04 -2.664245523612363468e+04
1.258914835121233409e+04 4.831118612811177445e+04 -1.051327371273136305e+04
1.152254283410048447e+04 1.433608193119047064e+04 -5.166245777611163066e+04
2.638153157607112371e+04 2.563405280306908753e+04 -3.445496667987296678e+04
2.985600197580449276e+03 1.847089744710080049e+04 -4.238702395569981309e+04
3.241072305143142512e+04 2.657142033098523461e+04 -3.717307929802936997e+04
7.232028009698538517e+04 3.334440118180251739e+04 -6.014004465558047377e+04
6.679088183458171443e+03 1.563422906239866097e+04 -3.773017980933231593e+04
1.258913188841592819e+04 6.099225694934443163e+04 -5.089919421741820770e+03
7.219902494345381456e+03 3.434069777665472793e+04 -1.509735538886526410e+04
5.929875371422803255e+03 4.687482432084811444e+04 -5.772689880178554631e+03
-2.633707583748180696e+04 3.988493700414701743e+04 -1.534656471545936438e+04
2.781119334685979265e+04 5.703474658229997294e+04 -1.153378024100156654e+04
6.759320109572706315e+03 3.247466311029948702e+04 -1.567801076505847050e+04
4.716080952194570273e+04 6.702018422968167579e+04 -7.874243346838557954e+03
6.108508733877887607e+03 3.420982635852533713e+04 -1.631239520961022208e+04
2.267673534665261832e+04 2.551062045143473733e+04 -3.192113187774028120e+04
1.021376216620233572e+04 3.604288819017082278e+04 -1.407688842531478076e+04
-1.166385394141175129e+04 2.881288557217577545e+04 -1.872156377975789655e+04
-2.774312030363323720e+04 3.604429653684466030e+04 -1.435733628900955227e+04
-3.344131980105350522e+04 3.356900079780695523e+04 -1.718830362627877912e+04
-2.676567777127508089e+04 1.665274486321366567e+04 -4.384168031719345890e+04
3.560186627967459572e+03 3.705655419189800887e+04 -1.276864398247182362e+04
-1.633871829422637893e+04 2.718117913605334616e+04 -2.062039173856783600e+04
-2.455629803192792679e+03 2.757946129758803363e+04 -1.646062257972837324e+04
-8.816344421738031087e+03 2.175584235211658233e+04 -1.871231498729496889e+04
-3.710751917846515425e+04 8.612893575453470112e+04 -3.742232924366741713e+02
-1.350307381083797372e+04 2.586264666587813554e+04 -1.887897038145832630e+04
-2.430612583363673184e+04 -6.621334344615730515e+03 1.312070046952382290e+04
7.930170519464049903e+03 1.994496339700040699e+04 -4.214995686597305757e+04
