-1.692796545489521577e+03 1.934729886682030155e+02 -9.429222820282961038e+03
-4.329902491818359067e+00 1.670630575881873256e+03 -9.686129087724502824e+03
-2.250821967807873989e+03 2.540846820520443430e+02 -9.329687777050141449e+03
2.156594011649088998e+02 -3.592413058348521645e+03 -9.553052983000710810e+03
-4.155843172619266625e+03 -2.496100406482257313e+03 -9.285554001361548217e+03
-2.364557503138228640e+03 5.131217519793624433e+02 -9.350789351102130240e+03
-2.878781748718701238e+03 -2.245097283616260029e+02 -9.435326401631735280e+03
-1.536936548840085834e+03 4.119582546399116154e+02 -9.335934169326990741e+03
-2.742955174463475032e+03 -2.168104236017744370e+03 -9.176782574360080616e+03
6.231802414894502817e-01 1.030952075045394395e+03 -9.443924244385132624e+03
-2.188527600418887232e+03 -1.754227272905127620e+03 -9.341228707087133444e+03
-2.340732097955285099e+03 -9.258576205318304346e+02 -9.330072257648431332e+03
-1.416764004542462771e+03 -3.603703089534631545e+03 -9.326916764927989789e+03
2.896841687967199505e+03 -1.039415702568283905e+03 -9.576451920232790144e+03
3.373083455288864343e+02 -2.918147998667463526e+03 -9.515221665997320088e+03
-2.189187679541128091e+03 -1.891860590703638081e+03 -9.331195464974902279e+03
5.359083258402583851e+02 -3.291926731010866206e+03 -9.493776568812290861e+03
-1.932764448849587779e+03 -1.046227605338394824e+03 -9.242569020203682157e+03
8.973703578381814623e+02 -2.702701632223916931e+03 -9.460458193058371762e+03
-1.885611458626042804e+03 -8.554200133742795515e+03 -9.225805208424631928e+03
1.455399982203588024e+03 -2.115607427896798981e+03 -9.710896768607053673e+03
-8.044172580970846411e+02 -3.533182847016882988e+03 -9.350890797172796738e+03
1.488261532254808571e+03 -2.080288014745285182e+03 -9.710684328054074285e+03
7.355559161484763990e+02 3.273371110855745428e+03 -9.518074277894695115e+03
1.579743754523932239e+03 -2.440809841219435839e+03 -9.610035761503697358e+03
1.102138327483856301e+03 -1.756673504403244806e+03 -9.578675647812136958e+03
1.257789958287194622e+03 -2.134360554505107302e+03 -9.417008856306771122e+03
9.489733542312018244e+02 -1.172939311700326698e+03 -9.478976586666865842e+03
4.126629816328105335e+03 -2.423034309158399537e+03 -9.635142343496503599e+03
5.770279363274868047e+03 -9.157509315086555944e+03 -1.011412182995950752e+04
2.232950056961608425e+03 -2.909298994130236679e+03 -9.539523398510276820e+03
1.445464393481910292e+03 -2.510693933624683268e+03 -9.423330047144854689e+03
1.952249233737646364e+03 4.165850029483710841e+02 -9.652971278842363972e+03
-3.347391444271601358e+03 1.176617799839326608e+03 -9.371762861166867879e+03
-4.795090288847707143e+02 1.292158687824889967e+03 -9.415012218532299812e+03
1.262993270542719529e+03 -2.410338794070317817e+03 -9.381202784279632397e+03
-6.063992469761072925e+02 1.209956953187037925e+03 -9.426270265375738745e+03
1.628435744317358967e+03 -1.975727382938934625e+03 -9.520324283480576923e+03
-7.510075640097394398e+02 1.763537431136865735e+03 -9.413159794953477103e+03
1.182459793028365539e+03 -1.869656679495209346e+03 -9.620373912573813868e+03
1.604600463852812311e+02 1.556339892291390242e+03 -9.565391220874349528e+03
-1.230546718147929641e+04 9.754782115871063070e+03 -1.008926994466062388e+04
-7.006599383172538182e+02 3.023336049186380023e+03 -9.313985637661751753e+03
-1.786326642451088674e+03 -2.538250703338405856e+03 -9.532044360722200508e+03
-3.496087972448813616e+03 1.229051096815514711e+03 -9.287606165053222867e+03
3.125440432776247235e+02 1.185998418640659338e+03 -9.447124297635411494e+03
1.135030560314282866e+02 2.146019443033269454e+03 -9.431301588017171525e+03
-1.844777254919225982e+02 1.067877421318697998e+03 -9.339892306559515418e+03
-3.307160400040746481e+03 1.456052310205793219e+03 -9.471163470883499031e+03
-6.907381437290553549e+03 -2.601597862423604965e+04 -8.995510676251042241e+03
-1.212630164000795776e+04 -7.888239416698409514e+03 -1.081882782157456131e+04
-7.194559873964029975e+03 -8.954308185396756016e+03 -7.052389585330664886e+03
-3.833260517183881348e+03 -1.097082371459803107e+04 -9.162329696558505020e+03
4.057314434375064138e+02 -1.014179114183911588e+04 -5.333997957489067630e+03
-1.196355662385337200e+04 -8.228410318325593835e+03 -5.775241303829032404e+03
3.111445716866031148e+02 -9.230461655634706403e+03 -9.027048826463320438e+03
-1.206319740951985841e+04 -6.231419676751551378e+03 -3.973474865918694377e+03
-3.889401709463504631e+03 -1.028806369553843797e+04 -8.325144325662182382e+03
-1.391665336169134935e+04 -4.794673764543655125e+03 -1.897646479798809878e+03
-1.081229518031091720e+04 -9.959564370304646218e+03 -7.249544846893842077e+03
2.427393281794216819e+03 -9.915856063793260546e+03 -9.563379156076409345e+03
3.885158602669701850e+03 -9.046764371347404449e+03 -6.520610891176896985e+03
4.939964857882358046e+03 -6.952656433290369023e+03 -3.089026955478128912e+03
3.298376604015586054e+03 -3.332070037325182057e+03 2.106702377447236813e+03
2.756239514392364072e+02 -1.143762664029321968e+04 -1.275497944657441985e+04
4.051018661399985831e+03 -1.050035156781377555e+04 -9.616623369423712575e+03
-1.674788226506423825e+03 -9.850766504556379004e+03 -9.628480987236245710e+03
7.416427519779717841e+03 -7.610160157546754817e+03 -7.650709777537148511e+03
-3.035676491340914708e+03 -1.022890056256374010e+04 -1.139999348980092691e+04
4.823631061047934054e+03 -1.092416354825654707e+04 -9.937062139130874129e+03
8.503083933137351778e+03 -3.194777494800234763e+03 -3.858094498455451685e+03
6.220528058024357961e+03 -3.186872275718000083e+02 2.452112927341100658e+03
2.891636215405257190e+03 -1.082358929704232196e+03 3.680958477908659006e+03
-5.206906290505125980e+03 7.406796283497402555e+01 4.542890702566397522e+03
5.856607953883279151e+03 -8.514625732676666303e+03 -6.655797246952242858e+03
6.171463284345771172e+03 -6.836598616881627777e+01 1.428899658062655590e+03
6.457606987158226730e+03 -7.281824723689244820e+03 -5.751832162777865960e+03
5.963788997850155283e+03 -6.938445168394705433e+02 1.414906153998779928e+03
1.374305216034932346e+04 -2.671546819086949199e+03 -5.980176025031829340e+03
5.054633620614711617e+03 -1.048941998231144453e+03 7.093136471411849016e+02
-2.086485594903688252e+03 6.598622058426184594e+03 6.222080374131346616e+03
-4.867645461382630856e+03 1.615150676171365376e+03 4.712874977578393555e+03
-6.392922023944165630e+03 9.328874582924474907e+02 5.435573238457877778e+03
-1.152161376933382962e+04 -3.388344606398195083e+03 9.181518750623054075e+02
2.035226436036569339e+03 5.834843067023166441e+03 5.300664817992774260e+03
-4.591769627915007732e+03 3.132127869984607059e+03 5.435702075776854144e+03
5.997237089917904086e+03 6.293930165634126752e+03 5.111713455978471757e+03
-4.037764357629434926e+03 1.510838755956532623e+03 5.634400547702275617e+03
4.218026518112140366e+03 1.994543731108444945e+03 2.828928921053186968e+03
-6.579425377208805912e+03 1.019358815358236370e+03 4.411890420166845615e+03
-1.193341714788735044e+04 8.231404666450694094e+02 2.040129266467590014e+03
-1.252589299406381542e+04 -3.237425852243361533e+03 1.197262743732902209e+03
-1.328608333468395176e+04 -4.338984274244686276e+03 -1.354050862666413479e+02
-9.123770324911802163e+03 -9.024389480213219940e+03 -5.269938885339270200e+03
-7.363213767813376762e+03 3.548601487814152279e+03 4.264008596138291068e+03
-1.163022710215140978e+04 -3.441267619271355215e+03 4.399104817215417143e+02
-9.881191923483358551e+03 2.981619563710001444e+02 3.024059331813465178e+03
-1.266537754136993863e+04 -3.613976551224912328e+03 -3.726492793809030672e+02
-1.241688253270864516e+04 8.251716075182770510e+03 4.867537708137910158e+03
-1.187709455977517609e+04 -4.035891105444813093e+03 -5.193639867534938048e+02
-3.607539252794603613e+02 -7.327910171987488184e+02 -9.455411958573426091e+03
-3.530601184573773025e+03 -7.800852022986530756e+03 2.077449640674539751e+03
