6.904126015622316572e+02 -6.715916682214750608e+02 -8.219753354621838298e+03
-1.611184061413227482e+03 -3.150635062128993468e+03 -7.966911511366257400e+03
-9.663382855127752009e+02 -2.709472708007650908e+03 -8.366236378223167776e+03
-5.598546116396332764e+02 1.839512116689258846e+03 -8.205406982710375814e+03
6.103897484036917831e+02 -1.072623364491990060e+03 -8.322845345127332621e+03
4.002629488756086857e+02 -3.391241530050764595e+03 -8.455557906709533199e+03
1.078551321037916750e+03 -1.701079594839332458e+03 -8.179208389049729703e+03
4.920916281094943088e+02 -1.256541051192349187e+03 -8.260729553358150952e+03
1.621660927795391444e+03 -1.446159770664656207e+03 -8.312142066003290893e+03
-6.561676242129012735e+02 -1.853478686309241311e+03 -8.221972118881145434e+03
1.753944094938977969e+02 1.140850921665128908e+03 -8.344946955490871915e+03
-2.014371000149566271e+01 -3.957458784114033961e+02 -8.274991235173856694e+03
9.536550576844075522e+02 1.438350508801659544e+03 -8.347615911882141518e+03
-1.261498220928557885e+03 -6.361278404906941432e+03 -8.176378156173825118e+03
-9.714510527010886562e+02 -1.063914560458238157e+02 -8.204822460255132683e+03
5.343405469952006115e+01 2.060443853036894325e+03 -8.256301270043579279e+03
-4.426475687786762592e+02 8.217416760425264783e+02 -8.225960019547737829e+03
-3.481480848264300789e+02 -2.970346139422069427e+03 -8.230310398402218198e+03
5.138194021413949031e+01 -1.403867854386601039e+03 -8.199787828965672816e+03
-2.865067669543539523e+03 -7.975522141030999592e+03 -7.584355793182802699e+03
-3.070246183552662842e+03 -9.821055094276402997e+02 -7.901371425367684424e+03
1.115675854269806223e+03 4.166956057654351184e+02 -8.341747850432519044e+03
-1.629402798940556067e+03 -2.514570810688673532e+02 -7.980543423456696473e+03
3.326816734733724388e+03 -4.654053309584605813e+02 -8.399393944511386508e+03
-3.422532339153294743e+03 -8.610956257851778446e+02 -8.031482902049078803e+03
-2.758513712808758555e+03 -1.235676524190156897e+03 -8.088403360361635350e+03
-2.215147016839051503e+03 -7.026023979378069271e+02 -8.287131272342639932e+03
-1.484280562249602326e+03 -5.209826028464902947e+02 -8.188404061870753139e+03
-9.906782245365616291e+02 -6.333705563934207021e+03 -8.462004645188386348e+03
5.602147200132401849e+03 -1.192087656572252308e+04 -9.129455108864143767e+03
-5.413839754358398750e+03 -1.330416544711093138e+03 -8.117864484541683851e+03
-3.812908912380071797e+03 -1.460505907862296453e+03 -8.263646898620712818e+03
-3.185664394189338054e+03 -1.729495588362012768e+03 -8.087372737308119213e+03
1.131498023724103859e+03 -1.033004142100876606e+03 -8.243808649397986301e+03
-1.670543395870833137e+03 -7.793401932694802099e+02 -8.161931046314794912e+03
-3.323363470352474906e+03 -1.331702202046833463e+03 -8.317363329889371016e+03
-1.388066408590402034e+03 -1.207417130730509825e+03 -8.026906945436621754e+03
-5.100758374953413295e+03 -2.946693730047637473e+03 -8.109763238896193798e+03
-1.335790183073441312e+03 -1.982112945563644416e+03 -8.299541178307017617e+03
-1.313819954095595676e+03 5.482225855566284736e+02 -8.119691537025461912e+03
-1.273724753757637473e+03 -2.690596828681153511e+03 -8.161711795042645463e+03
-1.728945285022242388e+04 1.391116695348885696e+04 -9.696298173779357967e+03
4.617001202364448318e+02 -3.061215309546608296e+03 -8.266495172650345921e+03
-4.147566495589433544e+03 2.138906046337172484e+03 -7.914075604961400131e+03
2.523062070778109501e+03 -4.005209721064411497e+03 -8.351801957116855192e+03
-1.909660451580152312e+03 -2.834143896763865087e+03 -8.242784662820778976e+03
-2.505386907197299024e+03 -1.730215326996923977e+03 -8.188946846016840027e+03
-4.153679455766429101e+02 -3.001708609945017542e+03 -8.348233540172725043e+03
1.628913708315796384e+03 -3.197454231368188630e+03 -8.199887801219148969e+03
-1.065847788141819547e+04 -3.930883639628628589e+04 -7.611423381129719019e+03
-1.514568256850377293e+04 -5.457024401025542829e+03 -1.781889732618584094e+04
-9.024164747687495037e+03 -6.341500203431291084e+03 -1.279252479026802393e+04
-4.225648510336889558e+03 -9.554145003066591016e+03 -1.605599400578387394e+04
1.580128959467933555e+03 -9.873682104511826765e+03 -1.347924220473682908e+04
-1.468939884977106340e+04 -5.741608492168717021e+03 -9.817542337596250945e+03
1.152892727861440335e+03 -6.014985548984094748e+03 -1.537387318310969749e+04
-1.423115738252859410e+04 -2.789200449515847595e+03 -6.978733325394125131e+03
-3.985520129135752995e+03 -7.893016754130974732e+03 -1.392461250784248114e+04
-1.643529266376544183e+04 -1.384137984681090984e+03 -4.254485997279792173e+03
-1.394532515407976280e+04 -8.454919403203230104e+03 -1.265516588831848821e+04
4.251009486789071161e+03 -7.753151471513759134e+03 -1.622203335296395744e+04
6.187468746935599484e+03 -7.660659777669451614e+03 -1.383004207056278028e+04
8.678238452332647284e+03 -5.340790110280885528e+03 -9.635412447713790243e+03
9.260849638797046282e+03 -1.871418695254147906e+02 -1.965680621147679176e+03
1.892500455144850321e+03 -9.838543230173567281e+03 -2.057097932240752561e+04
6.845258332339224580e+03 -9.530927676920078738e+03 -1.761082158478613201e+04
-1.235655589466663969e+03 -7.074120940089419491e+03 -1.581126517518135188e+04
1.102463195035681565e+04 -5.674882395711825666e+03 -1.472035684665847839e+04
-2.436427357350736656e+03 -7.908701957784574006e+03 -1.810745166534026430e+04
8.173828486541745406e+03 -1.028806907637216682e+04 -1.807040017178421840e+04
1.350000355558489900e+04 1.069539549720035438e+02 -9.917867942793585826e+03
1.165625067084856346e+04 3.890211066076400130e+03 -8.010048525240946447e+02
8.748766533082451133e+03 3.712392397747014002e+03 1.449481814126849940e+03
-3.149394773202298893e+03 7.379604137099005129e+03 4.289842714270886972e+03
8.696750290487543680e+03 -6.961814011083676633e+03 -1.345917054675936197e+04
1.073766061888188960e+04 4.065776226836384467e+03 -1.999517033354095929e+03
9.005187250808943645e+03 -4.985357743492357258e+03 -1.172084094296165313e+04
1.117594015959530043e+04 3.379887158500564055e+03 -2.464273312359721785e+03
2.124514788412554844e+04 1.461209466286929228e+03 -1.220752459713370627e+04
8.434265678143146943e+03 2.488852486549769310e+03 -3.241184289267047461e+03
-2.128226953983051430e+02 1.412775525374239442e+04 5.852661420021308913e+03
-3.446124075930712479e+03 7.004920705941231063e+03 3.655889915307822321e+03
-5.676379532099891549e+03 7.997366921406296569e+03 5.978947768067976540e+03
-1.539025198281834673e+04 2.858110456828836050e+03 -1.028691958430082138e+02
5.601294102255176767e+03 1.288681876197335623e+04 4.226510595515867863e+03
-3.495840048954977647e+03 8.715189681072803069e+03 4.679663392598399696e+03
1.122304408633582716e+04 1.384582718675355318e+04 4.192983022227759648e+03
-2.574862915139982306e+03 6.881997941313770752e+03 4.895621902302567833e+03
8.199439050707680508e+03 6.366048514814037844e+03 -1.678507497629063323e+02
-5.458548966123083119e+03 7.130160385850840612e+03 3.920089051812083198e+03
-1.356878399881912992e+04 5.955689254846854055e+03 4.291144315201622135e+02
-1.650364920392600834e+04 2.329835222227959548e+03 2.453254284284518008e+02
-1.806627989490831169e+04 5.396363015808273076e+02 -1.728232470169793260e+03
-1.341446549018133192e+04 -6.749456232478587481e+03 -1.088892981815029634e+04
-7.126780002276684172e+03 9.472401520423614784e+03 3.438905749772560284e+03
-1.423202523981328886e+04 1.338286874658088436e+03 -1.290488724163686356e+03
-1.046888713085802920e+04 5.371841651415832530e+03 2.037878147798204054e+03
-1.469113979803758411e+04 1.772763852444421104e+02 -2.150394202592459806e+03
-1.561151251994967424e+04 1.752941921749502217e+04 4.631445102365753883e+03
-1.431362547464949421e+04 3.458944308460333446e+02 -2.350583126830927540e+03
-5.372100145839918923e+02 -1.467094807773858975e+03 -8.249412238132432321e+03
-3.058738635531095952e+03 -5.523510319565691134e+03 -6.404478590097091910e+02
