-9.932329152995218465e+03 -1.383092814197737789e+04 -4.755358484749315721e+03
7.284499652424857231e+03 1.517291614653838769e+04 -6.695483566836686805e+03
-1.150360535003471796e+03 -2.553915102941686655e+03 -8.251059440106807870e+02
-7.246910589196473666e+03 -1.545195020417587330e+03 -2.278303838627731238e+03
-6.093196284135517089e+03 -5.739045013021424893e+03 -3.771458426546016199e+03
2.069610521299189713e+03 -1.674763449758343540e+03 -3.841550123941347465e+03
-2.149231099790243388e+04 -1.126339867473328411e+02 -5.681116233185457531e+03
-1.166189544385981208e+04 -7.544363517709883126e+03 -4.465356405649395128e+03
-3.062756280004049586e+03 -5.677765713215565029e+02 -3.175382733728954008e+03
6.149881098377293256e+02 -7.104522188225144419e+03 -4.381816723972530781e+03
-6.215405642281867586e+03 -6.216714326017215171e+03 -4.017094246245651448e+03
-5.134670135230940105e+03 -1.006413830671628784e+04 -4.301385176950630921e+03
-5.302056428246745782e+03 -8.733632403173400007e+02 -2.326594720303958638e+03
-2.416679295249237839e+03 6.120637158109828988e+02 -2.955350198896204347e+03
9.107423519906124056e+03 -2.867526311020879439e+04 -5.941924108340319435e+03
-7.027561784552125573e+03 -5.471709859164091540e+03 -3.812262420711256254e+03
-4.573842075743549685e+03 -3.601375925602716507e+03 -3.468862679438148461e+03
-8.504520087350721951e+03 -1.330077585738749622e+04 -4.073770751695738454e+03
-4.562402341812929080e+03 -1.838331541696889815e+02 -1.445892817888115815e+03
3.698879110960523576e+03 1.206801880522932333e+04 -4.557132950704812174e+03
-5.249018826179713869e+03 -4.059237508548952064e+03 -3.278948793891525384e+03
-4.209807585766189732e+03 -5.895068437341425351e+02 -3.016100111188222400e+03
1.103540188736346317e+04 -1.878634892967003543e+04 -8.093944318937978096e+03
-1.008007998461179704e+04 -1.766946284595320776e+03 -4.272702478980698288e+03
6.570177533907931320e+03 -7.020247462294820252e+03 -5.326229422544635781e+03
-1.826243400480807395e+03 -6.179283204111858140e+03 -4.108583861654144130e+03
1.062622929826808468e+04 -8.791118610166991857e+03 -4.735725570807168879e+03
1.515640256031613171e+04 -1.703368572499720540e+04 -5.473704786990542743e+03
-2.117187090811424696e+03 4.462948287945229140e+02 -2.818193931495628021e+03
1.478259946533788479e+03 -1.260925798350747209e+04 -5.680809630703235598e+03
-3.525527832117996695e+03 5.822510149100392482e+03 -4.124915765355769508e+03
7.356459217270585214e+03 -6.403925323975965512e+03 -4.636542445357260476e+03
3.333085948855513834e+03 -7.123879022147142678e+03 -4.273509160551457171e+03
-1.091603368322067945e+04 -6.987326271435557828e+03 -4.232852837391244066e+03
-4.280627760041500551e+03 -2.995400499582648536e+03 -3.379681049258872463e+03
3.238781491247524627e+03 -6.701744744766322583e+03 -4.483255196347206947e+03
-8.150411459664708673e+03 -2.077701072890323303e+03 -2.531409498695388720e+03
-4.749288104565079038e+02 1.484964602890231163e+03 -4.339040761105296042e+03
-4.284675445763151401e+03 -5.167953246310420582e+03 -3.583620720225644618e+03
-4.797088310453187660e+03 -7.396069603423454737e+02 -6.544032136224353735e+02
8.071820494193621016e+03 1.977865781636828251e+04 -5.975597917470597167e+03
-2.780212827693708459e+04 2.231812432662355786e+04 -8.315256066996207664e+03
-2.254280060512943237e+03 9.045930319889135944e+02 -3.666507512421955198e+03
-1.187376507794700046e+03 -1.053249081329795808e+04 -4.864760901310231020e+03
-4.989461802698677957e+02 -1.011863614261892690e+04 -4.653189665515941670e+03
1.497722844259457588e+03 -2.224024534930113077e+03 -4.282258533574198736e+03
-1.833690944912251780e+03 -6.019679519324276953e+03 -4.118523061295209118e+03
-4.356604351513189613e+03 1.205571892385782485e+04 -3.955132281414631962e+03
-2.466674275564747859e+03 1.622639856096740004e+03 -2.675539105241098696e+03
-1.958379034016777587e+04 -7.081668684246385237e+04 -4.182763770819704405e+03
-1.999081178249462755e+04 9.165382789294039867e+02 -3.253309528518708248e+04
-8.715477706701718489e+03 2.132127997421680902e+03 -2.243045793443719231e+04
-3.631065283803749026e+03 -2.807918587933963863e+03 -2.798886776981790172e+04
2.785057710891958777e+03 -4.230896512672172321e+03 -2.858618138697168251e+04
-1.648305373302645603e+04 1.179527776614216691e+03 -1.769074739188739841e+04
1.347435422726098068e+03 5.179007998903316548e+03 -2.270820359107472541e+04
-1.443426927027236707e+04 5.445980892637789111e+03 -1.334992957990958894e+04
-1.712475991044385410e+03 2.244502728576163918e+03 -2.061231343249189740e+04
-1.730900520198545928e+04 6.612668503106112439e+03 -9.497305065034332074e+03
-1.803070998178756417e+04 -3.167050960629776455e+03 -2.351376836014079527e+04
6.151724186504606223e+03 2.074119948799162785e+02 -2.747006618305425945e+04
7.713382846581249396e+03 -1.265557610547751437e+03 -2.752637028582994026e+04
1.108556541730085701e+04 4.121607089140776452e+02 -2.339508522235919008e+04
1.930382138893833326e+04 6.864795391472322990e+03 -1.371843939294795928e+04
5.127455849200495322e+03 -4.065468162006427519e+03 -3.594547340690874989e+04
1.138112574865794340e+04 -5.042892983158705647e+03 -3.380759413099149242e+04
-5.609322672369935958e+01 3.117820790568598568e+03 -2.342315076796191715e+04
1.595203540045210866e+04 -4.514565746353582654e+00 -2.941572108790378843e+04
-2.833430140753533806e+02 1.345081656809908566e+02 -2.917834415536979941e+04
1.416281722286350123e+04 -6.880681605914042848e+03 -3.516313436040951638e+04
2.134244605118601248e+04 7.362570824572672791e+03 -2.363573737378199803e+04
2.113885599624960378e+04 1.226076304722342866e+04 -1.017871974893201514e+04
1.950208244772102989e+04 1.310052778997654787e+04 -6.402459060849204434e+03
2.079482404613305789e+03 2.197921280566584755e+04 9.492704272201992808e+02
1.122984349619313798e+04 -1.256115741167125179e+03 -2.703088885090591430e+04
1.781221807409589746e+04 1.176308900085909590e+04 -1.153069495057821950e+04
9.311099348832640317e+03 1.937225357211709706e+03 -2.318517805405229228e+04
1.968134925276540162e+04 1.138366368227430030e+04 -1.283608473638930809e+04
3.740619660078363086e+04 1.114576925454576121e+04 -2.680676684098664555e+04
1.082512844220107945e+04 7.950829282347109256e+03 -1.401276233818511901e+04
3.955145820720373194e+03 2.984143747379723573e+04 3.423519583673645684e+03
4.649627162894975640e+02 1.745904431145116905e+04 -1.333332430061166178e+03
-2.464593381347450304e+03 2.198272066496691332e+04 4.131482994486344069e+03
-2.089461954884537045e+04 1.585099844369807579e+04 -4.097951748800681344e+03
1.311492184677249315e+04 2.759883612846237156e+04 2.097012839323820685e+02
-3.513332764979281819e+02 1.815479136933464179e+04 -2.607412307630437454e+01
2.268127028909706132e+04 3.056254393188000176e+04 1.006713847137281164e+03
7.000404797371945733e+02 1.721423565309488913e+04 -1.778326114046615487e+02
1.470639742057035801e+04 1.370603080723349740e+04 -9.221471029785399878e+03
-6.457757375175522156e+02 1.851258840309320658e+04 2.425661724534478481e+01
-1.447223927517424272e+04 1.538394097732794580e+04 -4.890101369196117957e+03
-2.227296246499558038e+04 1.413829772063046948e+04 -3.533770645420895562e+03
-2.531171373369278081e+04 1.154172595008374265e+04 -6.243174900829669241e+03
-1.939817179880637559e+04 1.895246858264944194e+02 -2.224352528998878552e+04
-4.817985918668374325e+03 2.027492673827244653e+04 -4.969363956610398532e+02
-1.725123620071542973e+04 1.119555021975612908e+04 -7.173095190379493943e+03
-9.274083449806017597e+03 1.492349114772809298e+04 -2.555407787784025459e+03
-1.557559681531781644e+04 8.576145930348769980e+03 -7.412565526987461453e+03
-2.245392283803621467e+04 3.872229543577128788e+04 3.430863116127108242e+03
-1.659431227043720719e+04 1.001408039445223767e+04 -7.589714687231205062e+03
-5.473447909530294964e+03 -2.899092995947199597e+03 -2.174376296035021824e+03
8.386440756294955463e+02 3.124170438823138738e+03 -1.470071293180450630e+04
