-3.031348686626592404e+00 6.699445535372719474e-02 -1.418746662656283908e+00
-1.894926976165537624e+00 -1.390198851869022256e+00 -1.010926555828464690e-02
-1.968054814947502340e+00 -1.592833540734391873e+00 -3.533555245437411951e-01
-2.386656415083532767e+00 -1.629156072931227994e+00 -2.633477263866150220e-01
-1.844759802093921763e+00 -1.705579911863647213e+00 -1.152386325222823638e-01
-2.150448899309904682e+00 -1.669027283004977491e+00 -3.214266383068273281e-02
-1.984017908774166061e+00 -1.522118518513798868e+00 3.323380884552841474e-02
-2.099353933774245284e+00 -1.511719389478558995e+00 -4.821444958317507024e-02
-1.872838084239555112e+00 -1.809896337689674173e+00 -4.725630572300240084e-01
-1.962230776411828526e+00 -1.430097549623871256e+00 -4.198298884524079844e-01
-2.045296254965126792e+00 -1.354262039337372769e+00 5.875487811008274497e-02
-2.048054413482916836e+00 -1.581900096008848289e+00 1.370190355998817111e-01
-2.173155938640994655e+00 -1.529909757429499306e+00 8.488076329968051448e-02
-1.733278875841050892e+00 -1.212649435693238242e+00 5.546192041355647584e-01
-2.568830868689468971e+00 -1.658419831350674611e+00 -3.990857493542516732e-01
-2.287429527650373107e+00 -1.724257757491428844e+00 -8.201551791197099484e-02
-1.857070902699684334e+00 -1.863896132351925194e+00 -1.091370300312129171e-01
-2.133913192012031779e+00 -1.311907795817722766e+00 -5.099261852192655819e-01
-2.031741552399868755e+00 -1.421708121688011417e+00 5.108378378349216070e-02
-1.926526527424145430e+00 -1.396134486871408065e+00 -1.995422839672046367e-01
-2.116819523873679110e+00 -1.587220089855687188e+00 -8.080592570882605408e-02
-2.058214330382323265e+00 -1.461987089815344643e+00 1.232370479341094449e-01
-2.394531883241739045e+00 -1.176413549800155778e+00 2.482652511667228779e-01
-2.293118302085867644e+00 -1.464111060790797225e+00 8.595749045682526956e-03
-2.009804732783226910e+00 -1.896978270834092761e+00 2.343214525597403231e-01
-2.014682231514033806e+00 -1.382342616725185325e+00 8.860586680095354495e-02
-2.030202135292535459e+00 -1.860556810484353951e+00 1.466702294957052954e-01
-1.845450425901463909e+00 -1.696867677562651888e+00 -6.332931821865775412e-02
-2.239161328269476225e+00 -1.564031486660506731e+00 -1.970844949908764077e-01
-2.320172801407647256e+00 -1.210770728410361041e+00 -1.547537690567039048e-01
-2.004907579572769993e+00 -1.779468988415829234e+00 3.236242535018742927e-01
-2.190287865457502647e+00 -1.588080159045968998e+00 -7.886838363304697619e-02
-1.910190536184996901e+00 -1.149365863701934387e+00 1.881806155378382417e-01
-2.835556208321204252e+00 -1.520685968119524833e+00 2.075116806149514825e-01
-2.161890498086099122e+00 -1.644660547631493941e+00 -8.136502658702736424e-02
-2.165737297093590197e+00 -1.725515063097538437e+00 2.322133092268657828e-01
-1.906948037603057422e+00 -1.123923885751350049e+00 1.357821539310346826e-01
-1.990851505987247361e+00 -1.322375765793228686e+00 4.722964955275996690e-01
-1.733571654209083324e+00 -1.358439835438593812e+00 2.812936946203544175e-01
-2.103553381132340139e+00 -1.946423472876826599e+00 -2.204640906423954438e-01
-2.132284341389250049e+00 -1.700463935230466461e+00 2.241681568938286295e-01
-1.892281477232395259e+00 -1.791137289183504677e+00 -2.606809489976211203e-01
-1.961762284170418980e+00 -1.462257848067101573e+00 -1.861492248068044586e-03
-2.456596882687203554e+00 -1.564790666725673685e+00 4.733062847239130067e-01
-2.291136957268132601e+00 -1.475383934121383023e+00 -6.654305486017657589e-01
-1.850966387506288946e+00 -1.846790477353051019e+00 5.405709265327610091e-02
-1.971171388366226962e+00 -1.351076766632972159e+00 6.747314339368531977e-02
-2.302787473966231957e+00 -1.636117117911749297e+00 3.740062467504438048e-01
-2.293831679007261037e+00 -1.625028847488658501e+00 5.637630081662728387e-02
-2.199147122315568748e+00 -1.517538674587501246e+00 -6.859577292466403908e-02
-2.007424153513390319e+00 -1.370373641390495889e+00 5.531014739871651514e-02
-1.217411336960916524e+00 -1.516003142358878453e+00 3.609214990387968336e-02
-1.907521732445345730e+00 -1.598287985396652511e+00 4.634844106313556478e-01
-1.895439782641582305e+00 -1.760673240503108694e+00 6.909835386179884187e-02
-1.890503675936633154e+00 -1.450681438446669969e+00 1.123546590691701236e-01
-2.131475292238666608e+00 -1.727001741447938610e+00 4.068960834959961526e-02
-1.927023408221442136e+00 -1.529392610839221289e+00 1.778925321309512420e-01
-1.953319491373089578e+00 -1.689840174588616462e+00 -1.567627407399678763e-01
-1.913257233259001433e+00 -1.522487648951248884e+00 -1.740591369437000380e-01
-1.927257005797307077e+00 -1.459070640877090153e+00 2.898961003884887866e-01
-2.591303933013369143e+00 -1.300757327282384468e+00 2.714137086174132629e-01
-1.977156594271893608e+00 -1.751327179293643788e+00 -2.328513551440244689e-01
-1.898045316753703471e+00 -1.195356134612150845e+00 -7.497120456580927406e-02
-2.313493148020753232e+00 -1.701259031906935393e+00 -2.958264825021382216e-01
-1.974136434695215492e+00 -1.410956250133913681e+00 2.711934331375919771e-01
-2.249923440632184857e+00 -1.311199851776219338e+00 1.998419596144222765e-02
-2.140665746660450175e+00 -2.103608393661978493e+00 -4.498840959990588195e-01
-2.296085240959890417e+00 -1.461065591099241168e+00 -3.296660303533242853e-02
-1.811970963126767531e+00 -1.380490597485654947e+00 1.173581551679999530e-02
-2.059650011254983593e+00 -1.436729350762216972e+00 1.565527443174658528e-01
-2.387788556010725927e+00 -9.083265204686464811e-01 2.476661824008499213e-01
-2.370974747722245368e+00 -1.825790987836285018e+00 8.486369707991203715e-02
-2.355805419491540320e+00 -9.223367757721664395e-01 -4.784639097524997498e-01
-2.227958462976022957e+00 -1.489721462986379974e+00 7.675932730111870161e-04
-1.855140652133316692e+00 -1.372062451367438873e+00 -7.899706617418821020e-02
-2.126912282253225595e+00 -1.681759772301792966e+00 4.252068178536984322e-02
-2.074555924871460899e+00 -1.518748281866872052e+00 -1.893490714333573577e-01
-2.212909312891301550e+00 -2.790335349921232666e+00 1.046090246337807311e-01
-2.467735217844301054e+00 -1.335337693858259511e+00 1.593213100557702988e-01
-2.208146694779846708e+00 -1.346743414172098197e+00 -7.080937409064247401e-02
-2.298334815122804020e+00 -1.769062785652410597e+00 -1.419822828152476069e-01
-1.736117468386394469e+00 -2.334813948459213417e+00 -8.286238675644817808e-02
-1.827643899507813252e+00 -1.722536686715025134e+00 2.996127764679194089e-02
-2.142094109555260140e+00 -1.409240215924961070e+00 1.145345142260236621e-01
-2.117656925251992561e+00 -1.389577697524821742e+00 1.123528102749295765e-01
-2.156990274344563918e+00 -1.481847473814992044e+00 -4.736635498794980470e-02
-2.577229491843516129e+00 -1.828992089409359201e+00 7.240449007065908882e-01
-5.497263282372711890e-01 -3.653128787149735879e-01 -7.578460879810614559e-01
-2.674704575621465352e+00 -1.416266750268911911e+00 -2.090412855803719105e-01
-2.078549180853808576e+00 -1.584138794137011752e+00 1.920783629909866563e-01
-1.846830959175695952e+00 -1.481214941976635613e+00 4.303652427666074254e-01
-1.797954724985310726e+00 -1.644817397586736840e+00 9.232484497307531512e-01
-1.902727997338981680e+00 -1.711660142545014418e+00 -1.001605425647381087e-02
-3.012774854604438168e+00 -1.977416578592816609e+00 5.537377894226888086e-01
-2.535207969658045180e+00 -1.679651322314759554e+00 2.544202401453763973e-01
-2.316099364839085961e+00 -1.931906188022058712e+00 4.107477641649271566e-02
-1.878668251471613093e+00 -1.236668745786138501e+00 1.190558532285088955e-01
-2.011969022225807979e+00 -1.517777135585308468e+00 8.001303839076034929e-02
-2.079286522680140248e+00 -1.683968704424384732e+00 -7.709269114010242063e-02
-1.719293231547178724e+00 -2.092949487238246142e+00 3.220202979902576923e-02
