-7.576066217106372847e+00 -6.006310685102790314e-01 6.317976802179103846e-03
-6.198887345824026340e+00 -1.936004972538229341e+00 -1.254265435042435373e+00
-6.272109455779370180e+00 -2.017943844955841559e+00 -1.441544514586159176e+00
-5.816680139341349864e+00 -2.237970659342651381e+00 -3.194346888219426472e-01
-6.054853737616270770e+00 -1.881474339722873701e+00 -6.509480381050258835e-01
-6.279893560721299117e+00 -1.789520516892477930e+00 -1.019788408624706433e+00
-6.311304072079887639e+00 -1.861870923902033681e+00 -1.005384993417885120e+00
-6.124611029152751129e+00 -1.900121532269536839e+00 -8.856102089171072889e-01
-6.466726199161434430e+00 -2.123838909104460715e+00 -1.362388508119481978e+00
-6.041128376702210367e+00 -1.936857088671318339e+00 -9.196753638297877620e-01
-6.008111183985699100e+00 -1.672385311574989597e+00 -1.022154741700081582e+00
-6.205717910708059115e+00 -1.855860444106313567e+00 -8.840478919226739674e-01
-6.233298086312580644e+00 -1.929394202613364140e+00 -8.818011005277788250e-01
-6.484005046277823148e+00 -5.851574623944462150e-01 -8.400687316218666822e-01
-6.193408487705566401e+00 -2.043250874520881499e+00 -4.592374714264297331e-01
-6.032957586026670427e+00 -2.255773634102634428e+00 -7.431891463251343311e-01
-6.227554421081196168e+00 -1.829887982735995289e+00 -8.870163103032399077e-01
-5.397979460917353478e+00 -2.040947415876045667e+00 -2.036140271142168334e-01
-6.149513540013662904e+00 -1.903954553113814896e+00 -1.218112728045514404e+00
-6.109682646179005694e+00 -1.750709411256673675e+00 -8.294471741674270815e-01
-6.100198925168858644e+00 -1.767119992837121067e+00 -1.102647036821040594e+00
-6.281312048466276998e+00 -1.773908519889488611e+00 -8.897126203168396197e-01
-5.990616961687236675e+00 -1.738622132550479149e+00 -1.271187204040048258e+00
-5.991184816180394890e+00 -2.020654397245066569e+00 -9.216529770025091439e-01
-6.240728129000787661e+00 -2.040135953275234115e+00 -1.061121401791116581e+00
-6.554066297409419484e+00 -1.879333470729772193e+00 -1.011639823351352163e+00
-6.072856760904969065e+00 -1.857540102319636066e+00 -8.798852106546202201e-01
-6.339056532761181195e+00 -1.794285866158221721e+00 -1.072771877536739193e+00
-6.895284515627580824e+00 -1.747262336756042922e+00 -1.270350654864256024e+00
-6.333251764844090026e+00 -1.665471443511284289e+00 -1.192012956963127035e+00
-6.081874712424902185e+00 -1.833032397213162135e+00 -8.846918762119415636e-01
-6.317831549179426354e+00 -1.857062441645357831e+00 -1.115314361281575906e+00
-6.290251884714249897e+00 -1.829777996633891402e+00 -1.099105445131110192e+00
-5.832979173060421907e+00 -1.631400340428349693e+00 -4.164176226368209721e-01
-6.168994917557616198e+00 -1.923453286871920964e+00 -1.173611484333652033e+00
-6.376005686556527330e+00 -1.857278268010841060e+00 -1.026253328823327982e+00
-6.391709971111320776e+00 -2.268189263659643906e+00 -1.256457176501034390e+00
-5.529465472423371608e+00 -2.447619991096138481e+00 -1.525282733107862443e+00
-6.566503100215752120e+00 -1.133846105602452692e+00 -1.273237239148325539e+00
-6.202210674978841709e+00 -2.078802632362582337e+00 -1.219595019383021395e+00
-5.416983521096371490e+00 -1.983824969962190599e+00 -7.404850079336574575e-01
-6.312720936874737454e+00 -1.652751430716806746e+00 -1.034352983028996587e+00
-6.398449372616513919e+00 -1.764811537384624929e+00 -1.017266266677316677e+00
-5.975641974540427448e+00 -1.553687859438828145e+00 -1.496799325190137031e+00
-6.130298711354401853e+00 -2.131420039126479704e+00 -1.254473688321105174e+00
-6.338150942336054250e+00 -1.724217325262858758e+00 -1.096704300199673243e+00
-6.090850774020731606e+00 -1.672552519346903299e+00 -9.710413604830858691e-01
-6.023745420990652910e+00 -1.894752458995091482e+00 -9.064580887841915402e-01
-6.181839465482747542e+00 -1.924074809716401324e+00 -8.491787547267206637e-01
-6.074415226381064237e+00 -1.882907079534375416e+00 -1.228962037826633491e+00
-6.329094434680824222e+00 -2.030982777496290748e+00 -9.808901811986605601e-01
-5.929644188224154178e+00 -2.337836392084621462e+00 -1.543927571144783906e-01
-6.331570341636568955e+00 -1.794778784419111650e+00 -1.578323621222592621e+00
-6.571489436258878492e+00 -1.289452467239310840e+00 -1.192864415329600636e+00
-6.177645384759541614e+00 -1.997030647632364486e+00 -1.144646979658947572e+00
-6.015611547316305874e+00 -1.823910541764818483e+00 -9.626054531387769897e-01
-6.246608085028367618e+00 -1.611716141478180209e+00 -9.583053535568950565e-01
-6.343054893305348330e+00 -1.613926701584340151e+00 -1.122276481395555692e+00
-5.711788302942934159e+00 -1.604742900351996626e+00 -8.304681988546702698e-01
-6.099237991793039271e+00 -1.710640695250172705e+00 -6.182578483897241961e-01
-6.937328665226619506e+00 -1.724704196551281044e+00 -5.464533172219154800e-01
-6.443512037852691776e+00 -1.762564182956013692e+00 -8.932402938364295553e-01
-6.387614622862599845e+00 -2.019465881792910533e+00 -8.094381774335682733e-01
-6.044618772427636344e+00 -1.874512451111834510e+00 -8.489421530950200800e-01
-6.298521405483388236e+00 -1.653514056482327410e+00 -8.684774223870167509e-01
-6.454665581295940591e+00 -2.050272453653463778e+00 -1.303002312914484540e+00
-6.206271562274737086e+00 -7.610829428562142507e-01 -5.659860789872326325e-01
-6.594931348279880368e+00 -1.702116397545766713e+00 -9.059382137470872731e-01
-6.520195986936179189e+00 -1.663543481709628846e+00 -1.179096658750546034e+00
-5.941158892329966079e+00 -1.780334551886324501e+00 -9.022172013291532844e-01
-5.931981716250956715e+00 -2.006938081714616740e+00 -1.920390456137268442e+00
-6.185594158130286679e+00 -2.039235335922190639e+00 -1.155236702579933272e+00
-6.241065674942107400e+00 -1.813292845140582310e+00 -5.849609458648212801e-01
-6.225347441306388063e+00 -1.881213033607839646e+00 -1.102384854820839921e+00
-6.266799862747618022e+00 -1.823182894705186685e+00 -1.040203871568397442e+00
-6.309707105329696475e+00 -1.720150435504899988e+00 -8.750063766150346645e-01
-6.481301740579834991e+00 -2.186797374428903318e+00 -1.093984959567531501e+00
-6.941711048560608610e+00 -3.649162013083229628e+00 -5.287548068045608840e-01
-5.813957159241533112e+00 -2.175997226913576554e+00 -8.707691613865019553e-01
-6.172405292688149636e+00 -1.853478673221513384e+00 -8.222906811787420445e-01
-6.227061162275097317e+00 -1.835358800029096793e+00 -1.017452656249176357e+00
-4.902130738085009654e+00 -1.448316812929245856e+00 -9.693311565486730785e-01
-6.171808805715925494e+00 -1.722133008052552094e+00 -1.128195938464282788e+00
-6.152966749837966098e+00 -2.029502354149885779e+00 -1.021501955493849811e+00
-6.499736874478847071e+00 -1.713324255037620647e+00 -1.167857493049392348e+00
-6.186469992837409393e+00 -2.078631791928545969e+00 -7.768982379982459774e-01
-6.222254787463468162e+00 -7.850955204429270751e-01 -2.291008992351928786e+00
-6.780869021223675297e+00 -1.639340350991847162e+00 -1.276575526162405438e+00
-6.136895001503833491e+00 -1.917597234231044556e+00 -8.118992022895369365e-01
-6.401941407536182460e+00 -1.797521426652032739e+00 -9.386417923552942133e-01
-6.305162649461618862e+00 -1.930135872540555741e+00 -8.311653984548811325e-01
-6.237834108559194846e+00 -8.900887577099760861e-01 -1.705063351379386472e+00
-6.078463084153985285e+00 -1.946829411020837730e+00 -1.409301787054536792e+00
-5.308180562799697633e+00 -1.787211831613523483e+00 -5.868141066947305529e-01
-5.530272889399809877e+00 -1.830672411760398965e+00 -1.161166824707801970e+00
-6.253451122524777084e+00 -1.898794602307051216e+00 -1.229997586842007884e+00
-6.321076817184586361e+00 -1.342373636198916254e+00 -9.187938998778358846e-01
-6.254394286099941525e+00 -1.577522323698222761e+00 -8.811366109303493399e-01
-6.204987559057364876e+00 -2.138078914724026891e+00 -1.179686281102075629e+00
-5.778865628071188532e+00 -1.298057092413223090e+00 -1.564271231643171500e+00
