3.035482289788443699e-01 7.574153302977109092e-01 7.742223342564549249e-01
4.312299775988684969e-01 4.196717411899084094e-01 5.293522566001178653e-01
4.186083835087851535e-01 7.685494310922680317e-01 4.879569203052429582e-01
6.817505294471724042e-01 5.916194889514163613e-01 4.224082426723338446e-01
6.765756322529981048e-01 6.199405467724717900e-01 4.292519074399839818e-01
5.859938869323758626e-01 8.163681433803627874e-01 4.475902353186512750e-01
5.434245118449132494e-01 5.715133710886204366e-01 3.271958592187862447e-01
6.910756147403080973e-01 6.087136372067020185e-01 3.554163043405299538e-01
6.759223790530328735e-01 6.495397291134802353e-01 4.006975979182815784e-01
1.060696902816252507e+00 3.532614700003169350e-01 2.176358972542208337e-01
6.743724323388180508e-01 6.017833861444781274e-01 2.485811346997887084e-01
6.080340562169613827e-01 5.728126504779084138e-01 4.205126185472886080e-01
6.732484972829144709e-01 6.114327630259195345e-01 3.855486514887170868e-01
6.937970967107494058e-01 2.558042665157047035e-01 8.988972094728684414e-01
3.208888117393570161e-01 4.855807417333558584e-01 3.564808280318861877e-01
1.218816005786667711e+00 9.020448235832673189e-01 4.479258761900166419e-02
7.802879456043073647e-01 5.414939389048621932e-01 6.457329148572054089e-01
2.911645083542136470e-01 7.340062598902612478e-01 6.189107879200080875e-01
6.600843290164817301e-01 5.728588543991726123e-01 3.865465528903515580e-01
7.211822138613785960e-01 6.772030343830939270e-01 5.645434158533020330e-01
4.947367520182442413e-01 7.163089998989213836e-01 4.431263887579600103e-01
6.489698495406086565e-01 6.136367143458781870e-01 3.720068382991095768e-01
2.428963138268604438e-01 6.692130520198920074e-01 7.288092250604306654e-01
6.840062964499500353e-01 6.269061405629882122e-01 4.466079341692330562e-01
2.411070534993966785e-01 6.559630812998294980e-01 6.423528903349496888e-01
6.384597929014652617e-01 6.880355831774717101e-01 3.266261192814976511e-01
7.269210718314078612e-01 8.700257933621819983e-01 3.466485868391342984e-01
9.418886035306425208e-01 7.191312167781730436e-01 8.900382544572262022e-02
7.444872681489685950e-01 9.517620813539026114e-01 7.710027520883073748e-01
6.945669134864200789e-01 4.826530738842617074e-01 6.870896447872373303e-01
8.729187917586809231e-01 5.244653341638860766e-01 4.728915523083906947e-01
9.036124122330586594e-01 7.680018936836159327e-01 8.017540339428509688e-02
9.574942960299600569e-01 4.433273832353762933e-01 5.403332518033668319e-02
6.506867216958426292e-01 6.348103564447582503e-01 3.718115646231323068e-01
7.688641884590091680e-01 5.971466699516875254e-01 4.185226384919151776e-01
7.465437125943209518e-01 6.045935147762349082e-01 2.583409233843267927e-01
6.297758669314733604e-01 5.112712778560780658e-01 -1.676035088549700236e-02
5.473679896007506152e-01 7.348935886363788805e-01 3.304080776776828210e-01
7.233040435606272744e-01 4.293708518169127575e-01 2.783145127959256171e-01
1.006672114426893083e+00 4.727352777249039240e-01 4.083175751425190403e-01
6.738686413517044338e-01 7.053360238591240838e-01 7.396074741339839775e-01
5.223174069598254254e-01 4.624338868456494556e-01 -3.719130797167714553e-01
8.211030248267230380e-01 8.996259614925243842e-01 4.238454061773883064e-01
7.515711869822759850e-01 5.760910055583832179e-01 3.952502116042514446e-01
6.252439156574044476e-01 6.648472773040825512e-01 3.481512185811069804e-01
7.202471469383624481e-01 7.815326028305550343e-01 -6.555886068752736495e-03
7.166257414349650467e-01 8.827711490090146551e-01 2.960664142903563500e-01
4.998119171006425443e-01 5.752345474707134532e-01 9.597915822326285040e-01
8.092445440498752252e-01 6.583536205053572843e-01 1.665629802186149866e-01
7.992427510748865149e-01 6.170543108631598717e-01 4.922225500728223402e-01
7.035052845567568713e-01 9.017101227229521454e-01 5.098842462915644802e-01
9.859886693850596906e-01 5.647619957735249274e-01 -4.374821855047334590e-02
5.798207839768103611e-01 2.114268866626387022e-01 5.260338199146300520e-01
8.517147780381747468e-01 8.852695430197154991e-01 -1.777380328775213236e-01
7.254237628012054628e-01 5.776002916927768238e-01 3.136329816368060852e-01
4.973647503425370209e-01 6.755070060462330384e-01 3.826408677568849948e-01
7.091621417373901171e-01 5.410804866114695688e-01 2.890187835908948344e-01
2.067984163600259939e-01 5.919066297905352103e-01 5.647439034079908549e-01
9.454944258978904559e-01 3.969451437506574809e-01 4.569837492904335052e-01
9.870689544163460671e-02 8.383356772943448831e-01 4.569485538846518868e-01
8.447176272733538660e-01 6.818208519574936455e-01 8.790654575278056271e-02
6.625671997713574735e-01 6.642671845200890379e-01 2.180625731900907027e-01
6.094952624526279727e-01 5.783488655215838214e-01 3.419726113846028870e-01
5.887069354387448605e-01 6.244476130350781196e-01 3.930932762775106726e-01
6.091314509498689800e-01 8.255546890243935509e-01 5.855633423259636317e-01
7.850876898246954561e-01 9.714441730799358021e-01 4.874236743577305964e-01
9.846977667845231430e-01 -8.738816023487436246e-02 9.643542622546331933e-02
8.412090505017874031e-01 5.527892686538037059e-02 3.594632207028201076e-01
8.946278393264611717e-01 8.083399001484332658e-01 9.619184426436530599e-02
7.914926943386947356e-01 6.332690147430929395e-01 5.153902608306548672e-01
7.780529355417917792e-01 1.059475703333873975e+00 1.096671015609994582e-01
1.058749390786177802e+00 6.845924497197100056e-01 8.293959409179109399e-02
7.066628153564986636e-01 3.414184815322907629e-01 7.413568607067283489e-01
9.241509048130782666e-01 5.344114908226269556e-01 2.003149511177776954e-01
4.299718060435696598e-01 4.579361735244660836e-01 1.160750470969404147e-01
5.483464319122056674e-01 7.692965241961693401e-01 -9.369667616337426508e-02
1.015318185789876315e+00 3.563037962112645674e-01 2.939861783860271971e-01
5.142265141070883061e-01 6.894698425823964083e-01 3.971138696612845354e-01
6.150879791845214051e-01 5.805821909383444002e-01 2.270273261136311060e-01
5.362956752372979308e-01 8.412983685377719567e-01 4.268134987560838756e-01
4.958553057932535424e-01 7.363422169327991096e-01 2.986896762800733685e-01
7.573571709506189409e-01 -5.148641659361821721e-02 -3.204633832450419773e-01
6.950056537293169967e-01 7.630496667636575969e-01 4.604029441918059407e-01
9.017658194688517037e-01 4.771628994035466698e-01 4.620894424197508066e-02
5.858277251468906321e-01 6.438740574652039861e-01 3.871910877465519207e-01
6.117904946147260103e-01 7.525341942851970778e-01 4.249875028015607237e-01
8.382895861112356073e-01 4.218625526804592463e-01 5.417114655824021296e-01
4.892630697698244213e-01 8.930429876823882118e-01 7.431554365629388093e-01
4.587016533203677748e-01 6.808618149770480077e-01 3.017484659233298783e-01
5.091255093482138783e-01 4.278727430693782252e-01 5.377731529930960264e-01
5.042393721896862857e-01 9.479066235470009483e-01 7.946804913043435947e-01
1.843300995792429564e-01 4.335158490856911850e-01 4.503001375299436337e-01
3.291127797697576129e-01 1.150405369118816301e+00 2.911666576452313082e-01
7.792961509263207631e-01 5.162532915265527489e-01 5.460381847584748760e-01
2.398327095807901987e-01 8.931993543945092595e-01 6.233133494894351756e-01
4.088755578647264022e-01 5.290599432120466350e-01 5.363890257045358378e-01
4.640655425328051309e-01 2.960887983466626294e-01 1.678403085324234600e-01
6.440316026709613784e-01 6.097335261401656270e-01 4.092987946849291903e-01
8.331576451563090790e-01 7.693768193886580953e-01 7.538156160861519961e-01
7.960682086183882289e-01 3.868515095471553034e-01 4.949950975133640685e-01
