-2.334382330871337672e+03 -4.682735814024984393e+03 -2.184526984028355400e+03
-1.982866873117903197e+03 -9.715180676180960290e+03 8.638493492846373556e+02
-2.811755934692745086e+03 -1.013335245535590002e+04 8.365683537049388860e+02
-2.201731345093439813e+03 -1.013844219749440890e+04 1.249165788049291450e+03
-2.371265156821118126e+03 -1.033986235199377006e+04 1.568893726969801719e+03
-3.370084361429507226e+03 -1.002757827872499183e+04 5.728224436325849638e+02
-2.901205948624609846e+03 -1.000835887355745763e+04 7.520616329597359027e+02
-1.384148440341966852e+04 -7.392256539651744788e+03 3.717833901593625114e+02
-3.233950379850540230e+03 -1.077278538086996195e+04 1.874998170746192955e+03
-3.566781462719221963e+03 -9.920123816188348428e+03 5.502028079819914410e+02
-4.273656275550050850e+03 -9.327886935511853153e+03 2.625882108086989888e+02
-3.057433999329734888e+03 -9.938529883650835473e+03 6.150350216450044627e+02
-5.524206077974121399e+03 -8.385702222491483553e+03 3.762266947184521655e+02
-2.852446828812775038e+03 -1.030251579783956731e+04 4.881014839091103568e+02
-3.585611307015876264e+03 -9.969490634177129323e+03 7.748289352827055154e+02
-3.730403523616991606e+03 -6.192920516838009462e+03 -3.291417763773917613e+03
-3.851274670680076269e+03 -6.631930700035554764e+03 -3.761872761399615683e+03
-3.551722425490667320e+03 -9.987125162023377925e+03 1.061542804979864513e+03
-3.829156556558421471e+03 -1.167020263464523123e+04 1.736053142124975693e+03
-3.215461439135032379e+03 -5.752902272685924800e+03 -3.473028590237713161e+03
-9.332150768931542189e+02 -5.970393650702615560e+03 -3.863961735923571268e+03
-3.306349489064834415e+03 -1.001577938549979081e+04 2.881273492912952179e+02
-3.193474877096663931e+03 -1.013822627718519470e+04 5.588955030153346115e+02
-6.178243859707390584e+02 -3.822621862960096223e+03 -1.492090320413137533e+03
-2.855137653826770020e+03 -1.024374511462814553e+04 3.388457729140485526e+02
-2.630629597205801929e+03 -1.022566894013183992e+04 7.583091904509110464e+02
-2.811662633980894952e+03 -9.771681862144228944e+03 4.643021890796806019e+02
-3.257552439914643401e+03 -1.017240637288167636e+04 9.443533216573586060e+02
-2.010296232455307518e+03 -6.196137835911547882e+03 3.604978824348684157e+03
-4.149621355625872638e+03 -9.796769329138414832e+03 4.589412872691378880e+02
-2.621574465468671860e+03 -1.302496590235264193e+04 2.984475913769055296e+03
-3.801986247827844636e+03 -1.095948660432868564e+04 1.196760072361471657e+03
-2.425152403630353547e+03 -1.033910070231353893e+04 6.485182814566232992e+02
-2.911740150047404313e+03 -5.218594744762047412e+03 -2.826404631816849360e+03
-2.687294216048605904e+03 -1.025983317331815306e+04 1.969324747368268618e+02
-6.011002814414424392e+03 -1.012700138003600114e+04 7.540686952182488767e+01
-3.707512298393214223e+03 -1.124113297515582781e+04 1.203712230000712225e+03
-3.974146967674712869e+03 -6.971197028575043078e+03 -3.827250650243870496e+03
-8.819050036326394547e+03 -9.031915844553353963e+03 -1.410761449687798574e+01
-3.420462688869441081e+03 -9.839928587121525197e+03 9.963645031098229765e+01
-5.607484601632545491e+03 -1.268103223088641062e+04 1.779808161335943169e+03
-3.205470457920640911e+03 -1.062303309123392137e+04 1.712997148635904750e+03
-3.643264575388150206e+03 -7.294957656866285106e+03 5.521755541552764043e+03
-3.338619283474237363e+03 -9.549124341160184485e+03 6.279368004077583691e+02
-2.799376518278980257e+03 -9.922204098161930233e+03 1.940269422708752245e+01
-2.782559157354765375e+03 -4.864040017329758484e+03 -2.031117358006445784e+03
-2.720761466349057628e+03 -1.022576485215090906e+04 7.745961407747283829e+02
-2.984219827674258795e+03 -4.252351124160501968e+03 -1.423918255828089286e+03
-6.079856690207895554e+03 -7.952376026814562465e+03 8.588391711431879685e+02
-2.808699177227947985e+03 -1.199717660757263729e+04 2.750849736742697587e+03
-3.098134497781268692e+03 -6.884454749343942240e+03 4.474080985784436052e+03
-2.555133442981739790e+03 -1.025977714629862749e+04 7.251839576346004606e+02
-3.447995533265829636e+03 -1.001769493862462696e+04 5.892609580467980095e+02
-3.061311040234904794e+03 -9.299332582785211343e+03 -1.283337461007034108e+03
-3.751280466262016489e+03 -9.773252058577720163e+03 8.483991876653799409e+02
-2.978919469473086338e+03 -1.024438412413393962e+04 4.643278867791430002e+02
-1.873035836632371911e+03 -8.146911168531567455e+03 2.661538582333829254e+03
-2.816292855979315391e+03 -1.014825410734166690e+04 6.829739189788698468e+02
-2.768469070027947964e+03 -1.026849264786523054e+04 6.006254192799426619e+02
-3.069635600492445974e+03 -1.000642395516672332e+04 5.342050990912655379e+02
-7.942678541523944659e+03 -1.319712712390128581e+04 5.211960818547677263e+03
-3.325962628424305876e+03 -5.515117776219603002e+03 -2.645365213583427249e+03
-3.806487778818767765e+03 -9.778363476374515812e+03 6.270365887467290804e+02
-4.862556446095666615e+03 -9.302692631705758686e+03 1.983369646594381948e+02
-3.169550019331190015e+03 -7.754336291388744939e+03 -3.674149403602032748e+02
-2.565685675424051624e+03 -1.006728977827301242e+04 1.668195717668541818e+02
-5.122668775773619018e+03 -8.050032820348397763e+03 -2.262628941630067402e+03
-2.374739546972978587e+03 -1.002290427694302343e+04 1.358623152758307469e+03
-3.159763511075994302e+03 -8.874242328333366459e+03 -1.416585163181956659e+03
-2.976581645844712057e+03 -9.788311822567553463e+03 -7.023244739473034315e+01
-3.480556714580456628e+03 -9.957602628278258635e+03 7.528225257184635666e+02
-2.771603361794584544e+03 -1.000633443111170891e+04 1.022047227892809133e+03
-3.189903344609580927e+03 -1.012592620893905041e+04 4.366421635949611755e+02
-2.698928673720864936e+03 -1.187684466327329574e+04 2.430094196188189471e+03
-3.004132820399880984e+03 -9.437367209313953936e+03 1.064855528584493413e+03
-2.928916068305721637e+03 -1.020922341046566726e+04 4.934767463618608758e+02
-2.441028131386671248e+03 -1.022897553083660205e+04 1.410668249770698139e+03
-3.425760452020545927e+03 -9.954699330581150207e+03 5.686343958132580383e+02
-4.019924779186461819e+03 -6.347020923919228153e+03 -2.759297048235429884e+03
-3.533640809724470728e+03 -9.967048913473536231e+03 6.057134330583020301e+02
-3.297394205424495340e+03 -1.009058381109036054e+04 5.543027482889729072e+02
1.274306147859937255e+02 -1.108093475328025306e+04 4.971014756814593625e+02
-3.082128037985414267e+03 -1.040794841783093580e+04 1.440094765287725750e+03
-2.890728872980578217e+03 -9.892712926933583731e+03 7.556037915571522490e+02
-3.406285612480098280e+03 -5.176449529312192681e+03 -2.817346164000657154e+03
-5.627786718377115903e+03 -9.602249638829976902e+03 -2.363940862220027839e+01
-5.935603388731183259e+03 -1.159738033537339470e+04 3.150240524371163701e+03
-3.017899538305220631e+03 -1.006349578421604747e+04 1.649942565418185723e+02
-3.149806378463145393e+03 -5.775284988301638805e+03 -2.634541957644937611e+03
-1.894300117348561571e+03 -5.172025016055834385e+03 -2.273306410313295601e+03
-4.137532063445369204e+03 -1.096983306654432090e+04 1.254368730656989101e+03
-3.149456717301244680e+03 -1.003927555541628135e+04 5.548807270980449857e+02
-5.096229675512213362e+03 -8.867732131900689637e+03 -8.690169597590859212e+02
-4.520791127990174573e+03 -9.467617367809099960e+03 2.162206013902863333e+02
-3.015341978938083685e+03 -9.718196266791668677e+03 -2.007984574554506594e+02
-3.471390985322881988e+03 -1.003287424109491076e+04 1.198323687548758699e+03
-2.709588485353100168e+03 -1.038080558805277542e+04 5.106208233816174129e+02
-3.135215181734024100e+03 -8.903495905588848473e+03 -1.387710326424627738e+03
-2.387835323903470908e+03 -5.671536618423671825e+03 -2.587268393972337890e+03
-2.922118228955779159e+03 -9.614997591510629718e+03 2.755361767649582134e+02
-3.127310685785460919e+03 -1.083803504073922704e+04 1.258475984149139776e+03
-3.217985812367688141e+03 -9.987989748810381570e+03 8.592288353794459681e+02
-3.044092053507506535e+03 -9.943487244810889024e+03 7.008243930232624734e+02
-2.738875003332164397e+03 -9.500795795903137332e+03 -6.561882259305757543e+02
-2.941802354731238665e+03 -1.002080544844728684e+04 6.486277740508544412e+02
-2.921944568778526445e+03 -1.015622875993818343e+04 9.147294851608739918e+02
-2.929534803570865279e+03 -1.035154189656027484e+04 1.103879669381254416e+03
-2.952597564837169102e+03 -1.000950932731222201e+04 5.810362941177087350e+02
-4.300298543311854701e+03 -1.207278357858172967e+04 2.637856053069181598e+03
-3.118699749120011802e+03 -9.908113053294342535e+03 3.420657509398351408e+02
-2.986997082343235434e+03 -1.010590785066241006e+04 5.769827420377226872e+02
-3.695529872983505811e+03 -9.515934988234494085e+03 9.960328880008298711e+02
-3.063035892740189865e+03 -9.426060230726632653e+03 -1.006883220755350521e+03
-3.011160016008535422e+03 -1.003952159428631967e+04 7.919639568328466339e+02
-3.002192770728458072e+03 -1.013162059395532197e+04 6.133293771906176062e+02
-2.863873214324338733e+03 -9.305009002853246784e+03 5.744273547075442821e+01
-1.851956126922407520e+03 -7.017707811099890023e+03 -3.640513700085436540e+03
-4.943563545039100973e+03 -1.310567316458487767e+04 4.287200515584306231e+03
1.858238576363011816e+03 -4.787681156679041123e+03 -8.463257519852039650e+02
-5.812364498004582856e+03 -1.197923480033445958e+04 3.435673135244119294e+03
-3.790629615217852006e+03 -9.637200421084899062e+03 1.067881384788997366e+03
-2.918015857383855291e+03 -1.030186476601038521e+04 1.098821221789583888e+03
-2.828070024892559559e+03 -1.031112151578516568e+04 4.031964152307386939e+02
-4.727547739043472575e+03 -1.088152489121596409e+04 2.515751187209174077e+03
-2.997748746038431818e+03 -9.917530573996276871e+03 3.561641541806532132e+02
-2.940496308754540223e+03 -9.836612479599103608e+03 1.148506740079832298e+03
-3.195162641657198947e+03 -9.605957440408930779e+03 1.016175995171962541e+03
-3.156094147818068905e+03 -1.015445441705625308e+04 1.285193519308359100e+03
-3.627098290011302652e+03 -1.217824396926073860e+04 2.747757051441575186e+03
-3.271620883695250541e+03 -6.074435759755190702e+03 -2.294361196264887440e+03
-3.731774444913505249e+03 -1.002169691860403145e+04 1.792834928974079958e+03
-2.740186447317939837e+03 -3.908999303695824892e+03 -3.320905280837573173e+03
-2.959394895244320196e+03 -9.920629274280438040e+03 4.234341442290912028e+02
-2.088811830405129058e+03 -5.239867836960345812e+03 -3.561084870124231202e+03
-3.062418538074893149e+03 -9.900405455687407084e+03 4.262196578295985319e+02
-3.709527280917900043e+03 -9.970440104321016406e+03 9.659681173349944174e+02
-2.293056492004520805e+03 -1.020890495702604676e+04 -9.071839048991189429e+02
-4.977134290157173382e+03 -1.026745226046771131e+04 2.988436404080214743e+03
-2.952895034553194819e+03 -1.005861508582709757e+04 8.233143803119173754e+02
-2.848243221795334193e+03 -1.009015209709559713e+04 6.212732781272973170e+02
-3.288493211594027798e+03 -9.963368183345999569e+03 9.129685152419312999e+02
-2.339773830769247070e+03 -9.871809571752071861e+03 -3.518202243685551593e+02
-1.000263383678817081e+04 -7.913330857035210101e+03 8.238142774563406192e+02
-3.164800196672783386e+03 -9.556403158699420601e+03 3.919236861378001322e+02
-3.238568086543356912e+03 -9.990209716737279450e+03 5.865221739723483552e+02
-8.472732375790403239e+03 -9.378760316746065655e+03 8.509812158839484937e+02
-4.126848785567120103e+03 -9.839070512484700885e+03 2.476514109679963269e+02
-8.714176969680207549e+03 -8.447838098262762287e+03 8.136099269001161929e+02
-2.607545344328276315e+03 -4.405996881466870036e+03 -3.189001361175132843e+03
-3.070696769877045426e+03 -1.122560848258097394e+04 9.913502182128967206e+02
-6.780189715162357061e+03 -1.019382003184980022e+04 7.008112044044502227e+02
-2.758530851123176035e+03 -1.022981920908501161e+04 1.045351224452758061e+03
-3.048611168022058791e+03 -9.920641102657509691e+03 4.210925952338845377e+02
-2.426915845756553608e+03 -1.072760427683919988e+04 1.691149451134285982e+03
-3.522045121082279820e+03 -9.947590987568850323e+03 6.051301866528286837e+02
-3.433923785219375077e+03 -9.969473100130360763e+03 4.312631276878694848e+02
-2.004737925313979758e+03 -4.295733067311969535e+03 -2.712504648328959775e+03
-3.261960763117424904e+03 -6.136042161309049334e+03 -3.264838183534192922e+03
-2.979197726588566638e+03 -1.003151173622951501e+04 6.604945068442295906e+02
-3.486686840794278396e+03 -1.024898031532944879e+04 1.136631209638569089e+03
2.443247180961267077e+03 -1.115372286203811927e+04 1.743105951907300778e+03
-1.495317030425897428e+03 -5.436877095228502185e+03 -3.318141488195721195e+03
-2.977344574864061087e+03 -1.009472749386196665e+04 7.280426388912089806e+02
-5.019210783816265575e+03 -1.309218910352563034e+04 4.151010096369548592e+03
-3.203703579041743069e+03 -7.040699564384347468e+03 -3.352700571809342364e+03
-3.164120584316926397e+03 -9.913175142590316682e+03 4.931866725882042601e+02
-4.400513670573712261e+03 -1.041116826871460580e+04 1.809434818461857731e+03
-3.838859859124007016e+03 -1.082747701463613521e+04 2.417115809932903630e+03
-3.060029791264020787e+03 -9.875021757047959909e+03 4.171230399682385723e+02
-2.969957786243747250e+03 -9.977371416724063238e+03 4.890628270062593970e+02
-3.150820232078243862e+03 -1.011003422596047312e+04 3.337075932806047263e+02
-3.173563684371538329e+03 -9.898065618378899671e+03 6.690387331561942119e+02
-3.733569624781406219e+03 -9.829969908489410955e+03 5.548409330357409317e+02
-3.844238204223566754e+03 -9.946658291084942903e+03 1.024476216296073062e+03
-3.712626967838055407e+03 -9.874861072395819065e+03 1.016637043724710566e+03
-3.008375509067658186e+03 -9.957333922425945275e+03 5.079138767589305417e+02
-3.001133437539737315e+03 -9.937074098026027059e+03 2.905172380092324147e+02
-3.198736227060511283e+03 -9.893906426558658495e+03 2.706287413169781644e+02
-2.857438579971357285e+03 -9.674650765858428713e+03 2.581412771762934426e+02
-2.678648091375729564e+03 -1.035732774457024789e+04 3.866644949404382601e+02
-3.015244621498859033e+03 -1.009747089149827661e+04 1.532446773554003130e+02
-3.202007527865162047e+03 -7.785689728138517239e+03 -3.379870854027310088e+03
-1.656243735359372977e+03 -1.057436374223990970e+04 -2.293214042857320578e+02
-2.289570325306568066e+03 -1.019890261517963881e+04 -1.607025324332980745e+03
-3.190158683827419736e+03 -3.491097145376991648e+03 -1.787473233715737933e+03
-3.632972346685107823e+03 -9.970047426045370230e+03 1.034237137855750234e+03
6.279668440420644401e+03 -4.512048027327962700e+03 -1.453787894617952361e+02
-2.864363444439342857e+03 -1.015985053331361269e+04 9.211043612189090481e+02
-2.159999332817758841e+03 -5.168345444775208307e+03 -2.789344868040369875e+03
-1.804007131938849398e+03 -5.223253486329269435e+03 -3.448267018792887029e+03
-2.039734846142076549e+03 -5.778038126603349156e+03 -2.754678809973396255e+03
-3.324138216290039054e+03 -1.019865758768724299e+04 1.223614872595988345e+03
-4.569167639243058147e+03 -1.008830989941978260e+04 1.886714326316646066e+03
-3.071965617163146362e+03 -9.349309024915462942e+03 -7.640902290367589558e+02
-3.604080571753122967e+03 -1.015685671992906646e+04 8.293820493197639507e+02
-3.781646492176158063e+03 -1.099100686185711675e+04 1.946365306326798191e+03
-3.516133404120887462e+03 -1.001623482295482427e+04 1.097030309706046864e+03
-2.879949706038605655e+03 -1.026131863004364095e+04 1.071836831622471891e+03
-1.885036831828936101e+03 -5.936430446775186283e+03 -2.912789563265803736e+03
-3.005834620288026144e+03 -9.940636129834598250e+03 2.785495742524068419e+02
-1.602266983211876322e+03 -9.826850101867399644e+03 -7.509988308391837109e+02
-3.009584002248197066e+03 -9.897131770285621315e+03 4.627344090094650824e+02
-3.784724998997505736e+03 -9.556198846682747899e+03 1.036664047047881013e+03
-2.783768827064455763e+03 -1.060864022985518932e+04 7.235617600845961306e+01
-3.944926195489093971e+03 -9.469017825218810685e+03 6.253841546120564772e+02
-3.655246105877634363e+03 -9.933113526328357693e+03 1.322728104680840715e+03
-3.183778109291598867e+03 -9.864632934575653053e+03 6.553250844248176463e+02
-3.059264307335144167e+03 -1.009811364372844400e+04 3.677850235879740239e+02
-4.780757315177119381e+03 -1.492150854035289922e+04 4.733727372339273643e+03
-3.067349371971433357e+03 -9.935572805757468814e+03 4.962233856337572888e+02
-3.012874190363547314e+03 -9.907774870760995327e+03 4.554931535785639198e+02
-4.109384226572781699e+03 -1.445083124422943365e+04 4.908616309038344298e+03
-3.848946455535540281e+03 -9.382480803582771841e+03 4.910321732370922518e+02
-3.205063113521390733e+03 -1.053274305522669420e+04 4.977055574457449438e+02
-3.008471504043780897e+03 -9.920247220698838646e+03 4.419182847692106861e+02
-1.865465009459679777e+03 -1.031763660810706642e+04 6.021033270463345843e+02
-8.095396809903581925e+03 -1.130167839322184955e+04 1.009381117026838865e+03
-3.375055842630370080e+03 -1.002740759971760963e+04 7.877175960570195912e+02
-2.981636420256897509e+03 -9.054838041610295477e+03 -5.756910733082354454e+02
-1.570777662915923656e+03 -1.036077503105628239e+04 7.365112902461283966e+02
-1.818302557788456852e+03 -1.027884685173418438e+04 1.416134389053341238e+03
-3.067101630138935434e+03 -9.879634816493644394e+03 5.349257473266645775e+02
-2.984222776616977626e+03 -9.949234547492764250e+03 5.521036002337887112e+02
-2.682941671428625341e+03 -1.150612961262858335e+04 2.593255051582040778e+03
-3.170691475775466188e+03 -9.853041553988818123e+03 6.037759888152319263e+02
-3.828314471940659132e+03 -9.551637421978904968e+03 8.612322001523762083e+02
-3.401547087393224501e+03 -9.964828889191894632e+03 3.639631413024020503e+02
-3.567751016037158479e+03 -1.061094410746953872e+04 1.325270228161397881e+03
-1.899657352470653223e+03 -4.734843971309072003e+03 -8.676028009060773911e+02
-3.789693425519671564e+03 -9.657057475635316223e+03 8.317088210733353435e+02
-6.752734661270198558e+03 -8.195414572203089847e+03 -2.892145249129402487e+02
-1.895884131786361195e+03 -8.154971933479966538e+03 -2.383703315139661754e+03
-3.733196234932902826e+03 -1.155313070439038165e+04 7.033060684534806342e+02
-1.402520027976083384e+03 -1.051509169694683260e+04 -1.188534450946911193e+03
-3.112197617699783223e+03 -9.920581470890971104e+03 5.035182737010538858e+02
-1.681653320694180366e+03 -1.008995639615562868e+04 1.156502667795427897e+02
-8.002568593341301494e+03 -1.161753290862886024e+04 1.403285646261507509e+03
8.419541888476405802e+03 -2.120525423569294617e+03 -2.176750810214224202e+03
-4.115271274780148815e+03 -9.136931719391770457e+03 7.304889359884350597e+02
-3.278093956260906452e+03 -9.888563282710698331e+03 7.560684911652367646e+02
-1.764263710163579390e+03 -1.104401083152974752e+04 3.087824798223163043e+02
-1.196576918153597035e+03 -8.643396462979882926e+03 -1.858077117590589751e+03
-4.212245202015022869e+02 -1.461765288335593141e+03 -2.517968309954829238e+03
-4.528341130446948227e+03 -7.235936205519045870e+03 -2.374123372905498570e+02
-3.467825406360180750e+03 -9.800412107063119038e+03 7.483689204838691467e+02
-1.567810773283390290e+03 -3.237150339011689539e+03 -1.853097301137501290e+03
-3.017045206356052404e+03 -9.992966826646805202e+03 2.563142576639432946e+02
-3.821139123945501524e+03 -7.385352689368528445e+03 -8.198400746334812084e+01
-4.432959410595566624e+03 -9.598624065344358314e+03 2.802271600833415164e+02
-2.741815758991757320e+03 -7.692148142007934439e+03 -2.407809170111110689e+03
-4.056833444684394635e+03 -7.202757014396947852e+03 1.029064372947090646e+02
-3.800183209811959387e+03 -9.506451639931361569e+03 9.095646581731962215e+02
-3.726080850113694851e+03 -9.750595594460197390e+03 9.930998017760108496e+02
-3.753545163221297116e+03 -9.669568930555591578e+03 9.053111227785589108e+02
-2.830792660617940783e+03 -1.013342953627737006e+04 7.067292535188668126e+02
-3.018214607572807836e+03 -9.929629798813184607e+03 6.103262720499023999e+02
-4.122976039288368156e+03 -1.364701126931508952e+04 4.302693693151333719e+03
-3.769980521568882978e+03 -9.658130160230881302e+03 6.689220842404023415e+02
-4.114483238740396700e+03 -9.640516003375445507e+03 1.723218250547026855e+03
-3.606157613050737382e+03 -9.871764948159632695e+03 8.117713500270966733e+02
-3.954572937716808156e+03 -8.618844458268895323e+03 6.784990484737436418e+02
-6.865220796460328529e+03 -1.247881605196421879e+04 1.866621268395104380e+03
-3.061041951147541567e+03 -9.904126411894452758e+03 5.117332392426243359e+02
-3.717745249641132432e+03 -1.069145822270394819e+04 1.492920887396566741e+03
-3.410142890385565352e+03 -9.822730072450016451e+03 6.443992888150714862e+02
-3.111381144627843241e+03 -1.002426939419411428e+04 8.991559240419801426e+02
-3.403712297910889447e+03 -7.191921158813496731e+03 -2.704549854578733630e+03
-3.830370943562605589e+03 -9.673241733476777881e+03 5.572263464863272020e+02
-3.709569192139760617e+03 -9.889621306399465539e+03 1.263816059660595101e+03
-3.098988829343884845e+03 -9.963348972523313932e+03 7.553654708561476809e+02
-3.316404569347263532e+03 -9.954148846060081269e+03 1.016459982003856567e+03
-3.812236273537507259e+03 -9.620027030335353629e+03 8.152132849697334223e+02
-3.004181044657490929e+03 -9.915780424168960963e+03 4.750966348753070179e+02
-6.521396688390051168e+03 -9.364754037729831907e+03 2.217124820263867150e+03
-2.952249006817689860e+03 -1.006981429387691969e+04 7.668714168577558894e+02
-3.057936758438861034e+03 -9.998697475621809645e+03 3.099068692184063707e+02
-2.545375973283189978e+03 -1.050585202920702432e+04 4.112675249988250243e+02
-2.985494427466117486e+03 -9.998791432757359871e+03 6.488854563461979978e+02
-3.321649692049324585e+03 -9.026121375324592009e+03 1.517678197208097117e+02
-3.066721850530492702e+03 -9.919404530880672610e+03 2.631181116610758863e+02
-2.915474308475671023e+03 -1.027204588132747449e+04 6.309335196770282437e+02
-5.148696822880981927e+03 -8.487400641924970842e+03 4.526353324488334238e+02
-2.618367962450101459e+03 -1.265199310343877005e+04 3.344064666908079744e+03
-2.253868470576994241e+03 -1.045365292046238210e+04 9.089114254182570676e+02
-5.575994090284208141e+03 -1.481305993011148894e+04 4.895063604737813876e+03
-6.828110506572628537e+02 -1.028008973005935695e+04 -3.797031978322442001e+02
-2.577466084514829163e+03 -8.110633103221082820e+03 -1.174044013328548317e+03
-3.483025403696371541e+03 -9.825347920159254500e+03 8.293051845213389015e+02
-3.505192951683546198e+03 -1.301381311576280496e+04 3.719823067017107860e+03
-1.612793891008312130e+03 -9.983291534649757523e+03 -3.290649280210982397e+01
-3.372260059778835966e+03 -1.349270498415275324e+04 3.757821313782054403e+03
-3.002108310583354978e+03 -9.911849833590562412e+03 4.706447139188631468e+02
-9.313455684889999020e+02 -8.775877337398109375e+03 -9.611956843787166918e+02
-3.930192901101716870e+03 -9.506044666042100289e+03 5.645480628091664812e+02
-3.535140661193081087e+03 -9.689603730060487578e+03 8.192005290024103488e+02
-2.275821495833259632e+03 -1.003010058807506721e+04 7.402986547053856157e+02
-3.674653040483224686e+03 -9.715783647850636044e+03 6.406055519934765243e+02
-2.998896228626588709e+03 -9.912239117205863295e+03 3.311589665744642730e+02
-1.407599371499629115e+03 -8.911556701232460910e+03 -2.110646860640688828e+03
-2.986469751131754492e+03 -9.853426320878725164e+03 -5.315976431977405809e+02
-6.133027321360098540e+03 -1.467539663642720552e+04 5.755962501443028486e+03
-2.629326709683065019e+03 -9.784431604270943353e+03 5.362307068726927355e+02
-2.475676637409733303e+03 -1.018841937591130409e+04 7.794685010329923216e+02
-3.430663413728598698e+03 -9.934574131461431534e+03 2.531906416031555125e+02
-5.115583747726590445e+03 -1.423983288126410116e+04 4.730756043124632924e+03
-3.943393665427310680e+03 -9.521418465746051879e+03 4.380859882613964942e+02
-3.785472613752793677e+03 -9.866630421023581221e+03 8.416678345190721302e+02
-3.760705535918831629e+03 -1.010945563949256939e+04 1.232028746640208055e+03
-2.387304878067613117e+03 -9.997701845828389196e+03 -1.272879599479928856e+03
-3.638605463022012373e+03 -9.831651531370438533e+03 5.981379267243881941e+02
-3.694025637891667429e+03 -9.795177327370916828e+03 4.845623081479986922e+02
-2.968840527057456256e+03 -9.682536316898829682e+03 -2.278588624730265565e+03
-3.209429419733838131e+03 -9.253191149362934084e+03 -5.872347782764446720e+02
-4.309176527768411688e+03 -6.191689979745673554e+03 -2.972263311918864019e+03
-3.489748037640878920e+03 -1.012020504057343351e+04 7.695327336957883517e+02
-7.669896913005800343e+02 2.661403235063494321e+02 -1.867822058834975905e+03
-2.351918592444807473e+03 -9.934203007032723690e+03 -1.028283403980362891e+03
-3.675757585822707370e+03 -9.867298852024377993e+03 4.964563416460674716e+02
-6.372056403982744087e+03 -1.043065805284497401e+04 1.996738376645876542e+03
-5.637841207327318443e+03 -1.324014519449803447e+04 5.085016993959822685e+03
-3.736331922167489211e+03 -1.002875691208862736e+04 3.125741881237254347e+02
-3.284069192564532841e+03 -1.004083166286149753e+04 6.187045298338211978e+02
-3.066392029652029578e+03 -9.999443910110745492e+03 5.238909322449053434e+02
-6.291483355432469580e+03 -1.431538966694311421e+04 5.729709421752948401e+03
-3.954003993843210083e+03 -9.506757256496613991e+03 2.963555567173225427e+02
-2.962941967581416520e+03 -1.060701038279484601e+04 1.331261543331267148e+03
-3.156292107246726118e+03 -9.842446818253994934e+03 5.589365512065705843e+02
-2.488662538028866948e+03 -1.020967706039660879e+04 1.046801819551057861e+03
-3.471176966006175917e+03 7.220179456607932480e+03 -2.491243933143661707e+03
-3.769321989758839209e+03 -8.854150382257077581e+03 -1.229665030189818708e+03
-3.606236458169833440e+03 -1.007912040054891622e+04 4.713297227435921286e+02
-5.381106269036585218e+03 -1.328727103664228525e+04 4.451265652823959499e+03
-3.595453265849038871e+03 -9.298865299760054768e+03 -2.477794071073148530e+00
-5.191524577825274719e+03 -1.207899539249642658e+04 4.535232515204187621e+03
-2.315626282089947836e+03 -1.019023911087041415e+04 9.989312065084758387e+02
-3.705697937766699852e+03 -9.212326425104549344e+03 -4.695597898776213697e+02
-4.700729070704126570e+03 -1.265082428809221892e+04 5.214202928596402671e+03
-3.971951751890343985e+03 -1.123900843708620596e+04 2.999847089236446209e+03
-3.704141486127621192e+03 -9.653952936153067640e+03 2.657815628487582558e+02
-3.406643760269388622e+03 -9.916990469058580857e+03 5.928249150381636809e+02
-3.253731352211278590e+03 -1.059378938465924148e+04 1.919293881519427941e+03
-5.619474247019847098e+03 -1.364863886149585596e+04 5.251549974515219219e+03
-2.568895392259516484e+03 -7.393154272618442519e+03 -7.949195354582033133e+02
-2.776728769649444985e+03 -7.006551128292318936e+03 -3.533007562670410152e+03
-3.946243779913937942e+03 -9.494122819515940137e+03 2.226384349699747531e+02
-6.499874077583544931e+03 9.972795194585245326e+02 -7.590743693476395038e+02
-3.505500058240178532e+03 -9.881319040968324771e+03 6.463283847790856953e+02
-1.116466900378121136e+04 1.302435399863709790e+03 5.037524831584668732e+02
-3.572199189776484218e+03 -6.373188972488655963e+03 -3.208533195249692199e+03
-3.994246006191900960e+03 -1.037872285439860389e+04 3.204686385148017507e+03
-7.022857147103898569e+03 -2.197827233313393663e+03 -6.617044320413742753e+01
-3.574820960823120913e+03 -9.327709689686356796e+03 -3.708002068450761612e+01
-3.856796688039913533e+03 -9.589690766314492066e+03 8.523138000750763013e+02
-3.785880741660579133e+03 -9.501458819201618098e+03 2.200984727607577724e+02
-3.097194623230343950e+03 -9.915818062297779761e+03 5.400709481857504670e+02
-3.573423533654982293e+03 -9.437783066734647946e+03 -6.505314336912439899e+01
-5.615934366009922996e+03 -1.255162518844508850e+04 3.622391186932363780e+03
-2.890111653953965288e+03 -9.677223118288135083e+03 4.991605906766206999e+02
-3.505891332378324478e+03 -9.280094795801569489e+03 1.569537094680826499e+02
-2.727920546721470146e+03 -1.017064262469292589e+04 1.085127150977920792e+03
-1.212486501096316715e+04 -6.240600261275290904e+03 4.237898800030403436e+03
-5.864644576398944082e+03 -1.354620401656601643e+04 5.703144112701181257e+03
-2.530417474535921428e+03 -9.929717129895137987e+03 6.454812565083117306e+02
-3.134567782838093990e+03 -9.371554561330603974e+03 -9.504971166766817987e+02
-3.886388616453542909e+03 -9.568996502336025515e+03 1.594378201663122354e+02
-3.726618914414892970e+03 -9.729521819022596901e+03 6.247717560592520840e+02
-3.835167297206586682e+03 -1.052806895289459499e+04 1.850815359612797465e+03
-3.206189895202964180e+03 -1.124719626791586961e+04 3.910461886911313741e+03
-2.539132965816873366e+03 -9.879557083830613919e+03 6.355311940961850041e+02
-3.511275892893592300e+03 -9.995714725114079556e+03 7.270094486408329431e+02
-3.451014344254938806e+03 -9.811813278157203968e+03 7.042059701325949845e+02
-3.765626400758852469e+03 -8.454948185312186979e+03 -7.743180637576458594e+02
-3.223383739083285946e+03 -1.011949089781665498e+04 7.263043091635922792e+02
-2.458718560381037605e+03 -1.172441930883902751e+04 2.372410723483820220e+03
-3.002863603604776927e+03 -1.012785202479859981e+04 3.625852904303703781e+02
-3.163553215597288727e+03 -9.887877516447804737e+03 6.788615682721601843e+02
-2.946980656503204500e+03 -1.016590612161604258e+04 1.210173762645976240e+03
-3.933199189885451688e+03 -9.501850014289660976e+03 3.514484357580488449e+02
-2.784020285525540658e+03 -1.044086065696393416e+04 1.571247543206642604e+03
-3.005094704815609475e+03 -1.010805438081644752e+04 4.710211883290575088e+02
-3.084382209955236704e+03 -9.873330078938057341e+03 5.363928120017662877e+02
-4.006965259099773903e+03 -7.681626040261779963e+03 -1.228967430376355878e+02
-4.033072118594090625e+03 -1.049711886844756737e+04 2.317614981916562101e+03
-3.775838264418817744e+03 -1.231813272442331800e+04 3.252660621750813789e+03
-2.022620987591812536e+03 -5.743310577020488381e+03 -3.721260554502035802e+02
-2.859342619522513360e+03 -1.135971137088037904e+04 3.176094335365510233e+03
-5.660270551033921038e+03 -1.347179638757712928e+04 5.416910623149652565e+03
-3.921682304908369588e+03 -9.604840386584579392e+03 4.712298530305216104e+02
-1.002429068274195174e+03 -2.375884307763324614e+03 -1.186589068326237339e+03
-2.916905698853569447e+03 -9.485799024629939595e+03 -2.456383697286952156e+03
-4.668999594731696561e+03 -1.188658661744180426e+04 1.115971465681046084e+03
-3.721071719930510426e+03 -9.843885203278376139e+03 5.559789466384972911e+02
1.788770598576665179e+03 1.755961971038460661e+03 -1.910894172993077746e+03
-3.009149465225757467e+03 -1.045965918348369087e+04 1.493283657089444432e+03
-3.857298223857359972e+03 -9.662273049836436257e+03 2.800917566114792407e+02
-2.235571596356763166e+03 -3.401532131185129401e+03 -9.836196581929614240e+02
-3.629736285086615226e+03 -9.737018099393135344e+03 2.659135644084605019e+02
-2.646990265157694466e+03 -9.744148334593302934e+03 7.431847299196108452e+02
-2.363652149798837854e+03 -1.008342915609101692e+04 -9.660306834540626824e+02
-2.982900133141494280e+03 -1.306178785173963115e+04 3.943221321077963239e+03
-7.498995268821006903e+03 -9.110517314829972747e+03 7.866451489879028713e+02
-3.023844879072259573e+03 -9.675481179050770152e+03 -5.959018580690445788e+02
-2.578993451699258003e+03 -9.658769093676359262e+03 -1.523565280462746614e+02
-2.331871365997026714e+03 -2.263392265152300297e+03 -8.058852141450545332e+02
-3.537270670230017004e+03 -9.939131810527735070e+03 1.616710004674843049e+02
-2.319228533800577225e+03 -9.880614142341692059e+03 -2.336349982762932314e+02
-3.134531877363098374e+03 -9.591032218428512351e+03 -1.598167598327377732e+02
-3.633903154910311969e+03 -9.730531311630686105e+03 1.635911987327504278e+02
-6.216317107513062183e+03 -1.076617720025217386e+04 6.061844643917002031e+02
-3.562131119993867742e+03 -9.938249855193738767e+03 4.479175697444870821e+02
-2.841982529059423996e+03 -9.745581448183082102e+03 6.293197235846231479e+02
-3.395062349528253890e+03 -1.114234960324348322e+04 1.795943846380675041e+03
-3.276088405250572578e+03 -1.033213899668633530e+04 3.749771232466017636e+02
-3.099953898428844241e+03 -9.958466857721879933e+03 1.727923425832648263e+02
-2.680389378149840923e+03 -7.117732762797602845e+03 -3.700667489752262554e+03
-5.401533571521975318e+03 -9.463578498950786525e+03 -1.825524522861007881e+02
-1.604700595672522468e+03 -1.224654293809076080e+04 1.906590534954095574e+03
-3.527114823760002764e+03 -9.938224954553583302e+03 7.031148975367875664e+02
-3.830933310467545198e+03 -7.752156440866078810e+03 -7.434560361072107071e+02
-6.629646619153259962e+03 -9.464998574890953023e+03 7.274675596676066789e+02
-6.252500045663561650e+03 -1.129670411490690276e+04 3.538549388157202316e+02
-3.130169636036765951e+03 -1.011314108033711091e+04 3.651351321081996275e+02
-3.200802556635510882e+03 -9.872497282695352624e+03 6.575251723775167534e+00
-5.584256829644732534e+03 -8.561691788774569432e+03 2.288385175402808613e+02
-2.801599610939927061e+03 -9.654058894163459627e+03 -3.798444972964699673e+01
-3.978411700973964798e+03 -1.058928806027678365e+04 2.547066028576321060e+03
-3.885763489896890405e+03 -9.430290264605746415e+03 1.359705218822934057e+03
-2.787732214295772337e+03 -9.983577971543281819e+03 -1.171295684360298083e+03
-3.829655128008140309e+03 -8.172418699886605282e+03 1.262866196621214613e+03
-3.609276366578113539e+03 -9.780265323555797295e+03 7.266281203816794232e+01
-6.651271455542299009e+03 -1.062749542172735710e+04 4.512834402273326191e+02
-5.218407218644453678e+03 -9.725727714804890638e+03 3.616423187895259161e+02
-3.115767937910282399e+03 -9.538877412000681943e+03 -9.846825120724749922e+02
-3.953676889032066356e+03 -7.277056955194060720e+03 7.761917078283170213e+02
-3.095130338952757029e+03 -9.859041658899313916e+03 6.332328587814433263e+01
-2.917934344611786855e+03 -9.279702184241286886e+03 -1.668533195610920984e+03
-7.952672352875139040e+03 -1.115037244317394288e+04 1.073135434093834874e+03
-5.191405195592745258e+03 -8.538297945300986612e+03 1.575609271373448337e+02
-3.526292670124781125e+03 -1.011459157352764123e+04 1.737272986731665469e+03
-3.444860700091205672e+03 -1.013364471714115280e+04 9.919305499037934624e+02
-6.427428788477900525e+03 6.051593118367601392e+02 -1.333073293076957725e+03
-7.252142723453731378e+03 -1.130512048555014371e+04 8.287647845058153280e+02
-1.654731421620300807e+03 -8.976844988699562236e+03 -1.969518811474368249e+03
-4.354706450108603349e+03 -9.515077698929973849e+03 1.131648666072652077e+03
-3.486369892257329866e+03 -1.002029042333457073e+04 6.079906891452156970e+02
-4.043492812631366746e+02 -9.655978663410682202e+03 -1.431259361159337232e+03
-2.950285115167440381e+03 -8.916146565355962593e+03 -1.704993246977526269e+03
-1.505085277246314490e+03 -9.588490140835565398e+03 1.493930669182192560e+03
-2.900602725591857961e+03 -9.818194767058428624e+03 -1.064007747846676239e+03
-5.737214130861384547e+03 -1.066428606705516722e+04 2.967439639029007594e+02
-1.568910729525939132e+03 -9.134128481418076262e+03 -1.766639166312006637e+03
-2.828518316375231279e+03 -9.689866657840133485e+03 -8.949519572429232994e+01
-3.258537442643629220e+03 -1.017077242691959145e+04 9.242242632387421963e+02
-3.492973864076000609e+03 -9.905599523068540293e+03 4.024665499401756961e+02
-2.800358418270066977e+03 -9.837754307778142902e+03 -1.527397963167459238e+01
-3.606565886609544123e+03 -9.628128359641525094e+03 -4.423701851777528304e+02
-4.137123188686518915e+03 -1.115487000058836929e+04 1.893894408021109939e+03
-5.763156542150993118e+03 -1.362406583501193199e+04 4.524706065865360870e+03
-2.675244867278181573e+03 -9.671720179571539120e+03 4.194419735204505741e+02
-3.024586504312421312e+03 -9.968369142631972863e+03 1.261430491607807198e+02
-2.399878743368452433e+03 -1.075760399461677480e+04 3.311014266394165588e+03
-5.881439524830669143e+03 -9.719949268901287724e+03 4.017205867511904671e+02
-3.210639653985622772e+03 -1.021950801984262034e+04 8.493015422051533960e+02
-3.487275722095467700e+03 -6.395331927159038059e+03 -4.063161602941378987e+03
-4.742323917354857258e+03 -1.219592031876242618e+04 3.422260876079505579e+03
-3.015863642759761206e+03 -9.605124254512151310e+03 -9.987743642477028061e+01
-9.269046016868099969e+02 -9.809835163382642349e+03 -6.388874856137555298e+02
-4.357842519659321624e+03 -9.492530074394731855e+03 1.291827556697088994e+03
-3.305343926973655471e+03 -8.035246241025718518e+03 -2.037274669811941521e+03
-3.123551045847313617e+03 -1.004139868307086726e+04 6.166652998942022350e+02
-2.963064792627907536e+03 -9.623526233684691761e+03 -1.168198640949609626e+02
-2.767884680622181349e+03 -1.054061428702936064e+04 1.415690549429843486e+03
-3.528844964626635374e+03 -9.964040560737495980e+03 8.234375539618932862e+02
-2.397433844312700330e+03 -7.189260274953295266e+03 -3.995883779366779436e+03
-3.267762478882758387e+03 -1.018757578901718261e+04 1.121827019235822263e+03
-3.801229142231710284e+03 -8.517244297277860824e+03 -6.855108947874578007e+02
-4.433520202447419251e+03 -1.143610019954311974e+04 1.091370230094728868e+03
-2.974928753882025831e+03 -9.599899387248331550e+03 -1.229040684053215955e+02
-2.856167509595596130e+03 -9.421319516561352430e+03 -1.563047476813973617e+03
-3.479226581835683191e+03 -9.951159976155096956e+03 8.448094143679529680e+02
-3.447973381332401459e+03 -1.002555894971135967e+04 7.317280135103967496e+02
-1.884167834051925183e+03 -6.515147516967876982e+03 -9.701239016976422818e+02
-5.025754246648598382e+03 -9.103083408497604978e+03 4.482888039026404385e+02
-4.707453458637630320e+03 -9.733091839162580072e+03 2.992999257655056226e+03
-4.698116959685845359e+03 -9.146475367201517656e+03 9.669832122268059038e+02
-6.785679467585666316e+03 -1.572822589188618394e+03 -9.376052258168974731e+02
-3.900815729057941098e+03 -1.082095903393502886e+04 1.344426906734740214e+03
-3.286333922337059903e+03 -8.385631537026563819e+03 -1.753952314462281720e+03
-4.411955002987404441e+03 -8.297239684859274348e+03 2.152498916234977173e+02
1.288897910361586128e+03 -1.586262513948011292e+04 2.635787689409754876e+03
-1.610214438452649301e+04 -3.797641850994617471e+03 7.730439214686803098e+02
-3.453197928149920699e+03 -1.001997411944680243e+04 5.267886770329697583e+02
-2.224439489779678752e+03 -4.318433909213674269e+03 -1.773075987628875282e+03
-2.795508088011247310e+03 -2.527412689215035243e+03 -7.084796070307947957e+02
-3.115815140188804889e+03 -9.582446651925602055e+03 -1.343223499125249418e+02
-5.730695879578527638e+03 -1.185360241142885025e+04 3.769566480370528552e+03
-2.286315817333967971e+03 -6.494500997294726403e+03 -3.934969479637830318e+03
-3.589339850173779269e+03 -1.002725683907135863e+04 9.422366334908131194e+02
-5.003075162108476434e+03 -8.975132569284894998e+03 -2.716574744146508920e+02
-2.520773128126808388e+03 -9.883775624205354688e+03 -1.172786165361897019e+02
-1.544137311452928316e+03 -4.150175402366874550e+03 3.883190159085599475e+02
-2.628646175267872422e+03 -8.018212015622441868e+03 -3.723475622281869164e+03
-3.279489141323347212e+03 -4.997479053600049156e+03 -1.320282940961770009e+03
-3.895650798348721764e+03 -6.767753322480673887e+03 -1.613064204867851913e+03
-3.656414340180061117e+03 -6.724546262028388810e+03 -1.859627933782085847e+03
-2.802961609490375395e+03 -4.478170980225085259e+03 -5.293671455489211439e+02
-2.763193573419236600e+03 -7.474715244715822337e+03 -3.322946282908203102e+03
-4.080285201707387387e+03 -7.073907230686942967e+03 -1.830337115839293574e+03
-2.834828334775815165e+03 -4.327799109394347397e+03 -3.769267007365976951e+02
-8.373509133057323197e+03 -8.785235893373188446e+03 -4.332051407552159617e+03
-1.499342943175500523e+03 -4.626961892804130002e+03 1.567581428432209805e+02
-2.105684704566888286e+03 -4.575147497676725834e+03 -1.671825889776172858e+02
-2.228737363937605096e+03 -8.118993852655215051e+03 -4.335065963186506451e+03
-3.270201867036676504e+03 -4.567108799600813654e+03 -7.847575298825977370e+02
-4.007512167743856480e+03 -8.078035661388999870e+03 -2.141858201122653554e+03
-4.051156846992767896e+03 -5.668323429090852187e+03 -1.697033588395961715e+03
-1.504957910230493098e+03 -4.108839684233623302e+03 3.157697633484710309e+02
-2.702600215721093264e+03 -7.458714219059294919e+03 -3.526062941958437477e+03
-3.824874330239619212e+03 -6.729937316410648236e+03 -1.592266968371997564e+03
-5.318754475520218875e+03 -2.583734051878349874e+03 -3.809861242394428018e+02
-1.748922559610607550e+03 -4.441689847485960854e+03 3.434419298921720269e+02
-1.627658623236798576e+03 -4.328025965277904106e+03 4.206772646428955795e+02
-3.383973459866826943e+03 -4.530007124046283934e+03 -7.520718398583803719e+02
-5.761914309682688327e+03 -6.359857508185861661e+03 -8.720836686037820982e+03
-1.959248689339393877e+03 -8.112284178429590611e+03 -3.886219112301120276e+03
-2.598255011090770040e+03 -4.718145735196353598e+03 -4.155401474411232812e+02
-3.437743160279203494e+03 -4.631610230539348777e+03 -9.052563539266033104e+02
-2.567869410925573447e+03 -5.230388101178179568e+03 -1.380055712828595006e+03
-3.561638097417467179e+03 -7.078534814133889995e+03 -2.287190112890335058e+03
-3.135064476211551664e+03 -8.290911290930507676e+03 -3.246345705030174486e+03
-3.803204352454761647e+03 -5.968989963560989054e+03 -1.787409871622293622e+03
-3.815576170272613126e+03 -6.734960676412522844e+03 -1.585267932097865014e+03
-4.457298603547055791e+03 -3.738639503682806662e+03 -8.246805724377509250e+02
-3.341257559815034710e+03 -6.751564031868897473e+03 -2.697676819488739056e+03
-2.987131262179664191e+03 -5.335151625315800629e+03 -4.463153173884218177e+02
-3.799538538802081348e+03 -6.924885796245823258e+03 -1.583733789265199448e+03
-1.857736442013933811e+03 -4.609440615990915830e+03 -2.102969838008630177e+01
-2.041933472097607137e+03 -7.909005023051608987e+03 -4.609502355989498028e+03
-4.328990516175563243e+03 -7.519441813400226238e+03 -1.818204830250252144e+03
-1.025803932184530368e+03 -8.364837975158938207e+03 -3.967437529023115530e+03
-3.739445928965280928e+03 -7.035313753293337868e+03 -1.590286783643539820e+03
-3.876357588419177318e+03 -6.583467971909113658e+03 -1.517018007409320944e+03
-1.027588573983481547e+04 -9.627577894613647004e+03 -5.357664897024408674e+03
-5.469436745212929054e+03 -7.461858011346353123e+03 -2.809954552796398730e+03
-3.448479104600374740e+03 -3.919109011323658706e+03 -4.801600952850257045e+02
-1.724478123565827900e+03 -4.083829669304093841e+03 1.625035937148682024e+02
-3.632046605443201315e+03 -7.920707678195336484e+03 -1.933631052507841787e+03
-2.012311327178433203e+03 -4.127470599229385698e+03 -2.921903803318217570e+02
-1.652641597715161424e+03 -4.318435779264556913e+03 -1.187451664785196499e+02
-1.095611805880022530e+03 -8.224374197484848992e+03 -3.570383081402379958e+03
-3.014750538453895842e+03 -4.343060472645937807e+03 -4.502740914516813291e+02
-3.859046655952396122e+03 -6.857232374780942337e+03 -1.599811819473151900e+03
-2.917245002876696617e+03 -7.635747200657493522e+03 -3.416743290262910705e+03
1.425786239887440161e+03 -7.727402725925874620e+03 -4.770050054406427989e+03
-2.819132741330969566e+03 -4.415169035644254109e+03 -4.577412643044556262e+02
-2.510358086709762574e+03 -7.544319645626767851e+03 -3.397548268420533532e+03
-3.881909825443186037e+03 -6.851433910663683491e+03 -1.585664040527914494e+03
-2.443442103149848663e+03 -8.019960172555794088e+03 -4.218780680297151775e+03
-3.488317127614642459e+02 -2.788861823166791510e+03 -5.245032753703976596e+02
-1.743512912021202283e+03 -3.966669296560747171e+03 -5.183467504248955038e+01
-2.929318154284048433e+03 -8.312712260698272075e+03 -3.696356476023871892e+03
-1.456549690587122313e+03 -4.309551391507299741e+03 4.331672957516224187e+02
-1.822471103665433702e+03 -3.894110858919684688e+03 -2.329344389531405568e+01
-1.426148287054155389e+03 -4.423136547093252375e+03 7.627188661138677617e+01
-3.714339646107619501e+03 -6.795861952980700153e+03 -1.553271860132269921e+03
-2.869492239879763019e+03 -6.015555528070211039e+03 -1.561604927351565721e+03
-2.807039858448356426e+03 -8.004634292434203417e+03 -3.645921253972117938e+03
-3.852649343128117835e+03 -5.230207612230999075e+03 -1.608193488237874817e+03
-3.347635682185659789e+03 -5.660411525833500491e+03 -2.116526586299288283e+03
-1.594198853576202055e+03 -4.273191869857400889e+03 2.072370389350561481e+02
-5.360622074489645456e+03 -7.587658726534851667e+03 -2.434084952823624008e+03
-3.558666221100195344e+03 -6.783275722718216457e+03 -2.033685301993089070e+03
-2.154273777260133102e+03 -4.504197950068125465e+03 -1.934074292234619179e+02
2.731755867647335663e+02 -4.964817233823180686e+03 -4.001353612950845786e+02
-3.491257518620407154e+03 -7.052545535959643530e+03 -2.269617786478470407e+03
-3.760054920960610616e+03 -7.019697463461960979e+03 -1.469030139270811333e+03
-5.984128782006608162e+03 -2.318749904297732883e+03 -1.177854628894191819e+03
-3.837434848339032214e+03 -6.993781696792483672e+03 -2.290783773947161535e+03
-9.237711272865381034e+03 -9.186992757952197280e+03 -4.916933165192585875e+03
-3.868905932944637243e+03 -6.562902902543151868e+03 -1.608502123397346622e+03
3.394121205736665161e+03 -1.551725093847594053e+03 5.370818740796758902e+03
-3.403141479631369293e+03 -7.570056379536216809e+03 -1.962684959861655443e+03
-1.835755039311514793e+03 -5.684713813710173781e+03 -1.204020810238879221e+03
-5.249349755964795804e+03 -2.595447632186535884e+03 -4.935638836959055880e+02
-3.660140031032152820e+03 -7.051030534224417352e+03 -1.596129126219543423e+03
-2.036554628438351529e+03 -3.440540828791515196e+03 3.325178407130580354e+02
-3.763668666802630469e+03 -6.704372353340045265e+03 -1.488452514587148016e+03
-4.289337438390016359e+03 -7.827074313993778560e+03 -1.583024929748843988e+03
-3.811600862650989711e+03 -7.522645029369572512e+03 -1.346733263578245214e+03
-3.850590311418815418e+03 -6.506929880186155970e+03 -1.533856150396039993e+03
-2.768878430961714002e+03 -7.951820969830879221e+03 -3.590351595961269595e+03
-2.227639512069989451e+03 -8.217123414182182387e+03 -4.227152783572755652e+03
-2.837282530229168970e+03 -4.429335896721385325e+03 -5.174707037053152590e+02
-3.197283321112897738e+03 -4.813109455191272900e+03 -1.227473352607222523e+03
-1.481877149548898615e+03 -4.349358197925364038e+03 1.550204111742680197e+02
-1.454079526341829933e+03 -4.294510784510152007e+03 7.189364230809218270e+01
-9.179728347805803423e+03 -9.171395837926087552e+03 -4.897289637856829358e+03
-2.170353580234532728e+03 -8.187068590305006182e+03 -4.456718180258688335e+03
-3.417690530382669294e+03 -7.032450692524344049e+03 -1.665004015809179691e+03
3.095826457276898509e+02 -5.972481579864700507e+03 -2.711337093224065029e+03
-2.622561321823220624e+03 -5.203447411740440657e+03 -1.031166340176744143e+03
-3.588276893978617863e+03 -4.284622882433654922e+03 -1.007869174937148500e+03
-2.444202614819319024e+03 -4.604224641564483136e+03 -7.588654659698150908e+02
-2.368700952230328767e+03 -4.946803825131883059e+03 -8.304802163575519671e+02
-2.972411303515793861e+03 -4.906675486797701524e+03 -1.047709394091618151e+03
-2.382519908128580937e+03 -4.315409003944803771e+03 -5.727315516355989757e+02
-3.201030955998449372e+03 -5.972323061694914941e+03 -1.500443392728232311e+03
-3.634915203925661899e+03 -5.725589988817749145e+03 -2.004186119417501686e+03
-3.677047357083836232e+03 -4.072654242672383589e+03 4.110547750751508715e+02
-3.788099314342995513e+03 -6.099382051365135339e+03 -2.059261810885102932e+03
-2.489412901850025264e+03 -5.163518975186852913e+03 -1.334873648410897886e+03
-3.640643381940755262e+03 -7.887075133763720260e+03 -5.787971795616927011e+03
-3.144251730829470944e+03 -4.953498662660586888e+03 -1.470600821689321037e+03
-2.824270858003935246e+03 -4.545089039995619714e+03 -9.975228266008973605e+02
-1.941471770741796263e+03 -4.126438239844016607e+03 -3.250837958410778583e+02
-2.946836967359993650e+03 -5.524636454335864073e+03 -1.268810913481446278e+03
-3.398702025775626680e+03 -4.419933395333325279e+03 -1.035699938280387414e+03
-2.332655383884824005e+03 -4.483678586538459058e+03 -8.369144060308774442e+02
-3.285093644655464686e+03 -7.101325141558637370e+03 -1.989219345848920057e+03
-4.061370236826396649e+03 -3.714951349726803528e+03 5.470603757951358830e+02
-2.579573328786388629e+03 -5.083032773796193396e+03 -1.316578993870373779e+03
-2.049999818420753400e+03 -3.029408414349227314e+03 -8.928015463262931917e+01
-4.036566605444847028e+03 -3.830971175775620395e+03 6.683426758856209062e+02
-3.036425953363938788e+03 -7.144443809902365501e+03 -8.272488042670234790e+03
-3.016132034705669867e+03 -5.275664566108004692e+03 -1.726082536570577304e+03
-2.532026177846105838e+03 -5.311445471913541041e+03 -1.018418470296484884e+03
-1.834944826978976153e+03 -2.012320207192549560e+03 9.572909803757619329e+01
-4.145349709504140264e+03 -3.577282525157116652e+03 4.564594471399111058e+02
-3.616212846169693876e+03 -7.056525608314906094e+03 -1.513618849716162003e+03
-1.406722369119008363e+03 -4.006019524943196302e+03 -3.608301784243275279e+01
-2.304372069765045126e+03 -4.616288520321113538e+03 -6.631408464982973783e+02
-5.504820065292318759e+03 -6.868454375748927305e+03 -6.288141390413339650e+03
-3.777905810239913080e+03 -8.486146641361945512e+03 -4.061453319896243102e+03
-3.663282272266771542e+03 -5.992903108408788285e+03 -2.090360065978601142e+03
-1.536646556207101867e+03 -1.296650016874911489e+04 -6.763507508041759138e+03
-3.155343296085436123e+03 -5.249277159887636117e+03 -1.313605136103435598e+03
-3.504018137203247989e+03 -4.321663497928338074e+03 -9.448305327815844521e+02
-2.075158489995106720e+03 -4.705925511309249487e+03 -6.335099320065932034e+02
-1.543303165257152614e+03 -3.971921158055013620e+03 4.524200484003711153e+01
-1.644896036783771251e+03 -4.293292243480568686e+03 -6.460024654910655784e+01
-3.706395435360267584e+03 -7.075079405997722461e+03 -2.122325381052610737e+03
-2.147501855665202129e+03 -2.282259733823061651e+03 1.696626450856284123e+02
-3.424004519589638676e+03 -6.650487654145504166e+03 -2.707560965254447183e+03
-1.206664284779672471e+03 -1.249095076272248480e+04 -5.969372875174919500e+03
-3.181469512215348004e+03 -4.219619919199102696e+03 -8.165648185644407704e+02
-3.378073916683523294e+03 -4.139694588861174452e+03 -7.491625378197502414e+02
-2.582716593295811435e+03 -4.348574924625529093e+03 -6.460573309079479714e+02
-2.502137834416153510e+03 -5.232556423598076435e+03 -7.921889367076362305e+02
-2.877404504229145005e+03 -5.545511175080700923e+03 -1.145456362005629217e+03
-1.905560821089367437e+03 -3.825949589328282855e+03 3.404565427805554805e+02
-3.158914813640039029e+03 -4.248119535740836000e+03 -7.718644155548456638e+02
-2.608933805290024338e+03 -4.977164361287716019e+03 -1.008603530337705593e+03
-2.500330623032656149e+03 -4.869378556084928277e+03 -8.874337393733969748e+02
-3.292034816707675873e+03 -3.249735345765404873e+03 8.737531996797167722e+02
-3.112098634343426966e+03 -5.087976718114451614e+03 -1.050690575555272972e+03
-1.493638203486688326e+03 -4.340157271342040985e+03 -2.722813741573735058e+01
-2.579173813172606970e+03 -2.931721459794179736e+03 -2.077583756648895132e+02
-3.132467837278265051e+03 -5.923901144135643335e+03 -1.776668512163787909e+03
-4.318400758869656784e+03 -5.121327397238150297e+03 -1.356221480389609496e+03
-2.623131637134304583e+03 -5.028270256398549463e+03 -6.907608529922451908e+02
-3.302783575911995740e+03 -5.234212151479999193e+03 -1.214653615952626524e+03
-3.916108262026536522e+03 -3.829255014172832034e+03 -3.060011866377864749e+02
-2.970549497231838359e+03 -5.355471662118748100e+03 -1.452385352767913218e+03
-2.619565085060163256e+03 -5.323657036025470916e+03 -1.696858984209291975e+03
-2.563765791915810041e+03 -4.596704109053520369e+03 -6.881473220418328083e+02
-4.109070776884871520e+03 -9.164563758212632820e+03 -4.050991886175177569e+03
-1.653965373553569634e+03 -4.291719935652592540e+03 -3.575385288969116573e+02
-2.870751170735564301e+03 -5.310728454796566439e+03 -2.018210450031468781e+03
-4.891204784347880377e+03 -4.770909639655262254e+03 -1.590605241360707851e+03
-2.724032811513913657e+03 -4.806607313242305281e+03 -6.440175772885914967e+02
-4.248611801925757391e+03 -8.538335264334871681e+03 -4.007762186505077352e+03
-2.812286144634025277e+03 -4.680348628647557234e+03 -1.053908818304915712e+03
-3.964741369213545113e+03 -3.718069796668745312e+03 -3.593821747468092553e+02
-3.024165574996337909e+03 -5.194529061537992675e+03 -1.235361228010605373e+03
-2.676940111431947571e+03 -4.635211327037884075e+03 -7.810857915485183867e+02
-2.379709711210991372e+03 -3.219493086629555819e+03 -4.815542151567994438e+02
-3.981844958338338984e+03 -3.614501085964294361e+03 3.429050075431218261e+02
-2.976611414964206233e+03 -5.124516998937722747e+03 -1.208493657138606977e+03
1.368151228211792613e+03 -1.122988862276405234e+04 -6.059028158528083623e+03
-3.294802848114088647e+03 -5.051666885531604748e+03 -1.562418136617706750e+03
-6.041643381738445896e+03 -2.243133588148028593e+03 -3.484592729796380809e+03
-5.566049587901753512e+03 -6.382337224749588131e+03 -3.525618995395301226e+03
-2.012652575822676226e+03 -3.606350217271797646e+03 2.682578046490692714e+02
-2.945941881266807741e+03 -7.475200454344144418e+03 -3.304646558177611951e+03
-7.221082254952330004e+03 -2.435432899303312752e+03 -3.926514558277203832e+03
-6.915281728231082070e+01 -1.009894911050194423e+04 -7.199540506520051167e+03
-2.363087813682122487e+03 -3.692148277620393401e+03 -2.191957067638581407e+02
-3.634326515918244240e+03 -5.573019246589906288e+03 -1.942611317262430930e+03
-3.754764895709120538e+03 -8.121249121874690900e+03 -2.280907137099307874e+03
-3.334989002357993286e+03 -5.333234638028424342e+03 -1.648281636681657119e+03
-2.395546429285868726e+03 -4.840071379695807082e+03 -9.107692462004055187e+02
-1.269460096996138873e+03 -4.081938918407807250e+03 -1.087224681403599789e+02
-2.840780694789570589e+03 -4.909853258391030067e+03 -1.206505534383022905e+03
-2.825118681055007528e+03 -5.588122661088627865e+03 -1.539870978964199139e+03
-3.241072101917679902e+03 -4.454379573574527058e+03 -1.044715886740789301e+03
-2.735466147762208038e+03 -5.001352417172455716e+03 -1.249807515242041973e+03
-1.662019309263065679e+03 -8.606362465118731052e+03 -3.929267850016818556e+03
-2.735493760474907049e+03 -4.729617920495092221e+03 -1.006941017952055404e+03
-3.240621606674106715e+03 -7.331165874255293602e+03 -1.933819578352363123e+03
-3.433751735820128488e+03 -8.175514765699068448e+03 -2.044578033300728521e+03
-3.219214313856916306e+03 -3.534146133353056484e+03 -1.105025732136940064e+02
-2.420880093487290196e+03 -4.249585269873608013e+03 -1.047963913493345558e+02
-2.195769940610142839e+03 -4.362206968374934149e+03 2.099746214354502172e+01
-2.821254833133765715e+03 -4.221762291965716940e+03 -1.484300472870507974e+02
-2.720084524459855857e+03 -4.878342158589966857e+03 -5.908732423192961960e+02
-2.401215404868395126e+03 -4.531346478890844082e+03 -3.542980253880555210e+02
-2.929346369713307922e+03 -4.584475842856666532e+03 -5.635655913882457071e+02
-3.265580611855887582e+03 -4.673355953428217617e+03 -7.863126640236032472e+02
-4.552245647791027295e+03 -4.488278571131190802e+03 -5.218821675938911540e+02
6.110008391166777074e+03 -7.219170700101308285e+03 1.209371972291473867e+03
-2.129777108788729038e+03 -4.557737057019642634e+03 -1.294111353242144560e+02
-1.940422137547871557e+02 -7.482770710011207484e+03 -4.080833331493904552e+03
-2.717886925304602300e+03 -4.804970500108816850e+03 -6.239565321908251008e+02
-2.579057721364713416e+03 -4.107175167764899015e+03 2.028768507080931727e+02
-2.763241459024892720e+03 -4.740663004270163583e+03 -4.831697234494323538e+02
-2.403264771771706364e+03 -4.674120226649227334e+03 -4.224562578072665815e+02
-3.593415853414301637e+03 -3.393051984928650199e+03 -1.846177162650843684e+02
-2.766764410346357181e+03 -4.446048539144906499e+03 -5.718958906643399587e+02
-3.046452201159834203e+03 -4.297219688754756135e+03 7.824834841355209392e+01
-2.177007692395804952e+03 -6.854702774085558303e+03 -3.304618243781123965e+03
-2.822611913523799558e+03 -3.573934483370228008e+03 1.361012060044229202e+02
-2.728382311255405057e+03 -8.327131128530221758e+03 -5.510682743392657358e+03
-3.002494723803783018e+03 -7.170656934864749928e+03 -2.620064589294283905e+03
2.500078347525433742e+02 -5.314477389009561193e+03 -2.151276877928653448e+02
-2.574247680694610608e+03 -4.829785323515719938e+03 -5.299652489559074411e+02
-2.453806290688995432e+03 -8.370860252596659848e+03 -5.651208142285451686e+03
-1.484428148785514168e+03 -4.846091182049462986e+03 -1.067371599465573127e+02
-3.102949843473969395e+03 -3.396923963621422899e+03 4.013483422511935714e+02
-2.792876543217369090e+03 -4.119388467276520714e+03 -1.328624743924633549e+02
-2.184213689338289896e+03 -4.486446338200879836e+03 -3.189213453375213589e+02
-2.738362098204479025e+03 -4.713938235511224775e+03 -6.904078915787675896e+02
-2.813913440100709067e+03 -4.463940500971235451e+03 -5.230174158600369765e+02
4.263515510802270001e+03 -7.481393956066956889e+03 7.482390928640074890e+01
-2.841713813213797494e+03 -4.581843368426917550e+03 -5.131520774277918235e+02
6.909025552950621204e+03 -6.923676250380184683e+03 1.806920766860593176e+03
-3.070349811136036806e+03 -4.282127598643149213e+03 -4.929938672400480755e+02
-2.888274339724790934e+03 -3.593744561520773914e+03 1.692119479188605737e+02
-2.703738387837106529e+03 -4.727813843981830360e+03 -7.186512270532653019e+02
-4.613541508572922794e+03 -5.822816168480042506e+03 -2.712610510635760875e+03
-2.852403253627833692e+03 -3.988864793277139597e+03 -3.742316773271168131e+02
-3.216782430916554404e+03 -4.454248857663675153e+03 -6.000529512307314235e+02
-2.822491696352405143e+03 -4.718247751955163039e+03 -5.083775759659895925e+02
7.089216892138891126e+03 -6.881651801577829247e+03 1.842574296001415064e+02
1.453732648754541970e+02 -7.451687074394000774e+03 -1.321311329982457437e+03
-2.823162881406210545e+03 -3.585295878315913797e+03 7.955588846845603257e+01
-2.094305514375646453e+03 -4.219106650345760499e+03 -1.392302859130760453e+02
-2.838494440715285691e+03 -4.844073525477010662e+03 -5.237230650139408681e+02
-2.494167072471834217e+03 -3.793907228471634880e+03 1.505440712445208646e+02
-4.874548264046379700e+03 -3.773024630356199395e+03 -3.901910047289085242e+02
-2.602772594661879339e+03 -4.704579220150033507e+03 -5.958665166022730091e+02
-3.725791402028187349e+03 -6.932714603477641504e+03 -2.708712218794576074e+02
-3.026889767428475352e+03 -4.448944064113991772e+03 -5.344909949706836869e+02
-2.698024475063325099e+03 -4.578538224823318160e+03 -6.074115650350681790e+02
-1.836032041745922015e+03 -4.509059356892179494e+03 -4.585854690793614168e+02
-3.817071416233443415e+03 -3.458693966642591022e+03 -1.958938405670737097e+02
-2.678651760847320475e+03 -4.771994099570263643e+03 -5.778404482256429446e+02
-2.959113136246295653e+03 -4.503069880600776742e+03 -5.288084550258197396e+02
-2.644232960619273854e+03 -4.736311482511460781e+03 -7.015238728768090368e+02
7.655174984397684966e+03 -6.988315354635982658e+03 1.362057750407771437e+03
-4.415566370058534631e+03 -4.058732345736883417e+03 -1.030036581968493010e+02
-2.796716154628020831e+03 -4.678218673338546068e+03 -4.945297613284039926e+02
-2.459172047983077846e+03 -8.397992208389436200e+03 -5.367437114005889271e+03
-2.389200971290090365e+03 -4.420806286301072760e+03 -2.147250194955741449e+02
-2.879645449457240829e+03 -3.603969832163795672e+03 1.336404482859890095e+02
-2.513322147522689193e+03 -4.929793328020399713e+03 -1.212473720419023721e+03
-5.941457864810198771e+03 -4.136627887274701607e+03 -3.057752791415716729e+03
-2.181478608260566489e+03 -4.776267530696553877e+03 -5.856987170713855448e+02
-4.832595109316403978e+03 -3.332481426485097018e+03 1.482537673952697332e+02
9.893976682554337003e+02 -6.994512998642790990e+03 -3.886864454363368623e+03
-3.134777907519741348e+03 -3.502230622680555825e+03 -1.786804941493801380e+01
-6.998913123241616631e+03 -3.139656577652967826e+03 -2.224907939615540272e+03
-2.605540937163521448e+03 -4.649350203509618041e+03 -5.516953522502915348e+02
-4.228071048613221137e+03 -3.189541186949022176e+03 -8.611795932446352708e+01
-3.392249860371834529e+03 -3.434315502831698723e+03 -1.153609138722572425e+02
-2.590571414339149214e+03 -4.604197897307701169e+03 -5.707537193584727220e+02
-3.050332520129611567e+03 -4.423712841350850795e+03 -5.683978636025343576e+02
-4.970216573586348545e+02 -7.873502964855760183e+03 -4.268995697759263749e+03
-2.821485047328462770e+03 -4.665636150710305628e+03 -5.152460651898620654e+02
7.835276222949710245e+03 -6.481269088291313892e+03 2.368087313566393277e+03
-3.135611213543171289e+03 -4.458676407741241746e+03 -5.628499614663911643e+02
-4.896970425272547800e+03 -3.478803580012318434e+03 -1.682562605168663595e+03
-2.722071709904809268e+03 -4.754651020320725365e+03 -7.875245157923936858e+02
-2.660193620591174749e+03 -4.605961725344164734e+03 -5.940812160266765432e+02
-1.271357024415039632e+03 -5.305767989435274103e+03 -2.335771609258481476e+03
-3.117594816349205757e+03 -4.193650365215379679e+03 -3.900453154160544500e+02
-9.526025782227736727e+01 -5.906500584248702580e+03 -2.454453375494512329e+03
-2.935980614151725149e+03 -5.667157959098220999e+03 -1.679255370265055717e+03
-2.973030174194345364e+03 -4.744648634516365746e+03 -6.250763291605978793e+02
-5.422418539703717215e+03 -6.025307756771564527e+03 -2.733783500410790111e+03
-3.012227330663631164e+03 -4.649207035122585694e+03 -5.987778006561669599e+02
-4.112117200263163795e+03 -5.609522711997538863e+03 -2.177773306582289479e+03
-2.641234368848241502e+03 -4.725514869844368150e+03 -5.549163074097497201e+02
-2.680918667852106410e+03 -3.871723057227311983e+03 -2.489856002331677587e+02
-2.276070529524231461e+03 -4.381321360412082868e+03 -1.013193368263200398e+02
-4.227478786487172329e+03 -3.164495072752944907e+03 -6.558219269473977420e+01
-3.650855074476670779e+03 -3.480148756912883982e+03 -1.615843429792909660e+02
9.309343654592687017e+03 -6.293467412646231423e+03 2.973269713354131000e+03
-2.701153195128923926e+03 -4.568338350510337477e+03 -6.623930302604918552e+02
-3.711850676593783191e+03 -6.011825499183347347e+03 -1.929181661958604991e+03
-2.818316894068726924e+03 -4.882435121288304799e+03 -1.147206158184840433e+03
-4.643795279370742719e+03 -7.316497768618775808e+03 -1.650416320645297446e+03
-5.194826316842509186e+03 -7.889328542101789935e+03 -3.199058438646452942e+03
-5.030798305359745427e+03 -7.384721317545619058e+03 -3.006212855440099702e+03
-3.089574180004193295e+03 -3.920342304768770646e+03 -8.598951029501395737e+01
-3.252090898744173501e+03 -3.774469810846489054e+03 3.609478523939321803e+02
-2.630110369991861262e+03 -4.540535149762612491e+03 -2.338666945939997959e+02
-3.779561991776254672e+03 -6.308320836697357663e+03 -8.684670747891104838e+02
-3.080138932069919065e+03 -4.168439401829868075e+03 2.475660614861410522e+02
-1.832135591209717632e+03 -2.852396682825113658e+03 7.409172410407031748e+02
-6.778117641961795243e+02 -3.026344243726904097e+03 6.696635496291587515e+03
-4.562880243385576250e+03 -7.455566844092601968e+03 -3.699985773927949595e+03
-3.049151287027375474e+03 -6.656911663052037511e+03 -2.049066590244703093e+03
-4.038825283073016635e+03 -6.554902556191725125e+03 -1.280053335850390795e+03
-4.394779456220917382e+03 -6.573826423128102761e+03 -2.297522503463255816e+03
-3.080427679968579469e+03 -4.970567285946137417e+03 -3.933977901216284181e+02
-3.036337704327102983e+03 -4.020607786076953289e+03 4.486318487567275497e+02
-3.698316663630348103e+03 -6.305256373894786520e+03 -1.482173605941640744e+03
-3.281781839173448134e+03 -3.509376330176812644e+03 5.775458329237559383e+02
-2.678260131911693861e+03 -4.363906724819632473e+03 7.630198926345804011e+01
-3.279183899513241613e+03 -6.512500256369735325e+03 -1.925476222630589518e+03
-4.415798023837252003e+03 -6.915487286649829002e+03 -1.698103773225654550e+03
-3.661244494571135419e+03 -6.129857043950114530e+03 -9.059596263045179967e+02
-3.271425367197391552e+03 -7.497994410314281595e+03 -2.938744018371231959e+03
-3.283916943682381770e+03 -5.586836214706703686e+03 1.241178847220739044e+03
-2.733930927359073848e+03 -4.764090069832538575e+03 -4.212596610046437036e+02
-3.484758867716642271e+03 -6.163815988619500786e+03 -9.134576969639236950e+02
-1.948954394176828600e+03 -3.200836457802178757e+03 7.198422506798623317e+02
6.331792486124303423e+02 -7.165639893261766701e+03 -3.925704984013907961e+03
-2.505496311443454942e+03 -4.140737944450673240e+03 7.224665089028080729e+02
-3.079455655887811190e+03 -4.175799097443006758e+03 3.879703206051090092e+02
-3.011912938558833957e+03 -3.808392503306997241e+03 2.794115506117623227e+02
-4.766435052729908080e+02 -9.373289247489661648e+03 -4.778791985241783550e+03
1.477067865225197465e+03 -1.322911596074977751e+03 7.976872400993603151e+03
-2.766695931449532054e+03 -3.861680457989394199e+03 2.440025863378217537e+02
2.005631675490677253e+03 -1.077934766975587081e+03 8.478746010319864581e+03
-2.849391773287980868e+03 -3.848188222099473933e+03 5.700886831924728995e+02
-3.460391403134919528e+03 -6.160708185225699708e+03 -9.597650064879526326e+02
-3.169755126816668053e+03 -3.357317659107059171e+03 2.855747091034392042e+02
-3.704830273081873202e+03 -6.502222379626420661e+03 -5.404771536708349231e+02
-3.324071024526916062e+03 -3.654617642762267678e+03 5.954370814491265946e+02
-2.744748119537317962e+03 -4.182318086052360741e+03 -2.260586174476952124e+02
-2.807039487258228746e+03 -3.924209212038816986e+03 2.397035073156543490e+02
-2.639436597304604220e+03 -6.186900635542468081e+03 -2.196853773733505477e+01
8.926757873049857608e+02 -1.750623359964323981e+03 8.597664750299996740e+03
-3.768122768488238307e+03 -5.973134468786940488e+03 -9.806604491395441983e+02
-3.944404340256558498e+03 -7.227362851877905996e+03 -9.810380008241853602e+02
-3.636992474136794499e+03 -3.601103892382468985e+03 6.875119758965454366e+02
-3.839514252770023631e+03 -6.616060581970767089e+03 -1.702138899823471547e+03
-4.688327528947103929e+03 -7.912235700259259829e+03 -4.047589541423456467e+03
-2.863975908746123423e+03 -5.517871762019486596e+03 -5.428010498857929633e+02
-3.651597766024061457e+03 -6.269039577829623340e+03 -9.188915484396875399e+02
-2.999676353253528760e+03 -4.253554129089869093e+03 -4.755138396331279864e+02
-3.248695332995826448e+03 -3.895630607720867374e+03 5.891771833635511939e+02
-2.626860891387020729e+03 -2.901666336402007801e+03 5.702371896962451956e+02
-2.946796480222501032e+03 -5.447050749116189763e+03 -8.837573137402168868e+02
-2.627025571167012004e+03 -4.363465963999165979e+03 -8.907001007883172861e+01
-3.692879144462172462e+03 -3.836006719672219788e+03 6.021463138140290994e+02
-3.421841345076877133e+03 -4.761209411678605647e+03 2.124322991939050098e+02
2.346300849129041524e+02 -2.565549042814352106e+03 7.129343386469699908e+03
-4.347285464001884975e+03 -7.989885762302815237e+03 -5.057799472835440611e+03
-2.831229552559322656e+03 -5.458905627864056441e+03 -5.476676133162060296e+02
-4.025584611877251064e+03 -6.627986975998139314e+03 -1.395247668840303277e+03
-4.009649581132935054e+03 -6.752348224386589209e+03 -1.300503901785263224e+03
-4.029794680129481094e+03 -7.261925813601610571e+03 -1.075816710956755514e+03
-2.687456941909900706e+03 -4.184739202523285712e+03 -2.195357261852954878e+02
1.017028181572839230e+03 -1.340186349359392125e+03 8.456166080554210566e+03
-3.304315634034379400e+03 -3.566517801123522986e+03 5.334436700320216005e+02
-2.623157314957588369e+03 -4.790631146807257210e+03 -4.392257582282046542e+02
-3.209909951198555973e+03 -5.963361466350874252e+03 1.516454707760411111e+03
-4.950431219036444418e+03 -7.467548401681257019e+03 -3.646844556702172213e+03
1.389788767400380493e+03 -1.100175054015659271e+03 9.487430671658730716e+03
-3.307270200707664571e+03 -3.486071001927185989e+03 5.754587838142196006e+02
-4.589713082773937458e+03 -7.366573190147829337e+03 -3.634645586974548678e+03
-5.241532174101626879e+03 -7.251826967309700194e+03 -4.130584111143301016e+03
-3.393440936389180479e+03 -3.896500906778731860e+03 1.430285927210547925e+02
-2.957975152742085356e+03 -4.506604747531620887e+03 -5.460470648353077650e+02
-3.033617356041231233e+03 -7.829075763176057990e+03 -3.167899418853437965e+03
-2.864401498731176616e+03 -4.304859973926186285e+03 -3.122641595996026922e+02
-2.547156201389156195e+03 -5.660046900405164706e+03 2.048505585974538008e+03
-3.456483932178616215e+03 -3.583413370408855371e+03 5.003631734791492818e+02
-2.505025495837006929e+03 -4.288809846495136298e+03 -2.123464028296803576e+02
-3.383154116989542672e+03 -3.454457611696960157e+03 6.160584067334899601e+02
-5.008171407393441768e+03 -7.026159354658494522e+03 -2.438038588558421452e+03
-3.636446790748113472e+03 -6.291953035348254161e+03 -1.111056148325566255e+03
-2.986859722196406892e+03 -4.446801770944959571e+03 6.305361838619785431e+02
-3.299744698870723823e+03 -6.612491086119045576e+03 5.443362220350048801e+02
-3.603929845268532063e+03 -3.871027046263068314e+03 -1.998022717471740748e+02
-2.451644233829859331e+03 -4.435106220997950004e+03 -3.068782657488695804e+02
-3.465097243572332445e+03 -5.885534094620023097e+03 -1.660439318820216158e+03
-3.429523208279306800e+03 -3.467068904257521353e+03 6.364681957156756198e+02
-2.525234893729638316e+03 -4.008001806495493383e+03 2.026670861512242823e+02
-2.950446408807696571e+03 -3.987393511804624268e+03 4.124315056051923420e+02
-3.987029101749162692e+03 -6.688296256950548923e+03 -1.206083000667256329e+03
-2.808315260544424746e+03 -5.253381879234825647e+03 -7.433142209375238281e+02
-3.569674563779746677e+03 -6.229910065487340944e+03 -1.122728026646933813e+03
-3.728095191483880171e+03 -6.771528758832826497e+03 -9.734760075481764261e+02
-2.722031632265953704e+03 -6.023981331510790369e+03 6.093762033620075727e+02
-2.935750205198160074e+03 -6.046486427238943179e+03 -8.850774947822243348e+02
-2.617189957699770730e+03 -8.775733159181569135e+03 -4.254718609359907532e+03
-2.720815568795355375e+03 -4.715749206501945991e+03 -6.159688318958777700e+02
-4.266033178470659550e+03 -7.049947295983602999e+03 -1.889259017521502983e+03
-4.277150990300490776e+03 -7.085784026380811156e+03 -1.607945798351650410e+03
-4.116231421166558903e+03 -7.052555083724493670e+03 -1.628440189624078585e+03
-3.548983901561779930e+03 -6.300020475863088905e+03 -1.842907152782962157e+03
-3.869107204951448693e+03 -6.070822759354961818e+03 -1.384290602859905903e+03
-4.161518766060806229e+03 -7.058170384978227958e+03 -2.067986469095443226e+03
-3.698932712858041668e+03 -6.706811541885731458e+03 -6.817541752938607260e+02
-3.728733281249444190e+03 -6.535086156625636249e+03 -1.296367472347971898e+03
-6.525446225045960091e+03 -6.623317327153319638e+03 -3.626107636619301502e+03
-5.283418405336095020e+03 -6.931867626649069280e+03 -2.401838214331911558e+01
-2.428495768041562997e+02 -8.059065323036249538e+03 -3.698900129157023457e+03
-6.545760120615846972e+03 -6.951984614686351961e+03 -6.345057076347406110e+03
-3.519595863815643042e+03 -6.753769376471981559e+03 -1.984485519856262499e+03
-3.970513279212908856e+03 -6.983454297832033262e+03 -1.749521654185102079e+03
-3.490922183305196540e+03 -6.608285102629603898e+03 -1.820595045506430779e+03
-4.416546085742808827e+03 -6.959895647874098358e+03 -2.012477135875089516e+03
-4.232146605094336337e+03 -7.042954544969620656e+03 -1.856462822661788778e+03
-4.210272982375136053e+03 -5.872171025373642806e+03 -1.470781363510530582e+03
-3.625363221051729852e+03 -7.170397401330994398e+03 -1.437457793364726740e+03
-2.751736951249015419e+03 -7.432731756431645408e+03 -3.421176602828799332e+03
-3.686952835852961471e+03 -8.363232729177985675e+03 -2.316809653241051365e+03
-2.769341665140565055e+03 -8.282430900873783685e+03 -2.871757951154580496e+03
-2.342175991035118386e+03 -8.537056303470903003e+03 -3.290590695473374126e+03
-7.469154305415127965e+03 -7.035866850799082385e+03 -4.169073571959331275e+03
-4.286764782483470299e+03 -7.050724367493075079e+03 -1.581245584706353611e+03
-3.880621267404654191e+03 -7.468949761286784451e+03 -2.034390676854417052e+03
-5.267390415406773172e+03 -3.989235816252497898e+03 4.090031620907894194e+03
-1.787134310137186731e+03 -8.440804594578206888e+03 -3.580762285814538700e+03
-4.101352076294761900e+03 -6.499825988697833054e+03 -1.113289595201708835e+03
-3.893375495632009006e+03 -7.044708092220604158e+03 -1.740692672476943699e+03
-3.768950333327487442e+03 -7.015124798163445121e+03 -1.757021184627946013e+03
-2.709800993746421227e+03 -3.959297857959314115e+03 8.640759811650204938e+02
-2.445221160909859464e+03 -6.046067267914411786e+03 -1.344726524436186537e+03
-4.042586653669658062e+03 -7.069225975978699353e+03 -1.633181377369584425e+03
-4.773565717991239580e+03 -6.492263032188170655e+03 5.523004330658420713e+02
-2.788795562603683720e+03 -4.816626664038873059e+03 -2.043952025540086197e+02
-3.696938134904847630e+03 -8.289404002948765992e+03 -2.164969486993089504e+03
-4.150272721323863152e+03 -7.105820196586904785e+03 -1.750121141929891792e+03
-4.811671793742851150e+03 -7.419461564572329735e+03 -4.657086435871373396e+03
-4.574501128735148995e+03 -6.809747198098754779e+03 -1.783003758682767057e+03
-3.943331160567961433e+03 -6.747388055620841442e+03 -1.116633079222762717e+03
-3.591166759542247746e+03 -6.155103507439791429e+03 -3.751053702303474893e+02
-8.860462332528299157e+03 -7.790405056335613153e+03 9.021526161112425370e+02
-1.235222413528868628e+03 -6.506141798814318463e+03 -1.806078536659153997e+03
-1.259631365680452745e+03 -6.382673670073968424e+03 -1.768738345566780481e+03
-4.130637477971957196e+03 -7.056975744468474659e+03 -2.116486141076357853e+03
-3.711039291644264722e+03 -7.037870667099924503e+03 -1.677000049310240229e+03
-3.758899907330311635e+03 -6.979132554818421340e+03 -2.349979575473530531e+03
-4.280509346019432996e+03 -7.140928494219999266e+03 -1.645427150637437990e+03
-4.343609108043944616e+03 -7.004822999825182706e+03 -1.751355001934917254e+03
5.214158597277784111e+02 -8.498338976243067009e+03 -3.858994236586318038e+03
-3.962515266250511104e+03 -6.997119811096497870e+03 -7.711819109996972657e+02
-3.708245882272086874e+03 -5.765621890849847659e+03 -1.165407068802110416e+03
-2.353543018771516017e+03 -6.646569450348372811e+03 -3.739661702725699342e+03
-4.140818278381030723e+03 -7.090824282894771386e+03 -1.771824602904975563e+03
-3.861795126353464184e+03 -7.004910998377516989e+03 -1.820863845745059507e+03
-3.553706021064589095e+03 -6.512647088641341725e+03 -1.889885519227058467e+03
-4.033493118912108912e+03 -6.781945301879494764e+03 -1.848535542248303045e+03
-4.124097239694629025e+02 -6.229227887602270130e+03 -1.989230305852747733e+03
-3.347883260347340979e+02 -7.842222305095007869e+03 -4.168123525585529023e+03
-3.944944435035683000e+03 -7.008821691179361551e+03 -1.772600995858507986e+03
-1.412588938216381393e+03 -7.626891937080050411e+03 -3.421226181406994783e+03
-4.309805412257936950e+03 -7.038170677163650907e+03 -1.821648749844928261e+03
-1.957426829786292046e+02 -8.105286824300002081e+03 -3.146377284082301230e+03
-3.034878722951323653e+03 -4.847427144723345918e+03 -4.417911769271313460e+00
-3.566031443555427359e+03 -7.183867062298708333e+03 -6.246059867866015338e+02
-4.160581044960003055e+03 -7.006162422638087264e+03 -1.550340656868879933e+03
-4.132261284342289400e+03 -7.006413576555870350e+03 -1.614143868905701311e+03
-9.589091052737832797e+03 -7.674680036429541360e+03 8.515191818397643146e+02
-3.323126402330272413e+03 -6.987462161126608407e+03 -2.020128104182987727e+03
-5.825001240974689608e+03 -7.158793283778771183e+03 6.274786652877838833e+01
-4.128617521548405421e+03 -7.083358886824258661e+03 -1.779767188348507489e+03
-5.237724577369262988e+02 -8.098138552294352849e+03 -4.729203139774277588e+03
-4.121102864141773352e+03 -7.088442849751175345e+03 -1.618787505579350409e+03
-4.072006009191004068e+03 -6.745328131003402632e+03 -1.786574661441033413e+03
-3.349162313594303669e+03 -6.215098392806261472e+03 -6.744078724764079880e+02
-4.321282324296455045e+03 -7.852772183309685715e+03 -5.257222099928491843e+03
-4.078625779568389135e+03 -6.574847850189071323e+03 -1.919553753454877096e+03
-1.049215101564214638e+04 -7.039806604034046359e+03 1.576559489925293065e+03
-3.496041207296566427e+03 -6.540972592228888061e+03 -1.960207517046459998e+03
-2.956780674924406412e+03 -4.322029044514484667e+03 -3.656214082308468960e+02
-3.361140692066035626e+03 -6.173479833142926509e+03 -5.688545542937439450e+02
-4.295861248150772553e+03 -6.988816119682047429e+03 -1.624229140206482498e+03
-4.233312075996765088e+03 -7.704170400911967590e+03 -5.405260474342827365e+03
-2.720055354493934828e+03 -3.529960377328883624e+03 -5.516594332623579248e+03
-5.242733672821091204e+03 -4.315021948086500743e+03 -6.335693124607971640e+02
-3.677844782466791457e+03 -7.110739534529227967e+03 -1.674775824550749803e+03
-3.270162326675258555e+03 -5.405639015287519214e+03 -1.164963389842155038e+03
-4.034476719012357535e+03 -4.045166237909682877e+03 3.000204304784276701e+02
-3.601456220296650372e+03 -6.768790696890220715e+03 -1.756257606644443513e+03
-3.715195358988129556e+03 -6.811120998605638306e+03 -1.776801916690855705e+03
-4.017731907350480924e+03 -6.910099658304947297e+03 -1.648463725931187810e+03
6.185798517526349087e+02 -8.110775686554080494e+03 -3.986458255106127581e+03
-3.822439179211144619e+03 -7.065029171566461628e+03 -1.740481534502996283e+03
-1.985217031566036212e+03 -8.589919047073568436e+03 -3.822350084172527204e+03
-1.780582650772014858e+03 -7.238901163120736783e+03 -3.736422074992407033e+03
-1.034224580544460878e+04 -8.115210414967711586e+03 1.624636078906652529e+03
-3.994510852289216018e+03 -7.054769404256794587e+03 -1.733340707553573793e+03
-4.446292697795428467e+03 -7.964285087543528789e+03 -5.987057045191736506e+03
-3.207815002327972707e+03 -5.651097831556219717e+03 -4.082699894051517049e+02
