-8.312577233908083144e+03 -8.635519857118124492e+03 -2.013480290454113401e+03
-3.484234717437726431e+03 -7.430303676774575251e+03 -1.451372169161661532e+02
-3.893687958869531485e+03 -7.363219180079525358e+03 -1.194805304064933580e+02
-2.186177629265291216e+03 -7.254766447625221190e+03 -1.122333629213933079e+02
-2.392402669636387145e+03 -7.475344128380213988e+03 4.180854429943684636e+02
-3.208061117881018163e+03 -7.589114082003450676e+03 1.110961954218479377e+02
-4.025225223020196154e+03 -7.309647971339441938e+03 -6.198177651215149808e+02
-1.138653831975326466e+04 -9.717608598471986625e+03 2.669732332128399321e+03
-2.889266566551914366e+03 -8.509701235029779127e+03 1.078902729723326502e+03
-3.051185834043912564e+03 -7.693002493626649994e+03 1.143561166225383658e+02
-3.946012110455839775e+03 -7.028755579166292591e+03 -1.055776548754298346e+03
-3.195637262536507023e+03 -7.685169713391403093e+03 -4.406415470017965390e+02
-1.675203646507378608e+03 -8.063289412715352228e+03 1.355816450206024911e+03
-3.846719534912058407e+03 -7.298969710037421464e+03 1.981857114486193154e+02
-2.988558508267741217e+03 -7.706752700895741327e+03 -7.436935984655761445e+00
-1.961135112691481254e+03 -8.823728736219365601e+03 1.962106916125949510e+03
-5.761384705247019156e+03 -7.309916442559800998e+03 -7.158340206644745194e+03
-3.187328001658669564e+03 -7.627564185438645836e+03 -2.034663307379759090e+02
-1.040871280052700968e+04 -1.519645536074885968e+04 6.067008010763597667e+03
-3.320689643089061974e+03 -8.558396790371314637e+03 2.120949619317535507e+03
-3.826513983429894779e+03 -5.220449911555149811e+03 -8.662846811130915739e+03
-3.169520433604096070e+03 -7.668463809031304663e+03 4.099811547895517947e+02
-3.482058850559799339e+03 -7.419940951005230090e+03 1.519316072183805204e+02
-5.592186861643320299e+03 -5.541695475362695106e+03 -5.072874716785125202e+03
-3.830169055362146537e+03 -7.364320220729721768e+03 4.034564999686820101e+02
-4.066616083378848543e+03 -7.357550123505619922e+03 -1.125495627311255475e+01
-4.033307439837037236e+03 -7.451941337928636131e+03 -8.742063641859425616e+02
-3.180609012311105289e+03 -7.737488062781740155e+03 2.724211842817065303e+02
-1.865428436410285485e+03 -4.583228821482633066e+03 -3.311507910570980130e+03
-5.172125151764290422e+03 -6.958731971411162704e+03 -4.352430953195926122e+02
-5.129895609117538697e+02 -1.485451427643675197e+04 3.336755198376724366e+03
-4.284202372645856940e+02 -1.159754474717344419e+04 2.393430274344331337e+03
-3.533794301531116162e+03 -6.437209774172410107e+03 -1.483126464703329475e+03
-3.568261218422795082e+03 -8.850099176199026260e+03 -6.836472889918695728e+01
-3.948502245120794214e+03 -7.422967374215239033e+03 5.128511972503497418e+02
-6.877022525370811309e+03 -1.169969179225355583e+04 -1.694405608327930850e+03
-6.100548392972322063e+02 -1.204037473296872122e+04 3.520883083864208857e+03
-2.989133331738541074e+03 -6.299016843471032189e+03 -2.139992310728450320e+03
-1.001607753013253932e+04 -1.190221875380984784e+04 3.230467091519977885e+02
-3.098374089340250976e+03 -7.853709226772985858e+03 5.591731489620219691e+02
-4.644097541428565819e+03 -1.953779817837727387e+04 6.041301580969497991e+03
-2.767481608924766078e+03 -8.546576409504912590e+03 9.786331788718171083e+02
-2.465093348442282604e+03 -5.827700379998945209e+03 8.235301648466690949e+02
-3.189493514214015704e+03 -7.393962129987917251e+03 -9.562620607122980800e+02
-3.772698819286985326e+03 -7.763247716750202017e+03 -1.104724341446794824e+02
-3.794744954479277112e+03 -5.312029684529819860e+03 -7.403625206423238524e+03
-3.993937376457567552e+03 -7.360710394241375980e+03 -5.266809718739068558e+01
-1.359516583392339498e+03 -7.170481940432426200e+03 -6.798658208646946150e+03
-1.986491509291558032e+03 -8.651555747438031176e+03 6.157433234525951775e+02
-4.290878439064914346e+03 -6.353726961238632612e+03 -2.411950228546783364e+03
-3.169104953089278297e+03 -7.615739936788877458e+03 -2.634732257278345514e+03
-4.069347527962390814e+03 -7.435769152519980707e+03 6.341742482749921805e+01
-3.126242600391285578e+03 -7.636545379737724033e+03 1.456370489472019756e+02
-3.225019339786593264e+03 -8.127139016067746525e+03 -9.814932347135355712e+02
-4.543986517296185411e+03 -7.074762929079151036e+03 -9.767271274093986904e+02
-3.681859696279704622e+03 -7.357428128732291952e+03 2.300343541363491227e+02
-3.138585239479330994e+03 -6.599929806084780466e+03 -3.675299111651333078e+03
-3.906069875285251783e+03 -7.310745659508193967e+03 -3.225416173978635470e+01
-3.922506366488863932e+03 -7.309986854186030541e+03 6.265673351252246448e+01
-3.583409564961328670e+03 -7.878835973397887756e+03 4.144135205006530782e+02
-1.063065784947886095e+04 -1.646235324575169579e+04 8.075226732437007740e+03
-7.983079693428984683e+03 -6.961683705014753286e+03 -5.544846050214619027e+03
-2.797694274047357794e+03 -7.844856298751898066e+03 1.365839595630433791e+02
-3.668542134574646752e+03 -8.665329578531984225e+03 2.623641822724896144e+01
-3.936966619963204721e+03 -7.534455533413542980e+03 5.520296934454285065e+02
-4.047968866185094157e+03 -7.568246678638222875e+03 5.561991139300824898e+02
-3.443012453590962650e+03 -7.665066627587054427e+03 -1.372207286655918779e+03
-2.812693350085974089e+03 -7.164872845655320816e+03 -2.501320184750011890e+02
-2.438537601456673201e+03 -8.659485786508037563e+03 -1.371762946151213555e+03
-3.689581990301880069e+03 -7.773346532288156595e+03 6.112002434263563373e+02
-3.304087329671455791e+03 -7.684030162115992425e+03 6.452461694422478899e+01
-3.903203867940474993e+03 -7.506687425791994428e+03 -4.330646657392701400e+02
-3.524944086966549548e+03 -7.486151415217963404e+03 3.933737718581491549e+02
-4.275620913523323907e+03 -7.363797826980419813e+03 -8.174620510783057625e+02
-3.867573148022297573e+03 -7.863595858617874001e+03 -9.649556249862878303e+02
-3.674488645698731943e+03 -7.685462379164133381e+03 4.109983256104936231e+02
-2.381937469460264765e+03 -7.454962345372167874e+03 -2.011409805750424482e+02
-3.131145748424509748e+03 -7.673203614741168167e+03 9.788313166269819021e+01
-3.263591557737753192e+03 -8.750229788217235182e+03 9.744347665328109542e+01
-2.947763570553171576e+03 -7.721184443581054438e+03 1.211640255217970434e+02
-3.273386882879397490e+03 -7.536164336127538263e+03 1.526115697165834888e+02
4.667649960516088868e+03 -1.935599658358636589e+04 -2.554464554552870936e+02
-2.953779849371072032e+03 -7.857120991124458669e+03 2.022131413177919512e+02
-4.005377040612024302e+03 -7.468793139459758095e+03 -4.759476830324774710e+02
-8.496399151925199476e+03 -7.389878109651405794e+03 -4.089877290442417234e+03
-7.320258535219554688e+03 -1.505476646556121523e+04 1.917579651043064814e+03
-1.179102500790385602e+04 -1.520788948588840503e+04 7.338842333733898158e+03
-3.733737815993638833e+03 -7.583886654911962069e+03 6.193227551393783870e+02
-8.810193278355156508e+03 -7.002124734496323981e+03 -4.728300253553363291e+03
-8.453390897890805718e+03 -7.397582100947709478e+03 -2.739780239673557389e+03
-3.407680128463363189e+01 -1.233504182263636176e+04 2.772402034509122132e+03
-3.504971876394717128e+03 -7.464782403137575784e+03 1.728126454293396819e+01
-2.254191733928284975e+03 -1.146896180011529941e+04 8.941169825968577243e+02
-4.899975298602585099e+03 -7.216213209963721056e+03 -5.184053446155621714e+01
-3.862177762232741316e+03 -7.671598824739352494e+03 2.431541350801853696e+02
-3.419207629710125730e+03 -7.620249925232231362e+03 3.943548094954552994e+02
-3.933868453982092433e+03 -7.514971734857866977e+03 3.240453087006067108e+02
-2.455710444532589918e+03 -8.551976149863052342e+03 -1.312949587964925740e+03
-3.197323142418224052e+03 -9.352051872605594326e+03 -6.564567854464520451e+02
-4.398158670714704385e+03 -7.541542090508089132e+03 -1.356417789455109641e+02
-3.324670076791382144e+03 -8.529627083975639835e+03 4.924066671752298134e+02
-3.779124886904494815e+03 -7.594406736977780383e+03 -8.324301301045750279e+01
-3.882766795058236767e+03 -7.600912256759890624e+03 1.730315867191507095e+00
-3.865556565364268408e+03 -7.108235330556782174e+03 -1.160090441934635692e+03
-3.933180663599292984e+03 -7.406658994355302639e+03 -5.727382345571186306e+01
-3.923652465422700971e+03 -7.443710356896175654e+03 -2.335173954528260083e+02
-3.879880057563509581e+03 -7.483338429614898814e+03 -2.497782005926850672e+02
-3.794430070025202440e+03 -7.392986688603930816e+03 -4.864080692202378486e+01
-5.807128234415619772e+03 -1.273272488646333113e+04 5.081067863808852053e+03
-3.651511699232020874e+03 -7.471031190384160254e+03 3.639869925589880495e+01
-3.684309858299518055e+03 -7.401643067799768687e+03 3.135336041658314343e+01
-4.259203782527096337e+03 -6.684249666205228095e+03 5.993170733304783653e+02
-4.165223796935469181e+03 -6.964712513024212967e+03 -1.207525968957012083e+03
-3.925944343636121175e+03 -7.444531691367264102e+03 -1.304316171036185779e+02
-3.717461537107592903e+03 -7.289241734496291429e+03 1.098363449718647189e+00
-2.683686183156188235e+03 -8.133982152801557277e+03 -5.801425345132165603e+02
-1.347870958616232883e+03 -7.684781041594646013e+03 -7.936421701901220331e+03
-5.991024875366450942e+03 -1.843404602019099548e+04 8.264627359718966545e+03
-5.037630615864261927e+03 -9.057881720211271386e+03 -1.320487061956656589e+02
-6.925189285925526747e+03 -1.541271098692368287e+04 7.015496794466529536e+03
-4.294856835589230286e+03 -6.675427562400294846e+03 7.380507400566609704e+02
-3.928707499797479159e+03 -7.459989316113960740e+03 -3.134187137418029465e+02
-3.872328360749907006e+03 -7.301213203970747600e+03 2.956316565615559284e+02
-4.015128204508721410e+03 -1.099874062721948940e+04 3.883821467873378879e+03
-3.813301460877382397e+03 -7.502604386599835379e+03 1.420735121364231190e+02
-4.051543282909193749e+03 -7.484023095661176740e+03 -9.030436630676274490e+02
-3.199736935172366884e+03 -7.830144673396364851e+03 -9.566101792059662330e+02
-3.731745038146488241e+03 -7.581377087950852001e+03 -3.150497770054209923e+02
-4.041710957752587092e+03 -6.537335809095813602e+03 -1.322881534365184734e+03
-3.316393884323751990e+03 -9.781190867013685420e+03 -1.842759576424383283e+02
-2.928007550777731922e+03 -7.748441848118939561e+03 -2.563307489868787457e+02
-1.207874551355826270e+03 -1.001463962523468581e+04 -6.894526034993314170e+02
-3.856948814326393403e+03 -7.425532947841957139e+03 -4.846034735919056402e+01
-4.908436515642991367e+02 -9.011579511556077705e+03 -4.463409200419740046e+03
-3.652432081955299509e+03 -7.530841621432073225e+03 4.974011015287283044e+01
-2.941178272487054073e+03 -7.746624308741749701e+03 8.492733301561713688e+00
-3.352925865976961632e+03 -8.249451167496292328e+03 -9.507980648433097031e+02
-1.626151594809768085e+03 -6.655893890013413511e+03 -2.227922970298958262e+03
-3.933050413799135185e+03 -7.408595819621950795e+03 -1.357716365950802810e+02
-3.903577076241812847e+03 -7.301521700916166083e+03 -5.104369825487049184e+01
-3.676502765624677522e+03 -7.598707139009325147e+03 -1.040517350195892732e+02
-2.878315167357461632e+03 -7.677659367682400443e+03 -6.754668035937231707e+02
-1.818567933280065336e+04 -9.102536378485492605e+03 1.425752567753575249e+03
-2.729226736648908627e+03 -7.644415795726865326e+03 -7.073090492986207209e+02
-3.306887023837114157e+03 -7.623133763468875259e+03 7.769606079049731306e+01
-1.586940365137825393e+04 -1.267368739137934062e+04 1.102677162523450079e+03
-3.135321471302887403e+03 -7.751384754227184203e+03 2.117440004399759346e+02
-1.360203054445229100e+04 -1.021989185924655794e+04 9.467144505606713665e+02
-3.810319519142626177e+03 -1.161232461326039265e+04 -3.916184416277064884e+02
-4.570664412301221091e+03 -8.602727828875522391e+03 8.447958112781209365e+02
-1.275559189943627280e+04 -1.532731573085717173e+04 5.552698738310947419e+02
-3.943970509565046996e+03 -7.601163074248031990e+03 -1.036440251765508265e+02
-3.721586854802858397e+03 -7.455655113534818156e+03 8.008779586242553705e-01
-2.773793668965236975e+03 -8.074131129405321190e+03 1.110344861685199703e+03
-2.963563325997628908e+03 -7.732298530850591305e+03 1.072270589954630964e+02
-3.089857438991074559e+03 -7.696184606976114992e+03 3.024299284066422615e+02
-4.451839713226806452e+03 -9.861914171960750537e+03 8.822328827596339806e+02
-2.806760974664309742e+03 -8.859087519274351507e+03 -8.560546465376478409e+01
-3.750967732732467994e+03 -7.424123915106288223e+03 -6.031276349068787113e+01
-3.318872055263334914e+03 -7.540004523942413471e+03 -1.875629703056062851e+02
-2.894731674370479141e+03 -1.315414094063939228e+04 3.358492725390764917e+03
1.192578366852431145e+03 -9.248567110731231878e+03 -2.985429070478685389e+03
-3.642341256603377587e+03 -7.468970795138639005e+03 -6.298209758581606366e+01
-5.300932518255286595e+03 -1.840684966506694764e+04 8.541425398422103171e+03
-4.629046320480654686e+03 -7.053604621635181502e+03 1.258750952428134724e+02
-3.481661445956781336e+03 -7.604973558651741769e+03 6.397080107951398986e+01
-1.847717793404211989e+03 -8.428022729871656338e+03 -1.238200345404795826e+03
-3.816221783570471416e+03 -7.975823945152532360e+03 4.651342976265384550e+02
-3.637899785687563508e+03 -7.622005984782937048e+03 1.577734368351548255e+02
-3.828913771536277636e+03 -7.380706515578219296e+03 -4.313589977389199248e+01
-3.364343475132377534e+03 -7.510944460924099985e+03 3.400659649058305831e+02
-3.755485753176018534e+03 -7.637852263453859450e+03 1.039739388788439101e+01
-2.817452277061653149e+03 -7.828420021122195067e+03 2.135631540786734490e+02
-2.852841316875646953e+03 -7.774818105408458905e+03 -1.746831782369362429e+02
-2.952898066924381510e+03 -7.735422536456395392e+03 -1.534180435133067135e+02
-3.746154891071236761e+03 -7.472019453350952062e+03 1.042385067759653339e+01
-3.778889206504891263e+03 -7.484024562474074628e+03 1.802944713978770324e+02
-3.434868898596380859e+03 -7.618469240824501867e+03 2.826189812683392120e+02
-4.016197037160861782e+03 -7.139377307357241079e+03 -1.087069922097560948e+03
-3.970111001943531846e+03 -7.449077516829677734e+03 4.185622402018079811e+02
-3.626119486642853190e+03 -7.534695384488588388e+03 5.384210352144051512e+02
-4.141199528018331876e+03 -6.897153939339058525e+03 -9.668266671492708610e+02
-2.047512079042138339e+03 -8.607534436337135048e+03 -3.630388483796108972e+02
-3.216832982022140186e+03 -6.525692558555614596e+03 -5.150814307348980492e+01
3.191007860850193538e+03 -5.144100263626455671e+03 -3.550691807918263748e+03
-3.021949512561832762e+03 -7.777057923450921407e+03 -1.131714401525186986e+01
8.325167951022916895e+03 -6.706985144597367253e+03 1.947300333785651901e+03
-3.959931781154790315e+03 -7.400371450186692527e+03 -1.978180822106489245e+02
-1.079304398253276304e+03 -1.051826035798931844e+04 -1.777267745847897913e+03
9.116287626730435250e+02 -7.341068353226138242e+03 -4.703972381751519606e+03
-5.014140094743044756e+03 -9.576241412043149467e+03 1.033021145232983145e+03
-3.557944878638415048e+03 -7.584055541113796608e+03 -3.452805212687208041e+02
-3.911878953392110816e+03 -8.545111609822262835e+03 -5.994382589116964937e+02
-4.243254422080442964e+03 -6.908826311075267768e+03 -1.296700618054945835e+03
-3.005200138781119676e+03 -7.588192793430100210e+03 2.452228560592498638e+02
-1.594229951318170606e+03 -7.601425023918832267e+03 -1.007301294860874464e+03
-3.175830549075446015e+03 -7.805753087017247708e+03 -5.527010761847063236e+01
-3.991354405996783498e+03 -7.445383532636338714e+03 -3.229378483293244813e+02
-3.476235062939508680e+03 -1.068103046076369901e+04 8.588200755933531809e+02
-3.773044564198686203e+03 -7.486953214175010544e+03 2.036559220002693564e+02
-2.929168208827372382e+03 -8.420034219296307128e+03 9.714149617757319675e+02
-3.783225872146705115e+03 -7.623872214986301515e+03 2.046522284836233894e+02
-2.888580687983218468e+03 -8.112051026283228566e+03 -1.758159602086553264e+02
-3.955145915087268349e+03 -7.318102342520580351e+03 4.774711954992176288e+02
-2.721822128769348637e+03 -8.191155679175361911e+03 2.102958480321216257e+02
-3.197660778443530944e+03 -7.700647530133595865e+03 -4.805079662901428605e+02
-3.774595944126785071e+03 -7.744950166654164605e+03 1.879562389545361611e+02
-3.531030048634372179e+03 -7.491423746214229141e+03 3.184813454600749765e+02
-3.755754509513742505e+03 -2.491721989816794303e+04 1.140566883038836022e+04
-3.797912989473692960e+03 -7.667937608790609374e+03 3.076869275573650384e+02
-3.726913700599136519e+03 -7.564959428097231466e+03 1.066336536316950969e+02
-1.983649938593229081e+03 -2.151712767889495808e+04 8.422252238284740088e+03
-3.688420543155265932e+03 -7.765033453530247243e+03 1.682150013592951723e+02
-3.763922815019061090e+03 -6.898614461024217235e+03 3.351000210225101910e+02
-3.831560446161708569e+03 -7.490682083647487161e+03 4.183089894088027449e+01
-2.452738018741380984e+03 -7.774648865342403042e+03 -2.271453170270337978e+02
-1.311880999051930485e+04 -1.927044326223372263e+04 4.294052020103734321e+03
-3.466601134997582449e+03 -7.652384472673404161e+03 4.443776864142768090e+01
-3.975140261534827005e+03 -1.098822336867212107e+04 3.583238805850918652e+03
-4.094126047302718689e+03 -8.148244325301391655e+03 7.637068222861983031e+02
-3.257050039897914303e+03 -8.238424015352577044e+03 2.031013237834593497e+02
-3.787484355255946866e+03 -7.675712178730334927e+03 2.092003359699920111e+02
-3.884755183067644793e+03 -7.510704610050144765e+03 4.643573967047814222e+01
-1.921874136424800383e+02 -9.970143238705984913e+03 -2.836229386326522217e+03
-3.764023719942448224e+03 -7.713576195898192964e+03 1.457725990826929774e+02
-2.906017838501855294e+03 -8.116981245293915890e+03 6.240318093251937626e+01
-3.149111863071200787e+03 -7.685367230548423322e+03 3.501518512150964852e+02
-3.785318725887599157e+03 -7.266595507273594194e+03 4.684444179557473831e+02
-6.324683591833981154e+03 -1.162846404569555307e+04 -5.524644814656247718e+02
-2.959113157412379678e+03 -8.022170783108714204e+03 8.916644141090529274e+01
-1.413934226480538928e+04 -1.271053154578213253e+04 -7.592401102486369382e+02
-6.452030574955797420e+03 -7.423768313241648684e+03 -1.878780705698116435e+03
-4.679123458999627474e+03 -1.238351023017355510e+04 5.088791546039312379e+03
-3.273784008924433692e+03 -7.528438555753190485e+03 1.431621847790929223e+03
-3.793459974454400253e+03 -7.695171118853070766e+03 3.312530397779544273e+02
-2.622868493842433963e+03 -6.924351989658533057e+03 -9.235687771103565638e+02
-1.280393616401843610e+04 -1.999180805501218128e+04 5.463972824781228155e+03
9.225291486479212836e+03 -4.225416156203523315e+03 -2.238432077738981718e+02
-3.702423052796375941e+03 -7.147046548691713724e+03 -4.038480637903554680e+02
-3.689817098737247761e+03 -7.688814195668782304e+03 3.083442191294409440e+01
-3.272843503741799395e+03 -7.623506063527241167e+03 -5.584426075605146025e+02
-3.752842767266665305e+03 -8.752420835743558200e+03 1.124618082950139978e+03
-4.571680767328335605e+03 -1.134307747073442988e+04 -6.908797216955431395e+02
-1.149176668210815296e+04 -1.097399924189473313e+04 -1.756166480405993070e+03
-3.498042102900847112e+03 -7.858923763782198876e+03 1.652822346677305632e+02
-4.464788642794523184e+03 -1.157430144186979669e+04 -5.559782551801120007e+02
-3.667627092176596761e+03 -7.502572748053126816e+03 3.241214890953888244e+02
-6.795894609350377323e+03 -1.539029681377677844e+04 2.387237499366030079e+03
-4.563489403711428167e+03 -6.859123673566190519e+03 -9.250887049101271487e+02
-6.964143412756737234e+03 -6.370587677714765050e+03 -3.290371417211388689e+03
-1.916886749476554996e+03 -1.527770602009811410e+04 8.381532988876450929e+01
-2.872920263249173331e+03 -8.163028331131778032e+03 -2.620751202586836826e+01
-3.107753517868453400e+03 -7.893481884331043148e+03 -1.073306505428952278e+02
-3.086832121211280992e+03 -8.037559327500011022e+03 -6.572893212981117017e+01
-3.902506716372507526e+03 -7.313164838594345383e+03 -6.526872677429412306e+01
-3.892374732573494384e+03 -7.575276259541114086e+03 4.431233705710974391e+01
-1.314716124814014393e+03 -2.005710179535746283e+04 7.088421903369361644e+03
-2.952485834749977585e+03 -8.048372916317425734e+03 2.523883014159212621e+02
-3.705550140000205829e+03 -7.276873536223081828e+03 9.006389432920198033e+02
-3.609138005293768856e+03 -7.250881120451569586e+03 2.317313147276577183e+02
-5.353295298824721613e+03 -1.633380217540272315e+04 5.680874939175016152e+03
-8.570549204780627406e+03 -2.129286986962064839e+04 6.268364117544993860e+03
-3.654612389845254256e+03 -7.634499820051634742e+03 1.793888524252963634e+02
-3.941413234161114815e+03 -7.876941063699286133e+03 7.134281872693547939e+02
-3.520754349853640178e+03 -7.847111669417809935e+03 2.621252861283287530e+02
-3.875551550569795836e+03 -7.590602423845739395e+03 -1.205125940354042768e+02
-6.938219340100469708e+03 -5.557608749398597865e+03 -2.815421775517605965e+03
-2.849479636860334722e+03 -8.001202156557347735e+03 3.687013090956389760e+02
-3.127256660136602477e+03 -7.744719743748983092e+03 -4.348044262258964636e+02
-3.859815857337071520e+03 -7.530038576210866268e+03 -8.552596887457525554e+01
-3.684255834413591856e+03 -7.677198410243851868e+03 -1.468281351596432387e+02
-2.922176359978973778e+03 -8.063903783982427740e+03 9.768395946176531197e+01
-3.838577256456170744e+03 -7.558923212136824986e+03 1.282172809183899744e+02
6.613902661247198012e+02 -1.216943893371816375e+04 -4.435145392440074374e+02
-3.817334139833572863e+03 -7.432803957086668561e+03 -1.331718223677401625e+02
-3.581559209164223375e+03 -7.547317266932303937e+03 3.365349881011236448e+02
-3.457165040444185706e+03 -8.212264105751264651e+03 8.059768024650278448e+02
-3.803979371359371726e+03 -7.479969100048171640e+03 -3.218426794163656268e+01
-3.190310348679262461e+03 -8.074097219751017292e+03 -6.815792592760318485e+02
-3.618842976811373774e+03 -7.550094584941651192e+03 2.657430907483045530e+02
-3.695632192541985660e+03 -7.365021829676894413e+03 1.142921967514213861e+02
-1.300809046922440575e+04 -1.307562015208453522e+04 5.375998995322971723e+02
-3.822914932358267492e+02 -1.325632035711164281e+04 1.060126945134674543e+03
-3.276894635230637050e+03 -7.692339437378743241e+03 1.794969237964091349e+02
-5.312045540230899860e+03 -2.494806604478687223e+04 1.189589961340919035e+04
-3.637250291497192393e+03 -7.675262307004315517e+03 3.878718708265898840e+01
-4.297750889693952558e+03 -1.598579618732088420e+04 4.611424975566525973e+03
-3.415438694063194816e+03 -7.790464902708775298e+03 3.883020071963301234e+01
-4.366941357298060211e+01 -1.673230357611524232e+04 3.250719368681650394e+03
-2.169049427201787694e+03 -8.083758915613432691e+03 -3.113271950079138151e+00
-3.141219929393918733e+02 -1.867028315579591072e+04 5.089557753644893637e+03
-3.854041576177933621e+03 -7.519692356099836616e+03 7.046291793621719535e+01
-3.040579028292150724e+03 -8.513431391491500108e+03 6.740600018921643368e+02
-3.417066984022733322e+03 -7.695287953642334287e+03 1.426693530438573703e+02
-3.205601678084760351e+03 -7.924518258503260768e+03 1.267956779891369479e+01
-3.524908653314130788e+03 -7.530144985828118479e+03 -9.586829804812344946e+01
-3.045031045384163008e+03 -7.956722171667948714e+03 3.095143832477102706e+02
-3.820419308134034964e+03 -7.549407256457270705e+03 2.288576762182609627e+02
-5.128160909253656428e+03 -8.198545784777070367e+03 -3.369188816663838679e+02
-3.710099288628745853e+03 -7.267345646235830827e+03 -1.532140204164618353e+03
-9.649287826995576324e+03 -2.375116562685399913e+04 1.382222439086523082e+04
-4.467125117691724881e+03 -7.473187116867930854e+03 -3.865947545303324659e+02
-3.624529458069207067e+03 -7.688530740088146558e+03 -1.278335936769241243e+02
-3.098953691796532439e+03 -7.804284766285460137e+03 5.232809822578172998e+02
-6.740047597461729310e+03 -2.168258852909257621e+04 1.079233271910966323e+04
-2.749281162056431640e+03 -8.157211352173418163e+03 3.759501455353981783e+02
-3.013306946776772747e+03 -7.680464019092956732e+03 1.367788293790899843e+02
-3.409555326600325770e+03 -6.796566584783645339e+03 -4.556526277935701614e+02
-3.158591097167362022e+03 -7.922038134903609716e+03 -1.466809097184074062e+03
-3.231373026764777933e+03 -7.858277815473195005e+03 2.656668714286841464e+02
-3.047051902768662785e+03 -7.896536213989217686e+03 3.512006408570341023e+02
-4.384628921859443835e+03 -9.803304332388732291e+03 -2.194324703592900732e+03
-3.835411737863253620e+03 -7.137529022748102761e+03 -1.161741026870439327e+03
-1.453665254174273514e+03 -9.059631957753124880e+03 7.738682121927697608e+02
-3.187121741997651043e+03 -7.655895315528134233e+03 1.487553144357310657e+02
-3.773255539120520552e+03 -1.043344497209112888e+04 2.524393391266155504e+02
-2.922891719262599509e+03 -7.436441085289578041e+03 -1.525351232006798909e+03
-2.909869077070790809e+03 -7.783949564587343048e+03 2.676966918234556942e+02
-6.852541910457445738e+03 -2.029173506545566124e+04 7.327973808424494564e+03
-6.592126571074598360e+03 -1.890101189472616534e+04 9.693863087414727488e+03
-4.336379814523188543e+03 -7.583852159063982072e+03 -3.477068774185388520e+02
-3.653541970965373366e+03 -7.627761774310351939e+03 3.093414649391441458e+02
-3.699664399409483394e+03 -7.604546466968284221e+03 2.426093273976380829e+02
-9.308321518577222378e+03 -2.274052240608235297e+04 1.328792196833267371e+04
-2.907091903539933810e+03 -8.048215128470765194e+03 2.851030479710761369e+02
-2.398140822272782771e+03 -7.762512358705109364e+03 4.362051605598923061e+02
-3.774222468404511346e+03 -7.754007903026245913e+03 2.617960441623555425e+02
-3.466616904394525591e+03 -7.644972916929184066e+03 -3.412132481863045541e+01
-3.513182462120172204e+03 8.044474780016797013e+03 -8.812764743468840152e+02
-2.923696330753020902e+03 -8.314713350957292278e+03 -5.771171395846906762e+02
-3.252356906727186470e+03 -7.773905330480090015e+03 8.188585409580264241e+02
-7.005902553167382393e+03 -1.952925520214054632e+04 1.041313044336837811e+04
-3.801636102359733741e+03 -7.890147209590188140e+03 -4.385043946450559815e+01
-3.744565000212361156e+03 -1.503256998718026261e+04 4.464884878571547233e+03
-4.119953566365750703e+03 -7.557267355801486701e+03 -1.153384678721969863e+02
-4.528965179127277224e+03 -7.241998168059410091e+03 -5.337438361695099047e+02
-4.629248440296040826e+03 -1.433390347689814371e+04 5.349998593504607015e+03
-4.949186358711596768e+03 -6.783442068679919430e+03 -1.033858317782066024e+03
-2.864120663574396531e+03 -8.076583486690786231e+03 5.285124306764643052e+02
-3.546256640693407462e+03 -7.762203402222728982e+03 3.134854557409993276e+02
-3.253652723981215786e+03 -7.931090889974134370e+03 1.210825305423602913e+03
-7.633126581890533998e+03 -1.974802400375825528e+04 1.064320850083594632e+04
-4.113983353276238631e+03 -1.416933545707883241e+04 5.858343663785174158e+02
-2.583185290098239420e+03 -5.800140047768716613e+03 -3.081070537799135764e+03
-3.072731228455371820e+03 -7.950376792186149942e+03 2.263271795607894887e+02
-5.495219382406064142e+03 -3.990585891507539600e+03 1.438035458601113987e+03
-3.449159032996325550e+03 -7.814023995526875296e+03 2.037657123970795965e+02
-1.269127982921126568e+04 -8.475166483444886012e+01 3.011491067919013403e+03
-7.194302100830428571e+03 -7.581044507569308735e+03 -5.942097696395984713e+03
-4.089602389116241284e+03 -7.778089009137798712e+03 -2.951752740212717526e+03
-2.067179235908033206e+03 -1.057891865004139618e+04 -1.319006334256983564e+03
-3.612075602996316775e+03 -7.960871391667240459e+03 8.331116688518795854e+01
-3.178025199271115071e+03 -7.757157364118897021e+03 2.129792671928774972e+00
-3.570482433543644220e+03 -7.654083697029048381e+03 1.209913195526701202e+01
-3.799292406116762322e+03 -7.693179051595986493e+03 2.856951470400022117e+02
-3.369020220390157647e+03 -7.999037171885249336e+03 3.509520857648806214e+02
-6.672298474791195986e+03 -1.968167579632228080e+04 1.081933490079752301e+04
-4.022957604622716190e+03 -7.389823905185610784e+03 -5.306319887139011371e+02
-3.562962692535203587e+03 -8.016201574921437896e+03 3.864191143416167051e+01
-4.130322266647331162e+03 -7.298762394373588904e+03 -4.631096593129300345e+02
-1.407432966186413978e+04 -1.022055628233541938e+04 7.951674192556340131e+03
-7.949813064276347177e+03 -2.035909122341377952e+04 1.210882594115452048e+04
-4.459743168974502623e+03 -7.452200894142375546e+03 -1.692013409455416877e+02
-3.722323611539126887e+03 -6.947319093021240406e+03 -1.249964810583726376e+03
-2.934293653838550199e+03 -8.023891797885301457e+03 4.066686097421933255e+02
-3.033086818448567556e+03 -7.963573152417254278e+03 2.972671136865445192e+02
-4.108819300243275393e+03 -8.555376075102230971e+03 1.201368815944287235e+03
-3.788625656036280816e+03 -6.245815089115376395e+03 -2.787057011837156551e+03
-4.465611676977993739e+03 -7.479944486028949541e+03 -2.379601573267915455e+02
-3.289301631885544339e+03 -7.682787608182859913e+03 3.208744115552115517e+01
-3.498215885832407821e+03 -7.858509000748634207e+03 2.052462374672303440e+02
-3.631979287623692016e+03 -8.614103755135740357e+03 -4.151627987463338059e+02
-3.683576975020987902e+03 -7.589096961742455278e+03 1.473273399804386656e+02
-4.370588224726449766e+01 -1.398430966751420601e+04 5.768367415257191169e+03
-3.663799370320397429e+03 -7.451705744194843646e+03 3.494213453583205933e+02
-3.786488789100288159e+03 -7.707870553236320120e+03 1.452440870514362814e+02
-3.352286712647055083e+03 -7.589268756955037134e+03 -2.338391273642604915e+02
-2.812484190571884938e+03 -8.125941603920870875e+03 3.377432102039239794e+02
-3.505235028161603623e+03 -7.696543102194835228e+03 -2.073433440211471179e+02
-3.767079341966271386e+03 -7.510835319314133812e+03 2.991092135940688195e+02
-3.798458934046036575e+03 -7.692155254019430686e+03 2.258052506113035633e+02
-4.638479045767445541e+02 -1.652269910951750353e+04 1.796054801329455131e+03
-4.167284494407937018e+03 -7.946498452346932936e+03 -1.518927363538577993e+02
-2.855998646369488597e+03 -1.426697650813574364e+04 5.142963636454807784e+03
-7.299774778631353001e+03 -1.267331555112777278e+04 -1.069957769672201493e+03
-3.486821049766008400e+03 -6.380304026850838454e+03 -1.675481402248761469e+03
-2.935402138928960085e+03 -2.160090967411197198e+04 8.125762132675445173e+03
-2.737485365131871731e+03 -8.077102438918596818e+03 3.804906348478400560e+02
-4.762279670334602997e+03 -1.151637283835920425e+04 -1.431320387693252542e+03
-4.531600380726272306e+03 -9.974853857397876709e+03 -3.302055801673262522e+03
-4.995031081925833860e+03 -2.071799772836307238e+04 6.931215189644195561e+03
-3.032167948573880494e+03 -7.866735392616293211e+03 3.356821344668101688e+02
-4.145704593588584999e+02 -2.353756410919361315e+03 2.210084605619678655e+02
-2.757648335527831478e+03 -8.528994423047895907e+03 5.829784242587929839e+02
-2.784343334081011562e+03 -8.043456033430524258e+03 4.750512448086187760e+02
-2.786484229821404824e+03 -1.294979534142870216e+04 -1.272177265674757109e+03
-2.930601895547744334e+03 -8.023575955472759233e+03 5.632105770835433987e+02
-4.382385196448391980e+03 -7.573234714488003192e+03 -4.946574363279755744e+02
-2.913810059875379920e+03 -7.545969714136070252e+03 -1.849500662822461436e+03
2.158081472829547920e+01 -1.626782915413207957e+04 3.084140356735371824e+03
-4.054275736288904227e+03 -1.090691575038226438e+04 2.173118475139394263e+02
-4.333034141310262385e+03 -7.269899634785710987e+03 -1.229366286957468446e+03
-3.734954577068502658e+03 -7.270190985340343104e+03 -7.211767242129415081e+02
-4.573414682529566562e+03 -1.438724844927641971e+04 -1.965801449516464345e+03
-4.466789347766312858e+03 -7.304837710197280103e+03 -1.217736584247811834e+03
-3.502804925995883423e+03 -7.380392548888644342e+03 -1.270553806525622122e+03
-3.760426326681147202e+03 -7.761824398337593266e+03 2.277085531505426843e+02
-2.941401462649688710e+03 -8.004665464799188157e+03 5.825934637587062070e+02
-5.464598996343471299e+03 -1.264603473470810604e+04 2.422041218938995826e+02
-2.968731625269133474e+03 -7.824027854153300723e+03 4.476955621251278785e+02
-4.125447444792920578e+03 -7.485304416123804003e+03 -7.605042777242450711e+02
-2.099659166933643519e+03 -7.535077347445244413e+03 -6.096475938569931259e+02
-3.947099364171049729e+03 -7.208544158581022202e+03 7.344172305518770827e+02
-3.730751664676388373e+03 -7.752683785142060515e+03 7.383318899847616876e+02
-3.100188149423287996e+03 -6.195318381922447770e+03 -3.196499483349804450e+03
-2.914074484215428583e+03 -7.977153922654733833e+03 8.627906630205029614e+02
-5.729084310718490087e+03 -9.722492580059872125e+03 -3.237209286516963402e+01
-3.261948591733982539e+03 -7.730426833747498677e+03 6.147852292615625913e+01
-3.034045792071013693e+03 -1.788586303275887985e+04 4.615998629138584874e+03
-2.543658314652407626e+03 -8.819545394286637020e+03 -3.478130546642529453e+02
-8.501247266300282718e+03 -1.673038844051068008e+04 2.490995620341808774e+02
-3.794285072792811661e+03 -7.484295681430564400e+03 5.777437490469810655e+02
-3.373883344491910975e+03 -7.798370972347331190e+03 6.399580276906796144e+02
-4.000954952674610013e+03 -8.931553868716968282e+03 6.005760254084639200e+02
-3.950271116066387094e+03 -7.829063620675550737e+03 4.586506529749781294e+02
-4.464210077890212233e+03 -7.629201906659202905e+03 -5.982812376858403240e+02
-3.617972561614109054e+03 -6.506719985256142536e+03 -1.594057931963232591e+02
-3.861683935006225056e+03 -7.351892396775569978e+03 -1.388655877949742262e+03
-1.134110896910333167e+03 -1.606194049252381410e+04 -3.120662675445948025e+03
-3.603676045255823283e+03 -7.812931713359238529e+03 5.981037382526842521e+02
-5.949115931341390933e+03 -1.305327876926543286e+04 5.165769367815044006e+02
-3.442413853041923176e+03 -8.004340977153839049e+03 -1.430041054699692495e+03
-4.107774523048403353e+03 -7.401572206795678539e+03 -1.084655300787907436e+03
-1.816935111259201676e+02 -1.514070998305265675e+04 -1.788004578931518608e+03
-3.589111414989667537e+03 -7.818268823010731467e+03 6.910500603846136300e+02
-2.684658100911248312e+03 -9.029695833832382050e+03 -7.064098762371273779e+02
-1.059984645476138940e+04 -1.631348775150191250e+04 2.393969288612799119e+03
-4.443341319189168644e+03 -8.542213819836308176e+03 4.411069812252573001e+02
-3.095046292633144276e+03 -7.751160045093323788e+03 -4.883518992368594809e+02
-3.271228456598115372e+03 -7.565786356165347570e+03 -1.769450270634433764e+02
-4.083218945507755961e+03 -6.557754159623313171e+03 9.304982385279040500e+02
-6.982798490534174562e+03 -1.522941386880200298e+04 1.749611482556716737e+03
-4.848512006725311949e+03 -8.141829986380927039e+03 -5.776880154650793884e+03
-4.222539252642242900e+03 -7.043587071038686190e+03 7.923032916661965430e+01
-3.108934088814422921e+03 -7.693090764472641240e+03 3.064716620896697918e+02
-1.167029020021725728e+03 -1.015218724913773258e+04 -5.890258148106053341e+03
-3.048162870045534873e+03 -7.930718206716017448e+03 -9.511811922238496209e+02
-5.753217138175482432e+03 -8.814567840524348867e+03 -3.039745788223654017e+02
-4.010469480630906219e+03 -7.260675668644201323e+03 -1.339198212135229369e+03
-6.312088715086662887e+03 -1.298554708168467914e+04 -4.615246544729008065e+02
-4.499743254573410013e+03 -8.424044588551292691e+03 -6.155573901793447476e+03
-4.114745527463464896e+03 -7.617205311868476201e+03 -1.589841854505823449e+02
-3.560406975977753518e+03 -7.542549075467394687e+03 -6.533041736332742744e+01
-3.049127439491820496e+03 -7.895472303742921213e+03 5.233774661843885951e+02
-4.011130601147016932e+03 -7.483330372849457490e+03 -6.351200715552685097e+02
-4.825794006880977577e+03 -7.010947206520564578e+03 -1.144315357106983356e+03
-2.665510567578598511e+03 -8.630184189073350353e+03 -3.603651035176753794e+02
-6.295273344331570115e+03 -2.073146220666759109e+04 1.017320911652776158e+04
-3.897493119921974539e+03 -7.622514663862053567e+03 -8.912069391130805798e+02
-3.691823211462705331e+03 -7.707497090927744466e+03 6.615312746045982522e+02
-5.100869428946321023e+03 -7.563443059474350775e+03 -2.208570596266541543e+03
-2.183156798185968455e+03 -7.458770350211736513e+03 -5.969769193005600982e+02
-3.607239411683345224e+03 -7.532559782000618725e+03 2.121204986462103648e+01
-3.353039443715748348e+03 -8.930670719142523012e+03 8.725564683507111567e+02
-3.286566136249597093e+03 -1.631145721714117099e+04 6.119050667711791903e+03
-3.986268353893784933e+03 -7.574139630389547165e+03 -3.674667908284468467e+02
1.187201378078221296e+03 -1.855407644388345216e+04 -5.223175541578102639e+02
-3.852602633225442332e+03 -8.352879113437016713e+03 2.178307889203846912e+02
-1.228724208023195160e+03 -8.952392732361126036e+03 7.919785282657333028e+02
-3.768447028357318686e+03 -7.611271611638775539e+03 2.313259845763500380e+02
-4.011111125759741299e+03 -7.592851356092254719e+03 -2.462290154852227033e+02
-2.360741602448451886e+03 -8.526901789577326781e+03 4.744649071431195466e+02
-3.187484624939943387e+03 -7.685632891860120253e+03 -8.684932769701219968e+00
-3.528478069194253294e+03 -7.746927391967225049e+03 -7.136519934704620937e+03
-3.526537026622143912e+03 -7.509680851555168374e+03 -2.315691643615143676e+02
-3.307441833259074883e+03 -8.967335135901492322e+03 -5.669182356246459449e+02
-4.946924994314188552e+03 -1.834321400775802977e+04 8.059686040981471706e+03
-4.006094600710657687e+03 -7.636064713588890299e+03 -2.676479115532040396e+02
-2.912123433391733215e+03 -8.710770209943459122e+03 -7.267720251862359646e+02
-3.334764999655115389e+03 -7.678820048806074738e+03 2.541096167920676407e+01
-3.438872750253960021e+03 -7.695111034985950027e+03 9.829026710388041010e+01
-2.370214043221174052e+03 -4.967894132088166771e+03 -2.983218422109591756e+03
-1.817546338170585159e+03 -7.565528950437359526e+03 9.611232689457930292e+02
-3.692695832223285834e+03 -9.094280816191720078e+03 -4.331179800567449092e+03
-3.661863844196508126e+03 -8.629878283563304649e+03 2.742405411616030051e+02
-1.804370733300193706e+03 -1.126418206267689311e+04 -6.587598333589778576e+02
1.250325283216502157e+03 -1.710372830913905273e+04 6.058537520216282246e+03
-1.437417601717177149e+03 -8.822630097968687551e+03 4.006488242500907972e+02
-4.359957874003983306e+03 -8.071941608140741664e+03 7.814365852786615960e+02
4.954260503723648981e+03 -2.823422797711695603e+04 6.678996618704873072e+03
-1.809785445958067430e+04 -5.873183415145759682e+03 3.333762792131652986e+03
-3.094004451255713320e+03 -7.734172377876157952e+03 3.923588830935275382e+02
-3.348919629163096943e+02 -6.640093835534686150e+03 1.174837725803494777e+03
-5.385688991669962888e+03 -1.350867765832035184e+04 -1.544232452525616964e+03
-3.794973537848321030e+03 -7.740210905587109664e+03 1.547967680653232492e+02
-5.794140437110412677e+03 -1.418376381872432466e+04 6.094090386110297004e+03
-3.310885391769472335e+03 -7.479292494932057707e+03 6.318915218310394266e+01
-3.043528027088624185e+03 -7.653337807608420917e+03 -1.478878644760352472e+02
-4.129176909390445871e+03 -8.258582836551751825e+03 -2.231489358334858935e+02
-3.608996253822409017e+03 -7.204274678907802809e+03 -8.266453536727445908e+02
-3.202666372063859399e+03 -1.076176158412184122e+04 3.324596227206568528e+02
-2.355681296939874755e+03 -8.312207991624771239e+03 1.976471987877757101e+03
-3.027785455232302866e+03 -8.596265833535586353e+03 -6.870116524578791086e+02
-3.589568749431043216e+03 -9.061117887731172232e+03 1.429862170972863851e+02
-3.022840866835745146e+03 -8.975954530012400937e+03 -3.685585775910169559e-01
-3.518440078979406280e+03 -1.014796150714158830e+04 -7.964054823684475082e+01
-2.142631572686614163e+03 -7.938082956079617361e+03 1.523975928269298720e+03
-3.375981074428087595e+03 -9.364867861471731885e+03 -3.875279989218684022e+02
-4.052164425124361514e+03 -9.552979188553228596e+03 -3.436454360631937561e+02
-3.398384906073156344e+03 -6.127443734126350137e+03 -1.571628004857994711e+03
-3.630888452948312988e+03 -1.041021957251138338e+04 6.378774157717583648e+01
-3.889130622351684451e+03 -9.932430747522841557e+03 -3.458582440814364531e+02
-3.473865355835440823e+03 -8.704560938445551074e+03 1.332124449983099112e+03
-3.604676329124682070e+03 -9.182005951446444669e+03 -5.414806191227269210e+02
-2.183192420794987811e+03 -7.655405599124977016e+03 -2.004730447304023073e+02
-3.563048197652882664e+03 -8.756649027519430092e+03 -6.164354614619566064e+02
-3.193698767691938883e+03 -1.060907380073876629e+04 2.449086481077304427e+02
-2.234252990754193434e+03 -7.727007124058146474e+03 2.480794407270973807e+03
-3.621853176345508473e+03 -8.814534040415743220e+03 -1.231564346943605983e+02
-9.701027561594529516e+02 -1.928788620066419753e+03 4.214888052085398158e+03
-3.798649180836549476e+03 -1.086299041538758502e+04 2.398224445939789859e+02
-3.710602607099212037e+03 -1.151075134965514371e+04 5.035557997502948524e+02
-4.385934545240103034e+03 -9.418344844069377359e+03 -2.702395961389822219e+02
-8.909603398949227994e+03 -2.850174110100100734e+03 -1.295182010140718558e+04
-6.780562220605745097e+03 -1.039052228321243274e+04 -1.484976430870743116e+03
-4.622725840866463841e+03 -1.029219117314932009e+04 -2.560931246272641602e+02
-3.843602072305105594e+03 -9.677691502868465250e+03 -4.243292647712553958e+02
-4.108460168871608403e+03 -9.787708191581705250e+03 -2.100396792291057864e+02
-2.287009770129072422e+03 -8.547963479461013776e+03 -3.325275579954007412e+02
-2.119661476022432453e+03 -8.098480348084094658e+03 -1.115101964816099098e+02
-3.256934373127946856e+03 -8.472450954881322104e+03 -6.986955286595331245e+02
-3.669350618231854696e+03 -9.158810952150624871e+03 -4.274380936197356959e+02
3.182389175654982409e+03 -5.654503557966087101e+03 3.818061587633410909e+03
-3.572100535687855881e+03 -9.451710600196618543e+03 1.670388045483474571e+03
-6.382536963449806535e+02 -4.138598124164210276e+03 6.907654220450478988e+02
-3.601659332739894580e+03 -8.965622055493618973e+03 -2.404016047468531951e+02
-3.897524476688677169e+03 -1.043579017807672244e+04 -2.551818487397042645e+00
-3.155387467364681470e+03 -8.648231633123426946e+03 1.490007953928904271e+03
-1.919472457749986688e+03 -8.525769849466996675e+03 -6.087106361585052809e+02
-5.684918052793478637e+03 -1.110904261794440936e+04 -3.300862068766895845e+03
-3.630408587997079849e+03 -9.169963294583320021e+03 -4.221438940555460135e+02
-3.599073162133257938e+03 -9.100929563652129218e+03 -2.678248226505717184e+02
-8.653108511352409550e+03 -7.044955027519789837e+03 -5.523658164290858622e+03
4.183367250229121055e+02 -4.075330872018069385e+03 4.561675373166994177e+03
-4.175177205783491445e+03 -8.840293977697845548e+03 -7.593200899812958937e+01
-3.481352004937404217e+03 -9.907625195070040718e+03 6.307517067885021333e+01
-2.466985963172335687e+03 -9.207242085382269579e+03 9.993271800261982207e+01
-3.329554927688359840e+03 -1.057932209137988502e+04 1.509809049200099480e+02
-3.539716353910088856e+03 -1.009167322668658926e+04 1.860384008270506229e+01
-5.830945451449490065e+03 -1.095553679925305369e+04 -2.482398927319512495e+03
-4.179999923825432234e+03 -9.606331891848047235e+03 -2.122712846884610371e+02
-3.641374199468913503e+03 -9.004147384908830645e+03 -2.304544179985623487e+02
-1.789101657691476930e+03 -7.676752447601011227e+03 1.737224952086742178e+03
4.587054808434857478e+03 -9.060676393746973190e+03 -8.479711153303325773e+03
-3.526676200955822424e+03 -9.856518751286210318e+03 -1.765444874343509127e+02
-2.580873545848328376e+03 -7.504776326228814469e+03 2.450805352140520426e+03
-3.582063578143074665e+03 -9.031266146407580891e+03 -1.488704679779056050e+01
-2.234263354081036596e+03 -8.677199645711851190e+03 1.274328193786026759e+03
1.296424276380116453e+03 5.401170249013601961e+02 1.931839293417663612e+03
-3.193458979791722413e+03 -1.056100893762702435e+04 2.604044428710831198e+02
-2.062679704349000986e+03 -8.298086582706146146e+03 8.442543720067847062e+02
-3.833231277031375157e+03 -1.097146518085253047e+04 1.525532738438782872e+02
-3.022743801218867702e+03 -1.034101732311935120e+04 2.032273059910170616e+02
-3.337921089599971765e+03 -1.118634149743467606e+04 3.036972007244264660e+02
-3.596677415400333757e+03 -8.904567093762481818e+03 -9.592298923672478850e+01
-3.680658794244184264e+02 -1.667767877683806319e+03 4.954337640347929664e+03
-2.113765049357185489e+03 -8.161955638370355700e+03 2.094761396295801205e+03
-3.748362538638697060e+03 -8.647126472154568546e+03 -7.767560349903875476e+02
6.764013950167388884e+02 -2.998914520643774267e+03 6.049248678651677437e+03
-3.601802445448985509e+03 -1.041554366515637230e+04 1.509863986160729610e+02
4.303697279765544295e+02 -3.233086243516912873e+03 4.364720174410255822e+03
-2.493329602866583627e+03 -9.151110480262777855e+03 -4.886604486738929722e+02
-3.941828385019203779e+03 -9.819391790087674963e+03 -3.156521446536742133e+02
-4.977493687503882938e+03 -1.040908401398419301e+04 9.913830711924445040e+02
-2.393771649857230386e+03 -9.183812494770008925e+03 -7.852260193293745942e+02
-3.651598725220086635e+03 -9.177650099902704824e+03 -3.862105575401808437e+02
-4.431746147818430472e+03 1.505537690154433676e+03 3.572172014153765758e+03
-2.530942020443111232e+03 -8.895090052400515560e+03 -6.980457748134095937e+02
-6.982119494146315446e+03 -6.099270836602748204e+03 -4.518262880524115644e+03
-3.721901835463128009e+03 -8.959139385902200956e+03 -5.698099058159152719e+01
1.935131554653103876e+03 -3.171481535164984507e+03 2.908846601246981209e+03
-2.640450295140452909e+03 -9.462489410687190684e+03 9.169157662182612967e+01
-2.188938050278542960e+03 -1.017222766476305878e+04 -4.961928372060324364e+02
-4.525253071270111832e+03 2.502604617169600715e+03 4.361409434413447343e+03
-3.447820783472686799e+03 -9.065415781591502309e+03 -3.496374570312513015e+02
-2.976128915102338397e+03 -1.088542546588212099e+04 5.591772322968788558e+02
-3.715666305327174086e+03 -8.987500183459529580e+03 -4.231022425872034773e+02
-2.188040539956998145e+03 -9.587978361091330953e+03 -1.699244882635483464e+03
-2.994007748942471608e+03 -9.461777320161416355e+03 6.332171111886270864e+01
-3.655933917260257203e+03 -9.013473317974772726e+03 -1.961502197259821401e+02
-2.067134906783388942e+03 -7.717926481958533259e+03 2.413436135729165926e+03
-3.303809499200129721e+03 -8.680313139064623101e+03 1.343449357568681762e+03
-3.534885936543249954e+03 -1.003966431408539574e+04 -1.371269771276280949e+02
-3.031686493784172399e+03 -8.794883867333664966e+03 -6.847445260528641029e+02
-3.483656541266696877e+03 -1.125553726642865877e+04 3.250089351909979882e+02
-3.395497353793170078e+03 -1.071760471731427242e+04 1.934781772960955948e+02
-5.875839785842427773e+03 -6.323841491402663451e+03 -3.750662577628011604e+03
-5.401286186837287460e+03 -9.619727320950141802e+03 -4.507334006038277039e+02
-2.820667839217845085e+03 -9.201252573964980911e+03 -3.815833996117988249e+02
7.589929022029800763e+02 -7.280265274132364539e+03 -3.861939267931002632e+03
-4.197699694887703117e+03 -1.071169517031221221e+04 1.210213832184994587e+01
-4.669031575337005052e+03 -8.836887414994420396e+03 -6.725328966767935981e+02
-3.480542738688151985e+03 -9.202780499593865898e+03 -3.077626466583905085e+02
-3.395536108575194703e+03 -9.288372418649316387e+03 -4.883890303297864648e+02
-3.215844270127288382e+03 -8.775399658938596986e+03 -4.905643270097637014e+02
-3.213894124583366647e+03 -9.168485074053147400e+03 -4.085979740547074357e+02
-2.644896900760609697e+03 -8.254751661397614953e+03 -4.197867726259382266e+02
-3.093594955115067023e+03 -8.323355851688953408e+03 -1.012562868224892441e+03
6.335271431282682215e+02 -6.699383932178711802e+03 4.378037217338307414e+02
-5.609242787854809649e+03 -2.314986432209571376e+03 4.758838402559004862e+03
-3.921411429188465718e+03 -1.066740797927899621e+04 -2.775936692337884892e+01
-6.533296263311406619e+03 -1.114311738444347975e+04 -8.800850031747666435e+03
-3.010729406136204034e+03 -9.005019405607588851e+03 -5.796084128567579228e+02
-3.345745157369591197e+03 -9.255913425665557952e+03 -3.363161561696839499e+02
-2.940590618941726007e+03 -1.007310079049393062e+04 1.864074858523235889e+01
-4.054139646307978182e+03 -1.003269158049365615e+04 -1.735570168122922041e+02
-4.827438681519022794e+03 -8.883172524026229439e+03 -5.892566621608754076e+02
-2.905256065363962534e+03 -1.001022532081829559e+04 -1.187123506261016530e+02
-2.038596833918481025e+03 -8.730977618803819496e+03 -4.231913871130575444e+01
1.097213602864559562e+03 -6.132458855471200877e+03 6.484770680980732322e+02
-3.220903313821110260e+03 -9.956553158862938290e+03 -4.935672079453848369e+02
-2.907530074410351517e+02 4.088726372069536978e+02 4.167874352213629209e+03
5.611329087349129168e+02 -7.094867938097653678e+03 -2.668871780594889742e+01
-6.098134283870074796e+03 -5.151583298988803108e+03 -1.130279012223777499e+04
-2.746254071047863363e+03 -8.797071068918410674e+03 -5.700760029426944584e+02
-3.989093174247884235e+03 -1.075888754396621516e+04 1.051160438477320014e+01
3.786850098674756282e+02 1.312156338653516286e+03 3.158674269850224391e+03
-1.200639246240694433e+02 -8.559690277270832667e+03 -1.255178525217885408e+02
-3.469957526107593822e+03 -9.096442697861932174e+03 -3.486294038691897299e+02
-3.529933042266618031e+03 -1.083069343643590582e+04 -2.549013136772254029e+01
-3.459919371782145390e+03 -9.252712899564137842e+03 -4.853322362558348004e+02
-7.529132963766174726e+03 -4.787850266159377497e+03 -1.342622602903276675e+04
-6.004886644034448182e+03 -1.179753029017270092e+04 -1.284272649205449397e+03
-3.546444944353587744e+03 -8.426023707410167845e+03 -9.274370627308651365e+02
-2.984431840151269625e+03 -9.833369938837626250e+03 -6.244977317403790039e+03
-3.090669405784498849e+03 -8.502106099077494946e+03 -6.502385712428342686e+02
-4.822416387978430066e+03 -8.865268820871004209e+03 -4.881824268844005701e+02
-3.449791230376156363e+03 -9.522842911312000069e+03 -3.276002635705459056e+02
-4.497026795612481692e+03 -1.079695810794368299e+04 -2.408299420439148264e+02
-2.971742929277051189e+03 -9.906151785883264893e+03 -1.759178582873565517e+02
-2.462020889892456125e+03 -8.462095266432193966e+03 -2.652923506583212543e+02
-4.406959457302763440e+03 -1.094863952376463385e+04 -2.983516006957791546e+02
-6.062756742048878550e+03 -3.619149666667497058e+03 5.020535519252821359e+03
-3.308940901222428238e+03 -8.541885931430260825e+03 -4.250572966676201759e+03
-4.341584606024799541e+03 -9.796437008004191739e+03 -4.675853850226063742e+02
-4.704147523078798258e+03 -9.038071113069581770e+03 -4.313115185435201511e+02
-3.049145925896888912e+03 -9.800654297551947820e+03 -3.726166944258476121e+01
-4.007185508982907322e+03 -1.101807573076180779e+04 1.131718941306797888e+01
-4.063940776429088601e+03 -1.024833030915276140e+04 -1.902268710982017410e+02
-4.571242669441852740e+03 -1.075347041294557675e+04 1.213805561097967427e+02
-4.403781295311040594e+03 -9.882162210194035652e+03 -5.203966249735871088e+02
-3.466895291128255849e+03 -9.135546684827126228e+03 -5.962124723862609699e+02
-3.610307328944670189e+03 -9.239985372725344860e+03 -4.424602974971876961e+02
-1.602041726171202754e+03 -2.746162712478171215e+03 2.579113868639105931e+03
-3.108504691281570103e+03 -8.756237721833256728e+03 -5.244627158568081313e+02
-2.475409995144674212e+03 -1.048837201029937569e+04 -1.019319816775621632e+02
-3.745161741759683537e+03 -9.756970641815561976e+03 -3.141867631371430321e+02
-2.730935143924296881e+03 -8.796074650752914749e+03 -5.333314919281019684e+02
-3.909384870691272681e+03 -1.543328183822992742e+03 4.914390248247574164e+03
-4.337422186967335620e+03 -1.093547285886768441e+04 -6.404145050930465288e+01
-4.188312273142419144e+03 -9.937251924796923049e+03 -3.974253415003162786e+02
-3.383302980459757691e+03 -9.310965875886347931e+03 2.444748256358874414e+02
-4.073265383507799925e+03 -9.827736209089023760e+03 -1.215379867276980264e+02
-2.939325203615123883e+03 -9.905475601156989796e+03 -4.714687908350092584e+02
-3.221145074963168554e+03 -9.768505141258952790e+03 -2.862201049558295836e+02
-1.527806107037124775e+03 -6.027678955379440595e+03 4.622146552119973421e+03
-2.961226891211633756e+03 -9.787419402847057427e+03 -2.221812418849433755e+02
-2.795477277073019650e+03 -9.130817797284968037e+03 -9.282782980900601615e+02
-1.758624794368816765e+03 -2.915911490131332812e+03 5.147947694834162576e+03
-4.338772496822075482e+03 -1.069369723752768186e+04 -1.009991014651218677e+01
-1.007963049543155194e+03 -5.765422855386416813e+03 5.017368290375041397e+03
-3.342322682194093431e+03 -8.907450395285412014e+03 -6.321576046608599881e+02
-3.370299746464626878e+03 -9.446106279244893813e+03 1.810644786464343952e+02
-2.589371273611218840e+03 -8.623486179093344617e+03 -6.693164583326936281e+02
-3.555094693580750118e+03 -9.110431776362413075e+03 -3.940823122180072460e+02
-3.002404027195581875e+03 -9.931000101052510217e+03 -2.939891750896601366e+02
6.955828940652090751e+02 -7.492567805684581799e+03 3.793138283740177030e+02
-2.579161637128187976e+03 -8.621596946730489435e+03 -6.469268610101355534e+02
-1.571286029988755217e+03 -9.214800355134504571e+03 -7.237130052434399659e+03
-3.066588987924792036e+03 -8.838934042704766398e+03 -7.348121271736412154e+02
-5.237155431987144766e+03 5.048938261951185495e+02 -3.536346776866242180e+03
-4.442113391511903728e+02 -7.013745058609878470e+03 2.970033371807007825e+03
-4.628310251402509493e+03 -9.579273857695463448e+03 -4.953275867177479768e+02
-4.952493053855938342e+03 -1.063349275550225684e+04 1.770905360921738975e+03
-9.112688882376802212e+03 1.605693061869537587e+03 -5.355087368501082892e+03
-2.923132584626365770e+03 -8.452621338279495831e+03 -8.943502260748551635e+03
-2.660597386815627488e+03 -9.608705403944273712e+03 3.837529854760072112e+01
-3.122721967132300051e+03 -8.364680584131627256e+03 -9.558500621063265044e+02
-2.282786306783552845e+03 -8.477220407911434449e+03 -7.757202556882355111e+02
-3.021462356785038537e+03 -8.369369097625913128e+03 -8.498612697442059698e+02
-3.568241768852069981e+03 -9.401154924950911663e+03 -3.363785454784600120e+02
-2.947688402171980215e+03 -1.102787095343154397e+04 2.562537635470380337e+01
-2.820431252686350035e+03 -9.038541221179029890e+03 -5.544489283728099736e+02
-2.831360127937673496e+03 -9.578842920222507018e+03 -4.194874694783094355e+02
-4.581868320816476626e+03 -9.313042278382605218e+03 -7.169876953025891453e+02
-4.278990913073364936e+03 -1.037167512233145862e+04 8.297377523567492119e+01
-6.995296499907060934e+03 -4.891298488625100617e+03 2.447786251286987408e+03
-3.435719613802058120e+03 -9.041217200159415370e+03 -5.872966650119965379e+02
-2.032110254484441612e+03 -8.995888347423551750e+03 1.269862264178447901e+02
-1.670339621038380983e+03 -8.493651701215094363e+03 -9.641925258330178394e+01
-1.337993952653911037e+03 -8.489250300993506244e+03 4.667037154019972149e+02
-3.174798535059393089e+03 -1.046892905702527059e+04 -4.950525623452648460e+01
-3.154369384341142904e+03 -1.074233400199675998e+04 -3.188624310324826183e+01
-4.302870902448193192e+03 -9.993891420392488726e+03 -3.466908443753167717e+02
-4.354625925384070797e+03 -1.074687180934773824e+04 -9.231440069588754227e+01
-3.452317068709304749e+03 -1.063842748400926575e+04 -2.689256838751807663e+02
-3.684073983640177630e+03 -1.025205062126341181e+04 -3.256594580357150903e+02
-4.356211124654308151e+03 -1.025768072766855403e+04 -1.508625949930576553e+02
2.593954155715305205e+03 -6.502711630601435900e+03 1.415336428179541599e+03
5.513359943921452214e+03 -7.436395760196530318e+03 -1.756732553659671112e+03
-3.227105239406540932e+03 -1.111673190216173498e+04 2.227121262743625607e+01
-1.757445034460886291e+00 -1.090876635218564479e+04 -6.312363079660399308e+03
-3.821248049793280643e+03 -1.044566940550588697e+04 -3.531378708045724579e+02
-3.634035497038627000e+03 -1.066267131491775763e+04 2.735493337053765686e+02
-3.998271938787196632e+03 -1.049995654079883570e+04 -2.764752560500319305e+02
-3.773906026230371026e+03 -1.076846668996232074e+04 -1.525406460604270080e+02
5.030003875386462937e+02 -8.249839719674047956e+03 9.337101196184588616e+02
-3.414094919557162484e+03 -9.857262058377555149e+03 -3.679385947656188591e+02
4.967553261996707761e+02 -5.892035422000742074e+03 9.184515546010771914e+02
-2.906519574198448026e+03 -7.993852842259334466e+03 2.418779855654454423e+03
-4.425539729661870297e+03 -9.286973089832496044e+03 -2.673960747508110671e+02
-4.692600962663661448e+03 -1.227323427586924299e+04 -7.357558855990758275e+03
-9.255946816409183157e+03 -4.024593959857635582e+03 3.400554780756258879e+03
-6.678941070590720301e+03 -7.896101076716887292e+03 -3.032891427764978289e+03
-3.918659133540861603e+03 -1.074155664351432642e+04 -2.114840552423701183e+02
-4.041300987762417208e+03 -1.144573122925065945e+04 -6.828308453403309613e+03
-2.683696467566860974e+03 -4.454727252480412972e+03 1.639419961740850567e+03
-7.511640890279650193e+02 -7.637110659779888010e+03 4.651837326331792610e+01
-3.557175039827021465e+03 -9.637730729219123532e+03 -5.063969309625674668e+02
-3.439487575043564448e+03 -1.067091601816856382e+04 -5.258591594238595235e+00
-3.633652610883138550e+03 -1.038522817343591123e+04 -3.604134027409293139e+02
-3.577649727722494390e+03 -1.008527572739722746e+04 -2.175611903244728467e+02
-2.188734034845293763e+02 -7.368441121888286034e+03 -2.628221573287819865e+03
-3.841990670812386725e+03 -1.034893283069756762e+04 -1.572808109984067073e+02
7.434433041732987476e+03 -7.166457477937299700e+03 -9.412017585215071449e+02
-3.713439503120745030e+03 -9.916033294887678494e+03 -2.935123107568625755e+02
-4.273366637316337801e+03 -9.200718387803124642e+03 -2.349356702380146089e+02
-3.607907537986580337e+03 -1.058946280722178381e+04 -3.898413365915405393e+02
1.334789763945500908e+03 -6.633276888666618106e+03 2.460074128926311460e+03
-4.559290888079590331e+03 -9.618333141100523790e+03 -4.271998486434471829e+02
-4.215792002995609437e+03 -1.030432867799728592e+04 -2.258196394912720280e+02
-3.914807762114476645e+03 -1.049156739346428367e+04 -3.643295789054474767e+02
8.259434495482646525e+03 -6.975520933516552759e+03 -2.869424274351889835e+03
-9.097197901033146991e+03 -7.556799425868627623e+03 -9.353106109839970941e+02
-4.424581405717129201e+03 -9.259189938707197143e+03 -2.890410740430663736e+02
-3.087296051438915583e+03 -1.062786872712836521e+04 9.829740615001369974e+01
-4.259393812080073076e+03 -1.063480575906879676e+04 -2.361004487843066784e+02
-3.746097370101387241e+03 -1.057526123835028193e+04 2.889830344907248332e+02
1.348531507682886740e+03 -2.336348550743246960e+03 4.559867201170836779e+03
-3.651449373509528868e+03 -1.075635812252047617e+04 -2.459488951742513052e+02
-3.003042142329268245e+03 -9.315783361686617354e+03 3.543835004299963884e+02
-3.818602291340083866e+03 -1.022589595128754081e+04 -1.442483776453082100e+02
-3.564112043416800589e+03 -1.004921151337931769e+04 -2.567541367487149273e+02
-2.356164732004962389e+03 -9.700555331727957309e+03 -3.048979776411845819e+02
8.682828199846536563e+02 -8.332361511231987606e+03 1.179838594801402678e+03
-3.844258248323019416e+03 -1.047457941507762735e+04 -2.779765344478321367e+02
-3.719977025221973236e+03 -1.018253488409065358e+04 -2.271837280381443520e+02
-3.655398915567808217e+03 -1.072767620765801985e+04 -3.184615937486890971e+02
9.042157440281547679e+03 -7.163195742335580690e+03 -1.308844031002827251e+03
3.053695384023344559e+03 -4.141675015163873468e+03 2.821166048409570521e+03
-3.972681381176182185e+03 -1.043975245629655001e+04 -1.955879491458598807e+02
-4.168286604717812224e+03 -1.203288499091621816e+04 -6.705573913652094234e+03
-3.341182127503008815e+03 -1.060211841432392430e+04 -1.514040786145539528e+02
-4.082428800900241185e+03 -9.115889553798395355e+03 -2.525473054273810760e+02
-4.227160681051489519e+03 -1.079839374667257471e+04 6.553846308742518545e+01
-1.541191435182639452e+03 -5.244112432816081309e+03 1.089172599666556835e+03
-3.360826762997002334e+03 -1.126998043649123247e+04 1.677203542130875178e+02
7.419602854914844556e+02 -2.491004334579575698e+03 3.778999616948175571e+03
-6.058333705356329119e+03 -7.373174929120619709e+03 -4.708923309448699911e+03
-1.791705488476314486e+03 -8.479077317934576058e+03 2.963221575999597235e+01
-1.107658331907416868e+04 3.437734288526413820e+03 -1.696030768380037216e+03
-3.769130069970130990e+03 -1.051763029523515797e+04 -9.337225730555496739e+01
2.783289703470486074e+03 -5.267795788902520144e+03 3.365788789018116404e+03
-4.222914829419617035e+02 -8.375135352611740018e+03 5.491666440354272254e+02
-3.715155715174806573e+03 -1.031205024848801440e+04 -1.151754089719862009e+02
-3.700990447771103391e+03 -1.024392197873734403e+04 -3.169298243929616774e+02
-1.604949315012772558e+03 -1.100238808381646595e+04 -5.663440734775877900e+03
-4.086890596776106577e+03 -1.047063330795092770e+04 -1.166588031507862411e+02
9.704172453376557314e+03 -6.795258863504887813e+03 -2.613707042444805211e+02
-4.031619146433237347e+03 -1.031410748650257665e+04 -1.734885426928940149e+02
4.196550350316458662e+02 -8.859610045611443638e+03 1.725816957954799818e+03
-4.314968581738239664e+03 -1.067240402218545205e+04 6.860843242177902823e+01
-3.907254658612097955e+03 -1.033793517729888117e+04 -6.812973122052736130e+01
-2.344797172425236568e+03 -7.652148076214812136e+03 -8.808241068150598949e+03
-3.895842582112049058e+03 -9.739580047199722685e+03 -4.536138822826248429e+02
-7.380629435257825207e+03 -7.793782046890167294e+03 -3.598605380075126959e+03
-2.826573044852831117e+03 -9.266961327243454434e+03 -4.972232648898410048e+02
-4.309981482987811432e+03 -1.068854849016646403e+04 -1.463629328065499067e+02
9.971013456782013691e+02 -7.237818111496999336e+03 2.407772863208098443e+03
-4.271607971304662897e+03 -1.068388733901261003e+04 -2.687946887950309929e+02
1.655049132482030927e+03 -5.072950839583187189e+03 2.433126498466123849e+03
-3.846764656079023553e+03 -1.048588108177436879e+04 -1.973089661001975799e+02
-4.719199682647049485e+03 -9.927037466501453309e+03 -2.685245160007084451e+02
-3.205794409252747755e+03 -1.057118465116502193e+04 -2.256766199056821165e+02
2.683594150808668928e+03 -5.101280941830264055e+03 3.540403231779283942e+03
7.036891255962746072e+02 -8.100433389446584442e+03 1.201136452125196229e+03
1.285859746642942628e+04 -6.390663695336602359e+03 9.653003658482091396e+02
-3.399487977959890031e+03 -1.069888134959561648e+04 -3.555975921041653010e+02
-3.548603952901167304e+03 -8.482252743441160419e+03 -8.194320716163317684e+02
-3.297434881402894462e+03 -9.269298766339521535e+03 -4.982335229374396022e+02
-3.274194349967510789e+03 -8.321117017609178220e+03 3.035254846389017302e+02
-1.809008835746137947e+03 -7.252290360470555243e+03 1.045683881204505496e+02
-3.142126445795563086e+03 -8.427935136290061564e+03 -4.132486274308799352e+02
-4.468585190898385918e+03 -1.018767764843123950e+04 1.954341082036705757e+02
-4.537244457957889608e+03 -9.340471270989364712e+03 9.171035061881134709e+01
-1.933243433171610832e+03 -7.295167753486884976e+03 7.185960783530449589e+02
-3.455377648960979968e+03 -8.936647735267450116e+03 5.065536199588726731e+02
-4.275706193098465519e+03 -9.858971423063609109e+03 3.657031886071636109e+02
-3.614538921516933442e+03 -1.013578286320573170e+04 -8.057387236852039223e+02
1.978997061629430050e+02 -3.478693748807304019e+03 2.980164214618880578e+03
-1.978549936874451987e+03 -7.628803349558968875e+03 9.287333541104217147e+02
-2.285863929965733405e+03 -9.018574963079106965e+03 1.805654518766891670e+01
-3.415013918353063218e+03 -9.486282529165631786e+03 7.489335097074365422e+01
-3.945154305243987892e+03 -9.382574693812075566e+03 -6.770193119416505851e+02
-3.314329950237422054e+03 -9.281233433861387311e+03 3.406881643271885878e+02
-1.696379744710860962e+02 -6.324116472895415427e+03 3.382754515198917602e+02
-3.738944352365610030e+03 -8.023924058644787692e+03 -1.332293433618098959e+02
-5.461958006630815987e+01 -7.125078295520482243e+03 1.485179046958779736e+02
-3.347990230893561602e+03 -9.740728903227793126e+03 -4.852315664239130228e+02
-1.895135088404598719e+03 -9.124860063940877808e+03 -7.685588603416365459e+02
-3.511115048749472408e+03 -8.742614939488965319e+03 1.457763619206537697e+01
-3.844588061761034623e+03 -9.248952627226934055e+03 -3.615260454347151153e+02
-2.702792458321522645e+03 -9.495484487136100142e+03 -7.895331228393633864e+02
-2.061035797349497898e+03 -5.970748715338696456e+03 -5.620589138029165042e+03
-3.956312326882040907e+03 -9.846470997441296277e+03 -3.310137007039035097e+02
-3.979063876608355713e+03 -9.698020032194441228e+03 2.565868262975482139e+01
-1.422409535990446329e+03 -5.149297409569242518e+03 2.561678360108687684e+03
-1.820644984729155112e+03 -1.031656999175534474e+04 -5.764476504452181871e+03
-1.889793212961181780e+03 -6.920509387613092258e+03 -3.662977245592076088e+02
-7.525339340956479646e+02 -7.051233858678733668e+03 3.916519736096567499e+02
-3.185100447577082832e+03 -9.223249283592107531e+03 1.278155208414685262e+01
-2.682924137657310553e+02 -1.103398823549794361e+04 -5.636684216036383987e+03
3.042580236025861268e+03 -5.746712281852618389e+02 6.652702814125905206e+03
-1.848025936469869976e+03 -7.997326268416140010e+03 2.192167546974454524e+02
3.763541796462749062e+03 2.155591131431245344e+02 7.837608794908738673e+03
-4.260218158259323900e+03 -1.030411285031122679e+04 2.875597594397314651e+02
-4.053370523111955663e+03 -9.783055309094534095e+03 -2.572387735279517074e+02
-2.519403412487488367e+02 -7.537961128455142898e+03 4.092402236736892860e+02
-3.356868948115316016e+03 -9.729409822924368200e+03 2.306784237854107005e+02
1.645355640953269472e+01 -7.029167401544364111e+03 6.535241487042139852e+01
-3.383031883565303360e+03 -1.048680053093375136e+04 -9.921570429820678783e+01
-3.941380073739000181e+03 -1.037727104193336709e+04 3.023841310451957725e+02
-4.209341698893304056e+03 -7.345298818491907696e+03 -8.126566488187138930e+03
2.656542770777187798e+03 -6.961802464009524556e+02 7.642023089105723557e+03
-3.632625241962126438e+03 -9.030244490737521119e+03 -5.063684630263145436e+02
-3.260630618678140763e+03 -9.795006543953273649e+03 3.347115347641142193e+02
6.421401343183912331e+02 -6.827877905442011979e+03 2.840064514220995306e+01
-3.164925611414630112e+03 -7.762667794568807039e+03 -1.528024276397116523e+02
-1.634547943045562079e+03 -8.443668109198168167e+03 9.517607704979168375e+02
-2.405030274619459306e+03 -7.448422654872040766e+03 7.376082232373698844e+02
-3.749117094210976575e+03 -9.024777629309446638e+03 -3.168873796546674839e+02
-3.530641550601864765e+03 -9.759297636920189689e+03 -4.128804120107366771e+02
-1.939778217689142537e+02 -6.874381984466272115e+03 5.669838458092075939e+01
9.237581494537148501e+02 -4.719571698091972394e+03 4.056132873975790972e+03
-2.282904506260462313e+03 -5.828480612202728480e+03 1.764558991070148068e+03
-2.393212629737252882e+03 -8.151324002730421853e+03 3.418599599332425214e+02
6.930946289316285629e+02 -6.911224191596626952e+03 5.254937726083588245e+01
3.813818998914070448e+02 -5.598828128356099114e+03 4.582348860768386771e+02
1.311571498967700791e+03 -2.347401702052695327e+03 4.543901459538008567e+03
-5.119998479470013081e+03 -8.830601702681959068e+03 -6.274719704542467298e+02
-2.358093954507761737e+03 -7.352691071595589165e+03 7.169854217457543655e+02
-3.485267076128687677e+03 -8.833497681500002727e+03 1.546843147229789679e+02
-3.475584271877095034e+03 -9.010576153335417985e+03 3.183508883939028351e+02
-3.211714802653720199e+03 -9.646898019120755635e+03 3.575177568976819771e+02
-3.291187126587568855e+03 -1.045753360873570273e+04 -4.654927389610816135e+01
2.749056904407503225e+03 -4.911191675780555101e+02 7.340080895385733129e+03
-4.915972413683159630e+02 -7.692577515536018836e+03 4.809985444306448699e+00
-2.179152797632785678e+03 -7.279797900647554343e+03 8.134851991995187745e+02
-3.076512154967327206e+03 -7.125033747003902135e+03 -6.835486994290760776e+03
-1.264750266574272928e+03 -7.493535734182273700e+03 1.004196036094744727e+03
3.414625194481594463e+03 2.707408047005100684e+02 9.288846277638998799e+03
-3.354824166397741010e+02 -7.543850939537432168e+03 4.783364716557230167e-01
-2.183400211253600446e+03 -7.785350929005564467e+03 6.080335154859347995e+02
-1.545928882265685161e+03 -9.032664996778026762e+03 1.014342823942570249e+03
1.982589452645557685e+03 -5.039362499791961454e+03 2.268697152467419073e+03
-3.638537105480302216e+03 -1.015209023074582365e+04 -3.049843437453562842e+02
-2.260111785269953089e+03 -8.276870148662485008e+03 6.120173961918459327e+02
-4.947578202281280937e+03 -1.043985554872739340e+04 -2.767338493070601544e+02
-4.349534392378424855e+03 -6.384978093752663881e+03 -6.342501983605479836e+03
-1.195699033561347733e+03 -8.359467070583516033e+03 -1.392266139088338548e+02
-3.225496545398933904e+03 -9.550232905054092043e+03 -6.001201878984245468e+02
6.143683101141876932e+02 -6.539742776473016420e+03 5.306846301724286832e+02
-3.518785481373245602e+03 -8.295038913325766771e+03 -3.407346960617146578e+02
-3.829990427205075321e+03 -8.899804677301783158e+03 -2.270789292199153806e+02
3.643180263256952003e+02 -4.309500241632671532e+03 8.741884453503523673e+02
-1.674315928091558362e+03 -7.047782395103902672e+03 -6.990047094292116526e+03
-4.827969889521649748e+03 -9.172669440205459978e+03 -1.867667307133879717e+02
-3.323799931324952468e+03 -1.061759729378951852e+04 -2.879587299394061688e+02
-3.698715145601497170e+03 -8.489633920507134462e+03 -5.796760487831363662e+02
1.152412561127428944e+03 -6.033912391172225398e+03 1.041920630164386694e+03
-3.540383938657880663e+03 -1.059408289643887474e+04 2.711481774471171775e+02
-1.264647579769686217e+03 -7.511153698592384899e+03 2.090892479545887284e+02
-3.441868415988638844e+03 -8.884784772733512000e+03 3.260871851079663202e+02
-2.023490255410268901e+03 -6.083285945502876530e+03 1.829451961708828549e+03
-4.096236092992136037e+03 -9.744879273232878404e+03 -2.939804020276724827e+02
-3.158557359147219358e+03 -9.236803047947298182e+03 4.310456773547725788e+02
-4.160503981308248513e+03 -7.170505701260683963e+03 -7.487269064785730734e+03
-2.494540984617990034e+03 -7.758361863751513738e+03 6.690055619710319661e+02
-3.961299263843631252e+03 -7.976977679374408581e+03 2.056143135802376491e+03
-3.734065714977519292e+03 -1.022589358332413212e+04 -3.180073253578731851e+02
-3.382398259445560143e+03 -8.918319406390786753e+03 1.935686733187132234e+02
-3.140606918748075259e+03 -9.169791110638045211e+03 -1.858059275453922510e+01
-3.482984121814929949e+03 -9.330841355672962891e+03 -1.420518691994282108e+02
-2.704236694317467936e+03 -8.955805137163770269e+03 -5.505360093711281024e+02
-2.746192514717246013e+03 -8.791468716332739859e+03 -5.382324117942907833e+02
-2.883708741574911073e+03 -8.602798422772997583e+03 -1.269479332850273465e+02
-3.188069033172868785e+03 -9.518275315605173091e+03 5.121518312378431119e+02
-2.514161342966387565e+03 -8.588099132370834923e+03 4.306496982558752507e+02
-4.416149901734755076e+03 -3.358033105617043930e+03 1.202235773949971872e+03
2.064110104471598788e+03 -5.846027700512308911e+03 -3.648883894219663489e+03
-4.453657128752483914e+03 -9.000265150640598222e+03 -1.603014726658101381e+03
-1.195746089347510315e+04 -6.839961993093765159e+03 -1.099822509017495213e+04
-2.951558010270739942e+03 -9.097424926588715607e+03 -5.418307754229209650e+02
-3.238746698228897003e+03 -9.231634850537413513e+03 -3.325498896051728934e+02
-2.875596628253935251e+03 -8.989106054912144828e+03 -5.106605894489860020e+02
-3.025283319960339668e+03 -8.313908890247515956e+03 1.361025079486670109e+01
-3.521029170947026614e+03 -9.069822887079542852e+03 1.808472362635355921e+02
-3.114029545588710789e+03 -8.718839110795135639e+03 -7.759520606444657460e+02
-3.440856064653516114e+03 -9.190058098081097341e+03 -1.976036548638902559e+02
-8.720558265706731618e+03 -1.011359157239815249e+04 -1.029196877374909673e+04
-2.308266901639069147e+03 -7.897029198611117863e+03 -5.858905210158334285e+02
-5.319592593994368144e+03 -9.790505735855333114e+03 9.509450278924553004e+02
-2.088931261527238348e+03 -8.247284575483543449e+03 7.929204292095854498e+02
-2.886320865718231744e+03 -5.152680357646960147e+03 -2.125456989682225412e+03
-3.147500896304233720e+03 -9.158078955447284898e+03 -5.941711149064872188e+00
-1.661210957512416144e+03 -8.057222537392019149e+03 -1.732922845172867596e+02
-1.516692431788444082e+03 -9.497885095575424202e+03 -2.760351864422964809e+03
-2.990270219923025252e+03 -8.571671580280006310e+03 1.258618421322147242e+03
-2.799695029925811923e+03 -8.563542003176684375e+03 3.812950892114215549e+02
-3.381059094008942338e+03 -9.186844708070653724e+03 -3.170295782971191443e+02
-3.315432408745375142e+03 -9.130729210848563525e+03 -4.348913890558724802e+02
-9.357048196944895153e+02 -6.712434471340390701e+03 -2.957199845579340263e+02
-1.210134170160407166e+03 -7.698415478041294591e+03 -9.433339301756781424e+03
-3.452167185322427486e+03 -9.291002635619293869e+03 -8.662246016476791510e+01
8.733773439452595539e+02 -7.503989770906986450e+03 -6.002766640409670799e+03
-2.192545828377426005e+03 -8.033793784767954094e+03 5.827817387698353286e+02
-2.578467375120067572e+03 -8.121726680746530292e+03 -6.161057537317208244e+02
-3.351743044125127199e+03 -9.339360555329865747e+03 -2.971446104583715169e+02
-2.106383797718245660e+03 -9.054135659825305993e+03 9.937492587099743560e+02
-3.352849762118462422e+03 -8.667501362464592603e+03 -6.069563240932671988e+01
-3.270845914030863696e+03 -9.319221355620051327e+03 3.347275489269288755e+02
-3.559952733923697451e+03 -9.868392462874206103e+03 3.389701349413893467e+02
4.051081006230452886e+02 -8.452483338963233109e+03 5.708814814313680017e+02
4.405778330262757663e+03 -4.714703023959789789e+03 -6.704466971924559402e+03
-5.099836655845419955e+03 -9.343542638834343961e+03 1.796359101869628603e+03
-2.419181858205121443e+03 -8.375590124178655969e+03 -4.595778764581620521e+02
-3.420932052219049183e+03 -9.089944928931565300e+03 -3.071174962301387268e+02
-2.523450676101395857e+03 -8.972887537073360363e+03 -8.336988792488098170e+02
-3.239287668288079658e+03 -9.224148053595810779e+03 -3.884971966627267648e+01
-2.965811039734425776e+03 -8.095321091852170866e+03 1.195305085000570671e+02
-2.116401711105123013e+03 -9.940256298035254076e+03 -4.228266130101171257e+03
-2.990960112667647081e+03 -8.953723983561563728e+03 8.215459554543822378e+02
-3.185524288214474836e+03 -9.558712929712002733e+03 -6.922891920559593473e+02
-3.822465157496982101e+03 -8.539910947658252553e+03 2.655152772028640356e+03
-3.362090200391471171e+03 -9.075536436095149838e+03 2.981163355340856924e+02
-3.232763556917141614e+03 -9.221659979139756615e+03 -4.513257825410589703e+02
-2.846923215461578366e+03 -8.979923425522629259e+03 -5.215104142634124855e+02
-3.000893619845361172e+03 -9.191584878134932296e+03 -4.563214389095167007e+02
5.592589193615204749e+03 -4.417615836318988841e+03 -6.960118656636390369e+03
-3.947742995719633200e+03 -8.895284437644919308e+03 -3.220583408275470902e+03
-3.272614686551154591e+03 -9.243944187775503451e+03 -3.589210414429557545e+02
-3.834498717033144203e+03 -9.059423562741952992e+03 1.429299015116118198e+03
-3.366348217681739698e+03 -8.890544559184196260e+03 2.246081212650628345e+02
-4.479674789176050581e+03 -8.622227060633600559e+03 1.041062543109293301e+03
-1.231251846707871209e+03 -6.691014911377316821e+03 8.235972187446889166e+02
2.123317353079778513e+03 -6.448653754309654687e+03 -6.530883755237477089e+03
-2.992592030130750572e+03 -9.159290728469564783e+03 -3.002108253271762806e+01
-3.123099939577793521e+03 -9.224273501407153162e+03 -1.456896422324873583e+02
-1.778819800762362547e+03 -8.413707027827305865e+03 -3.804637091648332330e+02
-3.457627704776274186e+03 -9.166722852185015654e+03 7.808196138342134418e+02
2.129579731040724255e+03 -6.097749280574999830e+03 -3.209190602557407146e+03
-3.270020140734085089e+03 -9.313969738273975963e+03 -3.220610511141261441e+02
-3.614473475213660549e+03 -8.972015461758031961e+03 -3.849007225154554362e+03
-3.184578321205012799e+03 -9.257644137526851409e+03 -3.613349079234501460e+01
-2.949672163207086214e+03 -9.141908935193285288e+03 -4.277019331684653025e+02
-3.275777165654356850e+03 -8.510706944480802122e+03 4.810138195989553083e+02
-9.515196419140920625e+03 -1.002956919806711630e+04 -1.064838700837335091e+04
-2.898239990945794034e+03 -9.106341642489567676e+03 -5.253210901783738791e+02
-6.150216727314656964e+03 -6.168315901097673304e+03 -6.280297783143393531e+01
-2.736107492151492352e+03 -9.019771711203162340e+03 -5.476482072777090480e+02
-3.723525574757008144e+03 -1.046888390826611612e+04 -2.684821584136552701e+02
-3.358338598539890882e+03 -8.753252232499749880e+03 4.656753630226631913e+02
-3.205746494148155762e+03 -9.121019763909946050e+03 1.718003990173417606e+01
-9.156128222258228561e+03 -8.884309526856613957e+03 -1.125006414599665914e+04
-4.516188098394763074e+03 -5.827116238819549835e+03 -5.231683526441221147e+03
2.864466013206370917e+03 -8.862914716092069284e+03 8.506690377658123907e+02
-3.342480086430316533e+03 -9.173492442440685409e+03 -4.844777129856928468e+02
-4.012193961553135068e+03 -9.959899046067019299e+03 -7.697898226630271665e+02
-1.993023240663893375e+03 -9.748150007025493323e+03 -2.064117859999425377e+02
-3.066328943544724552e+03 -9.084695497625079952e+03 -4.725112288268945235e+02
-3.059892982698342621e+03 -9.105381129191238870e+03 -4.815303311318190822e+02
-3.028321181220866492e+03 -9.165558186098178339e+03 -2.530157357532551714e+02
-1.579255332692028333e+03 -9.555768280535025042e+03 -4.859321721965242432e+03
-3.388089258789427276e+03 -9.184054979930715490e+03 -4.177206174310188658e+02
-4.052007145334635879e+03 -8.665735046448513458e+03 1.010451494639716884e+03
-4.740460309529919869e+03 -9.269238489187662708e+03 1.590114954220827940e+03
-4.344340103195322627e+03 -7.337867576126006497e+03 -5.502923270118524215e+02
-3.538643795065209815e+03 -9.344109387885348042e+03 -3.441082319351193064e+02
-6.691125258149640104e+03 -9.259244795039045130e+03 -5.204812988901223434e+03
-2.141291573247270662e+03 -6.501045445730927895e+03 7.763787077670029930e+02
