-8.417914378043338729e+03 -1.051291388893852491e+04 -8.542633222318593198e+02
-3.647869553339740378e+03 -8.124930592065040400e+03 1.010350260700080867e+03
-2.513282134821399268e+03 -8.007820078143588034e+03 1.012833415976001447e+03
-3.956585084351419937e+03 -7.994250792580975030e+03 8.983307806208094917e+02
-4.172485579228803545e+03 -7.884460193410147440e+03 3.126985044354579486e+02
-3.176735272817166333e+03 -7.891422935333310306e+03 7.428486820535333663e+02
-2.587679639722890897e+03 -7.751703402908157841e+03 1.680356352095907823e+03
-9.783382721131309154e+03 -1.043692890600874853e+04 3.201935946467023314e+03
-1.980657381482696337e+03 -7.361602951301091707e+03 1.086488128932987593e+03
-3.276300981525212137e+03 -7.783037245736581099e+03 7.671859698522366671e+02
-2.491308255307267245e+03 -8.229384264824690035e+03 1.806073881104489601e+03
-3.759183377227077017e+03 -6.640097687379801755e+03 -1.648169769673543783e+02
-3.290911995825141275e+03 -9.585023496097224779e+03 2.043123190328235069e+03
-2.618805231743896002e+03 -8.111583327489563999e+03 6.790304955412564141e+02
-3.453077993290293762e+03 -7.760003062875538490e+03 7.938302382599540579e+02
-2.346251745733326061e+03 -8.984010955421608742e+03 -3.446291037200990104e+02
-5.938888792439245663e+03 -7.784800916970943035e+03 -6.968599752250791425e+03
-3.213956952977145193e+03 -7.761605124847130355e+03 1.011213667543790166e+03
-1.212815015040780054e+04 -1.589421346733334940e+04 7.074606982038573733e+03
-4.957209397799963881e+03 -1.184115995686300994e+04 1.643863569544214215e+03
-4.863331213900651164e+03 -5.424955123505816118e+03 -9.252950958197074215e+03
-3.304369895680620175e+03 -7.787570885129567614e+03 4.016759542127656459e+02
-2.944528367336265092e+03 -8.057747328372018274e+03 6.966571523912589328e+02
-6.992385654577681635e+03 -7.251999220939593215e+03 -4.936092069654464467e+03
-2.634376955196170911e+03 -8.027317856056606615e+03 4.864145702864886971e+02
-2.430250567206559026e+03 -7.953617247267826315e+03 8.825244454665747753e+02
-2.583129061668780196e+03 -7.651897676812925056e+03 1.858066038092311373e+03
-3.363253558924228400e+03 -7.628807998656363452e+03 3.783147293084148259e+02
-3.003989657721395815e+03 -5.715502490889006367e+03 -5.008263097665285386e+03
-4.909258037756065278e+03 -4.723237745931541212e+03 4.966705221499356071e+02
-2.553115737972714783e+02 -1.454095770352840555e+04 2.901290248879599403e+03
-5.660016894483006809e+02 -1.018188166478334279e+04 1.377943671344977020e+03
-2.683237818422511282e+03 -5.951436028598518533e+03 -1.585891437517354916e+02
-3.076218025674594173e+03 -1.115474653699842020e+04 -2.368572309316932206e+03
-2.562775447338655795e+03 -7.800703125796432687e+03 4.329160086769966256e+02
-5.180181732828724307e+03 -1.084806242482568268e+04 -1.545306633631830437e+03
-3.930678468261442617e+02 -1.100221108683027160e+04 2.978710325515426575e+03
-3.244222933013676084e+03 -8.531085045218584128e+03 1.903614666998321354e+03
-9.273491754041759123e+03 -1.242850600138928166e+04 3.565804236767031057e+02
-3.357531497428715738e+03 -7.575879964755697074e+03 2.773855758682459509e+02
-4.211267929562219251e+03 -2.124908766942727380e+04 7.224340323110374811e+03
-3.046442989934590059e+03 -7.123260342274698814e+03 1.384655886173509884e+02
-3.176787827050140550e+03 -8.515417086288909559e+03 -2.007544346983827836e+03
-3.090413781677627412e+03 -7.732776799925504747e+03 4.895079854185644308e+01
-2.824060586909102767e+03 -7.098555984855679526e+03 1.741580731550370274e+03
-4.088516716604768135e+03 -6.204887511034582531e+03 -7.988494463432519296e+03
-2.466281266842622244e+03 -7.985788108919694423e+03 9.221655100076599183e+02
-1.258754513626805647e+03 -8.788306772999274472e+03 -7.172488480741535568e+03
-4.509328206650355241e+03 -7.881908106097847849e+03 3.558643020495624114e+02
-4.438847221019339486e+03 -4.944576736734791666e+03 -1.870420784715354557e+03
-4.493607356509362035e+03 -1.061843884942719160e+04 -3.302998235309523352e+03
-2.464067388497397133e+03 -7.821285910552504902e+03 7.867774689207683423e+02
-3.265323689285748969e+03 -7.874305283864254307e+03 6.332236426885183391e+02
-5.178172902652072480e+03 -5.609625132831055453e+03 9.700902094724741573e+02
-2.767292743438117213e+03 -7.680647015353662937e+03 1.925057954945936444e+03
-2.770814660772375191e+03 -8.086198708310043912e+03 6.300724489550799490e+02
-5.047891452573840979e+03 -7.191036963256799936e+03 -3.585693938547235575e+03
-2.489947140411791679e+03 -8.069870296832550594e+03 9.305070601179970708e+02
-2.527870528555587043e+03 -8.078016914867683226e+03 8.183233588793931403e+02
-2.937975217032071669e+03 -7.366361617609442874e+03 3.398900715064281144e+02
-1.123293694933486768e+04 -1.730670339463535856e+04 8.738085016279381307e+03
-8.652573775961800493e+03 -7.944399363366740545e+03 -5.325803662486348003e+03
-3.544390065472035985e+03 -7.613064999897686903e+03 7.331129111203567845e+02
-3.968090443797790613e+03 -5.350583341854962782e+03 3.791336069120504249e+02
-1.852399973078813446e+03 -6.741752674494470739e+03 -1.063406381756973360e+03
-2.481089902202039411e+03 -7.394694545692545034e+03 6.377005249949099834e+02
-2.597769044057209157e+03 -8.307476943169251172e+03 3.077348883401378316e+03
-3.942409391585952108e+03 -8.239802605416192819e+03 9.515608300928433891e+02
-4.358025720881624693e+03 -6.186738182490718827e+03 7.990554403341582201e+02
-2.572937364557708406e+03 -7.576409868547691985e+03 4.228792561115581634e+02
-3.115363300476641143e+03 -7.714393153038916353e+03 7.485805968198596929e+02
-3.926045022839505236e+03 -6.506282444691646560e+03 -9.924872428239928013e+01
-2.912337639660422610e+03 -7.990508857130574143e+03 4.227538813724317492e+02
-6.364431621730020197e+03 -4.455797381285041411e+03 9.776435547959525820e+02
-2.597981629515752957e+03 -7.773436981068603927e+03 1.537997423174592996e+03
-2.997630325232566520e+03 -7.428110930312059281e+03 3.950903535285145267e+02
-1.902674156151412717e+03 -6.847986319481023202e+03 -2.174554736283433556e+02
-3.258969574267126518e+03 -7.793700234695086692e+03 7.451301335717118945e+02
-3.167597279102146331e+03 -9.415629431785398992e+03 -2.825463562655086207e+03
-3.474892678302669083e+03 -7.792156334036813860e+03 6.518917601558171100e+02
-3.158698894461604596e+03 -7.981119054235930889e+03 6.434858845190544798e+02
5.785277058938637310e+03 -2.166473682436618037e+04 -5.105875496296566780e+02
-3.974738909740432064e+03 -6.974719832232897716e+03 -3.521504220826473102e+02
-4.052611162284514648e+03 -6.036098153562800690e+03 6.651394504671884533e+00
-8.986058455623950067e+03 -8.639194144690494795e+03 -3.416217505952337888e+03
-6.987732925132233504e+03 -1.586338588550782151e+04 2.267732060872046077e+03
-1.334920587448451079e+04 -1.614224978619528338e+04 8.389864105354123240e+03
-2.678172458293171530e+03 -7.810366489193219422e+03 2.559367787512939003e+02
-9.640790192983617089e+03 -7.890531679333112152e+03 -4.352293362064888242e+03
-9.204265791827809153e+03 -8.941164303198011112e+03 -1.736835367194515356e+03
4.295469531435708177e+02 -1.136974905767591918e+04 2.138438271295551203e+03
-2.865467200926080750e+03 -7.976923747925063253e+03 8.672752362658343372e+02
-1.751616604906751718e+03 -8.512072386278356134e+03 4.327624027220882681e+02
-3.818001865105894922e+03 -5.863263905654313021e+03 1.586548010272998681e+03
-2.334472479572235898e+03 -7.648917249100791196e+03 1.018395991338881686e+03
-2.741564887545787315e+03 -7.394164214669082867e+03 -9.179177998757339765e+02
-2.885454719107556230e+03 -7.467355316911502086e+03 4.345393048703438126e+02
-4.518282060367690974e+03 -6.165124945695303722e+03 8.617542975994916787e+02
-2.635400869387313378e+03 -1.262465245740603496e+04 -1.869507337721767044e+03
-4.858583873068067078e+03 -6.186846443249818549e+03 1.389955030206018364e+03
-4.375248603956712032e+03 -8.351414217350631588e+03 1.354362356764047945e+03
-2.593581207761031237e+03 -7.730555209195953466e+03 9.505891568606772353e+02
-2.476660333371485649e+03 -7.761171468638171973e+03 8.762577902314591256e+02
-4.447845398900499276e+03 -5.838540957389596770e+03 4.675684504818494815e+02
-2.456123800442932406e+03 -7.880384492171676357e+03 1.032709931239183561e+03
-2.473493300090494813e+03 -7.945442519310188800e+03 1.087962768673404753e+03
-2.596323212511385464e+03 -7.840939103742152838e+03 1.037714816616035932e+03
-2.550389455473729868e+03 -8.008615258041778361e+03 9.821637970650119769e+02
-5.833580284012487937e+03 -1.219675700325096477e+04 4.883555966059142520e+03
-2.599071997684350208e+03 -7.918398070277710758e+03 9.941036578607270258e+02
-2.712409216965440919e+03 -8.034099506353732068e+03 8.477832800973258145e+02
-2.759190878748905561e+03 -6.172579651503900095e+03 5.455859067090725603e+02
-4.684879166059125055e+03 -5.127601702251131428e+03 3.645379579578437870e+02
-2.474472952832528790e+03 -7.850290413469484520e+03 1.057549732062352859e+03
-2.676669031625041043e+03 -8.123976310175019535e+03 9.149306365330925246e+02
-3.758522603685661124e+03 -7.884449689917004434e+03 1.364096762510421286e+03
-1.596529221278374507e+03 -8.020081665339805113e+03 -8.134641421794774033e+03
-6.252135278123052558e+03 -1.983823267431764543e+04 9.270742775924030866e+03
-6.564219613342898811e+03 -1.152885915127507360e+04 -1.498622769670706475e+03
-6.974387532824021946e+03 -1.612697416106232413e+04 7.688797305486652476e+03
-2.680316236656206001e+03 -6.423454564006221517e+03 3.960289514426292499e+02
-2.526507868379964293e+03 -7.857988679445600610e+03 1.127649681529655936e+03
-2.607063247611747101e+03 -8.090402557400765545e+03 5.698944152869721620e+02
-3.328006939640555629e+03 -9.967859235450347114e+03 2.274618460701891308e+03
-2.525814698267267431e+03 -7.786976762116514692e+03 9.074180528120939471e+02
-2.573854803421856104e+03 -7.723524382384071032e+03 1.561683171119827875e+03
-3.227074274070665524e+03 -7.996900677133329737e+03 1.389564056257877610e+03
-2.712977362726688625e+03 -7.718933133229355008e+03 1.129041175772463703e+03
-1.146365124875128913e+03 -7.796043061206979473e+03 -1.938514224544035642e+03
-4.165939894115610514e+03 -1.020783512977251485e+04 -6.749960593768139461e+02
-3.575083479167265068e+03 -7.782582841957259006e+03 4.302768688637508490e+02
-4.218938180579951222e+03 -1.084247199955088945e+04 1.452750095875974239e+03
-2.412940304322601605e+03 -7.914732806756312129e+03 1.104969541279966506e+03
-1.109899526560806407e+03 -1.032207908606115598e+04 -3.072847869718370930e+03
-2.650029077444267841e+03 -7.892682634030893496e+03 8.993575690664658850e+02
-3.542794930098384157e+03 -7.842934608734336507e+03 5.852845280556171019e+02
-3.626350360518464640e+03 -1.013844315089309930e+04 1.013589662960648980e+03
4.051757834608805524e+02 -8.415911844465794275e+03 -2.648157419224460227e+03
-2.487400605251009438e+03 -7.869440827361135234e+03 1.064485590609586325e+03
-2.463242945694962145e+03 -8.088925815398092709e+03 9.722944278997395031e+02
-2.721339036351407231e+03 -7.704361988793723867e+03 9.792191426239990051e+02
-3.544944701263317711e+03 -9.728298324437060728e+03 1.128534349069944028e+03
-2.046334284530664809e+04 -9.499708306837732380e+03 1.571599294117689169e+03
-2.684444487678551468e+03 -8.900819253179597581e+03 6.706839141503453448e+02
-3.082827102717008529e+03 -7.818162953880387249e+03 7.721308162364464351e+02
-1.777898136829260693e+04 -1.361466298716448364e+04 1.118954400099450595e+03
-2.554594811608728833e+03 -7.769681874442464505e+03 9.758029395028291901e+02
-1.447364461571579523e+04 -1.072865749298911396e+04 8.869456094476209955e+02
-4.152840510505539896e+03 -1.046452985820781032e+04 2.426697941590576193e+03
-1.442644626455387879e+03 -6.326846469519229686e+03 -1.637246601792852516e+03
-1.411248331771854282e+04 -1.663800965069597078e+04 4.550456607624587946e+02
-2.593869491943636604e+03 -7.658921355990994925e+03 8.990428784418170380e+02
-2.570263858679843452e+03 -7.949153349106632959e+03 9.751815113402813040e+02
-3.456706801144752262e+03 -7.275263634158631248e+03 5.730083857567740324e+01
-3.454302346637034134e+03 -7.753118890012686279e+03 6.911905044576109276e+02
-3.341946966195823279e+03 -7.723526675925061681e+03 5.223782839296694647e+02
-7.169093125252795289e+03 -8.763793409403457190e+03 1.515427274934881098e+03
-4.036522786887704115e+03 -8.822205122340597882e+03 -2.801341980962502930e+03
-2.608069955958829269e+03 -7.972400438831503379e+03 9.682880225796149034e+02
-3.150680817396887505e+03 -7.864218702264301101e+03 9.209741903136714427e+02
-5.186127068802277790e+03 -1.265240213604008750e+04 2.937250067546771334e+03
4.412312791103115046e+02 -1.042676657004899425e+04 -1.750002903487433287e+03
-2.767614650601195535e+03 -7.956308274497123421e+03 9.263410045529948320e+02
-5.344696640104631115e+03 -1.980782600355820614e+04 9.666948516374952305e+03
-1.107437730685559018e+03 -9.427583606098161908e+03 1.063780320581140586e+03
-2.869958658917218145e+03 -7.827931065242951263e+03 8.312306355016615953e+02
-4.200351224286130673e+03 -7.233446559368921953e+03 1.581162676011776512e+03
-1.803742035976646093e+03 -7.123175101870803701e+03 1.631120915510710120e+03
-2.708899874811855170e+03 -7.777589299696168382e+03 7.469745045383906472e+02
-2.480552610923937209e+03 -8.015410334933191734e+03 1.010217704378936446e+03
-3.069932877466077571e+03 -7.898164424576965757e+03 5.344601318681050088e+02
-2.653022373298269486e+03 -7.648295430161601871e+03 9.372036367006210185e+02
-3.592458301681301691e+03 -7.612132776266441397e+03 6.242475340748467261e+02
-3.580791396083754535e+03 -7.899571209968834410e+03 7.824058578542075111e+02
-3.446390571889605326e+03 -7.676080535470444374e+03 9.408543199870579201e+02
-2.589770694574299341e+03 -7.908489545767463824e+03 9.384792467877443869e+02
-2.537114186972719381e+03 -7.794874997008019818e+03 8.956419934631098840e+02
-2.897357722759587432e+03 -7.788871221261610117e+03 6.498108186536660469e+02
-3.919282959282446427e+03 -6.715357577499175022e+03 9.040089448067926696e+02
-2.837217253169849300e+03 -7.457448442342273665e+03 4.780426769124552493e+02
-2.818552608559494729e+03 -7.876586710855729507e+03 3.387458055823897212e+02
-2.017621278050572073e+03 -9.062924788964130130e+03 2.449160831277699799e+03
-3.578782146870856195e+03 -8.071485393419278807e+03 1.081164084232265850e+03
-3.205550570248769873e+03 -8.809618823026621612e+03 -1.091116233640689188e+02
4.407528406854602508e+03 -6.443904896473112785e+03 -3.457319524323674159e+03
-3.485724263424522178e+03 -7.791968545411788000e+03 6.063949724050087298e+02
8.477854258501523873e+03 -7.527402224871132603e+03 2.565155406905916152e+03
-2.460062558438110500e+03 -7.948843505327692583e+03 1.055502808641188039e+03
-3.566196088027945734e+03 -1.095347801097434058e+04 3.805024951792144066e+02
7.427539171880328013e+02 -8.449591742381357108e+03 -3.939564794123364209e+03
-5.695824705480328703e+03 -6.779024800315155517e+03 7.158505285276751238e+02
-2.851276060424048410e+03 -7.826758498138920913e+03 1.104817862892413586e+03
-3.258658791887607094e+03 -5.950427769995933886e+03 2.672114987242122879e+03
-4.045605603886066092e+03 -6.120658890716018504e+03 6.380495933351849089e+02
-3.518732950283619630e+03 -7.925582412635916626e+03 3.989996437732359027e+02
-9.829066551380217334e+02 -7.066731462059892692e+03 6.817093236161264258e+02
-3.326861241712115316e+03 -7.633696883878314111e+03 7.297945799425338009e+02
-2.468612998850699114e+03 -7.867918607433983198e+03 1.154086740345662292e+03
-6.048195348084836041e+03 -8.638366476281131327e+03 5.039422447679704646e+02
-2.552016884133232452e+03 -7.783796142029802468e+03 8.761566653548220529e+02
-1.033363316343114775e+03 -7.602558221674436936e+03 5.335738217033298270e+01
-2.586764876450422435e+03 -7.738231195616476725e+03 6.895812305865772487e+02
-3.493714760983527867e+03 -7.421992261143879659e+03 8.853500422018321387e+02
-3.401892460521599787e+03 -5.668105766159310406e+03 2.158648667397355894e+03
-3.498129382815708141e+03 -7.384534484612608139e+03 6.357803325514454400e+02
-3.177333791768471201e+03 -7.703506614709223868e+03 1.288190899252479312e+03
-2.605295781602038005e+03 -7.588164791848944333e+03 6.623510804108560706e+02
-2.896080879477345661e+03 -7.901089192554493820e+03 5.471649073966366359e+02
-3.419504310131329021e+03 -2.798722677161835236e+04 1.345908346194771912e+04
-2.598277522506997684e+03 -7.670094936125653476e+03 5.491992866186573110e+02
-2.618435207316235392e+03 -7.814336959659251079e+03 8.198099892643837165e+02
-1.339069683341693690e+03 -2.352104855966000832e+04 9.363051023310557866e+03
-2.246759532930683235e+03 -7.871543269091967886e+03 6.867109220045963411e+02
-2.742318431997633070e+03 -8.392506134048730019e+03 5.403702610672274886e+02
-2.520315751611735323e+03 -7.757304406020193710e+03 1.062503777337289193e+03
-2.873457960724038458e+03 -6.514077008919248328e+03 -2.341534266265286135e+02
-1.444933754009575387e+04 -2.161289482138454696e+04 5.274900291741509136e+03
-2.952624452485729307e+03 -7.724819974436404664e+03 7.661264710746540914e+02
-3.944541200690984169e+03 -9.441601183581618898e+03 2.685471139889063124e+03
-1.007727390608798373e+03 -7.288775053488843696e+03 6.495863745674234906e+02
-7.580926769737318409e+02 -6.641745029150545633e+03 4.857102269911494545e+02
-2.586854772688871890e+03 -7.681158187898518008e+03 6.706563166308649215e+02
-2.466875217530380269e+03 -7.819606780253886427e+03 9.126699783526906913e+02
-1.478440149372916267e+03 -8.160866815379741638e+03 -3.804146021304697570e+03
-2.637342199522359806e+03 -7.583863468603050933e+03 7.702936380539656511e+02
-3.467011545851994470e+03 -7.320504334742137871e+03 6.780105558257342864e+02
-3.274013090259968521e+03 -7.721458096682799805e+03 4.942084668108462893e+02
-2.845769410231751863e+03 -6.643063373781975315e+03 -4.434286659696448964e+02
-4.467442994835135323e+03 -1.228139718028369680e+04 -9.623756479824332928e+02
-3.411036771179026800e+03 -7.362153835564007750e+03 6.514128094235773005e+02
-1.586218626883196703e+04 -1.400744933695164764e+04 -8.723258958493615864e+02
-5.682524192244654841e+03 -7.956706534299871237e+03 4.778694672933027050e+02
-4.609095002259423381e+03 -1.158159406478795427e+04 5.325463978984393179e+03
-2.595759257700869057e+03 -7.637130417215691523e+03 1.119720774955112574e+00
-2.639460036952689279e+03 -7.603011155003782733e+03 5.625231362899146461e+02
-3.911588803673781968e+03 -6.318495175320344060e+03 5.695678736830084290e+02
-1.409991044784204132e+04 -2.248074681485279871e+04 6.683600591132988484e+03
9.091852137092560952e+03 -5.076103064147790064e+03 4.471897721743142142e+02
-2.782039826401347000e+03 -6.507560256684307205e+03 -7.455173033243712553e+02
-2.701611609611632048e+03 -7.620406024740810608e+03 8.428381147505765512e+02
-2.508210917371563482e+03 -9.063369104779914778e+03 1.603833805939004378e+03
-8.017363815513278951e+02 -7.553885905029936112e+03 -3.490128957904305480e+02
-3.898681235111482692e+03 -1.270538674858922423e+04 -2.388522041117284971e+03
-1.251325968222961819e+04 -1.200921924499989291e+04 -2.105923307672721876e+03
-2.879523406450106904e+03 -7.465317361785901994e+03 6.273585595379709048e+02
-2.860394619043633611e+03 -1.021268264446611647e+04 -1.025926332729298338e+03
-2.700866277126635850e+03 -7.836238574023658657e+03 6.234173900325070008e+02
-6.723553427855942573e+03 -1.714779539778393155e+04 2.518284476309647289e+03
-2.344692042693352960e+03 -7.509152205901536945e+03 1.160951698048105754e+03
-7.032146051540128610e+03 -6.718591040751955006e+03 -1.925947962273537087e+03
-5.732311793141647058e+02 -1.602816696506110384e+04 -1.177827834163776828e+02
-3.511085613249414564e+03 -7.356449634156430875e+03 7.441036608850273524e+02
-3.251315597489294760e+03 -7.472420308565980122e+03 8.696550454218910318e+02
-3.293508614734649200e+03 -7.456404456594294061e+03 7.691957187647559522e+02
-2.487468180385265441e+03 -8.064128944777498873e+03 9.713054985424377037e+02
-2.466026785006883074e+03 -7.778264437799674852e+03 8.645043796037875836e+02
-4.748316041278166040e+02 -2.175578532275533507e+04 7.735607779420269253e+03
-3.425578783755596760e+03 -7.312849020655313325e+03 4.930115599916119891e+02
-2.702355261105203681e+03 -8.203054326378160113e+03 -2.490259137823265405e+02
-2.788926623641572405e+03 -8.345990738907459672e+03 5.088193158964918439e+02
-5.380654490718412490e+03 -1.826131285477692654e+04 6.483072570909600472e+03
-8.918915622731630719e+03 -2.382717000357665165e+04 7.578205307465806072e+03
-2.727716327117570927e+03 -7.756442373043212683e+03 6.846705585968088599e+02
-2.890336084235024373e+03 -5.267518025545802629e+03 3.006159571364038356e+02
-2.887063772028001040e+03 -7.468056534820165325e+03 5.561417269781983350e+02
-2.488880485611713539e+03 -7.774755599705542409e+03 9.509033785112347914e+02
-6.728903199415799463e+03 -6.139883209919162255e+03 -1.518079046832914628e+03
-3.532957664212106010e+03 -7.356287976210351189e+03 4.270011329205683523e+02
-3.252075812372957444e+03 -7.672593451776714573e+03 1.223854961931320531e+03
-2.522251147247125118e+03 -7.780082152222950754e+03 1.016257591041602154e+03
-2.662234684502887376e+03 -7.682272756824513635e+03 9.438118038797748568e+02
-3.443802970987975186e+03 -7.338933301353220486e+03 6.391325358346563235e+02
-2.516412960794473292e+03 -7.776528915838700414e+03 8.269727272921272743e+02
2.129232846617138875e+03 -1.129015519866777868e+04 -2.154430036130051121e+03
-2.544834718024340873e+03 -7.969622332554925379e+03 1.015976207842079361e+03
-2.814873604263020752e+03 -7.830941216604538567e+03 5.488215341696094356e+02
-3.140406079808948562e+03 -6.911795843592886740e+03 2.116533739087509502e+01
-2.541525838431276043e+03 -7.904876849787679021e+03 9.353851440577160474e+02
-3.205405802444583969e+03 -8.063556792394195327e+03 1.968509052263668082e+03
-2.716281242099764313e+03 -7.810580774923841091e+03 6.947789637446028337e+02
-2.780436813055077437e+03 -8.008913660016074573e+03 7.451987250834591805e+02
-1.472902414596734707e+04 -1.430398826274800194e+04 4.628101189335895356e+02
-5.711507798628821320e+02 -1.202106802101618814e+04 -2.283610366319883269e+02
-3.895161282686945469e+03 -7.301624692508992666e+03 5.991294753677700555e+02
-5.199117844647637867e+03 -2.806873262014929423e+04 1.405807318083984501e+04
-8.713980815928542825e+02 -7.958127008752403526e+03 -9.518640582688963150e+02
-4.105279391683790891e+03 -1.760312279095581471e+04 5.622222403575042335e+03
-2.949551542974769745e+03 -7.533463313905438554e+03 7.834539688690537105e+02
8.188386475528500341e+02 -1.719353572419771081e+04 2.721084974566471828e+03
-2.120535315345132403e+03 -7.451205175319109003e+03 -1.137256485594404239e+03
5.321906691571122110e+02 -1.982246443635902688e+04 5.223285738937797760e+03
-2.501045380674878288e+03 -7.774331558208959905e+03 9.521588673690445148e+02
-1.978013284713271105e+03 -6.373237917007527358e+03 -1.574456419914785783e+03
-2.590693515319201197e+03 -8.031389279492224887e+03 6.303175686205091779e+02
-3.178443846449072680e+03 -7.399123918199143191e+03 8.282891760566084258e+02
-4.769942109729679942e+03 -7.052602302838725336e+03 7.556924155800479639e+02
-3.346392002208139729e+03 -7.379302540628968018e+03 4.678278264994419260e+02
-2.548189116753610506e+03 -7.723243838375785344e+03 8.145494590027938102e+02
-1.618452787167398128e+03 -7.673667896231471786e+03 1.979117357445478092e+03
-5.055473466040151834e+03 -4.622164727535935526e+03 -4.547455913094810853e+02
-1.073239251155232523e+04 -2.658867893160940002e+04 1.633221346407316014e+04
-2.054082753398080058e+03 -7.671547579443735231e+03 1.371850865901235011e+03
-4.330804789338446426e+03 -6.430270831045104387e+03 5.730865545953048468e+02
-3.376175968315351838e+03 -7.648562919967396738e+03 2.834391597078029577e+02
-7.219053311264297008e+03 -2.384450131816828434e+04 1.257685170444043251e+04
-3.523909087751340849e+03 -7.336969003981881542e+03 4.943056793519309622e+02
-3.381598541917875082e+03 -8.135060700646374244e+03 3.810813347654733434e+02
-3.010769903524099846e+03 -8.147727640886816516e+03 3.202703121066166432e+02
-2.870309157723690078e+03 -8.651830533307504083e+03 -2.092046317112907673e+03
-3.199899119547664668e+03 -7.514316006331572680e+03 4.750822098356322840e+02
-3.434627180937849062e+03 -7.504343293660217569e+03 3.923196375063051846e+02
-2.978963444205093765e+03 -7.986712845571275466e+03 1.592951652808108065e+03
-3.878933271215061723e+03 -6.262856654368617455e+03 2.678073400121373879e+02
-2.307407723731881561e+03 -8.933979609218129553e+03 -1.043318498216752005e+03
-3.340608910946048127e+03 -7.686898804387191376e+03 6.099674865974643581e+02
-4.765642497096726402e+03 -1.434395865644892183e+04 -2.329238677384693347e+03
-2.972929090909514798e+03 -6.836788295483014736e+03 -3.066282297006450790e+02
-3.528060178754165463e+03 -7.635047245992312128e+03 5.449255075935456034e+02
-6.767037847136703931e+03 -2.313906859742524466e+04 8.847363819933756531e+03
-6.782437238628844170e+03 -2.050362692638353474e+04 1.088674871464492753e+04
-1.627738567843010969e+03 -7.568483248857563012e+03 1.967272014020456936e+03
-2.821639245281557123e+03 -7.655950242305445499e+03 5.116427406110393008e+02
-2.696740029948491610e+03 -7.772116844314015907e+03 5.984238392206788149e+02
-1.020756004098523954e+04 -2.534666563841355674e+04 1.560114999768595590e+04
-3.153967414065487901e+03 -7.564351741221494194e+03 6.509499993425740740e+02
-3.655645156289607257e+03 -7.622712648918018203e+03 5.962542603996841990e+02
-2.630192380983534804e+03 -7.560217297560612678e+03 6.284008274476775568e+02
-4.124699065003509531e+03 -6.938035077541626379e+03 1.586653780217991709e+02
-3.519319040627296545e+03 8.033170061341646942e+03 -3.233099220100325510e+02
-5.162328854123853489e+03 -5.989076650472207803e+03 1.065827277494135160e+03
-3.121095871017748777e+03 -7.642856048673696932e+03 9.994013267884531615e+01
-7.422215002624981025e+03 -2.131820873280979504e+04 1.208500388862897307e+04
-1.999905952214341369e+03 -7.610313066499223169e+03 1.315479477433952979e+03
-3.155616146070984087e+03 -1.523158155212577913e+04 3.734082479291362233e+03
-3.355237118966580510e+03 -7.189434028141874478e+03 1.069543581804035966e+03
-4.221082903777289175e+03 -5.745107938056911735e+03 9.485604129203650245e+02
-4.438410061133519775e+03 -1.426743337917657300e+04 4.637929651896854011e+03
-3.380076849347922689e+03 -7.410922300688469477e+03 1.414309155321144772e+03
-3.483058763772621205e+03 -7.372473987593238235e+03 3.634752092624073612e+02
-2.890842048514494309e+03 -7.537713915839596666e+03 4.974482819365734940e+02
-3.060161842511099621e+03 -7.341998942985593203e+03 -9.662769607862617249e+01
-8.159716004452226116e+03 -2.150349339100537327e+04 1.212680219896689414e+04
-5.205663570499837078e+03 -1.405203581510319782e+04 1.527438282337521059e+03
-3.137522841167766273e+03 -7.128768259374796799e+03 -4.698803634073233297e+02
-2.932687541477859668e+03 -7.665043949785040240e+03 7.701158934905000706e+02
-4.231161159278945888e+03 -7.262509414555319381e+03 1.612707722203113462e+03
-2.948510139384199192e+03 -7.547766302601374264e+03 5.809976041156174915e+02
-1.288604666502475084e+04 -8.385160234125237366e+02 3.756607396054875153e+03
-7.628292019539990179e+03 -8.232108163804774449e+03 -5.489172796813812056e+03
-4.268893062760325847e+03 -6.762533464135675786e+03 -4.368909339719634772e+02
-2.825028637902424180e+03 -1.178699102024143031e+04 -2.397397593993290684e+03
-2.262251240300613063e+03 -7.535069782826910341e+03 1.191817330425731370e+03
-2.992889928051058178e+03 -8.116383570301356485e+03 5.764317762997723094e+02
-2.456309092354768836e+03 -7.919381633756547672e+03 1.020245409671256766e+03
-2.597746681177476603e+03 -7.642276484650794373e+03 5.735641960838381692e+02
-2.677364091292432931e+03 -7.460599484268343076e+03 8.116655328342511666e+02
-6.898676775432510112e+03 -2.177922493602360191e+04 1.290552455441124584e+04
-4.292694918310116918e+03 -6.181826016227012587e+03 2.171995357993324092e+02
-2.351245245447677462e+03 -7.495839192782327700e+03 1.144114873230832245e+03
-2.749599874766257017e+03 -7.479395194235665258e+03 1.383537459484329020e+03
-1.436089012911360078e+04 -1.153815773117123354e+04 8.933895656144864915e+03
-8.520580551861636195e+03 -2.240646959193910880e+04 1.393707894518706416e+04
-2.095381731024139754e+03 -7.693917821708468182e+03 1.121851981359313413e+03
-4.014807499956443280e+03 -5.311200736354284345e+03 3.134173586437191261e+01
-3.170480290510839041e+03 -7.517647515193886647e+03 5.991623286075731585e+02
-3.354783593201924305e+03 -7.381298202804852735e+03 4.541939937760328689e+02
-2.423532816852160977e+03 -7.191249447188247359e+03 4.048184494213330709e+02
-4.116022302537988253e+03 -3.581591685154869083e+03 -2.784664914716887324e+03
-2.094707368211870744e+03 -7.658569069812515409e+03 1.200035870121844937e+03
-3.154631782922424463e+03 -7.722027857986190611e+03 7.657585454125975275e+02
-2.895842438287074856e+03 -7.468051090597999064e+03 5.946826864071306318e+02
-3.249433461043066018e+03 -4.832977186453247668e+03 8.342792668661456901e+02
-2.766652587763403062e+03 -7.729732852888355410e+03 6.698815399045911363e+02
3.003819685839506519e+02 -1.409545740456452768e+04 6.124665496183736650e+03
-2.759783197989760083e+03 -7.909688025786153048e+03 5.116169999338351886e+02
-2.589054274752003039e+03 -7.633741148163521757e+03 7.069623692530018388e+02
-3.776357246298890004e+03 -7.064818139640246045e+03 -1.132322483972276927e+02
-3.312567636565885550e+03 -7.432759617599442208e+03 6.125377125182473037e+02
-3.330453100634976181e+03 -7.385793785343103082e+03 7.732859781099097063e+02
-2.652392138083437203e+03 -7.826715000415483701e+03 5.554357033026057024e+02
-2.582027061370897627e+03 -7.657505154191997462e+03 6.493964738933427725e+02
9.855333237486750022e+02 -1.786773627419238619e+04 2.153940417518765571e+03
-1.994369158987628452e+03 -7.482257973746814969e+03 2.870558388294275119e+03
-2.614045524238100825e+03 -1.411514533162861517e+04 4.930583948687384691e+03
-6.870050216271752106e+03 -1.373267229444124314e+04 -1.430032353963390051e+03
-3.565062155197394532e+03 -7.169088887608470941e+03 1.038322805038751085e+03
-2.055891932319149873e+03 -2.394350276812457014e+04 8.783298271520987328e+03
-3.606676470282816354e+03 -7.346993414715481777e+03 4.711567911696404281e+02
-3.159377918227237842e+03 -1.140915008607151685e+04 -1.350339337441493626e+03
-4.103693805510261882e+03 -8.986150768676910957e+03 -4.271954662653686228e+02
-5.008931883349941018e+03 -2.310802746426791782e+04 8.649782059264452982e+03
-3.433908277988069585e+03 -7.510178850223105655e+03 4.025537803611601930e+02
-1.665774899032751591e+03 -4.865204739024714399e+03 9.796149067260453194e+02
-3.627351046874030089e+03 -7.079049170170515026e+03 9.667412099762167088e+01
-3.559309849431624571e+03 -7.410578164353754801e+03 3.932341625327740076e+02
-1.687333073459418529e+03 -1.288458900368889226e+04 -1.790647842204646622e+03
-3.485163026837192319e+03 -7.405821512003626594e+03 3.048807451340572925e+02
-2.137027472099493025e+03 -7.649775056138791115e+03 1.402668072270501398e+03
-2.994077634204264996e+03 -6.748292937671491927e+03 -7.411487427664885672e+02
6.772966247051817845e+02 -1.654642349486799867e+04 2.401858924294544067e+03
-1.838940582572677840e+03 -7.904393318090887078e+03 -1.142784405566872010e+03
-2.747633856585078775e+03 -7.469199287316407208e+03 1.986286214986324694e+03
-4.703551213969322816e+03 -6.109378567152678443e+03 9.705236065644028258e+02
-5.093061861104903983e+03 -1.667478823904143428e+04 -3.254391972954766061e+03
-2.890407619392557535e+03 -7.077961672126566555e+03 2.207600133721695329e+03
-3.566169368439491791e+03 -7.421392600266759473e+03 1.947339913091066137e+03
-2.419536285441937707e+03 -7.613736371809840421e+03 9.619783810582698607e+02
-3.443561771228759426e+03 -7.433696173680274114e+03 3.035127691483490935e+02
-3.552607890915713597e+03 -1.080788797901393991e+04 -3.942933994569688707e+02
-3.532831735683784245e+03 -7.616250053740312069e+03 3.031746589133726957e+02
-2.400152018308610877e+03 -7.679717513750416401e+03 1.750265881976182527e+03
-4.567094417982127197e+03 -8.254675439532058590e+03 1.802467839936457949e+03
-2.718273844474346788e+03 -6.863322408182544677e+03 1.572246411168025816e+03
-2.647240717261296140e+03 -7.623423064991025967e+03 1.420997395266385297e+02
-3.505559459638447152e+03 -7.492918564936167968e+03 -2.012745307515865534e+02
-4.317247307577968058e+03 -6.904792105388168238e+03 -6.450940033566392913e+02
-3.682745984948818204e+03 -6.642257582033936160e+03 -1.283433353496594691e+03
-3.176914884885972697e+03 -7.672444192557903989e+03 7.432373912792015744e+02
-2.220277325227859365e+03 -2.021960175331800929e+04 5.885703254064286739e+03
-2.234346877585041966e+03 -5.455999104497686858e+03 8.666654189616269832e+02
-8.668523032984419842e+03 -1.773776695718695919e+04 2.169065959765725893e+02
-2.622590552479998223e+03 -7.931341795286632987e+03 2.716203318768209556e+02
-3.019504131517243422e+03 -7.619233825092313964e+03 2.657761878184571174e+02
-4.065525640247122283e+03 -6.766804810740213725e+03 -3.935495921209045491e+02
-2.243704733614701126e+03 -7.400725745118679697e+03 7.332061871131481894e+02
-1.573620889894677930e+03 -7.705796450937595182e+03 2.096545807681781298e+03
-2.965316542076021960e+03 -7.444403159039913589e+03 -2.968279665789631281e+02
-4.736722256407379064e+03 -4.961746883417405115e+03 -1.097321808525808819e+02
-1.401756867314013789e+03 -1.752025394675249845e+04 -4.414724505167529969e+03
-2.324585639716143760e+03 -7.655214496704325938e+03 6.393521288438838610e+02
-4.359058078952613869e+03 -1.206677157083010388e+04 1.651456560317552658e+02
-1.684937373516104572e+03 -7.741139956962821998e+03 2.776954063361626140e+03
-5.480578374048182013e+03 -4.975588443374034796e+03 9.650654143470646886e+02
-3.838206269742358927e+02 -1.671054156161029823e+04 -2.509150483428253210e+03
-2.763624646168280378e+03 -7.577700643410823432e+03 2.151078858493376913e+02
-4.776522006676987985e+03 -5.716218292546941484e+03 2.234733534780745572e+02
-1.093809917342914741e+04 -1.755423409138309580e+04 2.683800278869601698e+03
-2.607420244430240928e+03 -5.915068488088194499e+03 -9.895545499779245802e+01
-3.438451714493149666e+03 -7.566954787849757849e+03 1.009871077784728641e+03
-3.166836972776982293e+03 -7.828701713356153050e+03 1.001396269870877859e+03
-1.929684517118581425e+03 -1.085380998552447818e+04 -6.572034856033801589e+02
-6.196987293720831076e+03 -1.556857830593774815e+04 1.780444266349440568e+03
-5.763517281865671066e+03 -7.774234964658874560e+03 -5.109877998065893735e+03
-2.975464851466853361e+03 -4.859921674764023919e+03 6.042999895922100961e+01
-3.329621810151030786e+03 -7.782170220856058222e+03 4.187896769333578959e+02
-2.280401761887309931e+03 -9.742203997911303304e+03 -6.078879559737496493e+03
-4.232050919610845995e+03 -6.700858300057717315e+03 1.304918223067526924e+03
-1.979318793926030366e+03 -7.190045573512285955e+03 9.804041363310637962e+02
-5.172565214035064855e+03 -4.699123598289716028e+03 1.415277822481943986e+02
-5.032038609182592154e+03 -1.194672689685745354e+04 -6.253625753010514927e+02
-5.459305922432086845e+03 -7.998055726430508912e+03 -5.778192202196596554e+03
-2.113875898219087048e+03 -7.603612576336261554e+03 1.525616576134395473e+03
-2.882424274759820946e+03 -7.803423855753177122e+03 8.965811829212693738e+02
-3.460727939224015699e+03 -7.513694677733018580e+03 2.589359898317954958e+02
-2.492947548079640001e+03 -7.587390270504019099e+03 2.116774614121981358e+03
-5.525203465061406860e+03 -4.891454102168574536e+03 6.500826977812413361e+02
-5.019046521374841177e+03 -7.113138204894713454e+03 1.909721217383786325e+03
-6.405060588052088860e+03 -2.271451277481397119e+04 1.180489699059958548e+04
-2.644411366661790453e+03 -7.592149969343081466e+03 1.916565448625343834e+03
-2.692967157414145731e+03 -7.674231190162184248e+03 2.204495085991332815e+02
-3.634191331233071651e+03 -6.677853066569130533e+03 2.889608063077406541e+02
-5.133445499188253052e+03 -7.697455337485648670e+03 1.468418292798535731e+03
-2.885664089906066692e+03 -7.769058613505485482e+03 8.003524959560154457e+02
-2.147124233889082006e+03 -1.252476560343791243e+04 1.173194748523316775e+03
-2.778180564888149092e+03 -1.706843423607100704e+04 6.458136223884239371e+03
-2.225722689028248169e+03 -7.732072234513472722e+03 1.698558852634388359e+03
1.377824717559060673e+03 -2.072550544101681226e+04 -3.953102519770204140e+02
-3.425688427721938751e+03 -4.952316653801498433e+03 6.688733231356986835e+02
-1.728935602401853430e+03 -1.136368290873015394e+04 -1.080330764811182235e+03
-2.658546985200959170e+03 -7.725602076084916916e+03 5.972976238044567481e+02
-2.195824020486055360e+03 -7.708980390904960586e+03 1.564422832501463290e+03
-1.773726766927417884e+03 -7.749632295724097276e+03 -1.542020928501796959e+02
-3.229314399054876048e+03 -7.721949848743473922e+03 8.167601256421286280e+02
-3.923503728885500550e+03 -8.092511911336874618e+03 -6.699192625718930685e+03
-2.906935812047975560e+03 -7.826501277689519156e+03 1.064662368872887782e+03
-3.901667548690368676e+03 -5.125146890141718359e+03 1.211342174287532089e+03
-4.997460335679970740e+03 -2.008273664080907110e+04 9.989474021000713037e+03
-2.179201795435726581e+03 -7.643391497667694239e+03 1.626378618915130119e+03
-4.919300524252904324e+03 -5.581750130163653012e+03 4.389159262962164121e+01
-3.062412933273215458e+03 -7.709697641204264983e+03 7.701933154479144150e+02
-2.994514488480071122e+03 -7.672265116802706871e+03 6.988962834113735880e+02
-3.495743438002607945e+03 -6.205972506583471841e+03 -1.856130993319356776e+03
-3.504333283625236163e+03 -9.506111328264722033e+03 1.758388375509149682e+03
-4.525440443224283626e+03 -7.740580519128368906e+03 -4.256109356969941473e+03
-4.104746575426733216e+03 -6.813883044966716625e+03 1.824887851362668016e+03
-2.446787596790125008e+03 -1.333381066405693309e+04 -1.657293913904120700e+03
2.641070267241721467e+03 -1.852964103366339623e+04 7.098090142513405226e+03
-3.698434858422068828e+03 -1.115662571982628106e+04 -9.847243043385511783e+02
-2.110417264596445420e+03 -6.385241210524569397e+03 -3.788284227364618459e+02
6.080249553699021817e+03 -3.216478392107234686e+04 7.963446517809423312e+03
-1.845152679593993162e+04 -6.636772625360686106e+03 4.123242288344471490e+03
-3.393520385574814100e+03 -7.721834781056201791e+03 3.511753149290347551e+02
-2.782101457353154728e+03 -8.975400715757417856e+03 1.702901031687014665e+03
-6.659988586624431264e+03 -1.460412040130823152e+04 -2.387142531525728373e+03
-2.377953180341250118e+03 -7.636184425359095258e+03 1.047243117300735776e+03
-5.472468556709532095e+03 -1.443478342258787598e+04 6.146620037727700037e+03
-4.431478904471213355e+03 -1.114225001743052417e+04 2.236221709481260859e+03
-3.381392822777141646e+03 -7.780666812113975539e+03 9.537628323464014102e+02
-2.688133059186826358e+03 -4.795354320595529316e+03 -4.931171192881890875e+02
-4.587890437720674527e+03 -6.086892155585233922e+03 1.001013895202909112e+03
-3.680603276235968224e+03 -1.015930757763458496e+04 -8.923974297533087565e+02
-1.524598648216437596e+03 -8.499424333182687405e+03 -2.609599426163875933e+02
-3.519357284940134832e+03 -6.773392733915850840e+03 1.257744407866732217e+03
-3.995491194628198627e+03 -1.080518791854093615e+04 -1.333093680779799115e+03
-5.046794593767616789e+03 -9.576224863959634604e+03 -4.348279507953528764e+02
-3.743929695749539860e+03 -8.034150077301042984e+03 -7.975317523512237585e+02
-2.479035659198133089e+03 -9.360304773950216259e+03 -1.399398720898396732e+03
-4.261041327511776217e+03 -1.121896533849458683e+04 -8.198345638676705676e+02
-2.792944635164520150e+03 -9.755881454824202592e+03 -6.530682677347933804e+02
-2.039209609747647391e+03 -8.428591608934271790e+03 1.853238675676785533e+03
-3.045811560634710531e+03 -1.163571889345579257e+04 6.349108389644294448e+01
-3.257971222461307661e+03 -9.279162546084735368e+03 -6.192906483037187400e+02
-2.540815330078972920e+02 -7.171076538476699170e+03 1.457173115218877683e+03
-2.952631272343547607e+03 -7.075504103954254788e+03 5.685123124512585946e+02
-4.745199449819411711e+03 -1.018845506863734954e+04 -3.040633696199243445e+02
-2.992071998944294137e+03 -6.381459216245771131e+03 1.412276167066021117e+03
-3.852763060015638985e+03 -9.783838933443315909e+03 -9.839374786675795121e+02
-1.483121294678701815e+03 -8.879407578318490778e+03 4.769667783657309883e+02
-4.068401332083836678e+03 -1.044119180275412691e+04 -1.030455125011577138e+03
5.318264839467328784e+02 -2.838203543409879785e+03 5.197266729078933167e+03
-3.734458226402946821e+03 -1.016613746142095442e+04 -1.118573928819931552e+03
-3.723876103837691971e+03 -1.274819214728694533e+04 5.553739206806305901e+02
-2.935122230032348853e+03 -1.070563768817131131e+04 -8.998624413657989862e+02
-9.804506561276033608e+03 -1.822322387486163734e+03 -1.399526412808124405e+04
-6.183983810503141285e+03 -9.998283197251414094e+03 9.253705103596482786e+02
-3.515591714655302894e+03 -1.029066208905969506e+04 -8.728709628823869480e+02
-3.193231447613269211e+03 -1.093188612944139459e+04 -7.531458189979545068e+02
-3.387769267190129540e+03 -9.864845631703572508e+03 -6.197115187833275058e+02
-4.914064495962346882e+03 -1.131346503175678663e+04 -7.524802522127574775e+02
-3.884033110852877144e+03 -7.058395461800516387e+03 -1.557784130171108472e+03
-3.382960482621816482e+03 -6.518472864350952477e+03 1.645312534904285485e+03
-3.842433884629165277e+03 -1.081718209704356741e+04 -7.645898188431546032e+02
4.957641856713765264e+03 -7.085315790454009402e+03 4.173554847052083460e+03
-9.910629119815871491e+02 -8.294960278031356211e+03 -5.818150095631339127e+02
-1.182849380273136603e+03 -5.926589615095922454e+03 1.938798991452872258e+02
-4.117958621296595993e+03 -1.070802033751682211e+04 -1.002094434262618279e+03
-3.652291411680978399e+03 -9.724476906100826454e+03 -1.110364071159520336e+03
-2.547147280882990117e+02 -7.132714402066093498e+03 2.336603454267712550e+03
-4.707475490443957824e+03 -6.711390072302961926e+03 7.303873020903914721e+02
-6.431624845270644073e+03 -1.078335560549192815e+04 -1.078496590082827424e+03
-4.124882799552570759e+03 -1.071441770354532309e+04 -8.620083992191587186e+02
-3.816890001496399691e+03 -1.077496185814854653e+04 -9.091844227316137221e+02
-7.308453091768511513e+03 -6.304181323992737816e+03 -4.877454943715483751e+03
1.235230990821762589e+03 -3.914635856367206088e+03 6.285487762827352526e+03
-6.340497137845271027e+03 -1.027449180084195541e+04 -1.078323197579929001e+03
-3.517278511509123291e+03 -8.077726372456357240e+03 -8.286503214816618765e+02
-5.391965271172183748e+03 -1.109953546525810998e+04 -1.243925656262419579e+03
-3.878676061123383533e+03 -8.443209341888450581e+03 -9.307302639887884652e+02
-3.713442720735903094e+03 -8.427832222189095774e+03 -8.470884604946152194e+02
-6.127186730551027722e+03 -1.036378028469020137e+04 -2.244431309273977604e-01
-2.759324318829906588e+03 -1.020190855627535529e+04 -8.649619606439438257e+02
-3.979567142231459002e+03 -1.086146324938171165e+04 -9.829411631972824352e+02
-1.860806015402728008e+03 -9.124506269580717344e+03 -6.378213167659916962e+02
5.142925093253174964e+03 -9.465112182749684507e+03 -9.240092026830481700e+03
-3.416989250798610556e+03 -7.510563366077896717e+03 -4.806837816587621433e+02
-1.776833560736005211e+03 -8.696667872347241428e+03 3.084397341297549247e+02
-4.028668803769125134e+03 -1.087998296258738628e+04 -1.214739684796702022e+03
-1.206652148685305292e+03 -7.451971735505039760e+03 -4.056413111625248575e+02
1.398357973838570388e+03 8.477535667664402581e+02 2.681190462556059629e+03
-3.849771958612871003e+03 -8.440951934598364460e+03 -9.343541671983401784e+02
-1.051478215382175222e+03 -7.052778214578213010e+03 -1.022731945977736473e+03
-3.305859132666951609e+03 -1.289978018918819544e+04 7.617507501974966999e+02
-3.829131408625764379e+03 -7.991154184706059823e+03 -7.977112795741429636e+02
-3.673088020395383410e+03 -1.111414100028716894e+04 -3.001449928467075665e+02
-4.099297083295443372e+03 -1.049727372180587736e+04 -1.092387918244079174e+03
-5.327687970670650657e+02 -1.440956572017205417e+03 6.738583976929288838e+03
-8.862821033873703982e+02 -8.822076920110832361e+03 2.715486105859230292e+02
-3.007314268459717823e+03 -6.990283507320958961e+03 7.713081582499243041e+02
1.592454647868228449e+03 -3.144259385397720052e+03 7.685599725798232612e+03
-3.720822013303800304e+03 -9.399716021083759188e+03 -1.126200539402798086e+03
1.103001229926027463e+03 -2.740515980955574832e+03 6.216869496674354195e+03
-5.219648471548745874e+03 -1.010163179348069752e+04 -1.923576656692929419e+02
-3.100760997454677181e+03 -9.203894515481984854e+03 -6.016257708154189459e+02
-3.806711132225592337e+03 -1.401343359596477421e+04 1.624971387004935650e+02
-5.023808482106746851e+03 -1.073299211455876684e+04 -2.341440624438687905e+02
-4.064329289177181181e+03 -1.069240407550856617e+04 -9.641632135820823351e+02
-3.692159249170283147e+03 2.036537840591499844e+03 4.976937580218972471e+03
-5.186290906611985520e+03 -1.053746818233326303e+04 -3.959334751650981588e+00
-5.249934421179157653e+03 -5.499331527925728551e+03 -3.388534563234536108e+03
-3.753420999782486433e+03 -1.070209150650766060e+04 -1.081690135412280142e+03
7.832615542827977606e+02 -4.351769525833581611e+03 1.696205557104975242e+03
-5.229875870168913934e+03 -1.059487806088366233e+04 -1.159318509402404061e+03
-3.262274905569472594e+03 -1.071783137059414730e+04 -1.407814661995217648e+03
-4.100263388864315857e+03 3.536953923952499281e+03 5.775400457183468461e+03
-4.344892241114441276e+03 -1.063085379901598208e+04 -9.036043389375278139e+02
-3.237822213178064885e+03 -8.955586244583659209e+03 -5.833949887247845254e+02
-3.832856612855580806e+03 -1.064545375928664726e+04 -8.182593465899254852e+02
-3.785179308586420575e+03 -7.122077152455739451e+03 -6.955446187459468774e+02
-4.833968642384878876e+03 -1.084603233078492485e+04 -1.541248964135166034e+03
-3.740273691347689237e+03 -1.069234237487549581e+04 -9.657321661611196078e+02
-8.999257217976708034e+02 -8.553005351306435841e+03 9.156457064618382446e+02
-2.908638486815141277e+02 -7.323385052728584014e+03 8.117966867116895173e+02
-3.540400803326293044e+03 -7.687641309262926370e+03 -5.789681515454022929e+02
-3.516235955656535680e+03 -6.721304475966588143e+03 7.698025041077255537e+02
-3.688650130095559234e+03 -1.132738923300936221e+04 -1.613109095908214385e+02
-3.930574703741468056e+03 -9.829934700112728024e+03 -1.002542993111811597e+03
-3.612562372527643674e+03 -6.053554260888848148e+03 -1.944365001151135857e+03
-2.650205386643186102e+03 -8.288249486088465346e+03 2.308762471472405650e+03
-4.918429340186579793e+03 -1.054115609624276112e+04 -8.324455885112804481e+02
-4.778030219696436802e+02 -8.078351781426013986e+03 -3.135596984922712636e+03
-3.921713197162469896e+03 -1.116066734035154150e+04 -7.045859460441229203e+02
-4.252321285454277131e+03 -1.016060557729202264e+04 -2.158781204809026804e+03
-3.116757269450076819e+03 -7.048178450946941666e+03 5.378544483289992968e+02
-3.556356709892818799e+03 -7.698212338059656759e+03 1.674721563202884909e+02
-3.236592062557661848e+03 -6.827339914687799137e+03 1.098194056384534633e+03
-3.302014424112210691e+03 -6.888295517235499574e+03 7.019564453788959781e+02
-4.113041693296998346e+03 -6.700307998217924251e+03 1.061278943772025514e+03
-3.372407051772994237e+03 -7.306919035953083039e+03 -1.652069236935544723e+02
3.425889782602823175e+02 -9.841630268835962852e+03 1.791439551538910564e+02
-5.395699998883762419e+03 -2.197026947980813475e+03 6.405851497857907816e+03
-3.991011824372896626e+03 -1.100483079974511929e+04 -4.891351698717046474e+02
-7.213609715372234859e+03 -1.198996599911386511e+04 -8.929681650583133887e+03
-3.227893643972487553e+03 -7.626835126677081462e+03 -1.744274032753903157e+03
-3.520448855711474607e+03 -8.721951386504862967e+03 -2.256944882590623820e+02
-4.001702733323103530e+03 -7.535340087896597652e+03 -5.270805420576855340e+02
-3.538670468327792150e+03 -1.053201027362233253e+04 -9.009213329873510929e+02
-3.311438619289544476e+03 -9.999657152179808691e+03 -1.318824518963963101e+03
-4.111099879015601800e+03 -7.245212642175149085e+03 -1.416152023927585901e+02
-4.984965082997623540e+03 -1.098507206462371323e+04 -9.364419323806801003e+02
1.491238589325405883e+03 -9.055700840822099053e+03 -5.309117854429877070e+01
-2.815973141800655867e+03 -1.131428415605793998e+04 -5.428442938500793389e+02
3.481871987743183183e+01 5.982695709473607621e+02 5.271268988068309227e+03
1.909841696464276311e+02 -1.014171330348288029e+04 -4.345903853732135076e+02
-6.999854811445196901e+03 -4.645945364092437558e+03 -1.171374725553542703e+04
-2.661426766140324617e+03 -8.224214284385860083e+03 -2.141353349746116237e+03
-4.052694241990262526e+03 -1.114135684614405545e+04 -8.023371485487394921e+02
8.704205478887986374e+02 1.627057109063580583e+03 4.005949276552041283e+03
-1.895119134208510786e+03 -1.121492247382746791e+04 -2.839203236429010531e+02
-4.336153769970515896e+03 -1.050755045898060962e+04 -9.617676990206336995e+02
-2.190477642179042505e+03 -1.147527263593089447e+04 -8.075001618905194789e+01
-3.261755863188718195e+03 -7.435849657035313612e+03 4.077774966672037635e+02
-8.037193106073780655e+03 -4.219827467933389926e+03 -1.533169396421861165e+04
-4.796376949194986082e+03 -1.093053390514506464e+04 7.772162257568504629e+02
-3.729205193936198611e+03 -8.854469958499652421e+03 1.067216343460321468e+02
-3.605679341930483133e+03 -8.334814241316738844e+03 -4.754269975854215772e+03
-3.433607755997109507e+03 -6.952980765226771837e+03 1.236492235201261792e+03
-4.219154161611542804e+03 -9.906860790702554368e+03 -2.032322841039006335e+03
-3.657718097654174471e+03 -8.021691965431460630e+03 -1.999345407305659705e+02
-2.644102990152136499e+03 -1.237155576971583287e+04 -9.732837038966397358e+01
-4.139179172514039237e+03 -8.146229893754260047e+03 -6.255869135204286522e+02
-4.905692136064662918e+03 -1.124109128770339521e+04 -7.142452411171376525e+02
-3.371965784662035276e+03 -1.030595171196555748e+04 -8.524935359902674463e+02
-5.873628676471844301e+03 -3.827959756369913066e+03 6.928214448630017614e+03
-4.142659473398128284e+03 -6.961051179924701501e+03 -1.350954904830873602e+03
-2.494238530205425377e+03 -1.128405609912235559e+04 -5.803457748702796835e+02
-2.377513437163972412e+03 -8.313826166631459273e+03 -3.649286659129661530e+02
-3.699736411201677583e+03 -6.726376156819876087e+03 2.986785743756269085e+01
-4.112138081117778711e+03 -1.163387624711818535e+04 -6.986686363548016061e+02
-3.731033335497757889e+03 -1.068906599989462120e+04 -8.923517106865089090e+02
-2.717930597161291644e+03 -1.248358589905397093e+04 -6.413715312995668683e+01
-2.563360275428194655e+03 -1.131686519440021584e+04 -5.826447330569038741e+02
-3.206476739263662239e+03 -7.263738162625462792e+03 6.936205970855073701e+02
-3.152706517189227725e+03 -7.448656732390456455e+03 4.119222334326976807e+02
-1.103653404862061961e+03 -4.146269390078698962e+03 2.386741710268625866e+03
-3.442016485876863499e+03 -7.149860714153990557e+03 7.522025863319680639e+02
-3.206960839005330854e+03 -1.033097280607796711e+04 -7.739224747662751724e+02
-2.155768434944530782e+03 -7.757984027232743756e+03 3.236388351208145764e+02
-4.659114632970697130e+03 -9.866067016133589277e+03 -4.138535761706389735e+02
-3.286693271975680091e+03 -1.455500938135644446e+03 6.357878031813453163e+03
-3.876135568425096608e+03 -1.144915624297773502e+04 -6.946568361378331247e+02
-3.281377338671646157e+03 -1.081604852152955755e+04 -7.175124977488269451e+02
-6.543235138721817748e+03 -9.493772356226814736e+03 -1.449083156239604932e+03
-3.407150683438977467e+03 -1.050630067145803514e+04 -8.953154089325776113e+02
-4.424826027987927773e+03 -1.001248669428553148e+04 -4.753369999937326611e+02
-3.734989097025015326e+03 -7.195960202906324412e+03 -6.316094112648835335e+01
-3.962257635362894916e+02 -7.226794592653795917e+03 6.507716468757798793e+03
-3.987298919828802809e+03 -7.615852922533009405e+03 -1.960161553510869510e+02
-2.136886624074541032e+03 -9.299069346312007838e+03 -2.011620156920693944e+03
-3.959199418828845296e+02 -3.506456957245016383e+03 6.511773777194348440e+03
-3.416756874241839796e+03 -1.096361246715579000e+04 -8.657318606573455781e+02
1.659581778672621226e+02 -6.779741239711514027e+03 6.995846314189840996e+03
-3.091196002653939559e+03 -6.849516781997511316e+03 1.199007336353832443e+03
-6.516208116686821995e+03 -9.463322942438027894e+03 -1.339568025859284944e+03
-3.738592813097139697e+03 -7.603759022503197230e+03 -1.338232794461928279e+02
-3.011465376935797394e+03 -7.221811767180955030e+03 5.760118618741411183e+02
-3.300988750564851216e+03 -6.436091446805630767e+03 6.202844660743066925e+02
3.432875052250943781e+01 -1.028616647208548056e+04 -1.266388684623860286e+02
-3.784982835937888922e+03 -7.477441867989341517e+03 1.140534496360652383e+02
-2.959916741715246644e+03 -8.299711613576782838e+03 -6.549844602961902638e+03
-3.465719004633385794e+03 -7.083251910715168378e+03 -6.838953859229837917e+02
-4.744845925589995204e+03 6.938954799655722354e+02 -3.249356740681498650e+03
9.785026838961273370e+02 -9.706480313746760658e+03 3.786832530569937717e+03
-4.910061835664066166e+03 -1.265318305407499975e+04 -7.431259718011392579e+02
-2.805369572054257333e+03 -9.031368107481870538e+03 2.423103013196314805e+03
-9.474284467903686163e+03 2.530029034974167644e+03 -5.606526879722761805e+03
-4.009117792943900895e+03 -7.818058247563967598e+03 -8.571248506375437501e+03
-3.474139086293296259e+03 -6.453830312950285588e+03 -2.345464506409319938e+02
-3.362718338007921375e+03 -6.997227377222558971e+03 -1.184245926692168496e+02
-4.864148782202162693e+03 -1.116793415344083041e+04 -1.470138961574936332e+02
-3.575974690625839685e+03 -7.018431632906806954e+03 7.568786660362768544e+02
-3.309176421582750663e+03 -7.469902666779399624e+03 2.281130863530187298e+02
-2.243330920494649035e+03 -1.153378080963291904e+04 3.003632914437137629e+02
-3.823806995505944542e+03 -7.624906572737599163e+03 4.551830116014322698e+02
-4.507410467216694087e+03 -9.409064488447569602e+03 -4.231542891569199583e+02
-3.228292341341401425e+03 -1.169500027450421476e+04 -1.326189800827810586e+03
-3.548759731909575748e+03 -1.087054653451105696e+04 -7.222742987877351197e+02
-7.240703377557253589e+03 -5.110640525116181379e+03 4.956092372249340769e+03
-3.040119247852609078e+03 -6.873291597049895245e+03 1.054078996991207305e+03
-4.993556186421484199e+03 -1.100361451650061463e+04 -1.026862462226255047e+03
-4.471393467910729669e+03 -1.094373878220387451e+04 -5.987320822680499077e+02
-5.537207249094071813e+03 -1.014634631868846918e+04 -9.882256308481031510e+02
-3.905713596983029674e+03 -1.022823756821150891e+04 -1.075308377191966201e+03
-3.862199487659933766e+03 -1.033482463197196194e+04 -1.013880370678041118e+03
-2.772847931005219834e+03 -1.005277909498615554e+04 -6.911735253028509760e+02
-3.464165598095851237e+03 -1.097166015608585622e+04 -8.457460956128153384e+02
-3.834080740536918256e+03 -1.013687522868669657e+04 -7.906063537063586182e+02
-3.402682419931878485e+03 -1.020908155748882746e+04 -7.129788596004284500e+02
-3.010316798804459268e+03 -1.090783423271195534e+04 -8.631886255867013915e+02
3.239006997377672633e+03 -8.293955229918856276e+03 1.427834903322694799e+03
4.515897247263774261e+03 -7.564062744840854975e+03 -2.651990020315728998e+03
-3.654861656401086748e+03 -1.105504491060958208e+04 -8.306671433972292107e+02
-6.616911703162784306e+02 -1.166880677125310467e+04 -6.010453619500092827e+03
-3.529439991882296454e+03 -1.024668210907138928e+04 -7.032136134206552924e+02
-2.833251702278554149e+03 -1.110314010930364202e+04 -1.285377326944948891e+03
-3.341928927343559280e+03 -1.039640804158247010e+04 -7.945914136403728207e+02
-3.636986153320537596e+03 -1.033255077728703327e+04 -8.720123765317147218e+02
-1.286474729777009088e+03 -1.009242508503040153e+04 4.290383452776586637e+01
-3.680947478241559566e+03 -9.849953689162279261e+03 -5.838695115104042088e+02
-7.907414065867701538e+02 -7.750590991944214693e+03 -1.498755916576442928e+02
-1.743683294726454051e+03 -8.603752348472096855e+03 -1.543207285398887052e+02
-6.924579496795025989e+03 -1.227707801213447055e+04 -6.416038465470230676e+02
-5.207322966630805240e+03 -1.308949316156613713e+04 -6.923881251227997382e+03
-1.002463633431370545e+04 -3.850726292025334715e+03 5.278616569347260338e+03
-8.081434534988329688e+03 -9.706773467426584830e+03 -1.786791492191007819e+03
-3.541554365855307879e+03 -1.048455195748918231e+04 -8.223857500292909890e+02
-4.502111324659163074e+03 -1.195388967635288282e+04 -5.990415238604491606e+03
-3.646580799152839518e+03 -7.072405897543093488e+03 4.034925080984356782e+02
-4.210107825160499488e+03 -9.943037554352195002e+03 -5.621997604005754283e+02
-2.919318226015611344e+03 -9.520921968244865639e+03 -4.551672160235031015e+02
-3.906671152641569279e+03 -1.019534763397415736e+04 -1.037248732169105551e+03
-3.662797706768575608e+03 -1.015211402031610305e+04 -6.558285696955962294e+02
-3.514608471156040196e+03 -1.006866440102610250e+04 -8.503261721905631703e+02
-3.586824808610656419e+03 -7.769227263279825820e+03 -2.199682335855709425e+03
-3.382198072431106539e+03 -1.035085776743777751e+04 -9.148427836259211290e+02
7.004400770190554795e+03 -7.298322214667299704e+03 -1.845137098610053272e+03
-2.984603282946109175e+03 -1.030765125770503801e+04 -7.483911891633348432e+02
-6.696026040717844808e+03 -1.199916972496500421e+04 -2.833832221766037947e+02
-3.686576661227131353e+03 -1.038483801528511867e+04 -5.969646092194370794e+02
2.146256230364583189e+03 -7.973895288722670557e+03 2.295978414687300756e+03
-3.104574844179895990e+03 -1.160951330227527433e+04 -7.071820262593297457e+02
-2.889143111291100922e+03 -1.083051387858578346e+04 -7.850253061227907665e+02
-3.369988421974596804e+03 -1.039634785556911447e+04 -6.951007355540109529e+02
8.132664481631387389e+03 -7.054801945097396128e+03 -3.796519247275814450e+03
-1.060581002530217847e+04 -8.109916162637945490e+03 4.195396051188432125e+02
-6.884934106037168931e+03 -1.220994802039507340e+04 -7.590167644563497333e+02
-3.971187247138463135e+03 -1.032157147849795183e+04 -1.049897635678202732e+03
-3.276356224239721996e+03 -1.073706154075985432e+04 -8.299367243972934602e+02
-2.607032632037602525e+03 -1.104915354565299640e+04 -9.647225079995586157e+02
3.276340422204913921e+03 -2.976160848293950949e+03 5.516649881805392397e+03
-3.670913315273412536e+03 -1.047727547278398015e+04 -7.428471804793480260e+02
-3.909696433578310462e+03 -1.127476101224859121e+04 -1.387730318159968647e+03
-3.156174722180725894e+03 -1.050569258027862634e+04 -9.258893202117581041e+02
-3.638447357925092547e+03 -9.920895261466861484e+03 -7.660821658703770254e+02
-3.938633593850283432e+03 -8.287436411356849931e+03 -4.428143030708224046e+02
-4.646529788543601285e+02 -1.032613802207296612e+04 6.317605498770515169e+02
-3.510877651735015661e+03 -1.025535705590571342e+04 -7.878737714874696394e+02
-3.301335909863702909e+03 -1.027813570977191011e+04 -8.420836829467737061e+02
-3.661787922526489638e+03 -1.051221808115189742e+04 -6.401555001728922889e+02
9.019788413833673985e+03 -7.256856501799929902e+03 -2.177499717138474807e+03
4.826513217711481957e+03 -5.455348979364599472e+03 3.061959430096209871e+03
-3.336056482667736873e+03 -1.041874285218033219e+04 -8.792219528549894676e+02
-4.662776482502219551e+03 -1.266417772342770149e+04 -5.970904509068745938e+03
-3.901475912976126892e+03 -1.015656527863654628e+04 -9.375461347483029613e+02
-6.335380523387002540e+03 -1.181515933671465973e+04 -4.541584113941308942e+02
-3.990773432755046997e+03 -1.143749146372522773e+04 -1.921761312134473201e+02
-7.075692526103174487e+02 -8.441595270928468381e+03 2.235016585772581038e+03
-3.179638575426776697e+03 -1.284175521413360184e+04 9.435241376994139273e+01
2.445575412720947043e+03 -3.416834949071897881e+03 4.344602330081732362e+03
-8.023198857182659594e+03 -7.913821397519830498e+03 -3.220970055485353441e+03
-6.188446452613243309e+03 -1.048126337713650173e+04 -9.596509958404894860e+02
-1.214049639408117764e+04 5.230685546169932422e+03 -1.444140193239122027e+03
-3.558736726324736082e+03 -1.032861586844418343e+04 -9.452296996536581446e+02
4.229152310475798913e+03 -7.071608678192598745e+03 3.594221240411418876e+03
-3.637945307701912498e+03 -9.930053494607818720e+03 -4.770072801184330160e+02
-3.607330601108712472e+03 -1.006280654786249579e+04 -9.665116352630561778e+02
-3.153633767577272920e+03 -1.040006565435035736e+04 -6.774920590127467221e+02
-2.578675769200089690e+03 -1.143934146455906193e+04 -4.761051954490476419e+03
-3.238507417780440392e+03 -1.053315072101492296e+04 -9.226017777005888547e+02
9.882582492406158053e+03 -6.945500232980929468e+03 -1.159103315190722697e+03
-2.981397803518942510e+03 -1.074425377677091274e+04 -8.464505570950827860e+02
3.076488873061219920e+02 -1.169355591386696869e+04 1.235698580828566037e+03
-3.416697111880333523e+03 -1.103579779898458401e+04 -7.869086122445562523e+02
-3.408896627324590099e+03 -1.022934631054832244e+04 -9.930284208512052828e+02
-3.009042824984905565e+03 -8.699831408272551926e+03 -9.806980796510970322e+03
-2.750224375241791222e+03 -1.027694880945259683e+04 -5.539838914984732128e+02
-8.840570734293765781e+03 -8.983175275874777071e+03 -2.215110048847973303e+03
-4.348825720601568719e+03 -8.807508402666819165e+03 -9.295497808024120445e+01
-3.193359126143876892e+03 -1.106654455359071653e+04 -7.765198978790031106e+02
2.432812656075186169e+03 -9.486727700631323387e+03 2.400412861972478822e+03
-3.115250031168080113e+03 -1.101764150125296328e+04 -6.740335683120613339e+02
2.652438543156687501e+03 -5.964549989505062513e+03 2.346814237025484090e+03
-3.511151762355850224e+03 -1.025845736912666507e+04 -8.694306235868825752e+02
-2.873483448723322908e+03 -1.137644945651666967e+04 -7.186425415308950733e+02
-3.964691989249351536e+03 -1.001070906258178911e+04 -8.625564346329343834e+02
4.167116639151620802e+03 -6.835556447380365171e+03 3.794017863723358005e+03
-8.772287712465281402e+02 -1.005127683921082098e+04 5.391911944269947981e+02
1.373012858065702130e+04 -6.457266387987765484e+03 2.580728705300292063e+02
-3.641841480309011786e+03 -1.058027640496386448e+04 -5.502391411475758787e+02
-3.623956089728216284e+03 -9.030603359951239327e+03 1.892565803305224108e+02
-3.369982034728559483e+03 -6.721098137237091578e+03 7.850710178007615241e+02
-4.119990439901022910e+03 -1.182919439791088735e+04 -1.380615573762816894e+03
-4.300110379217174341e+03 -8.941924547030683243e+03 -4.569953633669105102e+02
-4.397302316663814963e+03 -1.174293667116084907e+04 -6.424892152869628035e+02
-2.497584350914004972e+03 -1.119315279521517732e+04 -1.176552009936142667e+03
-7.393917772930033607e+03 -1.112440152034798302e+04 1.723463162315377417e+01
-4.922771099623647387e+03 -1.101017966734998845e+04 -1.132512153156009163e+03
-4.176204943815803745e+03 -9.496871369983255136e+03 -1.122499315147397510e+03
-2.706032775689918253e+03 -1.080051209775825555e+04 -1.758741261124403081e+03
-5.011784957755729920e+03 -1.443803709210239140e+04 -1.394193040593123214e+03
-6.276873762664952494e+01 -4.508869619976767353e+03 1.006418620837271760e+03
-4.235574557548830853e+03 -9.205471215867781211e+03 -1.251919550215407753e+03
-1.446403937476035026e+03 -9.755110630195504200e+03 -3.070504484845936986e+03
-3.538282286034117988e+03 -1.189855298779543409e+04 -8.753899542214230678e+02
-3.745496038431761463e+03 -1.314769600870921386e+04 -4.049094230941341266e+01
-5.333487547734883265e+03 -1.194539860795453023e+04 -2.187695706152972434e+03
-1.905126602184074500e+03 -9.377334466558862914e+03 -4.085247725656677176e+02
-3.421193496620660881e+03 -1.213867249376911968e+04 -7.695699161416036986e+02
-1.940870515004796744e+03 -9.970584351802390302e+03 -6.258276256117775347e+02
-3.462492244449576901e+03 -9.879646142644816791e+03 -1.061932160263574815e+03
-3.449108753581639121e+03 -9.501360267479847607e+03 -1.427399988730549921e+03
-3.824489362394949694e+03 -1.194974940016230357e+04 -1.036132339866468101e+03
-3.480142151626325358e+03 -1.031698663533125546e+04 -1.064224285593656077e+03
-4.784464068057159238e+03 -1.133829519959972095e+04 -5.945485522377380221e+02
-2.403402064791503562e+03 -6.964919061126788620e+03 -6.227482261377490431e+03
-5.767119679556580195e+03 -1.293358611494388970e+04 -1.507136624140120603e+03
-5.043097786725673359e+03 -1.178132719961959629e+04 -1.625522066255388381e+03
-2.293647354475824159e+03 -7.879649502492286956e+03 1.235349241768057254e+03
-3.322574933765831702e+03 -1.096403709905582218e+04 -4.966020363262372484e+03
-5.050125362963617590e+03 -1.072112725501784007e+04 -4.593792612609439630e+01
-3.508742594043070312e+03 -1.013081789120160101e+04 -2.245696028746624506e+01
-6.293839884960821109e+03 -1.150769765032709074e+04 -1.184572699102518300e+03
-9.165972497149573428e+02 -1.101211564836355501e+04 -4.830496557664816464e+03
3.291485567586750221e+03 -6.523954102594722144e+02 5.907330608575102815e+03
-5.660268898647396782e+03 -1.140612524762301109e+04 -1.088757432459441361e+03
4.104883682621853950e+03 3.668456842940365732e+02 7.336689126335969377e+03
-2.874664483671931521e+03 -1.033226198908133301e+04 -1.358223518766721099e+03
-4.334545144675556003e+03 -1.143125812950184081e+04 -1.457063752955807104e+03
-2.997217706841373001e+03 -9.773324840720968496e+03 -5.592214565157443076e+02
-3.691279281616821663e+03 -1.219468324686369851e+04 -1.442239745325179683e+03
-1.763941580413655629e+03 -9.864188453586129981e+03 -5.802263084733399410e+02
-3.111941017939879202e+03 -1.054172865876042670e+04 -9.105196919323939255e+02
-2.715875218080779632e+03 -1.079283627257259832e+04 -1.413766479757915022e+03
-4.803860445496503417e+03 -8.052391778861276180e+03 -9.331718746904827640e+03
3.024157535563373585e+03 -6.375831522349734541e+02 6.974886329898530676e+03
-3.455202019310568176e+03 -1.000047410050183316e+04 -8.732637899204778478e+02
-4.570480388178895737e+03 -1.200313615763137568e+04 -1.915455672900367972e+03
-4.535594057384895450e+02 -9.485285869177956556e+03 -7.232000963275000913e+02
-4.337110399023150421e+03 -1.234069293320747965e+04 -6.939999108064530446e+02
-2.679591992201465928e+03 -8.135639505902673591e+03 -9.533395302480756754e+02
-4.834032966873269288e+03 -1.192526731468817161e+04 -1.442058785635743789e+03
-3.563039730144424993e+03 -9.774207712227676893e+03 -1.215502928975288341e+03
-3.046824788563468246e+03 -1.008911341612724755e+04 -5.842939016352801218e+02
-2.171709206467155127e+03 -9.832746250367585162e+03 -3.634282568240006412e+02
1.320873808224824870e+03 -6.361909280083964404e+03 4.032617760081941469e+03
-3.581521896851119891e+03 -8.988165169498379328e+03 1.767938295248495706e+01
-5.590033505993315885e+03 -1.195370981265804039e+04 -1.552012457620303394e+03
-6.147958574366866742e+02 -9.476571883868346049e+03 -3.367365978624499121e+02
-6.183581692470322650e+02 -8.159599940902191520e+03 4.152058701897641413e+02
1.272043902046032144e+03 -2.818507363808338596e+03 3.159803393821543523e+03
-1.282940828741385985e+03 -7.958076618815895017e+03 2.024381798668161309e+03
-4.802975469408490426e+03 -1.180927334310968217e+04 -1.353984834574248907e+03
-3.859151157822714140e+03 -1.208078987764511112e+04 -1.269016100830018786e+03
-3.813760845720360521e+03 -1.223652399136721942e+04 -1.689507160405670447e+03
-4.588861750305751229e+03 -1.230639784941215476e+04 -1.900568792039489836e+03
-3.321809523183025249e+03 -1.049697971061307544e+04 -1.008188390011792421e+03
3.101088483810704474e+03 -5.123109069528801456e+02 6.635707193382659170e+03
-3.233277070334364907e+03 -1.032280569451173687e+04 -4.315850336631588107e+02
-4.831018289576756615e+03 -1.125468390857373015e+04 -1.353698083659664462e+03
-3.490801827334420068e+03 -7.958383709379016182e+03 -7.937656715187690679e+03
-2.612747039419385146e+03 -8.579138737869598117e+03 -6.353013930911286025e+02
3.918139650793275905e+03 4.996085527316819253e+02 8.930537419127900648e+03
-2.744774999322157782e+03 -1.027725160867258455e+04 -5.511750293239749681e+02
-4.747681038001048364e+03 -1.001725899576903976e+04 -1.616056232498742020e+03
-1.311408075552065384e+03 -9.172886284439691735e+03 -4.626410161644104164e+02
2.343780435323025358e+03 -6.573407490841079380e+03 2.027171865953092947e+03
-3.348537342339589941e+03 -1.019835768084898700e+04 -7.330160900199692833e+02
-3.868767946636331089e+03 -1.064294539573770271e+04 -2.152741307357192909e+03
-4.789031178638094389e+03 -1.178899459164546715e+04 -6.526000792336707264e+02
-5.185547156368567812e+03 -7.296792241126287990e+03 -7.482510538722128331e+03
-5.294418040119338002e+03 -1.064686707177055359e+04 -5.053323203842148246e+02
-3.663233364376288137e+03 -9.021222564457641056e+03 -2.394498380241006430e+02
-3.469032507414131032e+02 -9.323206325616811228e+03 -6.021120736372945430e+02
-3.894190714180952455e+03 -1.176270480070479607e+04 -6.013944827748319994e+02
-3.713821598758977871e+03 -9.424989762059232817e+03 -1.130707361569742488e+03
4.824339912918228492e+02 -6.147520562399744449e+03 -4.960847986671103627e+01
-1.902212193709254962e+03 -7.512160410788465924e+03 -8.002368615887621672e+03
-5.226625672323145409e+03 -1.038370400203571444e+04 -1.130545780860565173e+03
-3.855781874227228855e+03 -1.015705201077573474e+04 -7.649565467925973508e+02
-3.452271410698633190e+03 -6.986586393863926787e+03 6.558462433944441727e+02
8.829909969983625615e+02 -8.348439931800918202e+03 -7.063259033950140520e+01
-2.884370573369474187e+03 -1.094010835873100950e+04 -1.243186508465951420e+03
-4.822819540710464935e+03 -1.067322761171085222e+04 -4.486475669572100742e+02
-3.917766750656883232e+03 -1.211226775663207081e+04 -1.531313409764363314e+03
-3.625746781838354764e+03 -9.078414751179363520e+03 1.469524728770761612e+01
-3.546725249153981167e+03 -1.073775017156608010e+04 -1.027033153249062707e+03
-4.546290262158205223e+03 -1.254656592100130729e+04 -1.760387954049283735e+03
-4.774637480891511586e+03 -7.946848742088860490e+03 -8.563902761853421907e+03
-4.880468543119138303e+03 -1.212527808650115367e+04 -1.597498375038346467e+03
-3.465923602314595428e+03 -6.427328021077137237e+03 2.619289436973039756e+03
-3.538672943911441962e+03 -1.002077233902925582e+04 -7.254574974940205720e+02
-4.266655714974041075e+03 -1.124265901118771035e+04 -1.251213349380214368e+03
-4.405740585722125616e+03 -1.141880881205855439e+04 -1.264338409337676012e+03
-4.128208440996922945e+03 -1.118782051184573356e+04 -1.142728613787454833e+03
-4.684973364352465069e+03 -1.078508167858287197e+04 -5.784879606979536675e+02
-4.152837877845949151e+03 -1.050477985135106610e+04 -1.056861959919745232e+03
-5.183761479741549010e+03 -1.048521342551216367e+04 -3.196796373845480730e+02
-4.194154799499276123e+03 -1.102286419386733905e+04 -1.576045626818314304e+03
-3.839918844984735188e+03 -1.002946427924913951e+04 -2.292238786094257193e+03
-2.772479632822502936e+03 -4.070209746349389661e+03 2.787328157414781344e+03
3.063765073671440859e+03 -5.991076318634266499e+03 -3.830541520339763338e+03
-4.048525995975394380e+03 -8.441302267226708864e+03 2.651415728022667281e+03
-1.344120786592664990e+04 -6.866515002559532149e+03 -1.214273982172526303e+04
-4.665243726143935419e+03 -1.078638822738140698e+04 -5.539959636807051311e+02
-4.353111586457642261e+03 -1.114416011751615952e+04 -8.669681548461006741e+02
-4.709599138622637838e+03 -1.072666720732905742e+04 -6.037615251654374333e+02
-4.927357074976366675e+03 -1.094954020840078374e+04 -8.786372628252489676e+02
-4.179699728019159011e+03 -1.134987468323358189e+04 -1.299570325328015770e+03
-3.277965239294308503e+03 -9.265880853449591086e+03 -4.415667889417854326e+02
-4.440707001635601955e+03 -1.044223532574069577e+04 -1.189766889046950155e+03
-1.036914630532814954e+04 -1.090404369064268576e+04 -1.177885874922647417e+04
-4.469238813771043169e+03 -7.197509202653100147e+03 2.705483259871322161e+02
-2.077803623664189217e+03 -7.752357976766736101e+03 1.217088930078670728e+03
-1.472732645637570158e+03 -7.111806962539694723e+03 -9.928057525861170234e+02
-1.300559390286167172e+03 -6.791132806995698957e+03 3.046441266331981979e+02
-4.372672557949502334e+03 -1.140466094973476174e+04 -1.272235502576776980e+03
-2.754298681393241168e+03 -6.786718667856901448e+03 -3.754049087174176975e+02
-2.035397565321665297e+03 -1.300627299905412110e+04 -3.125370364458127369e+03
-7.085317965050276143e+02 -7.267333809837296030e+03 1.625945661422730950e+02
-3.859802369258650288e+03 -9.985440548553197004e+03 -2.189842496666011357e+03
-4.263777189993674256e+03 -1.107190838241503661e+04 -8.790424358724973217e+02
-4.362849635030808713e+03 -1.092865562262263302e+04 -7.585779442219695738e+02
-3.404707315668799765e+03 -1.016643404801202814e+04 -5.147125020217414431e+02
-1.201056894318143804e+03 -8.442378266523959610e+03 -1.098888786817847722e+04
-4.175996879491636719e+03 -1.112695210330945702e+04 -1.185176644783594838e+03
1.622485807729311091e+03 -8.072735895454115962e+03 -6.903864475760960886e+03
-5.417371870706620030e+03 -1.178403761425214543e+04 -1.527542561035266544e+03
-4.688877066449140329e+03 -6.818016995452620904e+03 8.924404825936388761e+02
-4.285390199433501948e+03 -1.129927184342099827e+04 -9.503105995641687969e+02
-2.533857584780814136e+02 -8.911571544684835317e+03 3.957715593605049662e+02
-4.026167176217206361e+03 -1.129724180322613756e+04 -1.047906189048472243e+03
-4.082021980522763442e+03 -1.109904374038931201e+04 -1.352531792473916539e+03
-4.198501269130510991e+03 -1.225723850082984063e+04 -2.177622204925527512e+03
2.386804577664566295e+03 -1.008898920482423273e+04 1.634858545325146679e+03
5.577108038809144091e+03 -4.400547198806851156e+03 -7.813399020302299505e+03
-2.419841332706379035e+03 -9.755935192030219696e+03 1.630280272985147349e+03
-5.258291742116378373e+03 -1.025410274138093337e+04 6.987584761525910437e+01
-4.329749047839834020e+03 -1.079385621351295958e+04 -8.936379511643631304e+02
-5.086839261647850435e+03 -1.059698600155548593e+04 -1.049036369007313851e+01
-4.352512727990559142e+03 -1.143421542836089247e+04 -1.246886305958660614e+03
-4.692371426030923431e+03 -1.094215085937859476e+04 -9.100245073499793307e+02
-3.943074572269295459e+03 -9.772817360551247475e+03 -2.323304315994657372e+03
-4.398244874806249754e+03 -1.075019772457419640e+04 -1.622780059040515880e+03
-3.949974204950047351e+03 -1.071185448124740469e+04 -7.040682772023533289e+02
-2.482274774431754850e+03 -9.326269476993868011e+03 4.865159491588549372e+02
-4.282661186308154356e+03 -1.130831344393989457e+04 -1.431216935819326864e+03
-4.386544455392764576e+03 -1.104696257472284924e+04 -7.156699499862055518e+02
-4.674143741023162875e+03 -1.080157897412182137e+04 -5.663416096145026586e+02
-4.501699139788962384e+03 -1.125330099603198505e+04 -7.050117796265807328e+02
6.988134042096355188e+03 -4.051056006856954355e+03 -8.208626176539286462e+03
-4.784349399523175634e+03 -9.143228177675149709e+03 4.551559153781886380e+02
-4.332921701513012522e+03 -1.111558778709444778e+04 -8.335135490442613673e+02
-6.727470014894748829e+02 -9.030667348307333668e+03 8.628301016928774061e+02
-4.170761099632382866e+03 -1.130686821923951720e+04 -1.340006252036173009e+03
-2.359205057258826855e+03 -7.221805589733705347e+03 3.998157624510195092e+03
-3.998753693551864671e+03 -1.000645682754906557e+04 1.272802433601945040e+02
3.019579830701963147e+03 -6.440344817314551619e+03 -7.529686615135800821e+03
-4.530983297603122082e+03 -1.128259996957588373e+04 -1.235894609519099959e+03
-4.432969127994540031e+03 -1.128467425940667817e+04 -1.109868066224513768e+03
-5.313286736363374985e+02 -1.195238266107019263e+04 4.116240891485582551e+02
-2.439812428507400455e+02 -7.791456425757259240e+03 -1.346553998885372494e+03
3.279085861723791822e+03 -6.183163034385168430e+03 -3.221820239193469206e+03
-4.346850665832613231e+03 -1.130340321273992959e+04 -9.120982127715628849e+02
-4.709824306008415988e+03 -9.072244448804398417e+03 -6.788778057344597983e+02
-4.417020171350731289e+03 -1.127502159615972050e+04 -1.230915312834300266e+03
-4.513691980177228288e+03 -1.127949164141818619e+04 -7.417863384421812043e+02
-4.150029233171359920e+03 -1.203009722450344088e+04 -1.642106999018166334e+03
-1.091388059481106393e+04 -1.066904476379483640e+04 -1.183381328434650095e+04
-4.474487399465307135e+03 -1.130185944203667532e+04 -6.390778654675862072e+02
-2.012550058787044009e+03 -7.797984541671302395e+03 -2.707808529101134241e+02
-4.758894300543612189e+03 -1.082136587325877917e+04 -5.607893412734772483e+02
-2.761403538130032302e+03 -1.076767056054255227e+04 -7.758483227386346925e+02
-4.057918331846405636e+03 -1.209269999187363464e+04 -1.630602287009865904e+03
-4.290456841383349456e+03 -1.141956681505887900e+04 -1.258209791385490917e+03
-1.050233603357535321e+04 -9.262941423163048967e+03 -1.258103514375420855e+04
-4.853905574869762859e+03 -7.449838194099866996e+03 -3.752407144480340321e+03
3.593713253020702723e+03 -1.087690933707396289e+04 1.978538403858662605e+03
-4.439983336517021598e+03 -1.073506313449264235e+04 -7.617036339006841672e+02
-3.883067756401017959e+03 -1.169519640392136353e+04 -9.134411708013753923e+02
-6.081320624623047479e+03 -1.062132735006027542e+04 -5.156793830939853933e+02
-4.577648166284483523e+03 -1.078198023328232557e+04 -6.622812161627543901e+02
-4.550164014577860144e+03 -1.093906571958412314e+04 -6.694083885667829463e+02
-4.518133267669072666e+03 -1.118102085825252107e+04 -9.665734224097116112e+02
-3.229962935279972044e+03 -9.662090464170209088e+03 -3.474062311102399690e+03
-4.314438419913295547e+03 -1.094463949838912777e+04 -7.947616258291144504e+02
-7.772399811869557880e+02 -6.503397913728146705e+03 1.778270277030097532e+03
-1.510777629462476625e+03 -9.004206537121785004e+03 1.986445847606090410e+03
3.769687137270364019e+02 -9.158753216140070435e+03 5.123163541649015542e+02
-4.090840793482771915e+03 -1.107338503101179231e+04 -8.752676755715788204e+02
-6.609647483484849545e+03 -9.497595287434956845e+03 -3.558486742257231526e+03
-4.520041854989659441e+03 -1.018704602194337895e+04 -2.513789682040318780e+02
