-8.092806346828269852e+03 -1.361844810345748192e+04 7.229789156299862043e+02
-2.809660539275948395e+03 -1.266635688186249172e+04 5.966243740152292503e+02
-3.424048312532269847e+03 -1.284795949589717929e+04 1.741074362980600881e+03
-3.760621129581275454e+03 -1.329936640060145874e+04 3.371591115367653401e+03
-4.020203782275437334e+03 -1.274656861631883658e+04 3.642485768639736762e+03
-3.307529054797266781e+03 -1.410628516524868246e+04 1.111982459448619238e+03
-3.517066896719131819e+03 -1.278274396050479118e+04 2.220996077589174547e+03
-5.628337998223816612e+03 -3.894269074300567354e+03 -1.022387950030311185e+04
-2.205878229253341033e+03 -1.310144768869416839e+04 1.525276981769258327e+03
-3.414201547442322408e+03 -1.402636676383190570e+04 1.091206017026350992e+03
-3.106241004541969232e+03 -1.326245432665408407e+04 3.259784978678601874e+03
-3.788456484696301686e+03 -1.382552598327197302e+04 2.911390947060417147e+03
-2.969872142473962413e+03 -1.456176300598085618e+04 2.572910669276462613e+03
-3.361389484981727037e+03 -1.376318257601194455e+04 1.162687366198995278e+03
-3.275205966718237050e+03 -1.349234267776838715e+04 1.765282444807256070e+03
-1.953953819023554388e+03 -1.417681046627327669e+04 1.271449437425646693e+03
7.907835121393389272e+03 -8.643975360615202590e+03 8.038869397169308286e+03
-3.250426658228759607e+03 -1.346294207195303534e+04 1.981957540406584030e+03
-2.589180537899613773e+04 -2.041224374935589003e+04 1.418557494236053572e+04
-5.583501168280477032e+03 -1.336221481828851211e+04 -1.040212657676785784e+04
-9.130278883514347399e+02 -1.336761259117207192e+04 3.315968738635812770e+03
-2.784226493989042410e+03 -1.396342156357500426e+04 9.505597131227817727e+02
-3.249756279649597673e+03 -1.410729390311331736e+04 1.131744125247124657e+03
1.322020711469209346e+03 -9.038238539477617451e+03 2.635939075128942932e+03
-3.167946457891473074e+03 -1.364016085766037395e+04 1.185157851943322612e+03
-3.309609207877444987e+03 -1.432469293197564366e+04 1.188370060363709626e+03
-3.214830957559740000e+03 -1.230928340649349229e+04 2.246203621804625072e+03
-2.495027306330043302e+03 -1.378719047584487635e+04 1.350432728014090344e+03
-3.036629119217066091e+03 -1.539152863733903905e+04 6.751567610655743920e+03
-2.928962844952922296e+03 -9.437740554819509271e+03 2.136280104475984444e+03
-1.286686798647349633e+03 -1.296856953797679671e+04 1.506565777770495970e+03
-3.915423875064929234e+03 -8.385741849708094378e+03 2.333653113550409671e+03
-4.122434758386969406e+03 -1.276073440088370080e+04 9.644300729034173401e+02
-4.952948688959514584e+03 -1.108279170627109852e+04 2.865644381360064017e+03
-1.862179110270202727e+03 -1.366175994135505425e+04 1.479266848804989877e+03
-4.424820544542618336e+03 -1.522809630304016900e+04 -4.463361748025930638e+02
-6.883712778332459493e+03 -9.409852502948288020e+03 7.720872892053494070e+02
-4.795159273773859240e+03 -9.518279887356380641e+03 -4.857521592184461952e+03
-6.718160618818214971e+02 7.654352084519185837e+02 1.067638743589768637e+04
-2.682922368622224440e+03 -1.378539008160167032e+04 1.090547222432665421e+03
7.009729977181799541e+02 -3.459744179367459583e+04 1.720645830379457766e+04
-3.733915720922977016e+03 -1.295029383348871488e+04 2.723360101119285900e+03
-6.019385417230776511e+03 -1.593722443912018389e+04 7.749421739662155233e+03
-3.855719941049759655e+03 -1.339710266825261715e+04 1.008715317992364930e+03
-4.094646336798627090e+03 -1.315477049799017186e+04 3.016736804244374071e+03
8.549081630376181238e+02 -4.979488945311704811e+03 1.856697664201876933e+03
-3.289941080886700547e+03 -1.280937216940633880e+04 1.750865448299327909e+03
-1.257541879885981189e+03 -6.953402632774047561e+03 -1.479461382554644388e+03
-3.625932454168718095e+02 -1.210737150235493391e+04 3.348065483879793192e+03
-2.295399847028423210e+03 -1.604405937563865518e+04 -7.791713185717051147e+02
-3.767026869762946262e+03 -1.440172132013340342e+04 -3.034029418146036733e+03
-1.955899016697666866e+03 -1.383618723418802074e+04 1.668164087321805710e+03
-3.146601905261372849e+03 -1.412035064733995387e+04 1.031584583400374413e+03
-7.947006425562664845e+03 -9.570661441599128011e+03 4.980986052148010117e+02
-9.622057591892738628e+02 -1.581163421738380384e+04 1.973198592251161926e+03
-3.300668287761797728e+03 -1.401394344440579698e+04 1.141656546708569067e+03
-3.315145086890810944e+03 -1.510717863332355773e+04 4.066678538860407116e+03
-3.399690638634666811e+03 -1.293247845856638924e+04 1.790824648785149520e+03
-3.437644520518483205e+03 -1.356358311419107122e+04 1.351000401143033741e+03
-3.160671723520592423e+03 -1.390477587250660872e+04 1.894473144699158183e+03
-1.226833657786350705e+04 -2.173987827526608089e+04 1.025328086646767224e+04
-3.271225414589411230e+03 -8.567740594016138857e+03 -3.297593063509773856e+03
-3.378466430854594364e+03 -1.390819322727344843e+04 9.956552961303968914e+02
-3.897960935820352461e+03 -1.406874630330862601e+04 3.313947955581221549e+01
-2.323201636100787709e+03 -1.396550736740159300e+04 8.121964899286119817e+02
-1.780888137589219923e+03 -1.365580139902639712e+04 1.144356802883928367e+03
-6.340964167915275539e+03 -1.787109273111957373e+04 7.000986976697743103e+02
-3.694083578328377371e+03 -1.418940075592413632e+04 1.774153341404853791e+03
-7.449002171841494601e+03 -1.060763504252932398e+04 2.751493435731773388e+03
-2.610179471069388910e+03 -1.416186635519857919e+04 7.217724860083292242e+02
-3.294150489638943782e+03 -1.345382212706081191e+04 1.655103165942311762e+03
-3.389634852849292201e+03 -1.235151597675530866e+04 1.594235189665256712e+03
-3.120333917558767098e+03 -1.403905576691198075e+04 1.097449888964011052e+03
-1.127516641174612414e+04 5.998625406078620472e+03 1.560851886724758151e+04
-3.999323925497353684e+03 -1.363991179751693380e+04 2.198662202073906883e+03
-2.340176315720248567e+03 -1.290121385356707106e+04 1.434825655038340756e+03
-3.866531544434263196e+03 -1.469366097737355085e+04 6.293111079588909433e+02
-3.194079859911164476e+03 -1.395354857185225228e+04 1.449894572410641103e+03
-1.905035452679975606e+03 -1.297387030587987829e+04 6.318058815504527956e+02
-2.968746885209550328e+03 -1.419264731301552456e+04 1.123160694919707794e+03
-3.114658753096668079e+03 -1.418231955236413523e+04 1.129626618917822270e+03
1.542621348911278074e+04 -4.398971128898007009e+04 -3.063927647217507911e+03
-3.620924947832008002e+03 -1.127806540138281161e+04 2.292496160293134835e+03
-3.661685689296157307e+02 -1.351409366946776390e+04 1.617995182948267939e+03
-5.949907435864472973e+03 -9.146668394717276897e+03 -1.869938758781868955e+03
8.338601396400443946e+02 -1.354361441851769086e+04 1.961560313817778479e+03
-2.651539209087307245e+04 -2.423346984876180068e+04 1.672039484745101072e+04
-2.973040177091044370e+03 -1.355275142923427484e+04 1.548804094616310749e+03
-1.771017393250713212e+03 -5.201032380663516051e+03 -4.557078152815219255e+03
-8.055799015686675375e+03 -9.410417595173370501e+03 -1.531495217793784377e+03
-3.639661639740696501e+03 -1.069115328780997515e+04 1.782878086166221692e+03
-3.391879580456532494e+03 -1.402751263507630210e+04 1.329714797641365521e+03
7.421601345043568472e+02 -7.394852300984563044e+03 9.979363991902796442e+02
-2.255432517372411439e+03 -1.422627139918383909e+04 8.349533171617276821e+02
-3.663465922458552086e+03 -1.262661943828972107e+04 2.430584722882225833e+03
-2.138259283673173741e+03 -1.605909493144610497e+04 1.860799063642769170e+03
-2.285229504791987893e+03 -1.287143757605882274e+04 1.616143754997387532e+03
-7.353375256101569903e+03 -1.058615435271498427e+04 2.631910688994856173e+03
-4.772250742689165236e+03 -1.084304520860429875e+04 1.744260345363959232e+03
-1.809998308111369397e+03 -1.539607591641430008e+04 2.181438854352835733e+03
-2.420482001166120881e+03 -1.290022410373167440e+04 -2.915610768023036144e+03
-3.513040404106067854e+03 -1.325849768665127340e+04 1.950641446463974262e+03
-3.461327087241002118e+03 -1.333149324659045305e+04 2.016542595043425536e+03
-1.371578748340811217e+03 -1.385970077705866061e+04 3.627875345008321347e+03
-2.553040928750178864e+03 -1.453182513919145640e+04 1.508266076921957847e+03
-3.620305238646687030e+03 -1.332180033130089760e+04 1.772087182097306368e+03
-3.196093381011470683e+03 -1.310570029538075141e+04 1.721476674059434799e+03
-3.614669434443531827e+03 -1.305027419301897862e+04 1.768342178652826306e+03
8.519984956042575504e+03 -1.830066226485195511e+04 -1.159630358384075407e+04
-2.668113797842639997e+03 -1.422648369046104563e+04 1.102425761056716965e+03
-3.424270314502816746e+03 -1.398211745368829725e+04 1.315147762085837485e+03
-4.663284504086222114e+03 -1.347960117242280830e+04 2.459080877317001068e+03
-4.661843350805295813e+03 -1.229158468981161423e+04 -3.583083480575847943e+02
-2.817217410823118371e+03 -1.422179541693831743e+04 1.027571746547086832e+03
-3.517816612852903290e+03 -1.357151329664842888e+04 1.362522629664033502e+03
-3.874318631599129731e+03 -1.376836021324533795e+04 9.468731714696797326e+02
2.620338958266942427e+03 -1.267520552072437931e+04 5.073192023090748080e+03
-7.618209666806064888e+03 -3.031416556573706475e+04 1.575929651482460395e+04
-4.692208433677057656e+03 -1.415053748644553343e+04 9.388454910531960422e+02
-4.673845117133558233e+03 -1.176555919641641412e+04 -2.758100936074360106e+03
-2.108687450851697122e+03 -1.206787690070924873e+04 2.396369539178173000e+03
-3.047909269619543011e+03 -1.316689013075343064e+04 1.536537874235091294e+03
-3.277608913951795785e+03 -1.372069445491121405e+04 1.173772197698920763e+03
-2.378036412837172975e+03 -1.995758924265283349e+04 1.925905830523855229e+03
-2.575255891575069199e+03 -1.406249452179573746e+04 1.670515053450017376e+03
-2.694477474164001251e+03 -1.363810737788789993e+04 2.355029349256517435e+02
-2.600673184122932071e+03 -1.359459050400654996e+04 1.747895175026519155e+03
-3.329556958346983720e+03 -1.316872320679030599e+04 1.636355947284590457e+03
-6.000721748503538947e+03 -1.101723397275506431e+04 1.120174678941136335e+03
-3.034298022644318735e+03 -1.411011330693890341e+04 4.643888879922525120e+03
-3.368789489839523412e+03 -1.359842104219242719e+04 2.194619888711198655e+03
-1.875386882410118687e+03 -1.211561492717137844e+04 -4.863865214522703582e+02
-2.674765226841042022e+03 -1.454961190975357204e+04 1.336569698565827821e+03
-5.987615386610110363e+03 -1.613081752159454663e+04 3.657106046578544465e+03
-3.680373115268838319e+03 -1.339290668529660252e+04 1.686951808151704881e+03
-2.734832886402698932e+03 -1.404714455917653504e+04 9.938044515795043026e+02
-3.574295919256460820e+03 -1.426108816428659520e+04 3.869949528149166326e+03
4.413614535187252841e+02 -1.215163922649047709e+04 -3.725834306149842178e+03
-2.466253871529163007e+03 -1.454432723922759033e+04 1.513640567969477843e+03
-3.320424766421724144e+03 -1.289684886108431056e+04 1.698992572628369999e+03
-3.522797565319921887e+03 -1.326459125339184720e+04 1.844231819552556090e+03
-3.121313324323215056e+03 -1.242479036694545903e+04 2.113626681337987065e+03
-4.212069170065325306e+04 -1.426294598194329592e+04 2.864868428441837750e+03
-1.711830122654723027e+03 -1.462940097273701758e+04 1.108770742921892406e+03
-3.100476646233930751e+03 -1.381546989621160355e+04 1.536768998030717967e+03
-3.341550823806587869e+04 -2.287030865908241685e+04 9.021718809344449710e+02
-2.460244075353689823e+03 -1.528032406010012164e+04 4.075435485207825081e+02
-2.886017121558587405e+03 -1.330772860287367257e+04 4.753556867467148663e+02
-4.661183439661524972e+03 -1.341654187464094866e+04 5.140198630325508020e+03
7.510032919148331530e+03 -8.090410961684428912e+03 7.669384827137685079e+02
-2.189198489615354265e+04 -2.641777062120518531e+04 -8.634920939157047997e+02
-3.174168113947441725e+03 -1.375957431857104893e+04 1.219533180179580768e+03
-3.325381631142624428e+03 -1.320108998956602409e+04 1.533081728740407016e+03
-4.038209912766166326e+03 -1.122021333269854222e+04 3.126611514904513569e+03
-3.039611565454790252e+03 -1.401024929091346166e+04 1.297573538310078675e+03
-2.975441422121734377e+03 -1.360705464587102324e+04 1.561738469998514574e+03
-6.327243435511352800e+03 -1.567986147418299879e+04 4.992216363761227512e+03
-6.999664714519535664e+02 -1.469582751675195141e+04 2.333631015649373239e+02
-3.516245613006781696e+03 -1.347456088764524065e+04 1.639757403380918504e+03
-3.272086316963610443e+03 -1.351604584342617090e+04 1.725772122296738871e+03
3.158601056983025956e+03 -8.988323992946130602e+03 -2.954369162717680865e+03
-7.022220536154739420e+03 -1.171763333616814634e+04 4.022235636339657958e+03
-3.360201724842843305e+03 -1.395399559564604169e+04 1.400686451021688299e+03
-4.939804165565908988e+03 -3.050363749426006325e+04 1.737564120304624521e+04
1.609844844166290159e+03 -9.514094896437371062e+03 -4.174019771069702074e+03
-3.382497163546848242e+03 -1.400307299228016927e+04 1.328450643063982398e+03
-3.872271229933252471e+03 -1.162295705759012162e+04 2.710152016687618016e+03
-1.864666726496828232e+03 -1.448228332521413176e+04 2.585101893529780682e+03
-3.216519698267364674e+03 -1.373325195468209131e+04 1.395541248406279010e+03
-3.387682008524867342e+03 -1.304728211877309150e+04 1.599696644252246870e+03
-2.911754875657466073e+03 -1.390820220696176875e+04 1.318134524006162110e+03
-3.319052217129251403e+03 -1.375257514227262436e+04 1.068583092726601990e+03
-3.098466129010033001e+03 -1.396078841499848022e+04 9.943876963533798516e+02
-2.973188404398625153e+03 -1.413818704001650258e+04 1.101343806206805766e+03
-3.225967300676928062e+03 -1.346231695387903164e+04 1.808629863689296144e+03
-3.708306630299335211e+03 -1.304177829946657585e+04 1.820472471078452145e+03
-2.697054846030856424e+03 -1.388514170901919351e+04 1.742381902146405537e+03
-3.119377353601557843e+03 -1.381733522535530756e+04 1.278744886594226955e+03
-3.162612101846119458e+03 -1.357932465870884698e+04 1.127506651998923417e+03
-3.689690810206418973e+03 -1.413934469760171123e+04 1.255093688730075655e+03
-2.974762351592524283e+03 -1.387422816507230709e+04 1.086187021896907481e+03
3.006577543021649944e+03 -1.066841693133152876e+04 1.001994208543626996e+03
-6.944143876314008139e+02 -1.249476946938394030e+04 2.534500094453759630e+03
-2.118797692988430299e+03 -1.285107403188701028e+04 2.882806838671513560e+03
-5.472384031176094140e+03 -1.007688312793306432e+04 1.006287675767278415e+03
-2.609978073645377663e+03 -1.403844016489607020e+04 9.305777136303635189e+02
-3.075276380859543679e+03 -8.929366647430631929e+03 -3.594586269139480464e+03
-3.397677979079758188e+03 -1.290744225753718274e+04 1.836498816626548432e+03
-7.097457528421195093e+03 -1.707590284547554984e+04 4.750116248411070956e+03
-3.208794075345139390e+03 -1.346611618091858145e+04 4.499404908386504758e+03
-6.720217320151524291e+03 -1.266094659984139798e+04 2.161885124285106485e+03
-3.672285843001117883e+03 -1.353327679612387874e+04 1.841773737013876143e+03
-8.193317126315625501e+03 -1.014950077529254304e+04 4.179922901038900818e+03
-3.027588652236439884e+03 -1.277045823716344967e+04 6.873345231829451905e+02
-2.658243956373938545e+03 -1.381925957834157816e+04 9.896813587202212830e+02
-4.128511281557171969e+03 -1.288545086054853164e+04 1.145697001175492460e+03
-2.801314904781161204e+03 -1.365240743510484572e+04 1.346132122289922791e+03
-2.958286135471296802e+03 -1.346040833634915180e+04 1.241314843019570162e+03
-8.294136915337785467e+03 -1.246268499148850424e+04 2.186537318424740533e+03
-2.615855762133872759e+03 -1.396975451501952921e+04 1.702366826700756292e+03
-3.055824310745109869e+03 -1.530340146267914861e+04 1.295097119273656062e+03
-3.115482667764366852e+03 -1.357771136407469021e+04 1.591379861563864779e+03
-3.382446951020812321e+03 -1.385243465156197817e+04 1.559062591066393907e+03
-3.900649898021257286e+03 -1.255527181666832075e+04 2.745107622069553145e+03
-2.798220558178289139e+03 -1.271881529810474967e+04 1.296100367570071967e+03
-3.527277409534342951e+03 -1.352774651149439705e+04 1.253526038221279805e+03
-2.973290914189309206e+03 -1.347835590976944150e+04 1.661728484868456007e+03
-2.960169656187049441e+03 -1.389667188128560338e+04 1.295409772219322122e+03
4.292047302802397439e+02 -6.213956739675992139e+04 3.624141200281213241e+04
-2.924419458772103553e+03 -1.352907679649614329e+04 1.556271034943335962e+03
-3.598250642343179152e+03 -1.337396326006285381e+04 1.802206001095904867e+03
5.125986636309185087e+03 -4.244742032727871992e+04 1.763268886691212901e+04
-2.983305181515001095e+03 -1.436878206858311387e+04 7.282761092456316874e+02
-2.918155204398199658e+03 -1.297892032236218984e+04 1.530568538071913508e+03
-3.243927933668344849e+03 -1.298938926342802733e+04 1.972469920792583025e+03
-1.242959611112925813e+03 -1.371132851424697219e+04 1.548999601712881258e+03
-2.707378503395724692e+04 -4.586671471473796555e+04 1.555161046888493729e+04
-3.414988227592546536e+03 -1.355056580372360622e+04 1.541857756202190103e+03
3.268036039064556007e+03 -1.323303992108402053e+04 -5.759914492423227784e+03
-2.573702790545191419e+03 -1.200376527004515629e+04 1.728123095689227284e+03
-2.964879072431642726e+03 -1.298632837426091646e+04 2.866905129846377918e+02
-3.043374392505998912e+03 -1.357332704415277294e+04 1.570073893372956718e+03
-2.913814304756171623e+03 -1.408936239594302424e+04 8.695267465049126940e+02
-1.331901507728458967e+02 -1.536003146161096447e+04 4.175307598795673130e+02
-3.620523510415262081e+03 -1.325606516232077593e+04 1.852522097663004160e+03
-3.250941007445536798e+03 -1.394764433990104590e+04 1.669074185526174915e+03
-2.898909530103487214e+03 -1.362655613367657497e+04 1.517108294914955195e+03
-3.320123699494627544e+03 -1.175839872127203489e+04 -4.651976861196772006e+00
-5.232714168000302379e+03 -1.302134585221524321e+04 3.276649955275079265e+03
-3.142471232544217855e+03 -1.360545792873438040e+04 1.781131776202374567e+03
-2.802639975705096367e+04 -2.612465415727053914e+04 -1.600549507228530501e+03
1.755363758379160572e+03 -1.207451357593744251e+04 3.811067556332647655e+03
-3.157424045689005197e+03 -2.147348996001994237e+04 -4.807877953188396532e+03
-4.819668619389353807e+03 -1.230446599731403330e+04 1.784560130170834327e+03
-2.979795560207523067e+03 -1.323655064807559938e+04 1.845712475472006872e+03
-3.626354938165716248e+03 -1.233215612276330285e+04 3.524218589477224668e+03
-2.683153111379778784e+04 -4.881893665100538055e+04 1.969539912401293259e+04
-5.851750026085889658e+03 -8.985548383988112619e+03 -5.275360372165361696e+03
-3.779751742214487876e+03 -1.498813916821925341e+04 2.765642996114270318e+02
-3.269388327375337667e+03 -1.335439164549177985e+04 1.971837332311477894e+03
-4.610970621652619229e+03 -1.488318288154870970e+04 2.329032485007860487e+03
-2.759471695597523649e+03 -1.415663176113023292e+04 1.502304388223004480e+03
3.158892851179796253e+03 -5.622404318709493964e+03 1.459359005497860562e+04
-2.641295179146075952e+03 -1.421960725066360283e+04 2.842766964392154705e+02
-3.064955973492747489e+03 -1.320359756657038088e+04 1.875406136789068341e+03
-2.991388599754785901e+03 -1.354579770722338253e+04 1.524346010753304199e+03
-3.114916216589017495e+03 -1.349308087221438109e+04 1.560940961131194854e+03
-2.462719462186732017e+03 -1.252454667832332416e+04 8.701388495787202828e+02
-1.756436286304436862e+03 -1.346522922835517238e+04 1.364823266956986799e+03
-6.904884729397386991e+02 -1.378235079099295035e+04 2.515543965406565349e+03
-8.646654170738731409e+03 -1.847691108920028273e+04 2.791678397840244088e+03
-3.318530379869551325e+03 -1.418406964949041321e+04 1.496094491921449844e+03
-3.305912210940750356e+03 -1.341862723192539124e+04 1.809910740606185072e+03
-3.242820019468644205e+03 -1.334406271891720644e+04 1.881277621709858977e+03
-3.405120403084391910e+03 -1.285529107875947193e+04 1.787012127030707006e+03
-3.583746198066229681e+03 -1.313620063113990000e+04 1.945371562797038678e+03
7.223553628638010196e+03 -3.556209526069001731e+04 1.191110606297107552e+04
-3.246460691274159672e+03 -1.401887003274960989e+04 1.751647587609717448e+03
-3.810603585102197485e+03 -1.377188448593725298e+04 1.945447056328759572e+03
-2.872335158375629362e+03 -1.364477747007215112e+04 1.291970202419612860e+03
-4.105427289124497293e+03 -3.138887521787740843e+04 9.955016416099273556e+03
-1.148467232227266504e+04 -4.952931697924150649e+04 2.121361274665753081e+04
-2.970429387835464695e+03 -1.379083476790244640e+04 1.329915730280518119e+03
-1.924048531214290051e+03 -9.197640974329644450e+03 4.340704230623821331e+02
-3.114691500833310783e+03 -1.319987189481383029e+04 1.948391776769509079e+03
-3.428003047315974072e+03 -1.351273142875626399e+04 1.851775605893992861e+03
5.091574091119688319e+02 -1.406812135523476536e+04 4.567732146252351413e+03
-3.482387608286754130e+03 -1.411413541180663924e+04 1.482450261131942398e+03
-3.541580056309117936e+03 -1.358240496392769455e+04 1.341852730049965430e+03
-2.962839160834533686e+03 -1.395824808290932197e+04 9.279108569252398411e+02
-3.185475143526777629e+03 -1.354003321777435303e+04 1.613545054850778115e+03
-3.216107916600762110e+03 -1.387527000184476128e+04 1.717082860904025893e+03
-3.618531771846319316e+03 -1.326306620229039981e+04 1.528853340712256568e+03
-4.184083040831814287e+03 -2.992186414793272888e+03 -4.131179756384102802e+03
-3.536838949158375272e+03 -1.348040736147022290e+04 1.671469589672524080e+03
-2.878530822693356640e+03 -1.386772932009474243e+04 1.272445744015104765e+03
-2.317974983779013201e+03 -1.308258272376043897e+04 2.352270797156782919e+03
-3.499792893006174836e+03 -1.343992268676360618e+04 1.767615879211750098e+03
-3.761794370648364747e+03 -1.357520091543993840e+04 8.708120805701290692e+02
-3.404654640681388628e+03 -1.340323117343562262e+04 1.652407066553256300e+03
-3.254771292743205777e+03 -1.386682689066232342e+04 1.363813892130094700e+03
-2.585100067772503098e+04 -2.471693787279350363e+04 -5.997717139073635053e+02
-2.350690435295486623e+03 -1.379698601440355378e+04 -5.805627641681946898e+02
-3.566620575105922399e+03 -1.379535205537069305e+04 8.789224741478508349e+02
-3.760768597719688387e+03 -6.295391681237082230e+04 3.816342676928150468e+04
-3.640108057927955997e+03 -1.353231765788958910e+04 2.352258787672512881e+03
-1.678281821913051317e+03 -2.398645565250244545e+04 8.949941471848869696e+03
-3.106458141673887894e+03 -1.325209963845995844e+04 1.983489314414352521e+03
-8.527754744374382426e+03 -1.526254664222436622e+04 6.648046240548409514e+03
-4.211378580598168810e+03 -1.168472499391161364e+04 2.266388901697843266e+03
4.743362114837003901e+03 -2.215651339072761766e+04 2.547899465340910865e+03
-2.366281617145596556e+03 -1.444305050406422015e+04 1.338403335007563783e+03
-6.240605989077517734e+03 -1.439583783852641136e+04 4.624651092745150891e+03
-3.168501532072741156e+03 -1.307252882367557686e+04 1.980340692929053375e+03
-3.004622130893108078e+03 -1.399708618184169427e+04 1.269641970320306655e+03
-2.064261922293983389e+03 -1.356623437187823947e+04 2.430071829018437256e+03
-3.004973295019179659e+03 -1.342104129054354416e+04 1.791026006028689835e+03
-2.311356272489660569e+03 -1.429133442214077513e+04 1.401860661441418642e+03
-7.831846780709306586e+02 -1.188406366824335601e+04 2.967524237973536856e+03
-1.977756199445081620e+03 -1.611826587711241700e+04 -4.149080570560863634e+01
-2.284112587961215468e+04 -5.873138740353922913e+04 4.461600385937685496e+04
-2.752074184667014379e+03 -1.453673999114601793e+04 1.361177782729341516e+03
-2.120403664900548392e+03 -1.400896567967504598e+04 1.682148807176832179e+03
-2.668215661296317649e+03 -1.394693754822708433e+04 9.486373820342732870e+02
-1.203667569041903516e+04 -4.638700468234484288e+04 3.105809809504541408e+04
-3.440803062389111801e+03 -1.340521499301863150e+04 1.832083420312456155e+03
-2.737544243294302760e+03 -1.348039028680476804e+04 1.753760254527178404e+03
-3.787147647337710168e+03 -1.352966099156353994e+04 7.916745162341061359e+02
-2.046757878331173060e+03 -1.675945975747935881e+04 3.858557366672283479e+03
-3.327100132222974935e+03 -1.320607029261465323e+04 1.701652735040700691e+03
-3.036305124548186996e+03 -1.331832831299006284e+04 1.609640553935546905e+03
-4.171330771040182299e+03 -1.261422882810745068e+04 7.008775806892029323e+03
-2.726746268000092641e+03 -1.418220430755723100e+04 1.104403601704447283e+03
-2.487788809929631952e+03 -1.511588966033009092e+04 2.130939506514440836e+03
-2.889680945021922980e+03 -1.326813256157858086e+04 1.536417363542919702e+03
-1.084169282208515506e+04 -3.531068488503029948e+04 -2.083005583298733472e+04
-3.699552846678470360e+03 -1.443708653700188916e+04 -8.621452055476652276e+02
-2.841632098433696683e+03 -1.372942962398113377e+04 1.246298499169156003e+03
-4.899900212113167072e+03 -5.255699748310502036e+04 2.462454036469378843e+04
-7.532147514054586281e+03 -3.474947525383606262e+04 2.024868074144234924e+04
-3.020547163348867343e+03 -1.411378615231072399e+04 2.199462018586531485e+03
-3.055540721136901993e+03 -1.303359574614608209e+04 1.806734746388465055e+03
-2.986314232785086460e+03 -1.376925397395214713e+04 1.251416093396039514e+03
-1.998801388764528383e+04 -5.446727884756173444e+04 4.119954600754738931e+04
-3.226113876325025103e+03 -1.331914951697146353e+04 2.161590448925727287e+03
-3.322728887105965441e+03 -1.301011473932798253e+04 2.354941127555332059e+03
-3.083104306875043221e+03 -1.327220134466152012e+04 1.918646210505955196e+03
-3.390359569284071313e+03 -1.396012516431275617e+04 4.066929136916618290e+02
-3.268686747790150093e+03 -2.394089874457297810e+03 5.661429932257713517e+03
-4.694043993742281600e+03 -1.016180479121556527e+04 2.594299282936295185e+03
-3.163589825312427820e+03 -1.376981896683512787e+04 1.689718698099806033e+03
-1.108127139819991862e+04 -3.905359594386959361e+04 2.812308164753153324e+04
-2.342182750998284519e+03 -1.407198383219301104e+04 1.030418191187780849e+03
-8.094075505596417315e+03 -1.186943216001406290e+04 6.294786681728990516e+03
-3.510752956741223898e+03 -1.365029129053841461e+04 4.393895307209764951e+02
-1.859940945879691981e+03 -1.456188314583048123e+04 2.679535844031189754e+03
-2.261850391082285569e+03 -1.351212423307957215e+04 -2.285563081803754812e+02
-6.199025228762660845e+03 -1.183953240520598047e+04 1.161207926197743745e+03
-3.499943597937774939e+03 -1.371741271607058479e+04 1.591508041063461860e+03
-3.044775162205751712e+03 -1.307424170746874734e+04 1.902449709667587513e+03
-3.879366726811752415e+03 -1.104057574849003140e+04 2.715250797399543899e+03
-1.282418180898624996e+04 -3.887047026416561130e+04 2.614513983627820562e+04
-7.492097797123633427e+02 -1.803675735047568742e+04 1.681926190007185596e+03
9.619513199376310695e+02 -1.227729496208984165e+04 -1.397648159045185366e+03
-3.318642335112800538e+03 -1.321728634065007827e+04 1.995474074896035063e+03
-2.749423251421514578e+03 -1.402350905777628577e+04 6.411005756603193731e+03
-3.498167748016572205e+03 -1.336301618232107649e+04 1.544658921108142522e+03
-1.074186869440303781e+03 -1.256567922817002909e+04 -1.939759683694719570e+03
-4.005744093309107484e+03 -1.610044060164426992e+04 5.620851472697827376e+03
-2.181177310904492060e+03 -1.126385789136759377e+04 7.753190876767296686e+03
5.838607326051490418e+03 -1.631849114689806629e+04 -3.761510430384606707e+02
-2.279237783640435282e+03 -1.406813413915204001e+04 1.016117533131870005e+03
-2.714693247997585786e+03 -1.354725749382111280e+04 1.556702488964466966e+03
-2.535429216143859776e+03 -1.406665793652060165e+04 1.200910503714385413e+03
-2.933324155690206680e+03 -1.351286583715933375e+04 1.592720133922211517e+03
-2.161870508059670101e+03 -1.402053030987716738e+04 1.038230634278466141e+03
-8.805384190365897666e+03 -4.373130985172336659e+04 3.425914158556637994e+04
-5.438242760556009671e+03 -1.233236649439660687e+04 4.763584612931413176e+02
-2.246503149845955704e+03 -1.398727949589400123e+04 1.134951108221795039e+03
-3.432392350249252559e+03 -1.274609988678920672e+04 2.071282802337978865e+03
-1.087373027528083912e+04 -2.439171188875892040e+04 1.397726175551227971e+04
-1.405220085145084522e+04 -4.408576828590452351e+04 3.255452220356306862e+04
-3.057108859639126422e+03 -1.304615747120262859e+04 6.412497042776792568e+02
-2.331011237668767535e+03 -1.501076480462062318e+04 -1.274908691041514203e+03
-3.120635307076231584e+03 -1.342760485114260518e+04 1.936879855865764284e+03
-2.844545973229697211e+03 -1.346737538014723941e+04 1.811270313156371685e+03
-2.233790423413905501e+03 -1.215212064231987279e+04 1.814257441750902899e+03
-3.744689658036573292e+03 -7.919665318525011344e+01 6.386870412044078876e+03
-3.248145257238319573e+03 -1.291283079475370141e+04 2.983739362950259988e+02
-3.597215168815645939e+03 -1.342504845189304979e+04 1.750132934538373092e+03
-3.038689698401189617e+03 -1.316797578364368019e+04 1.941180222491152563e+03
-6.127002423024008749e+03 -8.149369786548693810e+03 -2.209895408110124663e+03
-3.383324527093484903e+03 -1.345225820678659147e+04 1.584260858669069876e+03
-1.136617937336001705e+04 -1.920088161667334134e+04 -2.988733787832856706e+03
-2.922722913412344042e+03 -1.389730844750416509e+04 1.299592267063383360e+03
-3.005757081392295277e+03 -1.352716497618624999e+04 1.624724597249414046e+03
-2.471836520084442327e+03 -1.333832908494216099e+04 4.446666978659540064e+02
-3.152479224359397449e+03 -1.342499268083112474e+04 2.118605147661050523e+03
-2.955493428842842604e+03 -1.402445350185424832e+04 2.272754797662342753e+03
-3.026509638052912123e+03 -1.374806573226915134e+04 1.373391597696853751e+03
-3.019396198925876433e+03 -1.351289019977224598e+04 1.645262579989384676e+03
8.923555636001063249e+03 -2.076528214656783530e+04 3.331471529630529858e+03
9.729863664250131023e+02 -1.272926919716813609e+04 3.571906709134684661e+02
-1.151316905712412699e+04 -4.835764945487236218e+03 -1.251540646106162058e+04
-3.910562209914664436e+03 -1.327973037821771868e+04 8.202688604764594857e+03
-2.530035212725595557e+03 -1.140335618946074646e+04 1.129103539880265430e+02
7.409923239680588267e+03 -4.680520242576608143e+04 1.417780480738597907e+04
-3.632583050083921535e+03 -1.392184675534629969e+04 1.301198480457913092e+03
-2.216981427377930686e+03 -1.574457179938125410e+04 2.302890695561687608e+03
-4.667454059298894208e+03 -1.376584610160291049e+04 7.324631852427231024e+03
-4.769526291019119526e+03 -4.681316847259877250e+04 2.637387804433741258e+04
-2.981624664611497792e+03 -1.329434539122187380e+04 1.687782882102013900e+03
-8.934082447531616708e+03 -2.694665238091483843e+04 -1.660572963355162574e+04
-3.150940511652611349e+03 -1.327552547714904358e+04 1.944562959577590846e+03
-3.423969541996764747e+03 -1.389586297969332554e+04 1.301506925102686864e+03
-3.934978210433905133e+03 -1.150287405182316070e+04 9.614954234743678171e+03
-3.142926470704664098e+03 -1.375901460154610504e+04 1.106610460123572693e+03
-3.212780610837476161e+03 -1.305737087553206584e+04 2.313123193654936586e+03
-2.197891997523829559e+03 -1.275111294788193663e+04 -4.863220438105087169e+02
-7.517803204595053103e+03 -1.605470523292198595e+04 7.475882621933178598e+03
-6.587702101299344122e+02 -1.044458704394919550e+04 -2.803380502342347881e+03
-3.030651740685208097e+03 -1.310328916488025243e+04 1.950941420642593130e+03
-4.990108480659734596e+03 -1.226488215313753426e+04 1.131120900699350841e+03
-8.077513599957766019e+03 -2.654700731466612706e+04 -9.852927933407512683e+03
-3.832507975010414157e+03 -1.270984133789998305e+04 2.403712460372859368e+03
-2.396894678961500176e+03 -1.222210747346232347e+04 1.406743598865852846e+03
-2.532792308625482747e+03 -1.402548228721671330e+04 1.317933642379494131e+03
-3.185579882636195180e+03 -1.379051204495576530e+04 1.216037729862891183e+03
-2.155071746719389012e+03 -1.000360341034078374e+04 -1.727333131421992675e+03
-2.746298628782746619e+03 -1.388156812792442724e+04 1.013362169353458739e+03
-3.743562118586213273e+03 -1.248461105737041726e+04 2.238441151184262708e+03
-3.120302733023347173e+03 -9.855608262688687319e+03 -3.196273071847274423e+02
-4.546537299451432773e+03 -1.180990692221342033e+04 3.639965688039486849e+03
-3.165128722904973529e+03 -1.348367391430057069e+04 2.259967792697987989e+03
-6.454947149304434788e+03 -1.234446636170322563e+04 3.157822480472911593e+03
-3.308811091222411051e+03 -1.265572133630906319e+04 2.777446567352945294e+03
1.302530270475167890e+04 -9.232975137527702827e+03 9.987143626718463565e+03
-3.545922772346886632e+03 -1.343627742627659973e+04 1.776904847880216494e+03
5.908733974323425173e+03 -4.063290155824320391e+04 1.724353799589820483e+04
-4.225322818135402485e+03 -1.613564996374242946e+04 7.697765620115412730e+02
-2.846170821724274901e+03 -1.060839012222049860e+04 6.855333651394475055e+03
-3.045393938772052934e+03 -1.359625166817927311e+04 1.564693374493057263e+03
-2.768125253297967902e+03 -1.373559459245534163e+04 1.065830358857150259e+03
-5.573110194512261842e+03 -1.367196680572666264e+04 -6.589902577872713891e+02
-3.289472749576666047e+03 -1.393198974643944166e+04 1.081478813654245869e+03
-2.505408133567024379e+03 -1.339382221999833200e+04 5.540713806488481623e+02
-2.828149297455402575e+03 -1.421893566279545303e+04 2.130478248143914243e+03
-7.940251563764887578e+03 -7.602701862486900609e+03 1.987957071966633521e+03
-7.104978747168151131e+03 -2.009896631356764556e+04 -9.152594214047278001e+03
-2.321585065080100776e+03 -1.453799014092348807e+04 3.618182863499586688e+02
-2.179539766584518475e+03 -1.176400912600892661e+04 -3.034286237105825421e+03
4.457734970547158809e+03 -1.888243783949760473e+04 -4.963004720601908957e+03
-6.762042166862189333e+03 -1.144884599826074191e+04 -1.764657237514155440e+03
-3.484794370898996476e+03 -1.061196084144441193e+04 2.690213100680800835e+03
-3.287659793264419022e+03 -1.369107044864312775e+04 2.039541231208442468e+03
-4.145892316520847089e+03 -1.418575032925084997e+04 -1.317107680259675362e+03
-4.941774448871114146e+03 -1.842561700285627376e+04 1.871163174886339220e+03
-5.725124143007470593e+03 -1.883171483307926974e+04 4.143472372135604019e+03
-2.702842764375118350e+03 -1.396171822970879293e+04 1.168818312938011786e+03
-3.548483467987146923e+03 -1.356561491474631839e+04 1.862245534131373688e+03
-7.682684340311559026e+03 -1.731743947789257072e+04 -4.877618267387461856e+03
-1.223573369311687020e+04 -4.301299241993478972e+03 2.914864278301867671e+03
-4.098374706378064730e+03 -1.277044197241472648e+04 -4.042878441622763148e+02
-4.032856842964286443e+03 -1.747338829765850824e+04 2.407638455487386182e+03
-2.667515403597010845e+03 -1.393377415425305480e+04 1.175483304309391315e+03
-2.299778983555685272e+02 -1.351375652399365026e+04 -1.600579286544641036e+03
-2.027497240029145132e+03 -1.404823007410966966e+04 1.537836956257228167e+03
-1.112640958280218547e+04 -9.450548891647094933e+03 3.120791391841273253e+03
-5.352905312611925183e+03 -1.173783148024923685e+04 -1.980767667425028094e+03
-1.807071044622604404e+03 -9.058801933794133220e+03 1.690197436059370375e+03
-7.763771838839663815e+02 -1.380041172729186655e+04 -3.758892670428892416e+03
-2.758040212663534021e+03 -1.404116236610255146e+04 1.123392636522311705e+03
-3.444354381847950208e+03 -1.362245266479755810e+04 1.641396655611066308e+03
-2.671973530616871813e+03 -1.373341519692377369e+04 9.556251977479671496e+02
-3.515600189926734856e+03 -1.263864576261912043e+04 2.490597038887869985e+03
-7.384799643830369860e+03 -8.477239979087657048e+03 6.457181234314493850e+02
-3.863154095981663886e+03 -1.716977667906281204e+04 1.688746391473513995e+03
-7.054065517783221367e+03 -4.258828989148193796e+04 2.796597615117415990e+04
-3.657324516956301068e+03 -1.322122339668880886e+04 2.722523783774475760e+03
-3.113858577398567832e+03 -1.350501478487326494e+04 2.003077167598342612e+03
-3.898527915925559682e+03 -1.221175686719911937e+04 8.648288155500587209e+02
-1.147872929231612034e+03 -1.318771591966102096e+04 1.301822800797403943e+03
-3.242335351069863918e+03 -1.300304400458860982e+04 1.765736441578338372e+03
-2.534350927899559338e+03 -1.327057066464513082e+04 6.921209490501579239e+03
-1.123100497567330603e+04 -1.189468505685793025e+04 1.146181370132972233e+03
-2.710516385323041959e+03 -1.390283631349629832e+04 1.060049854136948852e+03
2.840832953590459056e+02 -3.690395879211296415e+04 1.531936505639958796e+03
-3.846490066453178770e+03 -1.711153277892018377e+04 1.810620716623444878e+03
-4.815049532258754539e+02 -1.227870432377776888e+04 2.527424718059937732e+03
-3.149842231003693087e+03 -1.365587983270695986e+04 1.406651338023398694e+03
-3.717474543786240702e+03 -1.307419222972382522e+04 2.822674211433829896e+03
-1.483123873214252399e+03 -1.207338305208145539e+04 3.424344760726969525e+03
-3.295946568497985027e+03 -1.340614508304289302e+04 1.861396284063470148e+03
-6.198658352424635268e+03 -1.559213028514138205e+04 3.421486917352128785e+03
-3.482422172488002161e+03 -1.357918788683588173e+04 1.774556432322243609e+03
-6.122426313773628863e+03 -9.742237355334214953e+03 -3.143329509849443639e+03
-5.217126665089160269e+03 -3.624273525696316938e+04 2.810593309768682593e+04
-2.773740842109195000e+03 -1.385701551686155108e+04 1.047242793240284300e+03
-5.367950043804748930e+03 -1.253814512497667056e+04 -2.069985040776221012e+03
-3.218337232542321999e+03 -1.344978595620607484e+04 1.612849377089516338e+03
-3.554776039917758226e+03 -1.343251659983958962e+04 1.630594216598496814e+03
-3.482447060005735693e+03 -1.317389800965669201e+04 -1.778619587682266229e+03
-2.353066607783809104e+03 -1.132801980739362079e+04 -1.853234968866017880e+02
-1.141944155357911313e+03 -1.686042665465301616e+04 -3.790657946954049294e+03
-4.323437389525773142e+03 -1.213459427108696764e+04 1.584245851564807253e+03
-5.065116496350066882e+03 -1.439289229501638511e+04 5.796949522028990032e+02
1.434133317174130752e+04 -2.950088375757615722e+04 1.482089453789366235e+04
-4.237864093693851828e+03 -1.218228738160972352e+04 1.212056545857933997e+03
-2.993710211138828527e+03 -1.333757497988692739e+04 2.707659663886621729e+03
1.872940143346895638e+04 -7.724151613261380407e+04 2.271527893591354223e+04
-1.297276266137005769e+04 -1.637440084043321440e+04 9.515442490544310203e+03
-2.625355905161807186e+03 -1.388154412840730583e+04 1.017327836527834506e+03
-6.948633316594725329e+03 -1.322187254007906085e+04 3.438380082604891413e+03
4.784347461937932735e+02 -1.920713998164392615e+04 4.094701586265337028e+03
-2.424026475802197638e+03 -1.425763052771569528e+04 1.018389432970020835e+03
-5.454464675716412785e+02 -1.262660453186581071e+04 1.089895371534788637e+03
-3.323179139017376201e+03 -1.046941924947771258e+04 6.747075670682525924e+03
-3.384778431455384634e+03 -1.348415126525276901e+04 1.894421109672855664e+03
-5.579254510224474870e+03 -8.626868094209898118e+03 -2.297786889749198963e+03
-4.170295219472937788e+03 -1.230741655152783096e+04 2.332931566258239400e+03
-3.056724682541040693e+03 -1.274413887409744348e+04 2.313503685329735163e+03
-7.747481627616450623e+02 -1.235741340252200462e+04 3.181469819054660093e+03
-3.814863906116082489e+03 -1.301311092621712487e+04 9.285670089520439205e+02
-4.179819938867852215e+03 -1.370812555168543622e+04 3.201184335288410693e+03
-1.447733608135410122e+03 -1.286884809254208812e+04 1.864502448911485772e+03
-2.471664366221051296e+03 -1.619775141152366632e+04 2.254723438272383646e+03
1.463956646024236541e+01 -1.183242025805376034e+04 7.475760322909347906e+02
-3.924154946709734304e+03 -1.265463619284783272e+04 1.445232136326883392e+03
-3.220313961190816826e+03 -1.298110293379295763e+04 3.153198313682721164e+03
-3.502435231492576804e+03 -1.161709872585554695e+04 -8.473579307178442832e+02
-2.343656860384918218e+03 -1.290452684598376436e+04 5.245180273517577007e+03
-4.450014490146201751e+03 -1.245625772189377858e+04 3.617587733375128664e+03
3.426605627892280950e+02 -1.271233696788704947e+04 5.997826578528512073e+03
-3.813771884575135573e+03 -1.287093918194145772e+04 1.402211811295771895e+03
-1.963316011805109611e+03 -9.416099935880036355e+03 -1.995450870887511201e+03
-2.278598542271159658e+03 -1.485243036403162660e+04 1.065082755486632095e+03
-3.419422312087021055e+03 -1.350110191119591218e+04 2.631729833898805282e+03
-1.222762652211515615e+03 -1.273731198151596800e+04 1.760459246548051397e+03
-2.702186019927059533e+03 -1.482595236223199390e+04 2.449784567857416732e+03
-2.509956214872994678e+03 -1.778746035232867871e+04 -6.211346086272209277e+01
-3.430642020621171014e+03 -1.314649220998401870e+04 1.956148278192402586e+03
-1.140888953293767145e+03 -1.800027328390027105e+04 6.689614169762160600e+03
-2.040873275567599876e+03 -1.418780384030978894e+04 1.076238044008571251e+02
-1.805934135386548223e+04 7.419993883344098322e+03 -2.169740624885976285e+04
-5.126113316048076740e+03 -1.410553735877707186e+04 3.516723294077744413e+03
-3.822725612395380267e+03 -1.336646696005992271e+04 9.828951107002303615e+02
-3.291213557461019718e+03 -1.208410157316570621e+04 2.921208701771473443e+03
-3.300938908802675542e+03 -1.335707510246694073e+04 1.137164226452542835e+03
-4.572671271448693005e+03 -1.127015597973711556e+04 -2.630620735223773409e+03
-5.968044241309437894e+03 -1.315551674746134813e+04 1.631884973094810903e+03
-2.861349691257727500e+03 -1.367254189884583866e+04 1.841651013261823664e+03
-3.586169663579530607e+03 -1.294164146545490803e+04 2.732404041969581613e+03
7.631054537693967177e+03 -2.217066883410591981e+04 1.624153262067285141e+03
1.315752541266058643e+03 -1.113020982508173074e+04 -9.023603863259100422e+01
-2.260202241476574727e+03 -1.433082212518583765e+04 4.594266714594928089e+03
-1.827214338647401974e+03 -1.538630174125258054e+04 -4.983904065323844179e+02
-2.638227200730509139e+03 -1.309323411441973622e+04 1.836896559255175134e+03
-8.970512334797913354e+02 -1.301583283773747462e+04 6.737254973989504833e+03
-4.543647439253651100e+03 -1.466563303079106481e+04 -6.320412263090690885e+02
-2.554460736183785684e+03 -1.369045496542930778e+04 -3.111228311800232973e+02
-2.960426186654263802e+03 -1.376471903209101038e+04 7.938978988389344522e+02
-3.984161844166334504e+03 -1.218814687592576956e+04 4.101824605890355087e+03
-7.466504097748225831e+03 -2.476535245330808539e+04 6.549750652725475447e+03
1.176981482001694303e+03 -1.093898636107009588e+04 1.062034261906690335e+04
1.529951742964735331e+03 -1.144791184118495221e+04 3.205282210891567956e+03
-2.548128611657098645e+03 -1.372820560094932807e+04 1.076175993458899939e+03
-3.117570650237872997e+03 -1.228648217230561204e+04 -2.216365302659020017e+03
-3.735484065061718866e+03 -1.155990056261383506e+04 3.841779265135478909e+03
-9.301064515950528175e+02 -1.279815401235704849e+04 2.085429865970646688e+02
-6.792426051427383982e+02 -1.118795737865042065e+04 4.305313447500918301e+03
-4.229924392837945561e+03 -1.294680152987772453e+04 6.730878531640694291e+02
-2.576268896965697422e+03 -1.376751603026481280e+04 2.184451092028585208e+03
-2.439736263869117465e+03 -1.367262496818586806e+04 9.229187810057235311e+02
2.267453876131417474e+03 -1.351949208825260393e+04 -7.029123767667817447e+03
-4.655717866898146895e+03 -1.538273213327837402e+04 6.462019520570522218e+03
-3.933486313033660736e+03 -1.529553942779719546e+04 -1.130701716312605186e+03
-4.000158893936071763e+03 -1.295200979353306138e+04 3.174731505310477587e+03
-4.540129869417539339e+03 -1.458726869925610663e+04 2.317653347338145522e+03
-2.879761758013285544e+03 -1.465091810231914314e+04 -2.363836077552035476e+03
-2.956002890629311878e+03 -1.216617906821602446e+04 6.691297279445817026e+01
-4.472593971147279262e+03 -1.235196024334657523e+04 9.487736329038726808e+02
-2.201479090103332510e+03 -2.327895088034675155e+03 1.386384784962345475e+04
-3.162983503107680008e+03 -1.462516365239253173e+04 5.354394091720079814e+03
-3.712196667485853141e+03 -1.376702657964853825e+04 2.116070619430163333e+03
-3.855690158550550677e+03 -8.473791255255015130e+03 1.541648830620541958e+03
-4.486255272100434013e+03 -9.307957352474239087e+03 1.440928468503228578e+04
-3.203489400376678532e+03 -1.409095992952127199e+04 -6.794431488328492605e+02
-3.155409194534972357e+03 -1.250719108120105739e+04 1.761156907246481978e+03
5.056791683953187203e+03 -1.108156027069887750e+04 1.453161094873848924e+04
-3.055386355133071447e+03 -1.329474707564156415e+04 1.616868348883420367e+03
2.450066223152502971e+03 -6.205284755661697091e+03 1.588655331701353862e+04
-2.738389387017925401e+03 -1.282610212374951152e+04 2.693049772947853853e+03
-3.858635987766013841e+03 -1.266779017322770960e+04 3.040141489953975906e+03
5.685610023464302685e+03 -2.139812650373295401e+04 -8.962930296469334280e+03
-2.677409685808330551e+02 -9.606546586787615524e+03 -4.286896631330256241e+03
-2.744345561557700421e+03 -1.369270462987654355e+04 -2.354896683944889446e+02
4.258531075793256605e+03 -2.991556012482420556e+03 1.479953507039897704e+04
-3.485579242385653060e+02 -1.053567724769660708e+04 2.777392857541326521e+03
-7.935225360830997488e+03 -2.002265559039110667e+04 1.824998548950417785e+02
-4.018382924215429739e+03 -1.256537478637389904e+04 1.802514556171262484e+03
-1.239001729559172054e+04 -2.937342555531121980e+04 6.007942625282586050e+03
1.769114007866628526e+03 -1.528918669835649416e+04 -1.005885777476258795e+03
-5.146571668858405246e+03 -1.176341437739284629e+04 4.560155614837144071e+02
1.204632726354885790e+03 7.664809211568113824e+03 1.828080407621702034e+04
-2.533539441280370738e+03 -1.532680326673097443e+04 -8.600689080348931839e+02
-4.944145179593219837e+03 -1.110495039685185657e+04 1.997820299236546134e+03
-4.130463499466003668e+03 -1.141942276964458506e+04 1.981191245102814264e+03
-6.581970067255413596e+03 -1.073969199112433853e+04 5.497737789332620650e+02
-5.080987674796276224e+03 -1.167567894839513610e+04 1.489931683343335180e+03
-3.317596971108579964e+03 -1.319924638927943488e+04 8.545504375615735171e+02
-1.522364508305282925e+03 -1.393132563225811828e+04 4.350590465443032144e+02
-7.340504046438760270e+03 -1.592926550815424707e+04 2.250555911363155701e+03
-2.989069281061370020e+03 -1.608706747920458838e+04 4.474391126566100866e+03
-3.075376353329461381e+03 -1.380147422746342636e+04 1.248977841798761574e+03
-1.043823694095767223e+03 -1.349442484539203724e+04 -2.464805296450883361e+03
-4.054145100342328078e+03 -1.364918143769198105e+04 1.991993384776104904e+03
-9.250309817046118042e+03 -2.333604314708672609e+04 2.475832527178559758e+03
-2.308617878075042881e+03 -1.121725787559162927e+04 -4.584762075013421054e+03
-4.539392208723403201e+03 -1.120003966719327764e+04 -2.288532137543329100e+03
-1.078969754717148135e+03 -1.394832331656068345e+04 9.749155231049657004e+02
-1.857448475662803503e+03 -1.408661355434286088e+04 2.988125701616217157e+03
-2.769798530694595684e+03 -1.082434292562460723e+04 2.152117960310218223e+03
-3.427654534884176883e+03 -1.296356902044694652e+04 1.900429441814004804e+03
-3.490636119538499770e+03 -1.280953277438246914e+04 1.817109031013999811e+03
-3.133786686474195903e+03 -1.340714241594078885e+04 2.127530851238062041e+03
-3.202223275312904207e+03 -1.315798032321416758e+04 1.825003319179492564e+03
-2.934566563556770234e+03 -1.372166513255067548e+04 1.633034133601616304e+03
-2.518780924526490708e+03 -1.365102253991952784e+04 8.273012873244310867e+02
-1.464796835147725869e+04 -7.997850487334478203e+03 -1.765356397733792164e+03
-4.134374514009228960e+02 -1.348904671674933343e+04 6.706519233029202951e+03
-2.789576802397573374e+03 -1.293021655554477184e+04 3.799754151376234404e+03
1.813836492426669793e+03 -9.234795487138830140e+03 -1.195591007384149862e+03
-4.767793795403660624e+03 -1.249957615954978428e+04 2.453008455977350422e+03
-4.055621815100193544e+03 -1.289241617772619247e+04 2.298923591393664537e+03
-4.533693632071905995e+03 -1.144074905422038682e+04 -4.943734406717954926e+02
-3.791494749338064139e+03 -1.247203960608072884e+04 1.979334615852552361e+03
-3.182071753378019821e+03 -1.687093201496613983e+04 2.243876805469880310e+03
-3.755807567690305405e+03 -1.180678054020915624e+04 1.783765770042600934e+03
-4.110320875574681850e+03 -1.008601040945281056e+04 3.389732338513665582e+02
-1.437244325468715579e+04 -1.188563377519796268e+04 1.032841634040554482e+02
4.176553071541959525e+02 -1.678003015248020165e+04 7.799603522752578328e+02
-1.364796471458188080e+03 -1.206565914613041059e+04 6.611601151982455121e+03
-1.345205155907255903e+04 -6.783024500916785655e+03 -1.350564980762591460e+01
-1.263137708376388218e+04 -4.470771120574538145e+03 -6.170563071745791603e+03
-2.355247171447611436e+03 -1.417515761182393180e+04 2.024888124684068089e+03
-3.514338212544957969e+03 -1.334467083980952521e+04 1.972256697291950331e+02
6.354780917578423214e+02 -9.117272340581574099e+03 6.940640028455162792e+03
-8.133327120054737861e+03 -6.653141969821099337e+03 -1.418115024298935623e+03
-5.708700752899238068e+03 -7.530296524224004315e+03 2.645456698346105441e+03
-1.210763222232586486e+03 -1.497847130391084102e+04 2.248055431086418594e+03
-2.975040154084800633e+03 -1.375937759846281733e+04 1.172665599898033861e+03
-1.251580500227029188e+04 6.192789011840160356e+02 -3.269108983408988570e+04
2.112419330206507766e+02 -1.309045890960765792e+04 6.190338208690229294e+03
-3.430075630110050497e+03 -1.531163038404480722e+04 3.719719579076029277e+02
-4.568340383056526662e+03 -1.162696997790984642e+04 2.949650559343747318e+02
-3.808726012334515417e+03 -1.290690878549905028e+04 1.186227002400576566e+03
-3.240578172035156513e+03 -1.375093486512087657e+04 6.207444937250681960e+02
-3.413625807464610261e+03 -1.252532702018082819e+04 2.072712449267150078e+03
-5.819365081517867111e+03 -9.796876451453028494e+03 -3.570495731865007201e+03
-2.276555478458911693e+03 -1.496406209388595926e+04 2.772753385444728792e+03
-2.880421880681682069e+03 -1.407193841024311769e+04 2.415014478823388345e+03
-2.280754260500157670e+03 -1.454482091660661172e+04 1.128155816224237697e+03
3.974407232145381386e+00 -1.456797199696069583e+04 8.088246267941190126e+03
9.783496033024428471e+03 -2.158762718238496382e+04 2.006609383743120634e+04
-3.015171503518824011e+03 -1.337260613602565718e+04 1.494387747883855809e+03
-4.442951867354080605e+03 -1.465017262640857916e+04 4.477664953584298928e+03
-4.272908771948700632e+03 -1.377075519426389656e+04 -1.973255452367535327e+03
-3.510633616197631454e+03 -1.411350668711710023e+04 2.549055915051078955e+03
-3.150105838318827409e+03 -1.305429776662392032e+04 1.796253038136458144e+03
-4.602744099287387144e+03 -7.763669913007296600e+03 -3.099934307038853149e+03
-5.026045136275803998e+03 -1.265553724763301034e+04 4.447697370511069494e+03
-3.381714251572155263e+03 -1.317875591169784093e+04 1.973109409677974782e+03
-2.852157257419280995e+03 -1.383946887287872414e+04 1.196803109126629806e+03
-5.053289506466480816e+03 -1.169190496846275710e+04 1.905440651042119498e+03
-3.620025022217457263e+03 -1.287943826776028072e+04 2.058476896260784997e+03
-2.592293067264221918e+03 -1.361613712274542377e+04 -2.303852837891134186e+03
-2.435426944612161606e+03 -1.242545419661629057e+04 1.438489079766418854e+03
-2.872067666852215240e+01 -8.029187664033877809e+03 -3.669941457794841881e+03
1.779161812770834672e+02 -1.424086975387437451e+04 4.920834168424015843e+03
-3.774536220056490492e+03 -1.379800971507519534e+04 2.898375829332835110e+03
-3.445208571750716601e+03 -1.275295722561016191e+04 1.944310326093535423e+03
-5.100876566171533341e+03 -1.386216240354495858e+04 -5.050592766646045675e+03
-3.777589128324838384e+03 -1.284571283067259719e+04 2.192098366056604846e+03
-6.009498255074244298e+03 -1.094868113113764048e+04 -1.816842963655469248e+03
-3.867652380165593513e+03 -1.346827991497908988e+04 2.497771175271592710e+03
-1.836677590894955756e+02 -1.776433534750724357e+04 3.675243664297732721e+03
-4.782405015760588867e+03 -1.135102224707244022e+04 1.631641392177581338e+02
-4.770674177397456333e+03 -1.361211212691398941e+04 1.608620695877755679e+03
2.311916584915573821e+03 -1.720459195596502468e+04 3.666720501034685640e+03
-3.486063650399702510e+03 -1.256063856071674309e+04 1.081963562074190122e+03
3.806024114803886278e+03 -1.889463059135259391e+04 1.081831912759040279e+04
-3.964183962478985904e+03 -1.289090750905757341e+04 1.747993246728877239e+03
-2.542450944375178779e+01 -1.155968475561898777e+04 6.707125592084399614e+03
-5.311516495743716405e+03 -1.051824845546666984e+04 5.327332216461914868e+03
-3.427359432324588397e+03 -1.311445554298261959e+04 1.829814889867663851e+03
3.347961648803629373e+02 -1.516653831817433638e+04 3.499902808770475986e+03
-1.300409110077495643e+04 -4.438596594733155143e+03 -3.055511053971862339e+02
-1.191306154715190587e+03 -1.450417592733995116e+04 2.277045786279390086e+03
3.710222793468999498e+03 -1.799355224235721835e+04 4.505485456837061065e+03
-3.717647783300755236e+03 -1.293666053329045462e+04 -4.429446251217020745e+02
-9.360730873025153414e+03 -1.573401461466187538e+04 -2.666337119923793580e+03
-3.322618881965049695e+03 -2.205948882625702026e+04 -1.928704708015077358e+03
-3.142744981368961817e+03 -1.090393005239302329e+04 -2.449780232872298711e+03
-1.825196852188327739e+03 -9.850853998534161292e+03 -1.209560083071285590e+03
-9.821075571358091111e+03 5.317213556373573738e+03 -5.024162734726157396e+03
3.087253469526234312e+03 -1.791015376718007974e+04 1.277924611312400430e+03
-4.980164205406334077e+03 -1.231892280228172604e+04 3.201541288044662679e+02
-2.568856583325820338e+03 -1.363830889337376539e+04 8.476159273829653102e+02
-3.240500179006410235e+03 -1.015486926729667175e+04 -8.334357854812760706e+02
-3.343458520743610734e+03 -1.478090407566786052e+04 1.112202192398007355e+03
-3.130306444169981205e+03 -1.339975970033757221e+04 1.475707815968042723e+03
-4.201850525743451726e+03 -1.198565568164526849e+04 -2.150445271250524115e+02
-3.198488471608184227e+03 -1.283857525281586277e+04 1.995618758856601744e+03
-2.127541345020428707e+03 -1.339173485565488772e+04 3.689326082497066636e+03
-2.539878936832115414e+03 -1.366104730684590686e+04 3.477445421406063133e+02
-2.125354537516386699e+03 -1.462135927931882179e+04 1.848866096638877934e+03
-2.262439163409388811e+02 -1.532587505779906314e+04 1.236231087738180577e+04
-3.843457497367311589e+03 -1.275059895671878803e+04 1.882637310391664869e+03
2.163779754496571513e+03 -1.102838761396530572e+04 7.452743445899881408e+03
-4.641263072723016194e+03 -1.114140854867546295e+04 -8.994814256324210078e+01
-7.827166135875254440e+03 -1.910464016582319528e+04 -2.667181281524292444e+03
-3.157279717114822688e+03 -1.339285720065327769e+04 1.033922333571743138e+03
-3.823714144990369732e+03 -1.335687012360225344e+04 1.677984695577699540e+03
-3.589394351019927853e+03 -1.267139619580732506e+04 3.255849536812685074e+03
-3.522529899495412792e+03 -1.262555895912010965e+04 1.349167132928246701e+03
-2.121310801784562500e+03 -1.387563859297318595e+04 1.624998796209118382e+03
-3.555025060207406113e+03 -1.334371680344938068e+04 1.663552558536138122e+03
-3.510427268541782269e+03 -1.250243034279567837e+04 1.577667180558002201e+03
2.092298603868698137e+03 -8.214884834682728979e+03 2.511035099509912470e+03
1.936912042665726858e+03 -1.478172282017697580e+04 8.397557373373832888e+03
-3.242292538761729702e+03 -1.226938478053949075e+04 1.561468176621329803e+03
4.862357567122933688e+03 -7.838246297156220862e+03 2.528094124040124825e+03
-2.662430235804594759e+03 -1.369626830462910584e+04 1.624536828241380817e+03
-5.236245433811730436e+03 -1.289481473594222552e+04 1.142724550551315815e+03
-2.556913183950423445e+03 -1.419977403558667902e+04 1.486689912124463717e+03
-4.278237841533965366e+03 -1.242985383071972683e+04 1.696578507039467468e+03
-3.872854809690197726e+03 -1.205355680691988709e+04 1.419216550001543965e+03
-3.692922430640160655e+03 -1.234705399770890654e+04 2.788886499608862323e+03
-4.221008163243403942e+03 -1.130610975488281292e+04 -9.382061051381263042e+02
-5.375144147655980305e+03 -1.451046877967717410e+04 8.046436677640949711e+02
-2.935083871149607148e+03 -1.173298812563267529e+04 5.189074719694925989e+03
3.093799569991220778e+03 -1.014423736641556025e+04 -4.596196082750072492e+03
-9.354440144422746016e+03 -8.711795621298473634e+03 1.723764510858249196e+04
-7.938374439589969370e+03 -1.119224991379857420e+04 -1.879210764369946673e+03
-4.130296924344393119e+03 -1.219333670531343887e+04 1.262717750470414785e+03
7.758825470168695574e+03 -5.391558208781585563e+03 -3.640356050479123269e+02
8.119788657097960822e+02 -1.412193412180080486e+04 5.563373488606510364e+03
-3.925838240212596247e+03 -1.436886542412785639e+04 -9.155072003341746267e+02
-3.758470161534028193e+03 -1.200258537654987049e+04 1.881987580331230447e+03
-2.299276117648118543e+03 -1.377596406667329211e+04 1.540743453102731564e+03
-3.760979738539544542e+03 -1.334771909238497574e+04 1.753622638766064711e+03
-3.992210596957793314e+03 -1.294610991133714015e+04 5.241823947719703938e+02
-2.793234517072555718e+03 -1.716668293527864444e+04 8.038104219886205101e+03
-2.355014447547838699e+03 -1.409371833715112371e+04 1.305656686686913872e+03
-1.115786514814526072e+03 -1.493743060183575653e+04 9.382355343616960454e+03
-3.132166964854469370e+03 -1.486449607849687527e+04 4.222443035529739973e+03
-5.173639812356727816e+03 -1.402531478310019520e+04 8.591330224903838825e+03
-2.501986765806915628e+03 -1.378847836165877379e+04 1.796778086884982713e+03
-5.688434810617329276e+03 -5.237994959075015686e+03 3.608613336384094055e+03
-1.991103016042995705e+03 -1.405139209107181159e+04 1.227999016027800735e+03
-2.741333051135845380e+03 -1.493348933935802597e+04 7.659671458873330039e+02
-2.404213137697865932e+03 -1.420995084684718131e+04 1.494569003348854494e+03
-7.069986076055841295e+03 -1.330068812095454814e+04 1.583713243678402250e+03
-1.899542087318861377e+03 -1.283813396154887596e+04 -1.001001890403890684e+03
-4.272991605136155158e+03 -1.167367561611075871e+04 7.672472817103031048e+03
-3.872222065442489566e+03 -1.341516487867640899e+04 1.994758180413788295e+03
-3.485386222886182168e+03 -1.230594240159870424e+04 1.256977411184757102e+03
-3.943748587302628948e+03 -1.318560262915262865e+04 1.286352288458552721e+03
1.384099962896925717e+04 -1.598718455231534608e+04 8.776762378663745039e+03
-3.559781120877975809e+03 -1.311406636454914951e+04 1.731495798838808014e+03
-3.714281720546327051e+03 -1.677765016646381264e+04 2.016164696786768673e+03
-3.891595853461124079e+03 -1.296448512892477447e+04 2.051933122326037847e+03
-3.021278829086152655e+03 -1.363695731945697844e+04 5.145141727844709749e+03
-3.979108116343193615e+03 -1.179162273709979854e+04 2.280230967324858284e+03
-1.060588544805286074e+04 -5.758706683732041711e+03 -1.559830078326487182e+03
-2.366935973307071436e+03 -1.423999659838151820e+04 1.357564833183838346e+03
-3.401444043265079017e+03 -1.337325249043445001e+04 1.506937903125425692e+03
-3.542020024752188874e+03 -1.324270048677964951e+04 1.700933889670453027e+03
-7.068063346703810566e+03 -1.326684556030637577e+04 1.191185109146621926e+03
5.873605693931621317e+03 -2.195543435445232535e+04 1.334681612986415075e+03
-2.521979805900863539e+03 -1.419112487130484442e+04 1.355223519642255042e+03
6.102188507375709378e+03 -7.819412899845764514e+03 -2.324164289180766445e+03
-2.346318574553916278e+03 -1.375600775094991332e+04 1.462364229114057480e+03
-4.057018509794219426e+03 -1.476169039601402801e+04 3.180080243369536220e+03
-2.406724131113758176e+03 -1.432334461963714602e+04 3.033175786723396413e+03
-1.333175051579755063e+03 -1.570203612322087611e+04 3.952541317632448681e+03
2.521014507047733332e+03 -1.701608449786332130e+04 1.062282537882947690e+04
5.705457431926369054e+02 -1.900060498272940094e+04 8.054336510446444208e+02
1.765022180161306778e+03 -1.290509391672001038e+04 1.566589456676264490e+03
-7.397438971463619055e+03 -1.863162776505895454e+04 -3.193679397216683810e+03
-2.195100772535913347e+04 2.180851602732674291e+04 1.903552586387995461e+03
-2.291841546063173155e+03 -1.415729595193842579e+04 1.396936334080489360e+03
-1.006203920625367459e+03 -2.205997794636286199e+04 -6.361402374513418181e+02
1.451545829642087028e+03 -7.027999370295685367e+03 7.307025055191350475e+03
-3.070637387142070111e+03 -1.314960636350551431e+04 1.483885735005135757e+03
-3.519211842615855403e+03 -1.342161415822966592e+04 2.574879005457884432e+03
8.573901014008502898e+03 -4.411665898560272581e+03 1.675977034310467843e+03
-3.316078056520489099e+03 -1.307154802220687634e+04 1.973803441586717781e+03
-3.256922151078624665e+03 -1.184630010808605221e+04 -4.529512187025898129e+03
-3.497841601466870088e+03 -1.270596472170936613e+04 2.154964246382584861e+03
-6.790363863801876505e+03 -7.323071117801637229e+03 4.784977741762138521e+02
-2.648629623995040674e+03 -1.517332861679538473e+04 1.915449983330254327e+03
-2.569217203438255638e+03 -1.383221520522479841e+04 1.300408198613133209e+03
-6.957454393105608688e+03 -1.663529407194849409e+04 1.366824383776981904e+03
-4.128310701153398441e+03 -1.215600986890597233e+04 -7.989181644152228046e+01
-4.821105153544677705e+03 -1.038046966280103879e+04 -3.594052141818456676e+03
-4.525912466444763595e+03 -1.311776243178731420e+04 1.909953246164772281e+03
-3.434884603602196421e+03 -1.255241685227633934e+04 1.046602148778292531e+03
-6.418726985216337198e+03 -1.188217828472161455e+04 2.911889605968081582e+02
-2.940332768879538435e+03 -1.517382921729905138e+04 1.554404032436414354e+03
-4.655735008874168670e+03 -8.806168343903000277e+03 2.222639495392509161e+03
-2.378836873399159231e+03 -1.428222850068704429e+04 1.308466772303916287e+03
-5.064319790536299479e+03 -1.309443424832414894e+04 1.000680201137969789e+03
-3.452134278211737183e+03 -1.346508268393990329e+04 1.278811395744357696e+03
-4.500868885096172107e+02 -2.184653395781631116e+04 -5.512736265043255344e+02
-2.809972005019319113e+03 -1.251849098117742506e+04 1.935668137992824313e+03
1.643006063281789466e+04 -8.504827402048933436e+03 -7.279175628080392016e+03
-4.235441968653566619e+03 -1.309975727353584989e+04 1.525198767697363337e+03
-3.344863907060457223e+03 -1.284512040136246105e+04 9.209297988560319936e+02
-2.938638691715529603e+03 -1.471974918854681891e+04 8.668494725645231256e+02
-5.245485417414309268e+03 -1.098510247901613911e+04 -7.374302428342423354e+02
-5.442378623135578891e+03 -1.552602609574555936e+04 2.293054880817251160e+03
-1.190259475170963242e+03 -1.295584170142194125e+04 7.242783759880503567e+03
-4.491847609972443024e+03 -1.331559478493664028e+04 7.372722166867492888e+02
-5.610538152854268446e+03 -1.395729608100926089e+04 7.637671915961067498e+03
-8.679697639751238967e+03 -1.972593060542744934e+04 -6.101838693945059276e+03
-1.793563758729739902e+03 -1.309841875847963456e+04 1.924406333986966956e+03
-4.214932567722289605e+03 -1.329191288209474442e+04 2.238373716658136345e+03
-1.328613196053403954e+04 -3.607435970370216819e+04 -2.087849703261432751e+03
-5.350013975633951304e+03 -1.628510391523989711e+04 -1.321265217907262240e+03
-4.976919865171231322e+03 -1.578464927646536671e+04 2.203321253170168347e+03
-4.342536936162741767e+03 -1.342590817817010611e+04 1.190410364353891509e+03
7.438243565722362973e+02 -1.797709067536520524e+04 2.966932812101822492e+03
-4.420108083619522404e+03 -1.264044102627215216e+04 1.802564904271927617e+03
6.618956693138953597e+03 -9.517526926142786579e+02 1.157384468240125898e+04
-1.666568676931071604e+04 -1.815077083713759203e+04 -5.098470262319388894e+03
-4.093972630735180246e+03 -1.152514532637404227e+04 2.099965154526785227e+03
-1.647276269412823967e+04 -1.505119010424102089e+04 -3.129877572578027412e+03
-1.053498184670817864e+03 -1.661157225165081763e+04 8.015890045945895963e+02
-6.141317967365013828e+03 -2.067129561036364248e+04 -3.800302837687298961e+03
-7.584985404607396958e+03 -9.756166839457291644e+03 -1.439844468880145996e+03
-4.199292519810549493e+03 -1.194806864509535080e+04 1.813535870751130915e+03
-1.187368284149750934e+03 -1.261730810867810578e+04 2.706974186845837949e+02
-1.234894641574418756e+03 -1.180907911897738268e+04 -6.281162874512262988e+02
-3.339194264786552594e+03 -1.414305109171578260e+04 1.391315954956325868e+03
-3.763174479464630622e+03 -1.267225424385662518e+04 1.957177136946473581e+02
7.679063215932749245e+02 5.432426767489516806e+02 4.102282010207071039e+02
5.323183586928967998e+03 -6.902098267654361734e+03 9.384820556778813625e+02
-8.404665582934914710e+03 -2.039457594524335218e+04 -7.171337245911558057e+03
-9.014136195440607480e+03 -1.749104461804289531e+04 -3.934228124067520184e+03
-2.463549495181433485e+03 -1.239079735585098933e+04 6.054046141498407678e+02
5.840544405028338588e+03 -4.637944908034627588e+03 7.408602491457806536e+03
-5.899217429994823760e+03 -1.596735224524306796e+04 8.048044305027215159e+03
-6.261423613489842865e+03 -1.900632274612062974e+04 -5.063691896302830173e+03
-3.941955072237302375e+03 -1.395523826689466478e+04 -1.407540705393415692e+03
-3.764830848116105244e+03 -1.269261069850663080e+04 2.019429884156878643e+03
-3.503667753849872952e+03 -1.271144664200813531e+04 1.327157945666128853e+03
-4.325155450342408585e+03 -1.396216364613272708e+04 -6.624814696628277488e+01
-7.116518924828204035e+03 -8.870422073054773136e+03 -1.581156449774880912e+03
-1.621976138966596227e+04 -1.479857417160109981e+04 -3.621674269327241291e+03
-3.792824211269426996e+03 -1.291589356658800898e+04 2.396860177804085652e+03
-3.683672135628607066e+03 -1.298003563708193724e+04 1.678468604622635439e+03
-5.342112432808033191e+03 -1.532705786796286156e+04 2.023360849541726338e+02
-6.782657137315969521e+03 -1.725657132724066105e+04 3.880237713035764500e+03
-1.189471151817918553e+03 -1.614503800860590673e+04 4.835444594381574461e+02
-5.932955090950602425e+03 -1.008811873671291323e+04 -2.751036347852898416e+03
-1.886383237801871655e+04 -7.733081972087961731e+03 5.102655212880600857e+02
-1.687660337815999355e+03 -1.740855109468503360e+04 3.990398328328506523e+03
-2.614052464449589934e+03 -1.404021448028307532e+04 1.729656628255972919e+03
-8.986101272932535721e+03 -1.985722434611849530e+04 -5.016011766316553803e+03
-9.642968005720847486e+02 -1.627670447422284815e+04 4.022298752125732335e+02
-4.013282821230379795e+03 -1.277241157238802771e+04 -1.950676629547135008e+03
-1.586808049128360108e+04 -1.661935443691903492e+04 -5.180560022671819752e+03
-2.820279994890796388e+03 -9.508414194109614982e+03 3.308541985317443505e+03
8.842640852359693326e+02 -9.291373674169028163e+03 -7.652961709819230691e+02
-6.324889783953221922e+03 -1.723480518483574633e+04 -3.444003753623997000e+03
-1.530584849876813496e+04 -9.342706604671728201e+03 -3.006530940573780754e+03
-6.373772799278365255e+02 -1.668155493493883114e+04 9.948294683029605949e+03
-5.535779474152624971e+03 -1.428490331226408671e+04 1.156904574496862006e+04
1.179484224096250500e+03 -6.733790058129534373e+03 -1.413546086307940868e+03
-8.895688613138714572e+03 -1.990316026212178986e+04 -5.128847207580216491e+03
-5.984954402682030377e+03 -9.134245991161971688e+03 -6.616606707607721773e+02
-4.481841242565184984e+03 -9.585018773096780933e+03 6.839371083485038980e+02
-6.391492396458060284e+03 -1.020341651805591027e+04 -1.872277388585856443e+03
-3.592879686138752277e+03 -1.322439351200833698e+04 2.048956358247964545e+03
-7.181402518312232132e+03 -1.710608286107906679e+04 5.310722838785834938e+03
-6.176180199745409482e+03 -1.396433616546989833e+04 -9.663822363093652257e+02
-8.793066985376430239e+03 -1.945696333060239340e+04 -5.784320014330974118e+03
1.335831503415732641e+03 -7.784556409732231259e+03 1.694039585503115177e+03
-3.382966670413930387e+03 -1.128737878547938817e+04 1.814952142821699908e+03
1.693303132143432777e+03 -7.499041200246168046e+03 -1.010294617155411970e+03
-1.007776909686806175e+04 -1.440239225897757933e+04 -2.209211379343409135e+03
-2.253828666473054909e+03 -1.634327508568156554e+04 3.826136979166407855e+03
-3.382099059959562510e+03 -1.196584518659425885e+04 5.049184291049016906e+02
-2.165751109608774641e+03 -1.128935778193150509e+04 1.832780935833332705e+03
-3.100084032049332563e+03 -1.366833204480914355e+04 3.634484128562847673e+03
-3.101112127736845650e+03 -1.566457128781354186e+04 6.517652339965184183e+01
-3.225568841612237975e+03 -1.341627831984895420e+04 1.922472580709518525e+03
-3.423175045316392584e+01 -8.285671457803036901e+03 1.424288125067003648e+03
-8.782415617324550112e+03 -1.846884912312572487e+04 -4.144449872496044918e+03
-2.506305017481601226e+03 -1.392204968778314105e+04 1.849663988886310335e+03
-2.416398364711678732e+04 -9.089787811399197381e+03 1.555371682864621562e+03
-6.632439881257985689e+03 -1.100919074145152445e+04 5.005130084683791551e+02
-1.592388596445892745e+03 -1.498910655341937127e+04 5.589548258178620443e+01
-2.034334512598963443e+02 -9.843118228235456627e+03 1.709929163403149687e+03
2.782872052352982791e+03 -9.621260555855369603e+03 4.533541427972379097e+03
4.176945953628035113e+02 -1.237625151395888315e+04 3.659059943280537482e+03
-3.044874936930555123e+03 -1.355735649100209775e+04 1.497189887961684235e+03
-3.179071210498866549e+03 -1.276429558334437024e+04 1.884001990888452383e+03
-7.324868345310841505e+03 -7.565547717376916808e+03 3.621715261181716414e+03
-3.951960457013067298e+03 -1.362237067677330560e+04 1.127012928162588651e+03
-8.038984030071560483e+03 -2.010896155656822521e+04 -5.704378919850268176e+03
7.084831138474694853e+03 -1.248980076278338311e+04 8.996185677071514874e+03
-3.413954903025996373e+03 -1.553856046857716865e+04 6.159665049116158116e+03
-3.747324067884293981e+03 -1.268382272129379089e+04 1.527982703548948166e+03
-8.165595697274761733e+01 -1.555924449835666746e+04 2.774618518546437372e+03
3.113550677397345225e+02 -8.427762223465826537e+03 1.928621675708348903e+03
-8.280866481835491868e+03 -1.880291503606015976e+04 -4.242846025001817907e+03
-3.839314501012868277e+03 -1.258790025771221372e+04 2.135816342116396299e+03
-3.281482704564798951e+03 -1.392037179193630800e+04 3.842512796434973552e+03
-4.246894345984786924e+03 -1.404704763045961045e+04 2.973751068905487955e+03
-2.761955358395992334e+03 -1.345690862014371487e+04 3.235814146601680477e+03
-3.896328817270240506e+03 -1.276468885103430330e+04 1.538157006128078137e+03
-4.805350905492012316e+03 -1.158355745661829860e+04 -5.434562534425294871e+03
-1.252169167791706286e+03 -1.143263569968470438e+04 8.360893490797412596e+03
-1.824167457155927877e+03 -1.217163414148312768e+04 2.039405409619999546e+03
-3.145897187004026364e+03 -1.365377844621451914e+04 1.577407373063170326e+03
-1.117680799124720579e+03 -1.130349462888813105e+04 1.011051275040134669e+03
-4.961173454507865245e+03 -7.171024961315109977e+03 2.787977032540179152e+03
-1.464218182117377910e+04 -1.227581597185666578e+04 -2.239233151395462755e+03
-1.541631926559407020e+03 -1.261255998442331475e+04 -8.282242389186571927e+02
-2.647566497599612558e+04 -8.388232733405133331e+03 -2.077059140394720089e+04
-4.954382503357094720e+03 -1.033659546183667408e+04 -2.795407224020547801e+03
-3.836325598311668273e+03 -1.258647342820046651e+04 1.791874353400921791e+03
-5.128152673300937749e+03 -1.062395614456303701e+04 -2.586531034201514558e+03
-2.781609860834289975e+03 -1.296156718156402530e+04 -2.363223492407698359e+03
-4.498332839778077869e+03 -1.377398856653424446e+04 3.070264786483615808e+03
-1.534524150918002078e+03 -1.366923716091749156e+04 1.961413416804567760e+02
-4.566289654524679463e+03 -8.827128404925584618e+03 3.665081665320366028e+03
-2.543327876543131424e+04 -1.912161453790561791e+04 -2.279599674061198311e+04
-9.768018352655815306e+02 -1.491651376644647826e+04 3.505986867965697797e+02
-1.015226556117016344e+03 -1.139098297509908843e+04 2.083751951137283868e+03
-1.489390191303216852e+03 -1.391457089883347180e+04 1.986764980067484203e+03
-4.649750474284108350e+03 -1.295426046329509154e+04 6.545514732701997218e+01
-2.793599461219643672e+03 -1.349247404336815998e+04 3.253970707158368896e+03
-4.666678063067288349e+03 -1.325014297813960184e+04 1.389130678419022047e+02
-1.245678003682195595e+04 -2.233926322282341062e+04 5.430637367876340249e+03
-5.082820218507125901e+03 -1.493205760597629160e+04 2.538789542109927424e+03
-1.309286579202496114e+03 -1.044069652262294403e+04 4.376330959210768924e+03
-3.526996014812852991e+03 -1.285678019464814133e+04 1.592947481462281530e+03
-2.880860172747470187e+03 -1.378813480359092500e+04 3.908915424689257634e+02
-1.338396773895070692e+04 -1.854502323574513503e+04 -5.714390789690874954e+03
-3.516382249435645008e+03 -1.693386756960906496e+04 -1.523564184665452558e+04
-2.631326806365537323e+03 -1.485968717508915688e+04 1.318667770789613542e+03
-8.471888224292682935e+03 -7.812073146574830389e+03 8.459479083076843381e+03
-8.261686081063076927e+03 -1.991559616920647022e+04 -5.388232140054978117e+03
-5.399113316801552173e+03 -1.215752688083414068e+04 1.716812388769057861e+03
-3.898111039079707098e+03 -1.263801712555534687e+04 1.542371416107494269e+03
-3.121152880814166565e+03 -1.469500366367669267e+04 -1.991345065819183446e+02
-2.772870310396560853e+03 -1.385091740339821808e+04 4.058475835719716542e+03
-2.284182262903421815e+03 -1.336809736411049380e+04 2.485582748471697130e+02
-6.217982693616040706e+03 -8.419632015873234195e+03 -5.854320165619637919e+02
-4.937823966972735434e+03 -8.633949820421888944e+03 -1.458803289870758590e+03
1.227816061092130258e+04 -4.503279581078792035e+03 -1.425623871286546819e+04
-9.924705484384072633e+02 -1.262991057236686174e+04 1.300888424969696871e+03
4.901244994993077171e+02 -9.264908418546247049e+03 2.922564477544965939e+03
-3.387160485812156821e+03 -1.321030411662243205e+04 4.773712106749346276e+03
-8.775340162085319662e+01 -9.836004411264013470e+03 2.056844562445648535e+03
-2.330837763124781759e+03 -1.425465339487578422e+04 4.986425972809452674e+02
-3.919683872595586308e+03 -1.118739018274171030e+04 -1.326269682412576003e+03
-1.625823744848074057e+03 -1.179899377397937496e+04 2.531838959205830179e+03
-6.267576433701519818e+03 -1.475553792942212021e+04 1.647790290674375001e+03
-1.655459877514105528e+03 -1.465883226235481561e+04 3.740209971363450222e+03
-4.545135396786127785e+03 -1.219723416931724751e+04 -1.912474650247285808e+03
-4.019200489968642614e+03 -1.389286043143492134e+04 2.878019012003129319e+03
-4.556574735445643455e+03 -1.230756410930038874e+04 2.515392775080370484e+03
-5.143269539753689060e+03 -1.097429825362538941e+04 -4.015765982243352482e+03
-3.124142107980799210e+03 -1.281738821926385754e+04 3.198387962096407591e+03
1.772952444470968476e+04 -2.567086803118206262e+03 -1.807381956699237708e+04
-6.500780712929953552e+03 -1.523519128571453984e+04 1.844881958273474538e+03
-3.977285002161725970e+03 -1.242464624417575578e+04 1.841361496967405628e+03
-5.113718884732699735e+03 -1.639574566586010405e+04 3.431818836595336506e+03
-4.193673080517219205e+03 -1.390284145480672123e+04 3.426453576481201253e+03
5.047098590732569392e+03 -7.462081925150516327e+03 7.659457635375216569e+02
-8.504627740995594650e+03 -2.139103926675051844e+04 -5.501811195850234981e+03
1.820209276742223892e+03 -1.096716212700462893e+04 -4.924197389889401165e+03
-2.798404962886934754e+03 -1.332338690457546181e+04 3.549405637486579053e+03
-3.634094822075363481e+03 -1.264170513218915767e+04 2.491496463469041828e+03
-2.585072848331391469e+03 -1.106765998019675135e+04 1.357598032547046842e+03
-8.879050494739612986e+02 -1.810824010565954086e+04 3.301177470931268545e+03
-7.994569321943296927e+03 -1.117399014247907144e+04 -4.484401956290700582e+03
-3.865652656350147026e+03 -1.273924581303826017e+04 1.600044650316394609e+03
-6.945111752310321208e+03 -1.541349403332653128e+04 3.441650465776173860e+03
-2.803156029888643388e+03 -1.330609888573388707e+04 1.093989145721100385e+03
-2.391634359387552649e+03 -1.246050741453607225e+04 4.604602824165959646e+03
-2.760405022080704384e+03 -1.552523662050384701e+04 1.024490316111837046e+03
-2.250752140917569341e+04 -1.723749240274159820e+04 -1.897986901390515050e+04
-3.029631947505258722e+03 -1.324738893272708810e+04 2.905789298022228650e+03
7.452138194320704088e+02 -2.038439076298775399e+04 8.419508993873079817e+03
-4.094624489218656890e+03 -1.205492745894125619e+04 -1.993992164920132382e+03
-3.775794799956095630e+03 -1.320394146499962881e+04 1.336020347362076336e+03
-7.278664560371992593e+03 -9.026761104517907370e+03 -2.026633788679618874e+03
-2.947951237607627263e+03 -1.341901267679242665e+04 3.376340030370598015e+03
-2.216637544019862617e+04 -1.407227565727976616e+04 -2.133601727056699747e+04
-1.021207460931543778e+03 -1.384594774650107320e+04 3.812855532044382016e+03
-6.442946432411255955e+03 -1.511058146434713854e+04 2.405780917016470084e+03
-3.055443482912010495e+03 -1.665528661629481940e+04 -5.673081184499972096e+02
-3.970535476053439197e+03 -1.439687868887721561e+04 2.502297116272988660e+03
-3.590490166024839709e+03 -1.297344361824015505e+04 2.452533695922993502e+02
-6.461612664859164397e+03 -9.937810119333640614e+03 -8.736500382785582133e+02
-2.883314993879095709e+03 -1.608442592741362387e+04 -6.388522836290906071e+02
-3.370661534949709221e+03 -1.309162933327419159e+04 3.014537210825770671e+03
-2.014753065891363576e+03 -1.336037530201368281e+04 -1.045993364781662422e+03
-4.446352197444155536e+03 -1.241909522857196134e+04 2.296824744028252553e+03
-1.982215741831963442e+03 -1.149170390053774463e+04 8.359628101825186604e+03
-3.436621641902522242e+03 -1.102502262025304663e+04 -2.147583334024632222e+02
1.492887580722634448e+04 -2.176790151534785400e+04 1.156438680481210758e+04
-2.373764994207323070e+03 -1.499889586993156445e+04 1.336910423811014425e+03
-6.133816417911000826e+03 -1.511685782717515394e+04 8.136133394172719591e+02
-4.163149919930667238e+03 -1.550337237700189507e+04 -1.847402866542776337e+03
