-2.003138124612538888e+02 -5.592060424351055190e+03 1.000194057537313165e+04
-6.642122512493812792e+03 -2.196500234950873710e+04 7.838004937569451158e+00
-6.285716215230877424e+01 -7.011548876194454351e+03 5.841716788850372723e+03
9.737988882125428063e+03 -8.445326148938147526e+03 -5.497877466142746243e+02
-7.900928774118485762e+02 -6.676878165281133079e+03 2.741406372042938528e+02
3.451726093423082148e+03 -4.745081828865164425e+03 5.028151099692381081e+02
6.798101428206545279e+03 -6.971591628382290082e+02 1.194769754747721890e+04
1.307015944794771713e+03 -1.281106883388813003e+04 7.074562000934219213e+03
-5.655048643116479070e+03 -6.122846248328225556e+03 -5.602848663162172670e+03
-1.289687796521877772e+03 -1.638466703199912445e+04 4.004782015431182117e+03
-1.468793364885837491e+03 -8.956030924853930628e+03 4.388172493457816927e+03
5.926004062567385517e+02 -9.232358147617243958e+03 -4.791717364208977415e+03
-2.867279578899969238e+03 -1.702486355784366242e+04 1.620863357382355389e+03
2.440388619349698445e+02 -6.711844639176688361e+03 2.340967311896237334e+03
-4.699944845477424451e+02 -8.566031285851180655e+03 8.314843744870199771e+02
-6.781072713868567234e+02 -5.603146053063552245e+03 -3.006110140119777725e+02
1.580722894512196717e+03 -8.946683198909249768e+03 3.523877390521649431e+03
1.756834470892955142e+04 -3.726245090853434522e+04 -3.577839488276515567e+03
7.123180768833344700e+01 -5.433632621466116689e+03 2.923315512405758454e+03
-3.588756316845347101e+02 -1.836118776771281773e+04 6.763281688755384494e+03
-7.109753251889865169e+02 -7.726154709258584262e+03 2.168387774687987985e+03
-6.864252408805800769e+02 -5.715752592569137050e+03 -1.093243445760443137e+03
7.098369889038248402e+03 -1.157604274068266022e+04 -5.435525506756239338e+02
2.624051319176929610e+03 -9.249125194166377696e+03 -8.392619512169297877e+02
-1.721945689082941271e+03 -1.530403066497740656e+04 8.203821966958417761e+03
-3.138043423897669868e+02 -5.008821197669830326e+03 -2.218614695477116129e+03
1.664383445075994587e+03 -1.074810965453354947e+04 4.563849190821190859e+03
-2.302612882419776724e+04 -1.465101628620751762e+04 1.159194294314165018e+04
-7.298049292976005518e+02 -5.982850241312307844e+03 -1.583037937812103792e+03
2.466766444660026536e+03 -4.072207139306029603e+03 1.833697311118200105e+03
-5.467123328683343061e+03 -4.384592440760482077e+02 1.097466584485749809e+04
1.586916545898274649e+02 -7.244845267984746897e+03 1.814965204631654842e+03
-1.391165468253069548e+02 -4.204973995251019005e+03 1.976271565877573948e+03
-1.182867740134144697e+03 -1.143984447417952833e+04 1.086521704206392678e+04
-1.695150437705873628e+03 -1.292153608801695555e+04 6.071634622552483961e+03
2.677889999400088345e+04 -4.122815820966022875e+04 -8.836981405026990615e+03
1.261382267134010817e+03 -6.743001126891448621e+03 2.415968978759538004e+03
9.602516382992280342e+01 -4.996259772426735253e+03 -5.792795166810444698e+02
-9.128769199444561309e+03 -1.025239002651695228e+04 -8.988393705153554038e+03
-3.420566421347769210e+04 -2.330954466514538217e+04 1.803785931617700044e+04
-2.603794656527099960e+03 -9.601829602527372117e+03 8.562824736387585745e+02
1.711705036504527243e+03 -1.088519660644972646e+04 1.656532572769455101e+03
6.370099378768381939e+03 -3.270779551899751368e+03 -9.640452292760401178e+03
3.455831552843902955e+03 -6.588827001053180538e+03 -2.945675849163205839e+03
-4.760307596294625000e+03 -1.439103158138905746e+04 1.097204856574115547e+04
-2.636069572882885268e+02 -8.063776936965246023e+03 1.344458189364498594e+03
6.091225554101088164e+03 -1.130632456009180351e+04 9.775511378366156805e+02
-3.564009672006833171e+03 -3.520734418370714138e+03 8.643070249551061352e+03
1.696308734367413081e+03 -3.691498859185331639e+03 8.908232868338638582e+03
-4.298758016909069397e+02 -1.199291923604385374e+04 1.040749858989491076e+04
-3.655308495041554693e+02 -7.365911522192824123e+03 1.240859068644154604e+03
-7.093665999434050718e+03 -2.249210314318105884e+04 5.393437611167407340e+03
1.509605620825557708e+03 -1.251545401233162374e+04 -9.684985529907542059e+02
2.185194145327265687e+03 -1.054427202534798198e+04 -1.633490928310935942e+03
-1.396695076852300872e+02 -6.162055010786114508e+03 2.090829382382626591e+03
-7.229133918859635344e+01 -7.591866495703642613e+03 8.602824373440998897e+02
7.374678918498204894e+00 -7.585708659865969821e+03 3.725531254508929123e+03
-7.673954624171236674e+02 -6.590554529647348318e+03 8.833533629731462042e+02
-8.813292411162273083e+02 -6.471266404183606937e+03 -2.370620687760153487e+03
3.226891632853690908e+02 -9.260319981671886126e+03 1.909989700676481334e+03
-5.365579388404072461e+02 -8.479660161056972356e+03 1.782723941109478574e+03
-8.398564095675076260e+02 -7.504712935194236707e+03 4.123519061451613084e+02
6.242394811643740695e+02 -1.703276131174062903e+04 9.904990755231578078e+03
3.873301529501366531e+03 -1.969916384531937365e+04 -7.489819568776072629e+03
1.504104159180461647e+04 -5.653211451356823090e+03 -1.633921708406851621e+03
-1.055866583181343458e+03 -6.736147357310628649e+03 -4.355056952481568260e+02
5.312742446437578110e+02 -1.119817576448264663e+04 -5.192863345508696966e+02
1.347289110627063565e+03 -5.610127740089929830e+03 1.869963585409442203e+03
-2.100494262653591591e+02 -8.017749509686399506e+03 -1.345558921583860638e+03
-6.402888402468773165e+03 -1.068944622985611750e+04 1.850105969842685226e+03
-3.104252478718375278e+04 -5.125198682064097375e+04 1.168881227426229998e+04
6.391816861256489801e+01 -9.110539074943499145e+03 2.474821974182393660e+03
6.575454750572028388e+03 -5.099887123314933888e+03 -3.817678896639805316e+03
-3.139997506772544966e+02 -6.755757206588447843e+03 3.531574684517320293e+02
3.947565243362332239e+03 -1.130470279206420673e+04 2.040704712905197766e+03
1.212318701585763279e+02 -6.961271704458290515e+03 2.101087938608672630e+03
1.637172516098332153e+03 -8.149202020548250402e+03 1.578599092871435460e+03
3.435251427262719972e+03 -4.426791598374751629e+03 3.613743513191993316e+03
1.730766290410557531e+02 -4.985319878100902315e+03 -1.129448620427705919e+03
2.624795210021590265e+03 -1.386139709933830272e+04 7.033494217823800682e+03
1.606988933280197216e+02 -8.678945655921143043e+03 -1.030718408440982330e+03
-5.692403135789049884e+03 -8.572513261575928482e+03 1.364900363115086657e+04
-5.523864759923997553e+03 -6.511344473418443158e+03 7.178025556385124219e+03
-2.704185876975506744e+03 -8.761734982508151006e+03 -1.583391186546655990e+04
1.447508199509804854e+02 -4.055324890822341331e+03 1.025283831683519566e+04
-1.144190867542816363e+02 -9.909495366919887601e+03 3.579164171626915504e+03
-2.575839371674606082e+04 -5.809269174854615994e+04 2.419954393052825253e+04
-9.422735952968939728e+02 -1.308014984991561687e+04 2.559733376133647653e+03
-1.067258316108229792e+03 -8.108353907373235415e+03 3.161000051194986554e+03
-9.199850524614106462e+01 -6.964162564806029877e+03 2.022800481509794736e+03
1.571963871119458872e+03 -6.449869338902544769e+03 5.626941846308470303e+03
1.768396237541133814e+03 -4.392514027859027010e+03 -2.414938932563194612e+03
8.071586786898930768e+03 -6.469143725193651335e+03 -6.232346950173216101e+03
-8.092923376709458353e+03 -1.181544786504932381e+04 1.814360623415933105e+03
2.376241251198337704e+04 -3.913789999067458120e+04 -4.012068907009492591e+02
8.884555321515698552e+02 -4.269147618391036303e+03 9.644498700386360724e+03
-9.382719084735924753e+02 -9.835886693215255946e+03 8.153095086966959570e+02
-1.286891296412949259e+03 -6.880223351696141435e+03 -2.162032695187191621e+03
-1.067690739733248392e+03 -1.211727221254558572e+04 -2.312745478317983725e+03
1.061404459440956771e+03 -5.433412898237882473e+03 7.892072002782572326e+02
6.355935919260409719e+02 -5.607337070474556640e+03 1.641002078361801296e+03
-1.114365021951339804e+04 -3.300254170829919894e+04 -2.356899438155136522e+04
-3.839047352329920386e+02 -7.416809695483423639e+03 -5.096294311387952121e+02
-1.048921363507155729e+04 -1.492122768410431672e+04 -4.684679656683192661e+03
-3.724298790141531867e+02 -7.271801385418048994e+03 1.495274658701410090e+03
-2.767034698138543718e+03 -1.480379108226236349e+04 2.006830679197457812e+01
-6.610296570556299230e+03 -2.730187955372964552e+03 4.645182156638376000e+03
2.369384789299883778e+02 -7.679576474686960864e+03 8.654166571181003746e+02
5.416977425755504555e+03 -6.943116499874607143e+03 -2.170797908604698137e+02
-6.380762872519824668e+03 -6.215154943379522592e+03 -3.124300886347218238e+03
-2.206276493163232317e+03 -6.995297372552540764e+03 -1.410077651464204973e+04
-3.950434784651610585e+02 -5.979717751338107519e+03 1.942145171001620838e+03
-9.937311253429463704e+02 -6.565372536878006940e+03 1.597958992326947282e+03
-3.808951091712710877e+02 -1.337806292568326171e+04 5.190969777084136695e+03
-4.597162058478876929e+02 -5.758817974621224494e+03 -3.944718824672872302e+02
-3.562654857996664077e+02 -1.349595133604013608e+04 -1.452895999474964128e+03
1.150827688335805306e+02 -7.995968902023002556e+03 3.167697585899178193e+03
-5.613497530484050912e+01 -6.389185355134454767e+03 1.623453860722538593e+03
-3.189095716283321053e+03 6.071816535388649072e+02 2.682535516419248779e+03
6.905478947742074524e+03 -1.412957458860806219e+04 1.722700149288556076e+03
-4.051258804315734778e+02 -7.206883293002432765e+03 1.287900540839414816e+03
-1.730869199252890382e+02 -4.923650631006287767e+03 -9.745908723940801792e+02
-4.987045252682777573e+03 -1.602841688846174657e+04 1.045665791306213760e+04
-9.712347469863173046e+02 -5.351776563620412162e+03 -1.097981852129484196e+03
-2.728912586229803310e+02 3.648645288421072905e+02 1.548437871662728685e+04
-3.378248344714106679e+02 -7.362457190479339260e+03 1.847160982427194540e+02
-1.636114274891340983e+03 -6.115151927314641398e+03 1.089792542594945189e+04
-1.617465814343138675e+02 -7.362087687942695084e+03 2.108969119380473785e+03
-5.068838623620187036e+02 -5.647262788918533261e+03 1.182031642392245658e+03
-6.398337901435849062e+01 -5.075849801133243091e+03 1.391294366623872065e+02
7.979982386467830793e+02 -9.807557586271379478e+03 1.398215134261441563e+03
-4.263722418980402722e+02 -6.234620793215346566e+03 1.770865401523508808e+03
9.178770141643301031e+03 -9.195056363968138612e+03 -1.042909197593914359e+04
1.495657874108417218e+02 -1.095736168453082792e+04 1.828305866549760822e+03
-3.453396563801585216e+03 -9.637789246144135177e+03 -1.250664296724079350e+03
9.134656772325220118e+02 -2.575262975969933450e+03 -1.142211250803447547e+04
-2.277336940034219424e+03 -4.897854966487915590e+03 6.275763024089649662e+03
-2.071944314091782644e+02 -7.638528909538908010e+03 1.750118338063250576e+03
-3.840914011806781332e+02 -7.417927425433728786e+03 2.443169470115925378e+03
-3.940479773536447397e+02 -7.061295336813961512e+03 2.338601846050843960e+03
3.503794496752764644e+03 -4.088279446579756950e+03 4.119361113830263093e+03
-2.262958778115726091e+03 -1.060522865364178506e+04 9.515476273927337388e+03
-9.455829062638138112e+02 -6.224414082638935724e+03 6.868322755479722446e+02
3.034634833396438012e+02 -1.088864540938428399e+04 4.888600084274362416e+03
-7.320520137453345342e+03 -1.045725632321034027e+04 -9.294961324009378586e+03
-5.182894001744572279e+02 -5.545346212356796968e+03 1.068780597364155483e+03
3.850655734803579435e+03 -6.065276313979151382e+03 2.812866075859877128e+03
-4.732664606250618249e+02 -5.674711338999978580e+03 -1.118879669863868287e+02
5.116901369221153004e+02 -8.550443662366353237e+03 1.700948233066376588e+03
6.991954826522616031e+02 -4.466818380967672056e+03 5.132417465924280577e+02
-4.400852075410431894e+02 -7.583233514688507967e+03 1.206855479848156392e+03
-8.513380003525330721e+02 -8.509374255179913234e+03 1.712981963058611655e+03
3.339471779438207705e+03 -1.522900222988524729e+04 4.388350181454372432e+03
-1.019222230154034321e+02 -1.204991939632819231e+04 1.877535368159853988e+02
1.457872009565007829e+03 -1.266618115515431055e+04 5.660705713069747844e+02
-6.921125168825831224e+02 -6.405762593395210388e+03 8.345093486163500529e+01
-7.788648834538704250e+03 -4.627672342124838906e+03 2.994428400873717692e+03
-8.149329332993841035e+01 -5.383677579650856387e+03 1.771852512323491737e+02
2.054458276581392795e+02 -6.466281818463717173e+03 2.764167546900983325e+03
2.599587899998354033e+02 -6.291098469050708445e+03 2.510782892508598252e+01
4.233659649235692086e+02 -7.679910903078552110e+03 7.122001928653594405e+02
-2.986595708151007784e+02 -6.250136226815428017e+03 3.005677016548466440e+02
1.184909176817360731e+03 -9.117690576938730374e+03 8.884279192479900757e+02
1.374884900615452807e+03 -1.021567250859128399e+04 2.743305835632799017e+02
-1.328105177523086468e+03 -7.415752306142171619e+03 -1.244897445288422887e+03
-1.920596929348237245e+04 -3.128419699711953581e+04 1.618288110885757305e+03
2.401616517930377540e+03 -1.154019252768507977e+04 3.457669087327101352e+03
-5.011698495545296055e+02 -5.840673151141028029e+03 4.340395676547026937e+01
-2.204339117500238444e+03 -8.062160383704349442e+03 2.889200909114550086e+03
1.782112303009951688e+02 -4.810801992353802234e+03 -7.279842945988808651e+02
-2.157181726556578724e+04 -4.990980041951932799e+04 1.224180647978600973e+04
7.461944728980328136e+02 -5.557271706932739107e+03 2.238713806202974013e+02
-1.437959999177370491e+02 -6.721676183685438446e+03 1.698303428978106240e+03
-5.889575618497110554e+03 -3.919207917042381723e+03 6.662142782738452297e+03
5.378797209867534548e+03 -7.817256343940937768e+03 5.390050084791612790e+03
1.890236555190416038e+04 -3.400270159702498495e+04 -1.171429272024256352e+04
1.461399850068205296e+03 -6.861142732393632286e+03 -9.706351525662721542e+03
-6.643595487523413112e+02 -6.439911101944116126e+03 4.594246802341609737e+01
2.755257232447803290e+03 -1.284688556637254987e+04 -2.194472142785955384e+03
-4.251088864439439021e+02 -5.498820370263580116e+03 -5.199246058693347550e-01
4.329385201937276179e+03 5.415731314758085091e+02 6.409033101619910667e+03
2.080349290389726775e+03 -9.289299771628366216e+03 -1.973507741266227640e+03
7.175260045738367580e+02 -6.330322139666571275e+03 -9.225948678052204741e+02
4.220145975210204597e+03 -5.982007064030578476e+03 8.642901805887663613e+02
-1.020784958207173759e+03 -1.053927638781204769e+04 1.451682417888976602e+02
-4.943133371531414468e+02 -6.510414039991757818e+03 9.315175734360961997e+02
-2.172310694150125073e+03 -7.388002830596589774e+03 4.396821703969820192e+03
-6.529459787825375372e+01 -6.811818912768499104e+03 1.529338462843828529e+04
-1.070678912342716103e+04 -1.297748414717197375e+04 1.600388162286090301e+04
1.015959692520053636e+03 -8.386831914552087255e+03 3.011593569403034508e+03
1.901015546821377711e+03 -1.752407031675019971e+04 1.259888577813828988e+03
-7.949024247767608358e+03 -1.031993951333794939e+04 -8.997288903683960370e+02
2.495928103806201761e+03 -1.113654022213991448e+04 -3.281484287529880930e+03
-4.658736236934980184e+02 -6.257235427903613527e+03 6.240656267357043134e+02
-2.145416957924572489e+04 6.069419825078878148e+02 1.192869383161381484e+04
1.689767908374425588e+03 -1.020928063521303375e+04 3.835690550812508718e+03
-1.874145276523143480e+02 -6.811798044672726064e+03 -6.090555696291834238e+02
3.572166759369447391e+02 -1.057985771874527927e+04 -2.002725497293040462e+03
-3.484946672951134133e+03 -9.330195300136925653e+03 -5.742637234463541063e+02
2.386720691545571026e+04 -2.054400520747612973e+04 -1.265626952035328759e+04
7.835597783563616758e+01 -8.987091902212521745e+03 2.080189804270814875e+03
6.182972688194548937e+03 -1.583325288817037472e+04 -1.260559116093317789e+04
6.802396313351716799e+02 -2.832981843408829809e+04 -6.268450065726502544e+03
4.777865812954650210e+03 -7.610773457955558115e+03 9.976812972875216019e+02
-4.669559657407589839e+02 -7.770824655366105617e+03 1.962547321095976940e+03
-3.777813585826336748e+03 -1.144475964865651804e+04 9.089692027428456640e+03
9.734680963296409573e+01 -4.584821748104162907e+03 1.710804102958021303e+03
-2.442495850776102998e+03 -1.441916659419245843e+04 6.591200985299555214e+03
-5.706982610662754269e+03 -4.742875415667879133e+04 5.785783747135537851e+03
-2.068122223032331021e+03 -1.103054984749117284e+04 2.480547268274731778e+03
-3.979272690586174122e+03 -1.055992117296720426e+04 2.019976180638454935e+03
2.550421837808057262e+03 -1.837164754501973221e+04 1.034594627762301752e+04
3.989533737201877102e+03 -3.900124373997381554e+03 3.612714113467255174e+03
-8.356811605704010617e+02 -3.802341486493760840e+03 -3.122927273472456363e+03
-9.012456115597282178e+02 -7.618111150348151568e+03 7.757901704708942816e+02
-1.698481188229601230e+03 -1.030404919759741642e+04 9.755147607474153119e+03
-7.874431250378020195e+02 -8.005436760405463247e+03 1.199455193134172987e+03
5.723680772899570002e+01 -7.118116506651833333e+03 1.253537867673442179e+03
-8.091756693132803775e+03 2.160285871642126949e+03 -1.215573856736968810e+04
1.663946963508446061e+03 -1.036681364460629447e+04 -2.908803276022990758e+01
-3.700462302952243135e+03 -8.603298088642080984e+03 2.427609713781949722e+03
1.884295613405338145e+03 -6.636647188685567926e+03 3.099661895203332733e+03
1.018261101580951981e+04 -1.157059422900335267e+04 -1.007141871074864866e+04
3.422946031271383731e+02 -6.818599352773010651e+03 5.985153076148137643e+02
-8.667399578889103395e+02 -9.801183302898009060e+03 1.518649512003047676e+03
-5.446171480498379651e+02 -6.904939429441078573e+03 2.171230944877060210e+03
-9.521317411572940728e+02 -4.145007129004993658e+03 -3.093709621626827584e+02
8.181169189355856020e+01 -2.903885056098261884e+03 -9.321941634279363598e+02
1.473388972636155358e+01 -5.615251648125291467e+03 -2.178607068110331397e+02
-7.915920753055727346e+02 -1.212075395927979116e+04 -3.560504139019204217e+02
3.573525881655564262e+01 -6.695002569868173850e+03 5.563566259974487366e+03
-7.400969326546930915e+01 -8.290661256936138670e+03 -2.927929535127494091e+03
1.777604658850645865e+04 4.215337509736812081e+02 -3.746393421340872464e+03
4.676186593706479471e+02 -8.612594826651371477e+03 2.614235671908337281e+03
2.319971120406717091e+03 1.539883612181515673e+03 1.606256419123409069e+04
-4.006527795023782801e+03 -3.502342558000721056e+03 3.649413340506654549e+03
-1.309279822323561348e+04 -2.000944665597238418e+04 1.121626354728668048e+04
-4.136549276591057378e+02 -6.466512669805211772e+03 -1.004157859040100220e+03
1.345130714015160265e+03 -1.092369099413212643e+04 -8.838230538997549957e+01
-7.380750298894363368e+02 -7.166782885184176848e+03 -5.673481537465333986e+02
3.342583796275550867e+01 -8.582181844356509828e+03 1.322959554880878841e+03
1.367341143054334225e+02 -5.506568291597895950e+03 2.247828070959344586e+03
-4.203495887393801240e+02 -7.525181267697980729e+03 2.125179188920445995e+03
-7.915984080057021401e+02 -7.020526520931523009e+03 1.853266846572938903e+03
4.649027245680414126e+03 -7.103843087599777391e+03 2.003557098352615640e+03
4.586596226715490729e+02 -9.799746765904692438e+03 3.184850407474955773e+03
5.485749658381928384e+03 -1.084527040848991055e+04 4.725493225503505528e+03
-2.593600336268810906e+02 -7.417278673918975073e+03 5.969511160466204274e+02
-8.061689821681940771e+01 -6.844170075550362526e+03 3.215172011851493608e+02
5.595145439589837224e+02 -5.989600249083497147e+03 2.164420227705978959e+03
-8.186913423486914780e+02 -5.356158033604338925e+03 -8.843102720996490689e+02
-8.369843141574693846e+01 -6.179010135739174075e+03 -3.142828545836895955e+03
-6.435080689817591519e+02 -8.609845139848697727e+03 2.321495201513731899e+03
8.761598643027747357e+02 -9.505220842959104630e+03 5.459677324132430840e+02
-6.883214066460903950e+02 -5.520856584282374570e+03 -8.758599783879523102e+02
1.094292244896145348e+03 -1.471568217746733171e+04 2.509830132111766488e+03
-5.611040745321452050e+01 -7.012924354164647411e+03 8.517212879648379840e+02
-9.596975135480236077e+02 -1.207035107828667606e+04 1.420936106690429006e+04
1.017065033844757272e+04 -1.741647809346288568e+03 -7.745082239167407351e+03
-1.566633331471796737e+03 -6.961693124493100186e+03 -1.500780325239720241e+03
-3.361299120210202091e+03 -8.413713186143993880e+03 -5.579415115124252225e+02
-3.009920806111107368e+02 -7.547833958204879309e+03 1.723359849504381600e+03
-1.822321276315034083e+03 -7.191799978960821136e+03 -8.985163029209804790e+02
-4.361613191485755578e+02 -7.658535686167797394e+03 1.366277287342284126e+03
-2.831785212892266827e+03 -6.997804220523560616e+03 -1.856819613395137367e+03
4.940648150397578320e+03 -7.683458144337180784e+03 5.670949452463892158e+03
-4.113834990612592719e+02 -7.000802450967538789e+03 2.791971995076328312e+02
6.362764723261975632e+02 -5.326920975996983543e+03 1.618682649429846606e+03
-1.277366351111771337e+03 -8.720254802031018698e+03 -6.588703847651114529e+02
-9.064506305380045887e+02 -5.660834946601100455e+03 -4.677295234829483888e+03
-4.885222651304324245e+04 4.774409669557279813e+03 2.751267557581672372e+04
-9.537312984456332288e+02 -6.856722815426364832e+03 -6.420446799450725166e+02
-4.381010933931339650e+02 -5.806680619740874135e+03 3.224654976151134633e+02
-6.019771099752839518e+02 -6.063470237412153438e+03 2.368074906097102485e+03
8.675108093308377875e+02 -8.529339290791020176e+03 2.593098489817221434e+03
-6.467493104153872082e+03 -1.671529431948944648e+03 4.506836593689808069e+03
-3.583406604266798240e+03 -1.036090329408089929e+04 8.503602738995856271e+03
-3.748401270928340523e+02 -7.767758813220494631e+03 1.540439446376027490e+03
9.397194359017131501e+04 1.359995921093003126e+05 -4.304275486364973403e+03
2.629769057079230379e+02 -6.273190338324204276e+03 1.545045985645990868e+03
-7.025712423089066760e+02 -7.982280258220067481e+03 1.078571521213345704e+03
1.586335415814859289e+02 -6.496337585582456086e+03 2.942570112487596816e+02
1.116309760494073316e+03 -3.841141258588299024e+03 -2.538098331728187986e+03
-1.476464158592536660e+04 -1.078832330547983111e+04 1.523131029394889447e+04
-1.344426015817631139e+02 -6.801686185559506157e+03 9.225246371204581237e+02
-1.732667454199753365e+02 -6.887232418647349732e+03 1.646618503664875789e+03
-2.396816280083422157e+01 -7.039062194731523050e+03 1.137737333129618492e+03
1.931976545847016723e+03 -1.505859566492250224e+03 1.585191244758710127e+04
-7.358699174373941787e+02 -7.797480586427667731e+03 -1.134964134194560756e+02
-1.285359825105246614e+02 -7.963939873643145802e+03 6.030862957714000459e+02
5.599677004744018632e+03 7.149158764405700822e+03 1.330221759135977118e+04
-4.969953484991845016e+01 -7.333038577558816542e+03 5.126483931046980160e+02
6.000338276051475987e+03 6.973924222806405851e+03 5.693205648749366446e+03
-1.391911138050538966e+03 -9.818530304286869068e+03 -9.209338925031704548e+02
1.155013241763655572e+02 -4.789359480740971776e+03 -5.485596031419584051e+01
5.549763353168441427e+01 -1.072388052243282436e+04 2.161166274309821347e+03
7.445722643723914189e+03 -3.360299892260164597e+03 1.136517910131122699e+04
-3.170784403186756663e+03 -1.134677651516079277e+04 8.343099428841998815e+03
-1.673568917541322435e+03 -1.161446552876238820e+04 1.043235660317297697e+04
-2.554773965978275555e+03 -1.159528054153843914e+04 -1.100087009279993481e+03
1.116180689863705311e+01 -7.108126833419941249e+03 2.007470937374358982e+03
-8.714229316618459052e+03 -8.336942548799815995e+03 3.831915406357070879e+03
4.142183390345745693e+02 -9.081838226594196385e+03 2.070614475792077428e+03
-1.072035627445787031e+04 -2.053161850287201742e+04 2.507078099540533731e+04
-5.605496171496274656e+02 -9.577978010173108487e+03 4.625407296564659191e+03
9.031309720440065576e+03 5.346480882231043324e+03 -1.502456594483672052e+04
-9.623693479934725019e+02 -6.973955792372751603e+03 1.206982844511292569e+03
-5.152135005881372081e+02 -7.790320363793115575e+03 1.179889219656866771e+03
5.709404934811652311e+03 -6.117346536719911455e+03 1.125783969351462588e+01
-1.371718956492610744e+02 -7.011020963784492778e+03 2.373328528323561841e+03
-4.690207573725699149e+03 -6.533766890024680470e+04 1.696798261213313890e+04
-8.826753325063475131e+03 -1.238765188668144583e+04 8.066229064461666894e+03
-1.029763206035971507e+03 -7.519653083516629522e+03 3.053627509661179715e+02
-1.588181678723394270e+03 -1.071648881655840160e+04 -1.134219684041742994e+03
-2.058320990912861816e+04 -8.054059723012710492e+03 7.038866790369534101e+03
-1.325230982795447744e+03 -6.910920218676867989e+03 -1.060485402245664773e+03
-1.684529719891330615e+02 -7.574589853753574971e+03 1.644154443254317357e+03
-9.070658535043760367e+02 -7.883492202617778275e+03 8.136193234645249959e+02
-2.827491326628099159e+03 2.080476706874787396e+03 6.573606891397667823e+03
-3.756057772526360623e+03 -3.148841777590963102e+04 -1.004332437068845024e+03
-5.546036554495622113e+02 -5.909230097707958521e+03 -5.173885472892621920e+02
3.903516561170816885e+02 -8.070419740040692886e+03 1.907273938058189515e+03
-7.794754659603630898e+03 -1.563710373097051445e+02 2.611335219111270817e+03
-6.045596812274024501e+01 -5.070472039433560894e+03 -8.599270759510460493e+02
-1.551051942312828942e+03 -1.732369185336117152e+04 6.108602690801963035e+03
-2.981773143024439605e+02 -5.295802277823639088e+03 -1.025929403572653769e+02
1.395053135126983761e+03 -1.054024182588691110e+04 5.456433283201117774e+03
1.641005291146143463e+03 -6.477153682024285445e+03 6.514330551768204714e+03
-3.194476628019330292e+03 -7.888963648481955715e+03 3.140713456152717299e+03
2.820528091439940908e+03 -6.530903146614878096e+03 2.029385368325898071e+03
-4.196477785238039360e+03 -9.255965600178638852e+03 1.132203119348944347e+04
-9.443232837288760493e+03 -5.261897684451434543e+03 4.488884509461977359e+03
-4.483354964569082881e+02 -5.531665243086384180e+03 -7.092183901357689138e+02
2.961967249283168826e+02 -8.206214345285929085e+03 9.354203451223995671e+02
-4.587232924464340158e+02 -5.924639606455090870e+03 -8.501467073998981050e+02
-1.099420317477347908e+03 -4.513733468156582603e+03 -2.597541071036804169e+03
-2.757649286482695516e+03 -4.911006519630706316e+04 -6.117199163634520573e+02
-1.236841774237384186e+02 -1.408100095193816924e+04 7.671894514459166203e+03
3.245037053110947454e+03 -8.524172382585957166e+03 -1.132603108476975422e+03
5.934610109912791813e+02 -9.947610046763715218e+03 -4.133385044965011730e+03
8.409944573166192185e+02 -5.634400764864928533e+03 2.056535562262606163e+03
-4.280091507215196316e+02 -7.901151478643150767e+03 1.622459528157285604e+03
1.482801097463716360e+02 -6.229117857329276376e+03 1.577783812479987546e+03
-6.155956696740548750e+02 -7.455268615661917465e+03 8.713632868222314301e+02
-2.848209946599818068e+02 -6.156291499337648020e+03 -8.317736231808783032e+01
-6.849735659936828597e+03 -7.443980397641365016e+03 7.615292101581339921e+03
-1.076682887762224345e+04 -3.674357990076870919e+04 8.215476076254799409e+03
-2.390634352504452522e+02 -7.345987552467691785e+03 1.252275720293311679e+03
2.172869743178544468e+03 -1.098891206076080744e+04 1.319773079727519416e+03
1.342920135700655919e+02 -6.836996611519482030e+03 3.727709513219326709e+01
-7.315768860028060772e+03 -3.647304960889254744e+03 -2.652206799571971487e+02
2.123935702960889671e+01 -1.402800283437598955e+04 1.363330210401404088e+02
-4.643272349113211931e+03 -8.746237137259468000e+03 8.291841632206103895e+03
3.834387060084102927e+02 -3.801658337411139655e+03 -1.381196797128677645e+03
1.041572752508431449e+03 -6.257187299807213094e+03 3.534538762468745517e+03
-8.504317632688837421e+02 -6.235054356650731279e+03 7.814927748627724213e+02
-1.049450971684130081e+03 -8.944342697003805370e+03 -1.103070127757027421e+03
-3.523851200679640669e+02 -6.684136354606415807e+03 -5.895000677483492382e+02
1.054413732737669136e+02 -9.521333208756905151e+03 2.750189221588334931e+03
-1.625222438363692845e+02 -1.203112120977887935e+04 6.575392426574523597e+03
-8.120527542555676064e+02 -5.729859766557483454e+03 2.026038190034232912e+03
2.173801930191547399e+03 -1.528541377610581367e+04 9.132383564369665692e+02
8.165297165738505782e+02 -1.111361636036010714e+04 5.200465105376686097e+02
2.577216410671158428e+03 -1.328987782046008942e+04 3.061634423184787011e+03
-5.511928363010315479e+03 -1.261134017957366268e+04 5.206469775534945256e+03
3.936212428296208964e+04 -5.662285507036466151e+04 2.800024087677348689e+03
2.413451269647086974e+02 -1.279394055803815900e+04 3.341399443417995371e+03
-4.832282711504029976e+03 -7.505772162310939166e+03 1.218659004731085952e+04
-1.830156927861924942e+03 -1.118425813800770447e+04 -2.860864846354124893e+03
-2.835039391767876964e+02 -6.779394810160138150e+03 2.001238936985903820e+03
2.818698017539096327e+03 -5.795187646443017911e+03 2.962547910916016917e+03
-1.570923374763958691e+02 -7.212021974543424221e+03 2.411149381432638165e+03
-2.917275013477650418e+02 -7.078912192454339674e+03 1.770790242563514994e+03
-2.164507852007785459e+03 -1.000669768665120500e+04 -2.307005723181885514e+03
-2.828144371266942471e+03 -9.382714340375339816e+03 1.781937991230221314e+03
6.146268523112109960e+02 -8.158297198834469782e+03 2.029709527040821740e+03
-1.082501122778975514e+03 -1.261403853290863117e+04 7.756231824789535494e+03
-7.997801931019371295e+02 -8.457397246579279454e+03 6.097577139134862136e+02
-2.806045764876201247e+03 -1.045444403748938021e+04 -1.445116536832167640e+02
-6.036864092265061572e+02 -7.256745103533063229e+03 8.008596362970048403e+02
3.589236565271233758e+03 -1.178390382608605250e+04 2.405544707624060266e+03
3.404557865647841481e+02 -6.238897345397839672e+03 -7.836826427941325619e+02
-4.245588987374328099e+03 -1.446541835818553591e+04 1.167581166065478465e+04
1.617258379327686089e+04 -5.017510026121231203e+04 6.077874033442411019e+03
-1.457132705970659117e+03 -6.762719713343315561e+03 -8.747086309469279968e+02
8.444614177892299267e+01 -7.135149835784081915e+03 1.769540273745027434e+03
-6.743920387736699240e+02 -6.330591724192433503e+03 -2.330231646718030333e+03
1.077914468207037089e+03 -4.999947245686138558e+03 1.048736671483618693e+03
-1.965225973004776563e+02 -6.906406613461182133e+03 1.486515035189073842e+03
-1.325504021243500119e+03 -1.108866112391210481e+04 -2.340864535166674614e+03
4.322108050509258646e+03 -1.856417366149957525e+04 -7.098876418010229827e+03
-5.485122798155355213e+02 -7.435989725002757041e+03 1.980593491324361366e+03
-4.696522500323155327e+03 -1.096124144097482713e+04 -2.992440388225480092e+03
-7.443666915933420114e+02 -7.602628266276641625e+03 4.951924299081634331e+02
4.567149543482463514e+02 -1.017879464918796293e+04 -1.404361709656325502e+03
2.239390795636207258e+03 -8.121820664847818080e+03 1.326263590652173889e+03
-4.238871224282810545e+03 -4.660808257603435777e+03 5.329474435605725375e+03
-2.188582772270373766e+02 -8.803753999938340712e+03 2.914209982093543658e+03
2.034602523289483770e+03 -7.713096140922649283e+03 -5.068259032862492859e+02
-1.943162978638405548e+03 -2.592424503436521991e+04 5.020152332625934832e+03
-5.151021315030398000e+02 -6.351941600772724996e+03 -4.109802388757816516e+01
-9.441424011227023584e+03 -6.176476942327005418e+03 -5.640713580596077009e+03
-8.111795750024833978e+03 -8.975174225930390094e+03 9.792771802186611239e+03
-2.936033804343495376e+03 -7.965602426309623297e+03 1.628080533210746808e+03
3.894557225127993661e+03 -1.075419305622855245e+04 -4.338276177021786680e+03
-2.317959653143182550e+03 -6.102245401885019419e+03 2.251055978909832447e+03
1.305549375019112972e+02 -7.464519979979544587e+03 2.508864258915343726e+03
1.282902660527287253e+02 -5.577386698042198987e+03 1.632676052415682761e+03
9.321559859439031470e+01 -1.103174216503450407e+04 1.231051735585331699e+03
4.067861633752946091e+03 -4.149548048913603998e+04 -9.428038649086965961e+03
1.707134614129226975e+04 -6.606979320542411006e+04 5.157609041652474843e+03
8.324881216331336873e+02 -8.122531406188529218e+03 -9.439173411535364721e+03
-1.766760267124842585e+02 -7.344233615796308186e+03 2.205812002983822822e+03
-9.941123889699210849e+03 -3.259739328207775179e+04 1.837679805782968742e+03
-2.557289247361853540e+03 -5.150926952851389615e+03 -3.199824811672783653e+01
-4.241930836416576653e+02 -5.487800316416332862e+03 1.057123274556413890e+03
-5.578345054300934862e+02 -2.054157822701235273e+04 7.014407923073196798e+03
-1.514626198677682964e+02 -7.817659656617400287e+03 1.619676513199888632e+03
-6.995447247777181474e+03 -1.267814135469765944e+02 -2.107499970693766045e+03
7.330074939160223266e+02 9.193856994270009864e+02 2.701605786615135912e+03
-1.783805750034613880e+02 -1.199204042943111017e+04 4.858602854387674597e+03
-6.290493417733435990e+02 -7.884307340527363522e+03 1.514778795787616673e+03
-4.886727172452539889e+03 -6.779020423336176464e+03 4.987797817254741858e+03
-6.420291840656552722e+02 -4.995784302023789678e+03 -2.901507741043099031e+02
2.700100085841045257e+03 -1.420538579143924471e+04 3.733409397669958707e+03
-4.442846146845887461e+02 -5.854176142700745913e+03 -5.362872051658696364e+02
1.756731717787710920e+02 -1.875310223948695784e+04 3.388795336338196648e+03
2.875715501842041704e+03 -5.873401953716155731e+03 5.843177916468084732e+03
-2.268874537440559038e+02 -6.811608519475043977e+03 7.327359214772858422e+02
-6.656624713487155987e+02 -6.971202768555405783e+03 -1.501297583695499725e+03
-4.094680885175568505e+02 -1.256441307987777691e+04 8.581001115249764553e+03
-2.614572369219858956e+02 -5.926917643749549825e+03 -1.063116012794213702e+03
-1.565300305763036022e+03 -1.002637471524343891e+04 2.835731779216001541e+03
-1.458990114962572989e+03 -6.368108704433276216e+03 -1.222948236009905258e+03
6.802540148548872594e+02 -5.110005931260490797e+03 9.811865189934505906e+02
7.373121406331179060e+03 -2.293978930329536524e+04 -6.781688971772873629e+02
-5.369384324395102794e+02 -5.922554141552625879e+03 1.951888728957119838e+03
5.096437328464900816e+02 -7.492593142335517769e+03 8.476612245588632959e+02
-6.439367120387809109e+02 -7.744712842305064441e+03 1.645471623491205946e+03
-5.281840083779439965e+02 -6.813673559069395196e+03 4.975733917008466278e+02
-8.767598887232848028e+02 -6.759672045637909832e+03 -1.536741083146620440e+03
-1.004590061009662350e+02 -7.537356022267137632e+03 1.637983904482797243e+03
6.321553744119353269e+02 -9.884075725171229351e+03 -2.371641335098307536e+03
4.408387659161364809e+02 -5.744940167822212061e+03 -2.237267846639679192e+03
2.029560488121411481e+02 -1.289674974974278484e+04 1.365414034562316829e+03
-2.259870058016517760e+02 -5.680738313023266528e+03 -2.424302702473313275e+03
-1.520999861910416257e+03 -1.222204129397406541e+04 7.818335889251138724e+03
-3.684415500961204089e+03 -1.265515555959706035e+04 8.754484793234987592e+03
-1.609900877365123279e+03 -8.298902757297257267e+03 -9.077997626141166165e+02
2.152198187234619581e+03 -1.055884185356728995e+04 1.124224213269231313e+03
-3.512472826205231513e+02 -7.530772297208194686e+03 1.849055631035872921e+03
-4.828514212748860700e+03 -1.294929198191061005e+04 5.230745582189603738e+03
-1.670648294230909187e+03 -1.848999837215074513e+04 6.075523008565286545e+03
-2.101206430153439669e+03 -7.539551902861763665e+03 -9.819899826100827340e+02
-1.320278944592434073e+03 -1.023725514932582519e+04 -3.935416208341119273e+03
7.054085230333896561e+01 -7.340604494216576313e+03 1.891633652015971165e+03
-1.786789723034573854e+03 -6.543196968720465520e+03 9.395463602521915618e+02
2.429286944018705299e+02 -5.681096763292485775e+03 -7.378564556146045561e+02
9.998443474741084174e+02 -7.847894446481277555e+03 1.777150970949958037e+03
5.177508339358046214e+02 -1.020776969147929594e+04 -2.160408565222557627e+03
1.580043948975394414e+03 -1.006014708764264651e+04 -1.613065934800411469e+03
-3.122949549038945406e+03 -1.256278569905348377e+04 -2.145729476605267791e+03
4.386457748144622201e+03 -1.228507015103597587e+04 2.177397572553089958e+03
-3.474942200821700453e+02 -1.439258650980563107e+04 1.078571747860475261e+04
7.254183800220075682e+02 -6.755647372353078026e+03 1.151325881227149921e+03
9.587243962798492021e+02 -6.025322663065582674e+03 2.699677964614998473e+03
1.330672929313436725e-02 -6.944932530039512130e+03 7.332214819128043928e+02
1.015909570738503817e+03 -8.182786501666420008e+03 7.487336677743376185e+02
1.418852188138701877e+03 1.617700851597853443e+03 5.836774319333377207e+03
-6.002475004036641621e+02 -6.298182693688282598e+03 -4.461274701473820414e+01
6.813646640478759764e+01 -7.702712267630864517e+03 2.457047259048191790e+03
-9.959839673910315696e+02 -6.394950953479455166e+03 1.567628794397871934e+04
-7.971110450077045243e+03 -2.719684355880135627e+03 1.536406109337045564e+03
1.423708828759195967e+04 -2.342611754251035109e+03 -2.214113083831784388e+04
-6.175595518961674316e+03 6.489005594403959549e+03 1.118348028115895067e+04
-5.173226271132955389e+02 -6.195498541101358569e+03 -4.207794151843347663e+02
-1.254581358640894450e+03 -1.279658030970630534e+04 -1.765257277724118921e+03
-8.751947654627866768e+02 -8.029111213411596509e+03 2.739920118353751604e+03
1.532976372035158874e+03 -1.596605571049989703e+04 2.791812503156923867e+03
4.878321710229352902e+03 -1.008536508507522376e+04 -1.037931446100301116e+02
-2.236315435754171631e+03 -6.605121993340528206e+03 2.266092868833102330e+03
4.462748638727165371e+02 1.827507659803617571e+03 8.075965150407200781e+03
-3.908373905298888531e+03 -1.513262380515424593e+04 2.705543821725579619e+03
-8.293436826782015487e+03 -5.181547156572783570e+04 1.433398105142855638e+04
9.577383809802972792e+01 -7.797014877191455525e+03 1.312829327724685754e+03
9.999750239944612986e+03 -1.691380159034630924e+04 -8.193298429939302878e+03
2.595259446834633764e+03 -4.370553848099295465e+03 -4.099985588147568706e+03
-2.431296871753798769e+03 -1.070190042134347095e+04 7.095399872339310150e+02
1.438321089267537445e+03 -1.044390952986350567e+04 1.504579964579515718e+03
-1.675955955352969227e+02 -7.687200598417103720e+03 1.650666779728268693e+03
-3.692580160499815065e+02 -7.558931848716532841e+03 1.998637903154320156e+03
-1.128689891027277099e+02 -6.575619898537245717e+03 1.944163368396968281e+03
2.135758556196796576e+02 -4.343505793262943371e+03 -3.091473805668630348e+01
-2.692708024679501477e+01 -1.359277094421046422e+04 9.432060417183314712e+03
-2.854759092223380321e+03 -9.857418206932992689e+03 1.037394250200370607e+02
3.232924215738074963e+03 -7.373497310015689436e+03 -1.587239483903644896e+03
-6.345575122421532797e+02 -7.840215714407653650e+03 7.102629305018062951e+02
4.427144377837641514e+03 -1.311844626527351829e+04 -4.161585992236590755e+03
2.771878270646448982e+03 -1.174989377397304088e+04 -9.108635882119378948e+02
1.228426663697055119e+02 -4.762882750158323688e+03 2.232780584082505356e+03
4.566648990055366994e+03 1.199285759079819854e+03 -7.349227296147750167e+03
-7.659996049098734829e+02 -7.163117135809980027e+03 2.472943201119474452e+03
-6.285856251600004043e+02 -7.903813034400831384e+03 5.936005971634972411e+02
-2.380104546146284702e+04 -7.809495688884926494e+03 2.126227911793490784e+04
7.462870672728967293e+03 -1.691715451505066449e+04 -1.373402066928673776e+03
2.714187698094701773e+02 -8.723505592534331299e+03 1.724347271538313180e+03
4.520563992648562817e+02 -1.200990063317577915e+04 1.151120931464595742e+03
-1.425641163318687745e+02 -2.333842424036801276e+03 -9.867370486401366634e+02
-3.039866432565146533e+04 -1.876668132399693059e+04 1.343109374666442636e+04
2.462840832238042822e+03 -1.146180760408000606e+04 1.546516306122501419e+03
-1.158326174083342949e+03 -8.854055065051239580e+03 2.761669019832239087e+02
-3.238866611682644248e+02 -5.537580872054015344e+03 5.244810992077965466e+02
-3.694792090270493645e+02 -9.360932141045632306e+03 1.570882623072617434e+03
7.003979046672504865e+02 -1.060201690416746942e+03 -2.303255720351972741e+03
1.088792423215272720e+02 -6.941303670189214245e+03 2.280861960604561773e+03
-5.592454584261556192e+03 -4.872362014620702212e+03 -2.821096200207204674e+03
1.092411468259031381e+03 6.675106178844299620e+02 -2.112510208844722001e+03
2.369490747866417223e+03 -1.150734012647230884e+04 1.752320099557142385e+03
-5.369192216626468507e+03 -3.385413028881648188e+03 3.110128029009217130e+02
2.725927830735587577e+03 -1.122787764872123080e+04 3.051840778662294724e+03
-5.655639821356190851e+02 -7.053035542280671507e+03 -3.887764132070383312e+02
-1.158891205271948138e+03 -1.013783606244532712e+04 1.422379122988455947e+03
-8.119135874922523726e+03 -3.548654358470815623e+03 -2.509445182034866775e+03
-8.089125954978505888e+02 -1.330445100988651757e+04 -3.319431772871083922e+03
3.313303425557385253e+03 -1.231638471170276716e+04 1.320469469335601843e+03
-4.578345496356350850e+03 -1.080193342371717881e+04 1.403634180751674830e+04
1.514541842197250844e+03 -9.960890396100630824e+03 5.838313317194224510e+02
3.025540456133920998e+03 -1.078861255305479062e+04 1.559764266084901919e+03
6.795769317334038533e+02 -8.794685314743477647e+03 6.299987253165515995e+02
2.020046602874499968e+03 -1.112412019570580742e+04 1.836267353894904772e+03
3.799203815170006692e+03 -6.268384707944929687e+03 9.331987365700740611e+02
2.387823334471766259e+02 -5.157061475966976104e+03 -1.002378346647050648e+03
-3.016945742765449540e+04 -1.005978658914456537e+04 -8.313747327308334206e+03
-7.087651783243626369e+01 -6.607618610645384251e+03 3.571608221325625436e+02
-3.005619455099867082e+03 -9.688036316827945484e+03 1.524117722275554343e+03
2.501385569464417813e+00 -6.895515973001488419e+03 1.349538740875575422e+04
-3.983626159775804808e+03 -2.357176308467125637e+04 4.086536878127091313e+03
1.437702440386868830e+01 -7.385778412206145731e+03 -5.181644707337527507e+03
2.295687752988822467e+03 -3.848859944631522012e+03 4.274306965847576066e+03
-5.161342599011413768e+01 -4.006926148135024960e+03 -1.498964171025947962e+02
2.265462065076502768e+03 -1.126196151416681823e+04 1.890324491799941825e+03
-1.894993943030023615e+02 -1.074774820343487590e+04 5.923500336143715685e+03
1.087636458680559372e+03 -1.023456065579472670e+04 7.580505298015073095e+02
2.737885602651844692e+03 -1.107597392660451078e+04 1.975471909943583341e+03
2.768113815330015314e+03 -1.163649827063813063e+04 1.404846995471788432e+03
2.373327810168564156e+03 -1.208116455035010222e+04 1.324630411296209559e+03
-5.871546349536167327e+03 -8.987826836122623718e+03 1.874869639621690567e+03
3.037765529414488697e+02 -1.005287612594995517e+04 1.143850945943472880e+03
6.372211146943234780e+03 -1.939197459125760724e+04 1.010646914132640450e+04
4.783016392342902691e+03 -7.286429081734549982e+02 -5.769450364025885392e+03
-6.238077176921278806e+02 -9.036116907712370448e+03 7.951010795520123509e+01
-1.793139914285345640e+03 -1.101452866386679125e+04 1.612161772374222892e+03
1.995675858116822383e+03 -9.958478818268451505e+03 2.986537585500672776e+03
-2.340066114221295379e+02 8.874409678149140746e+02 5.631934664729351425e+01
-3.271058590984156353e+02 -8.202179088107812277e+03 -5.460328095807236650e+02
-1.430524704727976086e+03 -7.758511848616697534e+03 1.226195651252917742e+03
-3.741321469119395147e+02 -8.178070948635243440e+03 3.005773845990352129e+03
7.069230914737432613e+03 -7.730143146341296188e+02 5.967578932573430393e+03
-7.862398551385037990e+02 -7.301015238305725688e+03 5.947080864881645539e+02
-1.129239782701324430e+03 -4.578225300620827511e+03 -5.495893237787373664e+01
-1.240436101172977942e+03 -2.283398557791292660e+03 -5.204640037243544839e+02
-8.128465166699474139e+03 -1.435495690454798932e+04 1.889455123703552090e+04
3.849979670474608156e+03 -8.623944758509340318e+03 5.197904135071086785e+03
-3.387092959520116437e+02 -8.650115264541835131e+03 -1.755987023320114417e+02
-4.232256169884238261e+03 -6.012178362282727903e+03 -6.115193033231957088e+03
-1.852907128603979072e+04 -2.034813638776443622e+04 3.305039054455054952e+02
-9.119687656763168206e+02 -7.747770568130905303e+03 3.487338417336104612e+03
1.370897447614929206e+03 -9.873586673571522624e+03 2.233046587483730491e+03
-4.142392684712274331e+01 -2.348006518873967707e+03 -5.102110556637518926e+02
3.946553889337708370e+02 -7.189908827661991381e+03 9.216860030496343370e+02
-3.467562672534453668e+03 -6.394940563483303777e+03 -7.805538100249525542e+02
1.028727445183420059e+04 -1.378062811791055901e+04 -2.700783559729008175e+03
-5.877275989222817998e+02 -7.586852537435000158e+03 1.580511600888164367e+03
1.437953563550353522e+02 -7.349089763780511930e+03 4.049174628813692038e+02
-5.010629823556857900e+02 -2.017479657368479820e+04 1.759618965200809180e+04
-1.261728306208692084e+04 -2.264111794555210145e+04 1.751466272360999938e+04
1.005790265117750550e+02 -1.168042382763596470e+04 2.052117508349771242e+02
1.004077220372149213e+03 -5.542579103284809207e+03 1.838052970080734667e+03
-1.265135832796195973e+04 -1.105042288473464214e+04 2.399469288866557690e+02
1.875649303196496021e+03 -1.187600288885328155e+04 1.392434879205805373e+03
1.217883149177927180e+03 -1.149595237174070462e+04 7.103452755611311886e+02
-1.422279513893170042e+04 -1.669673566105382997e+04 2.016086141296385904e+04
2.639344984472945725e+03 -8.291531023879322674e+03 1.354572647032842951e+02
3.233987656103235167e+03 -9.547021193853814111e+03 2.040961985276101586e+03
-4.925369441488918710e+03 -2.008547518415066588e+04 3.873328465380870512e+03
3.217101831180622867e+03 -9.661765568138785966e+03 3.911554910548848511e+03
8.563342042361887252e+02 -1.026834375062714935e+04 6.650802432894524827e+02
5.554871902237641734e+03 3.057851816219757438e+03 -1.434471480212805318e+03
-3.874452870398235973e+02 -1.030198611548798908e+04 4.395667328363788897e+02
5.634645443210500559e+01 -6.673842013094701542e+03 1.649570736604709282e+03
-1.287210984722877356e+03 -8.971887852473395469e+03 2.908762538890787255e+03
-1.516403701743083730e+02 -6.443358329893441805e+03 4.815550603877486537e+02
-4.486039017367613724e+02 -9.838259497299510258e+03 1.117471557612223251e+03
-1.656579074117938262e+03 -4.737385840215571989e+03 5.931546115132522573e+03
-2.135158013204253962e+02 -7.079564343215351983e+03 1.204851940867033818e+03
4.446942450617926625e+03 -1.742327629407449422e+04 4.475444909782634568e+03
-4.982785548695084685e+02 -8.313929188990990951e+03 1.110447677344124941e+03
-8.533617552887821489e+01 -1.446371314187961161e+03 -8.713543896002489646e+02
6.229606873676139003e+02 -9.294399245705562862e+03 4.160254809481067241e+03
-5.174078527028070312e+03 -6.974382707576792200e+03 7.448739804864047073e+03
-2.228135394319623401e+02 -3.976186681300584951e+03 1.752497444855731146e+03
1.869961566840297564e+03 -1.243180866331781726e+04 9.783537912136566206e+01
-2.010332751358587302e+03 -5.487974411277349645e+03 -3.605794216171161224e+03
-2.930182333430908784e+03 -3.052488717679320416e+03 -6.734604439297863792e+03
-1.601986609942515315e+04 -1.381483191410484687e+04 2.185234605780814672e+04
5.550123164769022878e+03 -1.717768820077956207e+03 -7.379108908890243583e+02
-2.565878232216551851e+02 -2.808165785002470329e+03 -4.213188425355818254e+03
-2.460582795145402270e+04 -2.392605003378507536e+04 1.641628466905441746e+04
-3.935450889152738455e+03 -1.985710542327120493e+04 5.383006949930068004e+03
3.338418081411297862e+03 -1.047970770719733264e+04 2.635272654978733499e+03
-1.196845175254530318e+02 -6.551313933207605260e+03 1.234697023123082545e+03
-2.670904461945203366e+03 -8.408476023968501977e+03 3.232361756749147389e+03
-6.633840889621744736e+02 -9.261526310107014069e+03 1.824582221179260614e+03
2.136274614865143576e+03 -1.120002091299309723e+04 2.206567935891342586e+03
7.381797729357961089e+02 -9.681969416611764245e+03 3.363732068176862413e+03
4.270516026922735364e+03 -1.261935923962066408e+04 -5.206496724461660051e+03
1.060952531699645306e+03 -1.169236668045192710e+04 6.200739091110497156e+02
-6.302721373982018349e+02 -2.170105091145554070e+03 -2.518973124669989375e+03
5.606796378643191474e+02 -4.168967859459042302e+03 -1.797587108461033267e+02
9.255417249233910297e+02 -1.046227589755416921e+04 2.211790187514535774e+03
1.312444372433309354e+02 -4.471896977580528073e+03 5.423953396418592092e+02
3.667528136816324604e+03 -9.648955586841177137e+03 1.034701143771530951e+03
-1.505256656710239668e+03 -1.005926856981982746e+04 2.836991383137984485e+03
5.974953126033456101e+02 -9.045245861420287838e+03 1.941546969883992460e+03
1.526835109665532002e+02 -6.461406636897730095e+03 1.188256575145755050e+03
8.096154466760864125e+03 -2.894780439685574675e+04 -3.312268336865710444e+04
-1.380176665931683146e+02 -8.987871437673851688e+03 1.062872635431654544e+03
2.285216894669572696e+02 -1.011666224192494883e+04 7.730414230415835846e+02
1.022489112739376537e+03 -8.338831158846664039e+03 3.716460241970563857e+03
9.296785109190001094e+03 3.398663982433003184e+03 -6.392733302307505255e+03
-4.226888561449025474e+03 -7.655660055626914982e+03 -6.585145471976908993e+03
1.015812038623538797e+03 3.411539347486518182e+03 -4.886779935668942016e+03
6.586412604590886986e+03 4.653934368720607381e+03 -1.014923974021777030e+04
2.019430004240028666e+03 -1.109119270536979275e+04 1.894137065982021113e+03
1.409688830170462461e+04 3.920627595785092126e+04 -4.527474000138895644e+04
7.104432851527142702e+03 -7.811024892800131965e+03 1.002304476010162489e+03
-2.294011281387015515e+03 -1.647169268369825295e+04 3.312060871791972659e+03
1.939758844556528175e+03 -6.874372707899698980e+03 -7.033852749126283015e+03
4.444527885899826742e+02 -1.045819444196983568e+04 1.133204917791898424e+03
7.273721087030556191e+03 -2.480826605692080921e+04 -3.395265579155037585e+02
5.683016599319470288e+02 -9.656858473089927429e+03 1.974624398125171865e+03
-8.939658007921150329e+01 -4.887619149060621567e+03 3.260155755582312850e+03
-1.377291500476541160e+03 -8.824944173567196231e+02 -2.458746572067796478e+03
1.018890435616089576e+03 -8.166448791310652268e+03 1.191674736722940906e+03
5.760364494854437908e+03 6.276965570586945432e+03 -3.309623216102556398e+03
1.449440460158423093e+03 -1.167958273836769149e+04 1.143394764997942048e+03
-1.658319400533705448e+03 -5.754078639967233357e+03 7.976604740518207564e+02
-1.138501440257379272e+03 -6.160681595905414724e+03 4.667225584391813754e+03
2.205289403130601204e+04 -6.482954345022105372e+03 1.021199586776776778e+04
9.010889966343402193e+03 -5.159899671870191924e+03 4.083166954009431720e+03
2.605170637507249921e+03 -1.053882693891115559e+04 1.894665711189134299e+03
8.503886447067964127e+02 3.680767862210228031e+03 -4.160737329117455374e+03
1.306372602276277121e+03 -7.367976446701704845e+03 -1.565933246591154102e+02
1.636630444565173320e+03 -4.846873548055434185e+03 3.530376895028729450e+03
-1.310529291620791082e+04 -1.500650014835589354e+04 1.732335620416555685e+04
1.084367324893495970e+04 -3.536943837591725696e+03 1.740758117458647030e+04
4.822770903585338829e+02 -1.091096162919175367e+04 2.378498827623816396e+03
1.110750087061516024e+04 -5.204207885156932207e+03 1.307931620777334683e+04
2.906380893926327190e+03 -1.035033645061260177e+04 1.828925697443241916e+03
-1.396892458205195180e+04 -4.807147805295279795e+03 -1.828303001761326641e+03
-7.364421851595238877e+02 -8.256397179743158631e+03 2.884910116787214974e+03
-1.323664185823067419e+04 -1.696335284769602731e+04 5.464893415903748974e+03
-7.888782943574282399e+03 1.433745400048476085e+03 2.896790657861307409e+04
-3.219071239284211697e+04 2.924365728454011332e+03 1.882193103448532929e+04
-4.083449471161275596e+03 -8.351749163781914831e+03 4.218751172461039459e+03
-1.494817217921955489e+03 -3.004497987720434594e+03 -5.043058206257062011e+03
-4.800409655005312743e+03 -1.112926687343132289e+04 2.494620262988686591e+03
9.930941734583024072e+01 -7.421255106508954668e+03 2.431901493648716496e+03
2.040152611308350288e+03 -9.816522906808932021e+03 6.002896703810514737e+03
7.761196105184663793e+03 -1.942069281447070534e+04 8.361166015288743438e+03
-2.719129016500162834e+03 -4.222550900552702842e+03 3.674445729562544329e+03
-4.452632104766922794e+01 -2.504763993597920035e+03 4.025029000089226884e+03
-3.441426700285512652e+03 -3.007886163610476615e+03 -1.917818998338449774e+03
3.013924123472248539e+03 -9.121770092520224352e+03 1.562286039065131035e+03
4.225040196759127139e+04 1.050158462837191837e+04 -1.528642366038082764e+04
3.160305511907193932e+02 -3.180607701128502413e+03 2.243688072296842620e+03
-4.486652903079371413e+01 -7.087020655581352912e+03 6.671373126766950463e+02
2.381806367874737134e+03 -1.018444252267701631e+04 7.238275245393024306e+03
-2.999475329276850061e+03 -7.517466891111598670e+03 -8.037504944798654833e+03
-4.323030934230076809e+02 -1.232241292447639717e+04 5.682725405877113189e+02
-1.667241598166566519e+02 -6.352745186198837473e+03 -2.764558695843786609e+02
-6.097191628454214515e+04 2.039131306181210675e+04 -3.863980885721293816e+03
1.899089443619869417e+04 -9.774853125180975155e+01 -9.835318939039942052e+03
-8.611972915897214307e+02 -5.567115629124530642e+03 4.817307328122481522e+03
1.030051844017553094e+03 -1.266675595918076942e+04 1.179739195141560685e+03
-2.846234659316647594e+03 -3.713321533937169988e+03 -2.431265868579839207e+03
2.062915692452314488e+03 -2.686605917959319868e+03 -5.297242059818146345e+02
1.665265843466833758e+03 -1.154526878879691503e+04 9.238327530730166472e+02
-4.759091598485542818e+02 -1.172068159814731553e+04 1.996431064709031261e+03
-4.031759439647366321e+02 -1.179429029544282093e+04 8.255464454573906323e+02
2.539482697808889498e+02 -8.493800152688863818e+03 -2.672511096941542519e+01
2.642966390797933855e+03 -1.199657563513990499e+04 1.232802151928220155e+03
5.109127681603716155e+03 -6.000918518619806491e+03 4.155616576758614428e+03
-3.967534341559198765e+02 -8.946380135508732565e+03 2.038134158274710444e+03
-2.652017128311217675e+04 1.610367783453765333e+04 3.100200825017428360e+04
1.448574723394811485e+02 -1.073303041732275415e+04 2.349126190180267031e+02
-1.212959996926568692e+03 -3.764790500139962205e+03 -3.491867201786796613e+03
2.935178517942302960e+02 -7.729187773326347269e+03 3.361131148739728815e+03
1.667831427718823079e+03 -1.049508332021217211e+04 1.473229340269409022e+03
-1.386432459314109474e+04 -5.897603593398545854e+03 2.170871962778509624e+04
-1.647164293057148461e+04 -1.002954280841303262e+04 1.320307765554302205e+04
3.411218426194373933e+03 3.732546899604901228e+03 -1.080632844586224337e+03
-3.769490301952793629e+02 -8.002879390760117531e+03 9.574003224626698056e+02
-2.799622740213464931e+04 -2.074622039599037817e+04 -1.439712709214482493e+04
3.663134591742929479e+04 1.163588840405060000e+04 4.291498428700356840e+02
6.543640097399779734e+03 -8.403711092426823598e+03 -1.777471220434555562e+03
5.056521505342359433e+02 -7.337595585859166022e+03 4.469650428513835436e+02
6.614878244217347856e+02 -1.125626550898713504e+04 4.219497069837680669e+02
7.370445082174975141e+03 3.119025102305278324e+03 -5.549998452749974831e+02
3.676200609916058511e+03 -8.598563992974884968e+03 -9.272988942436457364e+03
4.166202507368541319e+02 -1.000367729633097224e+04 1.438102607672856948e+03
-8.087376630938649669e+02 -6.546905439431231571e+03 9.512464833052481481e+02
-1.555883351001910705e+04 -8.233388566664838436e+03 1.276045226463133076e+04
-4.616797677559920885e+02 -1.026062160873047833e+04 -2.006088780763280056e+03
-8.080812574430885434e+03 -2.160590582818633629e+04 1.759214513948433887e+04
1.347482555818312539e+04 -4.716889570370636648e+03 1.645491505422522778e+02
2.328539716315237456e+03 -1.100168867767097254e+03 -1.566903912004978338e+03
4.076673604882719701e+03 -3.208061430207461399e+03 -1.106831948210803239e+04
3.507948557814526339e+03 -7.427494432183951176e+03 -1.291662975005294811e+03
2.020839241121108671e+03 -1.012460566734641725e+04 9.634153109917417623e+02
3.466632568327742774e+03 2.514167317009260842e+03 2.263973706641138506e+03
-2.735516944740771805e+02 -1.142392540026410279e+04 1.799854865500547930e+03
-8.585464204408052638e+02 -3.872263442410851439e+03 -7.763134323790308144e+02
-3.250386068773174486e+01 -9.148028991229619351e+03 1.991025525305029987e+03
-5.772922273578011527e+02 -9.506691010304328302e+03 1.912246310625536807e+03
-2.650974626243200692e+04 -1.140049783599268449e+04 1.054588791563072118e+04
-5.385442478222697673e+02 -9.759390805830615136e+03 1.050122754273689452e+03
2.950086722273184023e+03 -6.852106166128787663e+03 -7.942239365707027900e+03
-1.173206759245626745e+04 -9.667724519865738330e+03 8.397620507478621221e+03
-6.266986322456631569e+03 -2.038044082932204765e+04 4.301482543143241855e+03
6.910633324421667112e+02 -1.099941155172770777e+04 1.042300776228087898e+03
3.427369044063514139e+02 -7.821820264273235807e+03 2.177109948010512653e+03
2.512425183146700419e+03 -5.302481359293819878e+03 -1.010647139307339057e+04
-4.219442507587780710e+03 -6.912335501984871371e+03 -6.554875475008255307e+03
-2.632986648900558430e+04 -6.534555107492948082e+03 -4.534806921447778586e+04
-1.794963106461900679e+04 -1.555126941280055689e+04 1.860545948868741471e+04
2.467644920499480213e+04 -3.384913070081805017e+03 8.217887312988636040e+03
1.330642334688847768e+03 -1.127294735390408096e+04 1.123500752837414211e+03
-2.834717233459990894e+04 -7.351536928424420694e+03 -1.236797651252649302e+04
-5.987893524459808759e+03 -1.885747176632014816e+04 2.464028925144136338e+03
-2.372002408548646031e+02 -1.101037579062817349e+04 6.149781712485893195e+02
1.446634564851235609e+03 -1.145338549620253798e+04 5.380588348019902014e+02
1.324160196923459694e+02 -1.148321324701996491e+04 5.063058629854166952e+02
-9.295192759817267643e+02 -7.592936476721167310e+03 4.081618812246934340e+03
-1.655342547463988376e+04 -7.922449405218996617e+03 1.823497550337801658e+04
-1.856284144651670431e+03 -1.075440262563459692e+04 1.043605538122929829e+03
-2.128853467050551274e+02 -6.634028730017755151e+03 8.435545163258680077e+02
5.962091870174085670e+02 -8.947343975312656767e+03 1.822829027839115952e+02
-8.923565742292375944e+03 -5.883602463896720292e+04 -4.823914528691894520e+04
9.156424600879038280e+02 -9.796661590484633052e+03 2.433737580177940345e+03
1.529748046022097242e+03 -1.230618900742968435e+04 1.278814486808751326e+03
-1.629425397607321793e+04 3.648712303543079543e+03 2.136195548981273532e+04
-2.382572409464766679e+03 -1.802990839325074921e+04 -2.599624862070507788e+03
3.793864473845968064e+02 -1.099428613190215401e+04 1.198328729633315561e+03
-9.663050417783870216e+03 -5.384776328983804888e+03 2.467496737930129711e+03
-2.943224215484982415e+04 -7.963767690802716061e+03 -4.644942071276078059e+04
-1.208340617079780259e+03 -1.075770453893141166e+04 4.946752327651514065e+02
8.230216663615508423e+02 -1.084909268497429002e+04 7.659005159882069620e+02
1.055742815741122968e+03 -6.709978283754984659e+03 -6.167584292723368890e+03
-3.240707219573677321e+03 -9.466896034412333393e+03 -6.136937188571243496e+03
1.162982264230469127e+03 -1.027792231932870163e+04 1.762338353147334828e+03
-3.391997110678649187e+04 -1.518108092147228126e+04 1.541931251495133438e+04
-2.765937516363394752e+04 -2.521784257701734532e+04 6.671524669826532772e+03
1.157213724163050074e+03 -1.121038743142903513e+04 1.049926644845337933e+03
9.723208224710906507e+02 -9.516743735329283709e+02 -1.007425746142572621e+03
4.382110936115544973e+03 2.237831945672588972e+03 -8.684707495596811100e+01
2.122924193461137747e+03 -1.022137619520994485e+04 1.368485561071668599e+03
4.080559564712619249e+03 -2.071349402217387251e+03 -8.411501790212972992e+03
5.241813073970365622e+03 -6.185101328062307402e+03 6.350731036398375409e+02
3.862954224588219859e+03 -8.528638781579360511e+03 -1.829966422092306402e+03
-5.525452121848697971e+02 -6.800075302162392290e+03 8.205892663961216726e+01
-3.079988987764420017e+03 -4.295912733743337412e+03 -1.092495678450200558e+03
-1.936019028051622399e+03 -9.408950080119531776e+03 -8.861470481441076572e+02
2.464842600277782367e+03 -6.168963227620368343e+03 8.056531315833883582e+02
8.973728755525113229e+03 -8.564816791491059121e+03 -1.675722756322095393e+03
-2.747268215686123949e+04 -2.692481019007102441e+04 -1.621424383362997287e+04
-1.284107397418008077e+03 -1.260317188106050889e+04 -2.432773157502801951e+03
4.463898000388361424e+02 -1.319928002706257030e+04 2.507664172876730390e+03
-8.738594670834377212e+02 -6.990318099821603028e+03 -9.251540716340080053e+02
5.212051878915753150e+03 -3.245975041630244050e+03 -5.898096331042836027e+03
3.105092802012202810e+03 -8.610527112003361253e+03 8.509929390662489368e+02
-1.775632629312434119e+03 -6.315920876042345299e+03 -8.855638882708730307e+03
-9.127002127707779437e+03 -1.576417755388725163e+04 9.461639392037755897e+03
-1.483862748634930085e+03 -1.120596932638532962e+04 1.242437046136643403e+03
-2.310505306107491924e+04 -2.475287831021662350e+04 -5.193292953758527437e+04
-3.208638826250239617e+02 -1.139290890534032951e+04 8.970242236012420562e+02
3.430812983764640194e+02 -2.438697419222015469e+03 2.951929183042121622e+03
2.643695348358257434e+03 -9.571177820901111772e+03 1.124334910854800228e+03
8.325151992728555342e+03 -1.208560967256703589e+04 -1.934989833605741660e+04
2.702122872284719506e+03 -1.234087449852219288e+04 -1.907394129921920012e+03
-3.245438381053886587e+02 -8.412931613877473865e+03 1.696779403485898456e+03
1.398756915052816112e+03 -1.393528783198305518e+02 -1.249168650018021253e+03
-1.450399491559904891e+04 -3.944653138700883574e+04 -2.933265165840964619e+04
4.237420626665547388e+03 -5.084452147808024165e+03 -1.150001732943515162e+04
6.648185007212126038e+03 -1.050871347269479429e+03 -1.290127656940875386e+04
-1.141291937200382745e+04 -1.285750206366651582e+04 2.942667030751274524e+03
7.662840487955761091e+03 4.734764085190316223e+02 1.612526443328461937e+04
-1.464080478400456195e+04 -1.070595596670522173e+04 1.495108606837207844e+04
-6.575378216901814085e+03 2.982271375905203240e+04 4.102613417376012512e+04
-6.044273300509687942e+03 -1.839819053392193746e+04 1.779174483276803585e+03
-9.129050831350671160e+02 -7.316165038732108769e+03 6.282758766960778303e+02
-3.842780124369243367e+03 -7.878588677869453022e+03 -2.218747636183912164e+03
-1.044203948598431225e+03 -1.215735378033973029e+04 3.089433882270847789e+03
-1.017465002556917170e+03 -1.507248273406381668e+04 -5.010566416634530469e+03
6.454159437394439919e+03 -5.985531785360738468e+03 -6.244234459314545347e+03
-3.472427421127425987e+03 -8.265411739030985700e+03 2.275642741179859968e+03
-1.798871533304855620e+04 -2.482480034618454374e+04 1.431411384349019136e+04
5.162637553048177779e+02 -2.569595086832395282e+03 1.159828491081041193e+03
-3.601717700568392047e+03 -8.650607174261294858e+03 1.802286500682639371e+03
-5.459974481344107517e+03 -1.432790253845770530e+04 8.672829673583265730e+00
1.006156220267127537e+03 -3.446069596341962551e+03 3.417289023687166264e+03
3.007709914685493459e+03 -1.143781680298595529e+04 1.078033713507117227e+03
-2.720834967243021310e+03 -1.562027404287105128e+03 -7.669038981328167210e+02
6.966655601566967562e+03 6.366362762514287169e+03 5.147095879984242401e+02
1.076167244615452887e+02 -1.130946278897948832e+04 1.873894449713138101e+03
-1.164590810593924289e+03 -8.110310472577160908e+03 5.190775120588690470e+02
-7.124852104210574453e+02 -8.959674586226481551e+03 1.237729402377761517e+03
-4.827017832426078712e+03 -8.019188166729461955e+03 4.459215625204991738e+03
2.562757682123165068e+03 -1.146321023837123721e+04 2.123971641317967169e+03
1.279458525175610475e+03 -1.134587406545436170e+04 2.231594810212080802e+02
-1.365545895080610171e+04 -1.136292598729192105e+04 9.175763497899752110e+03
-3.679898364432785456e+03 -1.807892811871735103e+04 -9.670434418952925171e+01
-2.191035013036696455e+00 -5.916012232229549227e+03 1.059370585756206310e+03
-5.596920180143744074e+04 -2.143636775126836369e+02 1.043703184823566698e+04
5.659258745081009693e+03 -1.806279626995164335e+03 -6.666157722789176887e+02
-1.138054127024454829e+03 -8.966139271238285801e+03 9.974969020483733857e+02
-2.259919892082067236e+03 -1.485170240104123513e+04 -3.022869719554806807e+02
1.698470564546396190e+03 -9.517031449718690055e+03 1.173635834134370953e+03
-1.148964967599684132e+04 -1.649649747786762964e+04 7.773410407944013059e+03
-3.852765420703735435e+04 -5.867152779105963418e+03 1.597866023000541827e+04
-2.709450812086668520e+03 -6.094307216937037992e+03 1.655331931865107890e+03
-4.148596482009728061e+04 -5.253738695096003539e+02 2.790155718808016445e+03
5.087200370561990894e+02 -7.966007735305431197e+03 1.737969537224612623e+03
5.008391725732794839e+02 -6.209882311870176636e+03 -1.983460743087127412e+03
-1.516365172331483518e+04 -1.080793299497913358e+04 1.447354242620007790e+04
-5.455478358432173991e+03 -7.396005831948940795e+03 -4.153461706202776440e+03
2.758564003523047177e+03 -8.431936754875774568e+03 2.231573156929657216e+03
8.257513613133992294e+02 -1.077280975601523642e+04 1.585898330802453984e+03
3.386889718189635005e+03 2.130304916452729458e+00 -1.563381529598185807e+03
3.379329664423123063e+02 -1.009148417174506540e+04 1.178429326285420018e+02
-7.502248027178388838e+02 -8.324079413460643991e+03 1.146659204283839017e+03
-3.587006942840240754e+03 -7.505773886195107480e+03 5.327932771042628701e+03
2.360409982420011147e+03 -1.179834978072800186e+04 2.717245862102076899e+03
2.868924468105685719e+03 -1.900545310454221908e+04 -2.602034652519216706e+03
-9.950497891360156473e+02 -8.129290340630805076e+03 2.844210380975536737e+03
2.540047685953701148e+03 -5.233970211143026063e+03 3.023435127678205390e+03
-8.177061417504928613e+02 -7.293967227700295552e+03 8.778004045294281923e+02
-1.111964416762197743e+03 -7.781241189903842496e+03 3.360289559113444966e+02
3.128051984446703955e+03 1.001799382341285991e+02 -5.391467058417752014e+03
7.993237026620435017e+02 -8.961191895795768687e+02 2.149319201744143584e+02
-6.598868696785475549e+03 -1.100015072683052676e+04 -1.493910218709893797e+03
-5.631872092641672225e+02 -1.515609274251664374e+03 4.253862013399118950e+03
4.172727278778336768e+03 -8.910884436551412364e+03 5.066717145404935536e+02
-5.143303074090196105e+02 -1.109922210423598517e+04 -6.537408653634929578e+02
-2.405436748542695204e+04 6.526205539173304714e+03 2.905836989513371736e+04
2.404682568700734009e+03 -1.158426091759970586e+04 7.220933131679914823e+02
2.224062929675794294e+03 -1.047574671690815558e+04 5.258910645148078402e+03
-9.439329180927666130e+02 -8.245617307279670058e+03 1.124922692367851596e+03
8.092655191498899967e+02 -1.117565581213556470e+04 1.158091358712995316e+03
6.730586548443046922e+03 -1.785695855112839490e+04 3.151406976783402570e+03
4.244236439077792056e+03 -9.635922622557845898e+03 -1.604997562137573141e+03
1.208792198790976363e+04 -1.371986357745896930e+04 1.357755351629585493e+04
-2.538036585779386951e+04 -1.886600581220587264e+04 2.085105067523973048e+03
8.734578215984970484e+01 -9.464786585695934264e+03 1.083891591838580325e+03
2.806363016211585091e+02 -8.573946047619143428e+03 1.221382564049201847e+01
-1.719143534527698876e+03 -2.288648879497423695e+04 8.491304022974118197e+03
-2.297243398759719071e+02 -5.849942829371628250e+03 2.696762074517227120e+03
-5.012347691349301044e+02 -1.048082121303501845e+04 2.370673368176362601e+03
-4.962762965944213647e+03 -3.482845950036160048e+03 2.253138722144409985e+04
-3.714749372453481101e+03 -8.348857097619256820e+03 1.815194541947170364e+04
4.942032792932227494e+02 -1.222462595388017144e+04 1.159353960192891918e+03
-1.595636471278765839e+03 -8.597799209360084205e+03 2.265900578119169495e+03
-4.961569689188158009e+03 -9.785315976311607301e+03 9.195567178781100665e+03
4.180044576361649888e+03 -2.999595789837368102e+03 4.454756163118687255e+03
4.456637579793500481e+04 2.143756169010723897e+04 -6.685917987755826744e+02
-1.481421461317497688e+03 -3.475775200787628819e+03 4.648028767829715434e+03
2.168814509799963162e+02 -7.450792752923755870e+03 2.643958185715192485e+03
-2.145254579669063332e+03 -1.103638520231715665e+04 5.836410515679621085e+02
6.125367710711060454e+02 -1.079713540207741789e+04 2.919249023671105533e+03
8.739761273547611609e+01 -1.834623206462992130e+03 2.765566821974629875e+03
-3.046853245706059897e+04 -1.609317373206882985e+04 1.957163675677878200e+04
-2.974502540212858730e+04 -7.584370071757030018e+03 2.308865503000263561e+04
-2.449273458090166059e+03 -6.044878188997085090e+03 1.253198927988536070e+03
2.759227321306087106e+03 -1.193762567206724452e+04 1.666754225240329788e+03
-2.081834992344410239e+03 -5.052113958236540384e+03 2.088401849403704546e+04
3.078265155977463110e+03 1.238507400040490438e+03 -1.171607378289492544e+03
-3.458510545759069146e+02 -8.596304284401270706e+03 4.386030146824691087e+02
-8.067790059397106006e+02 -4.774502438232423629e+03 2.079167394762460788e+02
-1.721595810126403876e+02 -4.116721190447437039e+03 -9.846821594618717199e+02
-1.586299993743087953e+03 -1.137735970985503991e+04 3.145993530412076325e+03
-9.015254247024129199e+02 -1.119470116463169688e+04 1.021038671246275840e+03
1.566754363427128283e+03 -1.042682850592670729e+04 2.350045808772651981e+03
-7.658091097497485862e+03 -4.833134580060454937e+03 -5.849430076405581531e+03
5.268286912608767125e+03 -4.800987270772358897e+03 4.348211779765708798e+02
-2.302226250456646085e+03 -1.740526794581198192e+04 2.309348080123078034e+03
-1.003683764826858715e+04 -1.380064900077192033e+04 1.900280747895447348e+04
7.179329668588376990e+03 -1.217610086669728844e+03 7.673016529972481976e+02
-7.746383873374273207e+03 -1.086776401675754823e+04 -9.662006948657885005e+03
-1.733079145849433417e+03 -6.876004800544981663e+03 8.012099630253547957e+02
2.868159180210551540e+02 -1.257600193986043269e+04 1.608962916753428544e+03
-3.252807908746278827e+02 -1.077666774156766769e+04 1.271115180983430491e+03
5.207425231501909366e+03 4.739060199041338819e+03 -1.319799328315320963e+03
-6.547400691018136058e+03 -5.485134983899391045e+03 -4.118762728299808259e+03
4.092180284879160581e+02 -9.974767394152118868e+03 1.298798671027688670e+03
9.194434136919044249e+02 -8.944713090220404411e+03 -3.108187444079575471e+03
3.333966619324171461e+03 -1.322568019856061710e+03 -5.240957889459924445e+03
2.328672775918157640e+03 -1.118161691299826271e+04 1.502207420687388549e+03
3.441602960889301812e+03 1.838421957757224391e+03 -2.083591837953075810e+03
-1.403509095393830648e+04 -1.568344900228057486e+04 2.591032736696510256e+04
1.049695928016390781e+03 -1.052474598041577883e+04 1.193215402677129532e+03
4.617878207010360825e+02 -1.007580595790478401e+04 2.085071666699331672e+03
-5.770892946661774658e+02 -7.847202643864197853e+03 1.714069195126606928e+02
1.814021269359636221e+02 -1.036723781445959685e+04 4.140209018164214285e+02
-1.259400567214537296e+04 -2.058452761625917628e+04 4.262337293662344564e+03
3.905676076965893344e+02 -8.558215518495962897e+03 6.708504472476070077e+02
2.137814239845509746e+03 -1.072839358293517762e+04 4.674884015580842060e+03
1.491531113039309048e+03 -4.134343682200201329e+03 3.785995716046560574e+03
1.230323472624840178e+03 -1.089928021603733214e+04 -5.513261558507954305e+02
-1.080412381154029617e+03 -9.809422231597151040e+03 1.803691781676784785e+03
3.605054745692874803e+03 2.899736891750204450e+03 -1.771845250295528558e+03
1.368456508258841723e+03 -7.392354211622534876e+01 -6.683950084120500833e+03
1.016937372713731406e+03 -1.128101185740753317e+04 9.965855725788410382e+02
7.580557860947873451e+03 3.583244862070237559e+03 -7.595884376116055137e+02
-6.116973606629981987e+03 -3.830298518757518650e+03 2.719841505119367412e+03
-7.418749743156088243e+02 -6.901685719112904735e+03 6.476366829173442738e+02
3.627448444519341137e+02 -6.768227433776182806e+03 1.700320955399919512e+03
4.260788146595963553e+03 -8.717234466399238954e+03 4.119972869287263165e+03
-4.410825813988706727e+02 -5.819979874853796900e+03 9.755438584862412199e+02
1.028771988840606809e+03 -8.017817098045633429e+03 7.598293864744849088e+03
2.555787977086523313e+02 -1.067041536047356749e+04 5.581124184589756624e+03
-3.618873165301469726e+03 -5.768749016471039795e+03 3.590045357759906437e+03
1.165362388421709147e+04 -8.022599320349656409e+03 -6.449154417489154184e+03
2.853556019828173248e+03 -7.040840548263743585e+03 7.727083501244367653e+03
-2.382810191386103327e+02 -8.388038068123718404e+03 9.222152955514544601e+02
-3.904143585230029203e+03 -7.137807863405985700e+03 -9.636870188482498634e+02
-1.126079952017064898e+04 -7.135540038456916591e+03 2.126539661499125577e+04
-1.427374602819018037e+03 -5.627143061716504235e+03 1.589588507525078853e+02
1.399307264233522983e+04 2.697155618876628796e+04 1.827669206712116647e+04
2.865271415494003577e+03 -1.047771536946276501e+04 1.423720103490878046e+03
-3.565082595033567486e+04 -1.822692910564495833e+04 -7.432706340431192075e+03
7.549694698246241842e+01 -1.017160062199791355e+04 3.708168614197281840e+02
5.068220559188557672e+03 -1.008416385244877529e+04 -1.394046256702033816e+03
-3.207451871703674442e+02 -4.175387942245702106e+03 -1.735255435494305516e+02
-2.903370078403784646e+03 -7.749749875249035540e+03 -7.844192503817380384e+02
-4.286446719912793924e+03 -1.684897368007386603e+03 -4.838250304634987629e+02
2.136159004366326371e+03 -1.033940667199561358e+04 3.490349983096411052e+03
-2.785940968068882285e+03 -6.234393497255435250e+03 4.660346465370575061e+03
1.111807720924271621e+02 2.032142665037521056e+03 -8.172560979743479948e+03
-3.387383115020685182e+03 -3.828028712408633510e+03 5.830107171589933159e+02
3.343530428242894232e+03 -9.414343409639399397e+03 5.176728380346128688e+03
-1.238187517610234181e+03 -7.607513199615362282e+03 9.641428473577364002e+02
2.490202493583771229e+03 -1.871723459044394076e+03 -2.591369634129821407e+03
2.025015070982514317e+03 -1.128650898287111522e+04 1.721918746483909786e+02
7.507386821788454654e+02 2.925998135659352556e+03 2.077429687028280023e+04
-1.719389429982174988e+02 -1.215928487828587458e+04 -6.498877183667896134e+02
3.322957017884527318e+02 -1.014940673426322792e+04 -1.018486644475080902e+04
1.366707612458762378e+04 -1.069782634839108323e+04 -8.477337548357247215e+03
-9.204134804610888750e+03 -7.179433951747821993e+03 6.202520482471555624e+03
-3.099778896735800117e+03 -4.781030109581640318e+03 -1.893275494647868754e+03
1.062247795399646975e+03 -9.834564178614842604e+03 4.079631092622428696e+03
5.432310533356292126e+01 -1.111680625831193720e+04 1.478051258045097711e+03
2.417400334975958685e+03 -5.522467155027674380e+03 -2.209910386506641316e+03
-6.481225325345992132e+03 -9.927304361910657462e+03 1.054124080227122067e+04
-4.941663078061034184e+02 -9.967862245682508728e+03 1.710849302092639391e+03
-3.247316373065659718e+02 -6.274576902253726075e+03 7.431831438398314731e+02
-3.215312792856685064e+03 -1.458655733528327801e+04 4.456506549169362188e+03
9.158715752512391646e+02 -9.277765331965800215e+03 7.913356162446636972e+02
3.601356986352352578e+03 -7.046626560525560308e+02 -9.427557862065787049e+03
-1.314040848440640161e+02 -9.443087316311444738e+03 1.518981150526782585e+03
5.103672409164835699e+03 -9.178743754226318288e+02 9.774536924978749539e+02
-3.097856754942584303e+03 -9.996844053420360069e+03 1.593148970557670509e+03
1.025140096113465688e+03 -1.568897597003149258e+03 3.106628782433811011e+02
-2.580864186845682070e+03 -1.137086610002436828e+04 -6.499582976626223854e+02
-8.092901750422682881e+02 -1.035703296896326174e+04 2.102121891211530510e+03
2.915690743948940053e+03 1.684132661596580874e+03 3.451235255688186044e+03
-9.225046413578680585e+03 -1.100137384251672665e+04 2.362626315358344073e+03
-1.224688718886847596e+02 -8.461346055169608007e+03 -1.480489622636194781e+03
-5.234750898743649259e+02 -9.171826972357526756e+03 1.689497484622131651e+03
3.086294000301491451e+03 -7.570489344521448402e+03 1.493623376364334945e+03
5.138521433901780256e+03 5.944158780840095460e+03 -8.600767600806601649e+02
1.440335569085696079e+02 -9.743888276086961923e+03 2.675827905203416776e+03
-1.707410701529523521e+03 -7.236248321886847407e+03 -4.284357787485219546e+02
4.522264198696400854e+03 -5.513104243154598407e+03 -6.931058865565902352e+02
1.081693656345468071e+02 -9.348337606736507951e+03 7.939067756818521957e+02
-9.290160074988181805e+03 -1.035407207135065801e+04 5.270124539335131885e+03
-1.215350205844607444e+03 -1.091769850319083525e+04 1.823029987461288783e+03
1.390422290663310605e+02 -5.359579621972589848e+03 3.379200287069725618e+03
-2.859833677128327508e+03 -7.698349747115081300e+03 8.814072587870201460e+03
-2.744490506863596238e+03 -1.894462451630452415e+04 4.677619663791216226e+03
4.678032439285409794e+00 1.558313345538572685e+04 4.176005725426627578e+03
-7.760977118942214474e+02 -6.905758390624954700e+03 1.250435940592184352e+03
5.378540798166335662e+03 1.091249567692236496e+03 -4.804516415180375589e+03
6.847219844939347695e+02 -8.495930917412006238e+03 2.089406512224896233e+03
-4.142338955467333108e+03 -1.732163965191029638e+04 5.617441750003134985e+03
1.525376810638815641e+03 -8.681323007722761758e+03 2.110036889194529522e+03
-1.719384814785335038e+03 -4.317748346558236335e+03 3.151056379727279364e+03
1.597081432193569754e+03 -1.209121699459867887e+04 -5.010813745874276037e+02
1.014493214319986009e+03 -1.071937486649970924e+04 1.722069643746836391e+03
9.025229744534777865e+02 -1.022296959285826051e+04 -4.994861632038559947e+03
2.755075033814407561e+02 -6.402638220262902905e+03 4.052960946549076198e+02
-1.088559654926851721e+02 -7.363518826319945219e+03 8.776557749955202326e+02
1.329221301535326120e+03 -1.078568289133770304e+04 1.555569064549275026e+03
