-3.203284077768782936e+02 -7.988003876026974694e+02 -1.018604398801388743e+04
1.250149313976492067e+03 3.289161330574580461e+03 -1.020324783541465877e+04
6.779083504577864687e+02 -5.050314924729169661e+02 -1.002148723460951260e+04
1.135496367568926644e+03 1.113340078553450212e+03 -1.016256979315854733e+04
9.163903769070839189e+02 -3.158336401774474780e+02 -1.022538956706701356e+04
-4.043337903073324014e+03 -5.496353431516440651e+02 -9.990045770894743328e+03
-8.647385555024500263e+02 -8.369769629516415534e+02 -1.023302430394743533e+04
-1.284287694388600585e+03 1.801781838935704855e+03 -1.006985716630824754e+04
-2.632112568203327100e+03 -1.257538555317489454e+03 -1.008224598182055706e+04
1.519568817051729184e+02 -1.173306790905046228e+03 -9.988220843310587952e+03
4.237421806428485525e+02 4.126860582818651892e+03 -1.024474878852731126e+04
-3.332369892579826228e+03 -1.558359700845876660e+03 -1.007479724810131665e+04
-1.116922389408139679e+03 -6.443392451497561524e+02 -9.898655553673905160e+03
-7.420029887280733192e+02 -5.832228505861928625e+02 -1.018451113825089851e+04
8.572267508765439743e+02 -3.969049015592316891e+02 -1.008899732376114298e+04
-1.736135023946822230e+03 6.982278333285544250e+02 -1.004352082015872293e+04
-1.223030221056744722e+03 -6.741029644114958046e+02 -1.023235784909327595e+04
1.377020427703995210e+03 -1.777199299586554844e+03 -1.035176035543168473e+04
-4.984922124229468636e+02 -1.421960791348526755e+03 -1.013275398418227633e+04
1.692347589172130029e+03 1.364354625411212055e+03 -1.020893561227368627e+04
-1.266499529917605742e+03 5.707065352119283261e+02 -1.010492283699133077e+04
1.026328478355781499e+03 -3.023336191469411460e+00 -1.002881467161918408e+04
-4.133654893108116084e+03 -1.066351023329992813e+03 -1.002386971759450353e+04
-1.465151480885488809e+03 -4.824025495195237454e+02 -1.015040819456368081e+04
-3.243859068817156640e+03 6.219333891661783582e+02 -9.913825058323862322e+03
1.030401697898241991e+03 2.316735113623581128e+02 -1.023171763897142046e+04
-8.512540977176781780e+02 -1.199221690346253808e+03 -1.013349700649874285e+04
4.383152944064431722e+03 9.817504757173362862e+01 -1.061130193227089876e+04
7.775240186564265059e+02 5.835597183074191889e+02 -1.010931876114466104e+04
9.625890684909497850e+02 6.097495636742678471e+01 -1.020409807952542906e+04
-1.223164835010316438e+03 -4.761164668147898738e+01 -1.029438306710978395e+04
9.776386605974612394e+02 1.488043417521390666e+02 -1.020180154482066973e+04
-1.062606474865380278e+03 6.671458815465100542e+02 -1.028502351925804396e+04
-5.766479788437435445e+02 1.852766224051993049e+03 -9.981857839993988819e+03
-4.956556654928803027e+02 -6.856949418585733156e+02 -9.885034259436359207e+03
1.719555294864139796e+03 3.707304042924263285e+03 -1.023992473063631041e+04
-1.739416631776541408e+03 1.257359951847959792e+03 -1.002612779335623782e+04
9.698131589115594124e+02 -2.055379465252151476e+02 -1.005005251165795016e+04
-4.075817406013260552e+03 1.761646868356939194e+03 -1.021978962270130069e+04
-2.471238695509784066e+03 -4.230420882094249464e+03 -1.009585179546827931e+04
5.801277033534344127e+02 8.783920971847392138e+02 -1.016366042704276515e+04
-1.334239008842988142e+03 3.852043072941575019e+02 -1.012989882588564251e+04
-1.557407353571462863e+03 8.086653703392122452e+02 -1.009382916464156733e+04
1.009783117701436026e+03 3.075893056380683674e+02 -1.005464750847485629e+04
3.316085970453268601e+02 2.590330656866183290e+01 -1.017334146524535572e+04
-3.080090057998008888e+02 1.266182632645181229e+03 -1.008129034878687344e+04
-2.705450797993273682e+02 -1.129568923578430940e+03 -1.009816761793027581e+04
9.049025554225988799e+02 4.448032608719856853e+02 -1.009079758873301762e+04
-1.843469673547515868e+03 -6.812892339024116382e+02 -1.016757052759807448e+04
-1.069718411316660649e+03 -5.247704667348650673e+02 -1.007175129626868147e+04
8.124892432919851899e+02 5.709913020750323085e+02 -1.007531482081131799e+04
-1.431197429816696967e+03 -8.459515593012569070e+02 -1.001464500027608301e+04
-1.529276997776519238e+03 7.623241974293612202e+02 -9.997984811614544014e+03
-3.776751110648395979e+02 -3.629382704148807761e+02 -9.893630667261855706e+03
-1.204372878332851997e+03 -6.806429460223532715e+02 -1.028756853992983633e+04
-2.542091019800088361e+03 1.116816115133163294e+03 -1.026560634637947624e+04
-5.185291522960496877e+02 -2.838493530847312059e+02 -1.017139268521575104e+04
1.005803356080069307e+03 3.583216186894514976e+01 -1.022368134898300923e+04
1.178956162735455564e+02 -8.329432743545662561e+02 -1.025916658202015242e+04
9.935416856145592419e+02 4.154425071325879344e+02 -1.010456036143663732e+04
-9.095206281192964752e+02 -2.285101192411812008e+02 -1.001598833082928468e+04
1.023099393037486379e+03 1.809688584031762275e+02 -1.010004694682957779e+04
6.791756968545149675e+02 7.078266024971425168e+02 -1.011169286758694943e+04
-1.514281084529332929e+03 -8.130506989119833179e+02 -1.004913279748611239e+04
-3.344954440578248523e+03 7.743594919671186290e+02 -9.972181946883390992e+03
-4.210923560162606009e+03 9.895401913340867850e+01 -9.947917724788898340e+03
-3.723195318920663340e+03 8.413109644712187674e+02 -1.016247934131006332e+04
8.749856295251339589e+02 5.081920111639456081e+02 -1.015608917053473124e+04
-1.210765960496395564e+03 -6.895434086727742624e+02 -1.038197966554650884e+04
-8.948225709304481370e+02 -6.088400024382034417e+02 -1.011258083372805777e+04
-4.039242032530014512e+03 -5.947910795577543013e+02 -1.017001656452986936e+04
-1.336952841957399869e+02 -7.844086827128912773e+02 -1.011329797408320155e+04
-6.267652943120419877e+02 -8.283488905710972858e+02 -1.022790013885445296e+04
-1.619372884191552657e+02 8.855709008523908778e+02 -1.011799805719326469e+04
-2.440952204409417391e+03 -1.514000376224652200e+03 -1.007427553605168578e+04
9.793959550865998835e+02 3.599040795650506652e+02 -1.001991176393703245e+04
1.701638811577475394e+02 -1.986770123376656102e+03 -1.046559138968109255e+04
-5.662265043285248112e+02 -5.929649421415260804e+02 -1.008161834498680400e+04
-1.398554010538728562e+03 3.898268319078632658e+02 -9.958990762146268025e+03
-1.235447386028913570e+03 -8.366147996262145625e+02 -9.904267303933251242e+03
9.903740093718007529e+02 3.454873866514735710e+02 -1.002784380653301923e+04
-7.777394069475466267e+02 -7.905712053540944453e+02 -1.024662729392304027e+04
-1.088574334129317322e+03 -5.150482327476839828e+02 -1.021126076350232506e+04
-4.515411719914452078e+03 -3.209835634671509297e+02 -9.987771684042960260e+03
-3.714386712266491486e+02 -8.596144667765224767e+02 -9.995896144612248463e+03
3.747473993594925332e+02 -5.231170576795486795e+02 -1.027700384831727752e+04
-4.269396824068816386e+03 5.242346674992002136e+02 -1.022271164005445826e+04
-1.336922714464433056e+03 1.501425667582677761e+03 -1.024561709503905695e+04
-3.262901657617430828e+02 -6.093594287906848876e+02 -1.010457097127973066e+04
9.869754867563686958e+02 1.981064956458328652e+02 -1.022750929947033001e+04
6.031278871037064846e+02 8.766283953768652282e+02 -1.005855736235116819e+04
-7.289405548306096989e+02 -8.594163345419432289e+02 -1.007055564329131266e+04
5.938770695783119891e+02 8.220759672017785533e+02 -1.011582189076116629e+04
-1.212428457546138816e+03 -8.763644717088543530e+02 -9.955736577663736171e+03
8.171102475011819024e+02 6.148760315325860574e+03 -1.043074310611672809e+04
-8.220737272280588286e+02 1.510516131814882783e+03 -1.015981497150687028e+04
-2.106606634216939256e+01 1.441216126199074324e+03 -1.015069363723930110e+04
9.613939369937637593e+02 -2.207460436190992823e+02 -1.018470985480713352e+04
-7.515741090803085172e+02 1.860357066404404804e+03 -1.003874399676750181e+04
6.655810470989596297e+02 7.299014429789576752e+02 -1.011812349208031264e+04
1.000277113817476447e+03 3.166077008748061417e+00 -1.023969257206785551e+04
-2.780884793139980502e+03 1.754738962196526700e+03 -1.007064306707448668e+04
8.461687404240879005e+02 -1.093986982822991649e+02 -1.020098008682396903e+04
-1.332210594718711718e+03 1.647556492755139061e+03 -1.011671101546825957e+04
1.029757465592517747e+03 2.345252950076871912e+02 -9.997202025494294503e+03
-2.261274525846013603e+03 -4.221123642218695750e+03 -1.020820235350801522e+04
6.276648070764784961e+02 1.385857997758325155e+03 -1.010841485649062997e+04
1.039298242198858588e+03 5.821282990635895658e+02 -1.008716825291819623e+04
1.025225045972172438e+03 -2.016936580208790929e+03 -1.009150185016760042e+04
6.305193797267168065e+02 -1.538973403633456201e+02 -9.994646743018214693e+03
-4.661804352628610104e+03 1.458725555111944004e+03 -1.016870308318556454e+04
-9.954187973763143873e+02 -3.394026082259760187e+03 -1.012822490227943490e+04
1.048515886173030594e+03 4.897307410967343912e+02 -1.018562728632718427e+04
-4.774130475481838971e+02 -7.367671324686872367e+02 -1.021933363142845701e+04
9.636342330224155148e+02 2.017894771425395675e+02 -1.006573130909866086e+04
-1.415725166314435683e+03 -2.756635445939599549e+02 -1.037723217789583032e+04
5.370615774013958799e+02 -1.933804832955701158e+02 -1.003599693311617011e+04
-7.387479962111191298e+02 -4.880160541542129522e+02 -1.022550130823364270e+04
1.697083858309156312e+03 -1.138827555978136388e+03 -1.008829197920607112e+04
8.733556883232758992e+02 3.038347670912464764e+02 -1.014637309751576322e+04
-8.263540254361754478e+02 -1.518284658349967913e+02 -1.004234646778636306e+04
8.284195674255529411e+02 1.721364265619766911e+02 -1.016641006974055927e+04
3.533262125111054957e+02 -3.225081904175480759e+03 -1.010888976219488359e+04
1.031599737895653334e+03 4.178234933317102104e+02 -1.026018475641798614e+04
-2.809435672237035760e+03 -2.624996461715247278e+03 -9.923959766920386755e+03
5.185558199120266636e+02 9.501953941451449737e+02 -9.972544859298410302e+03
1.526918143165122956e+03 -1.867768656135209994e+03 -1.006150440917430751e+04
-4.505984240480859171e+01 -1.775617732900327610e+02 -1.012242718165984297e+04
9.418920932629682738e+02 5.531790746424576355e+02 -1.011025047496337902e+04
1.072414096360450003e+03 5.325733959014871743e+02 -1.005805771755979367e+04
-1.341070326055412352e+02 1.609371212036672603e+02 -1.009645770645866833e+04
2.511164025953713690e+02 4.444538438947847681e+02 -1.011351325581443052e+04
-1.079563170821293852e+03 -5.257360781743061580e+02 -1.016605854057637953e+04
6.221746952568751112e+02 5.945936341666351836e+02 -1.018112527785765087e+04
-9.646223226625545522e+01 -4.220336587279180094e+02 -1.012981863068265011e+04
-1.387767071087907880e+03 1.952685742690996449e+03 -1.016560389000804207e+04
-7.122846579369258961e+02 6.202613355465553013e+02 -1.009850452605327155e+04
6.808759777414569498e+02 7.931503439378036546e+01 -1.009647578410731694e+04
-3.688051196075430198e+02 6.626448856951772086e+02 -1.016460038334560522e+04
5.168659257810156760e+02 -1.262278795867889585e+02 -9.920756833499615823e+03
-3.034773927211150294e+03 -2.700990418094840606e+03 -1.019896249977041043e+04
-7.958982451384650858e+02 1.448432703563801738e+01 -1.022883615766283765e+04
-2.801576715953442545e+02 6.003884846388865526e+01 -9.945549310075701214e+03
4.923435487107772133e+02 4.655945525801370195e+02 -1.019122576609228963e+04
5.219340323001824800e+01 -4.202281346003072713e+02 -1.005711968507912388e+04
-6.743396533413456382e+02 8.079733070948540217e+02 -1.014035128497636470e+04
1.585520028172714092e+03 -1.728112235322451625e+03 -1.006843782907446075e+04
-1.526341952060226959e+02 8.874085843602531440e+02 -1.007877973252152515e+04
5.124876982620035051e+02 -6.434545721109273018e+02 -9.960510564906237050e+03
6.432285306265391682e+02 -1.729556558808606042e+02 -1.003826329246585192e+04
8.844821162674898005e+02 2.332799348885224617e+02 -1.002853651564215761e+04
9.515055013991218402e+02 -2.657757017748026556e+02 -9.947821701088991176e+03
-1.051006379586732010e+03 -7.602046812368655537e+02 -1.011144858543099326e+04
-1.080224739320771960e+03 -1.119197283632005792e+03 -1.002123339067737288e+04
-4.324678850450128493e+02 -4.939768994984549408e+02 -1.016277541467121955e+04
-5.729892829959834444e+02 1.143086803976101237e+03 -1.014936720466970655e+04
-1.571877441710997800e+02 -7.012410728488270024e+02 -9.998895983790083847e+03
1.053401048193124552e+03 5.488721843350755307e+02 -9.990627801294675010e+03
8.374276109067534435e+01 -3.068716384383388913e+02 -1.007936039526595050e+04
-8.194574727621409238e+01 9.735242322123244776e+02 -1.014684515307003676e+04
3.787483872020680451e+02 -3.770601331752416172e+02 -1.019265677335645341e+04
-6.850099831703624886e+02 8.708064495158755562e+02 -1.007141990744221403e+04
6.614658264365303921e+02 7.407842144172959706e+02 -1.006961690984345660e+04
9.839506614262038511e+02 6.297347548676286806e+02 -1.008810116288032441e+04
-1.091257932933913025e+03 5.653997897839510642e+02 -1.011210827051168053e+04
-1.422874814225239788e+03 -3.450841523416610016e+03 -1.006575037035500645e+04
-2.496453182703724906e+03 -3.055715812442220795e+03 -9.937997419977613390e+03
1.936214079124539467e+02 1.012498197575792005e+03 -1.026425152873381012e+04
-7.498561339716675320e+02 -2.718596500594944700e+02 -1.029567471482038854e+04
-1.731896541666727671e+02 -4.289340974100530275e+02 -1.020226362842673007e+04
3.866542275151827539e+02 -3.675398312810871630e+03 -1.009991762901825314e+04
3.589700333775432455e+02 -7.980586205531938049e+01 -9.954427951365947592e+03
9.625758357200179489e+02 7.768698408377531450e+00 -1.014135746911032584e+04
-2.578722332861870200e+03 -3.505295041728636534e+03 -1.002004920913593196e+04
1.237732055689370100e+03 -2.346544609710107579e+03 -1.006059955473521586e+04
-3.019444340262712103e+03 -3.485040445387493037e+03 -1.013447934640664789e+04
-2.577083125427839150e+02 -7.924333670476473799e+02 -1.032858085144440702e+04
6.165652604702243025e+02 -5.616879992050753572e+02 -1.014965568890778923e+04
-6.612681374078754288e+02 -6.342177917265532869e+02 -1.020997852266102564e+04
4.177636837227615842e+02 -2.271965505630647613e+02 -1.005515851026042583e+04
-7.697923636260757121e+02 6.850190807962854933e+02 -1.012567650424038948e+04
9.674313130593145615e+02 6.626641862545648110e+02 -9.976570666960169547e+03
1.003983675750408679e+03 -2.197815679967834512e+01 -1.006733314969231651e+04
-1.848511037550386391e+03 -3.468683157246682640e+03 -1.005306105200298043e+04
2.927193234473653547e+02 -3.586682878135630972e+02 -1.024822972007350836e+04
-3.831247713279002483e+02 8.420882570781777758e+02 -1.009648592548740999e+04
-2.289493259219158517e+03 -3.516725926864787652e+03 -1.009206342540121841e+04
-1.582192637668460975e+03 5.741588916379600960e+01 -1.004888734226757515e+04
1.966574373123391979e+03 -1.554736227445694340e+03 -9.889313460689720159e+03
8.742042369910100206e+02 6.084561379630010833e+02 -9.994997784787568889e+03
-8.776056600605895710e+02 8.237812111397696526e+02 -1.015580127910910232e+04
-5.993536424465788741e+02 4.048197442741735358e+03 -1.012385172522440007e+04
-8.848756853742828525e+02 8.048872637211921983e+02 -1.010896211185431275e+04
7.207556445986642757e+02 -2.242511098734494226e+02 -1.017525046983084394e+04
-1.111578193198781264e+03 -3.111226158327142457e+02 -1.000922152754388662e+04
-1.924403450608074081e+03 -7.885656755576102341e+02 -1.002591765561833563e+04
1.025046633653199478e+03 5.502029040315459270e+02 -1.017933887131756819e+04
6.714542821087101174e+02 4.118293720640724018e+02 -1.024531193986336439e+04
-2.613619542217060371e+03 -3.296212617795296410e+03 -9.967471940775383700e+03
-2.949732894333428703e+02 6.095187735297856761e+02 -1.009687006307046977e+04
2.937511183229356675e+02 5.014338489429775336e+02 -1.009051829530019495e+04
-2.947037453900077708e+03 -2.302694413976146279e+03 -9.944683772746157047e+03
-1.241703245140707850e+02 9.917338364106810786e+02 -1.020809428328257491e+04
-3.017487146335335183e+03 -2.061685520889615873e+03 -9.950147221387804166e+03
6.138523609777905676e+02 5.373808057271764937e+01 -1.008508927612873958e+04
1.278687094650462086e+03 -2.080693686695702581e+03 -1.012853478924191586e+04
4.874435703728549925e+02 -3.457033462821356125e+02 -1.014404366298225068e+04
-1.126680293990851624e+03 9.601960487903937747e+02 -1.022246068875012679e+04
2.698431353768313784e+03 5.363203623649283145e+02 -1.012410220957533966e+04
8.733087064978954004e+02 5.856502024398339472e+02 -1.007945525489682223e+04
-3.176747526945022855e+03 -3.521801394356933997e+03 -9.928413861718890985e+03
3.061847279809065185e+03 -1.485343878540040805e+03 -1.004613700369094113e+04
1.015184882363805627e+02 1.184870384469635837e+03 -9.912995397687480363e+03
2.502828256601482622e+02 1.130130870849644907e+03 -9.928111524441153961e+03
-7.475986347224943529e+02 1.283168929325879390e+03 -9.986136587293784032e+03
-3.967711449486006131e+03 2.551078646064185705e+03 -1.009411234290182620e+04
4.641430794666742941e+02 6.166002351692644652e+02 -1.013172817356103405e+04
6.504605644068931269e+02 -1.906068010273170330e+02 -1.012716773227122394e+04
1.049947985999218417e+03 6.930244955907714939e+02 -1.015153475816933314e+04
-9.226711664271249447e+02 6.735633341171688926e+02 -1.007222299613396717e+04
-2.660544465897702139e+03 3.061345677128138504e+03 -1.019511418381542717e+04
-3.053604133845243496e+02 1.311475793941820484e+03 -1.001394128192672179e+04
2.449158324687083223e+03 2.510185489029418022e+02 -1.013516611634543005e+04
4.519859288491404641e+02 -3.215438555710196624e+02 -1.011300220794171764e+04
3.024220165315583927e+03 -1.831010893150187485e+03 -1.000454032507463126e+04
-1.081217147499798102e+03 9.509318973491184579e+02 -1.020494695182209944e+04
2.420728007422001610e+03 9.223962374118500520e+02 -1.012442978224890248e+04
2.160144008870505274e+02 3.066882290604146874e+03 -1.020223518566461644e+04
-6.882889097295587817e+02 9.671756896802778556e+02 -1.017857826324455527e+04
-8.406098836427432843e+02 8.604821107293470277e+02 -1.003608685117070854e+04
-1.360504825188286759e+03 1.567211588908960493e+03 -1.011017357264368184e+04
-3.731600515273281644e+02 8.022425351158999547e+02 -9.994468828592553109e+03
-3.540933381671840834e+03 2.365899018257625357e+03 -1.046750283435849269e+04
-1.467824810381731595e+03 8.709635498788114774e+02 -9.973962114047710202e+03
2.837552637141243395e+02 3.085295653279038675e+02 -1.012425566438655005e+04
-7.395068111336975107e+02 7.821484448349873446e+02 -1.010944283926075514e+04
5.580397507245891120e+01 -1.986666019041044137e+03 -1.004734761430952858e+04
7.187961504589452488e+01 1.104524196776898407e+03 -1.006950743743061867e+04
1.959560028140170971e+02 -2.806988204398133348e+03 -1.002290254455247668e+04
3.801716242983924303e+02 -1.234948627945723274e+02 -1.030986994926885018e+04
4.806805084827665269e+02 -2.720157747406615272e+03 -1.019378413580308734e+04
5.198359107130647772e+02 -2.846805705396566282e+02 -1.016204983780481416e+04
5.879549937231615786e+02 -1.909272711659830293e+02 -1.028041314518431682e+04
-4.838319654440833801e+02 8.021199977936919367e+02 -1.000750744492615377e+04
5.574068418640742948e+02 -2.041187434227789481e+02 -1.021270719756519247e+04
-1.757037267730301437e+03 7.116587865102565047e+02 -1.010050252683296276e+04
4.771270312858805482e+02 7.332846149599421324e+02 -1.010645886527285074e+04
-1.034852753277549937e+03 1.023164300625317878e+03 -1.025158692021358365e+04
4.310676590112154258e+02 -3.145590597045171535e+02 -1.022047738455681247e+04
5.532288961652845956e+02 -3.175012083990452538e+02 -1.012218999475361124e+04
3.577693038571761690e+02 5.366526731983185527e+02 -1.016590381625416376e+04
6.227583167405879294e+02 1.174538572765102344e+02 -1.005893437267824629e+04
7.910868142904878368e+02 1.032487107496285716e+02 -1.025915010732463634e+04
-4.302171147845681389e+02 1.223103320175187264e+03 -1.006874640268765324e+04
6.562463199821806938e+02 -1.528925256808554423e+01 -1.013149331630324741e+04
1.899867335210704596e+03 -2.211233453082549659e+03 -1.004260487867501615e+04
4.131583690445393700e+02 -3.666703305955716132e+02 -1.015863636688055703e+04
-8.141824653309255382e+02 1.221485508278085490e+03 -1.017442644522136106e+04
9.579421474232422042e+02 5.773336923795103530e+02 -1.021429699184268247e+04
-5.686961204756432835e+02 1.021821423199429091e+03 -1.001665279305736294e+04
4.594173547835703744e+02 -3.186127970076203155e+02 -1.016495957102683315e+04
-1.766206239640270496e+03 6.484312319361266646e+02 -1.005066256303230693e+04
-1.625915320373081158e+03 -4.912021509705460858e+02 -1.012602472842293355e+04
7.523958643522405509e+02 5.438403287440269196e+02 -1.020662986012818146e+04
1.380831916959443333e+03 -2.970324873581483189e+03 -1.004884706996018031e+04
3.342273435262209659e+03 -2.239868345447359843e+02 -1.012454170472705482e+04
1.886341214735423591e+03 -2.511828356319498653e+03 -1.024990779228497922e+04
-1.619818079606924584e+03 7.573528364145736305e+02 -1.004365008216038950e+04
5.752167030900375266e+02 -1.829591325993301325e+02 -9.974080520988605713e+03
5.229231874947888628e+02 -2.432932490508757155e+02 -1.017938256898576219e+04
4.315297208322497681e+03 5.008419599916605875e+02 -1.015912578956902144e+04
7.439611853645931205e+02 4.526719736845871012e+01 -1.023438103043356205e+04
8.725404575787034673e+02 5.705076378546924616e+02 -1.002194966307467803e+04
1.197760564731469231e+02 -2.143998711056647153e+03 -1.017735202067590399e+04
3.168384996768392739e+03 2.671206725131147550e+02 -1.013595264953811966e+04
2.088219408361954947e+02 -3.154761929224455344e+03 -1.024171141173848628e+04
-7.522521873329984601e+02 -2.217938922797297607e+02 -1.006102746352604481e+04
9.547379434822464646e+02 6.154843351773636186e+02 -9.974975371024076594e+03
9.519855747043397059e+03 1.397437786741337368e+04 -1.004357405228723292e+04
3.140472171692046004e+02 1.179969581128686741e+03 -1.002155030830885335e+04
-5.483867193243088423e+01 5.819298052161391297e+02 -1.005308239175092422e+04
-2.820087257594896073e+02 7.810382735490818504e+02 -1.017493646474293746e+04
6.269870391656322681e+02 2.870315602880214101e+01 -1.013549877275575091e+04
2.474280322391760365e+03 -2.255412335569063998e+03 -1.002320613228600814e+04
6.875853740966124406e+02 2.314006580393040622e+02 -1.014300444012087064e+04
-3.463465059099772816e+02 8.899047677806835281e+02 -1.001778403148573307e+04
1.735789303246576083e+03 -2.245521714440823416e+03 -1.013844443942162252e+04
6.450181943999393752e+02 -2.591819883239493720e+03 -1.022541473842097366e+04
9.606162005721598689e+02 6.082351249000624875e+02 -1.026837648481094584e+04
9.664585082367500490e+01 5.859744869151331841e+02 -1.008120206246554153e+04
2.309186142464388922e+02 -2.593053438662423105e+03 -1.016689780936794341e+04
4.834779299645995252e+02 1.153181217864702603e+03 -1.016778685687072539e+04
-1.251616026473011971e+03 9.232674967178742236e+02 -1.008050109142673136e+04
9.084229526130881140e+02 6.318880090968665399e+02 -1.012924296002816118e+04
-8.856248792026215142e+02 1.362790392034559773e+03 -1.029301491386876478e+04
-1.666316819526948166e+03 -3.802604911522910243e+02 -1.012596810429380639e+04
-6.168358023008626105e+02 1.075318807241443437e+03 -1.027920339911216979e+04
-4.590229716495291541e+02 3.415382867370144595e+02 -1.005729155423785960e+04
1.669998836223328681e+03 -3.056315317351383783e+03 -1.019841088780269638e+04
-7.259291857222233375e+02 1.072166023151384707e+03 -9.986684169943335291e+03
-2.143279603548957084e+02 4.924734998517012627e+02 -1.007461423472712704e+04
3.118440422154505995e+02 -3.083082394105748335e+03 -1.004582658565313250e+04
2.988504303301664322e+02 3.259919497718227035e+02 -1.011924699014021826e+04
-5.706749468960125569e+02 -2.249381067908758723e+03 -1.010619524956727219e+04
-1.419043965857603553e+03 8.762948183494999057e+02 -9.963430379118810379e+03
2.194815885088497453e+03 2.857985090179809958e+03 -1.016949176702738259e+04
-8.274888772784878483e+02 2.443559957664668900e+02 -1.015702423255822396e+04
-1.729559634614266315e+03 -7.661362658185595365e+02 -1.001323317052763377e+04
-4.510518130345682266e+02 2.306275774903901038e+03 -1.013854790724341001e+04
-1.007632797896477200e+03 8.604195651228296811e+02 -1.002122608252405371e+04
2.002079100307982571e+03 -3.827212666379130496e+03 -1.021329586009436207e+04
2.397763393561625435e+03 3.466460759582908395e+03 -1.015689824448575746e+04
-5.767248587208514436e+02 3.277104782729704198e+02 -1.013691047342934326e+04
5.079669271381890212e+02 1.149562445194862903e+02 -1.013625315849099024e+04
-1.438310357709877735e+03 4.208612205702625033e+02 -1.015957905558858329e+04
7.282062422052438251e+02 8.553426636717290421e+00 -1.014926215516181037e+04
-7.873550616874026673e+02 8.773348350998709293e+02 -1.000454239599739412e+04
2.631649585381784391e+02 8.364013463602481124e+02 -1.015904970530746323e+04
-1.482555424904022402e+03 6.443375512044101470e+02 -1.011468077124210504e+04
-1.322096659099023782e+03 -7.731030611908286119e+02 -1.007636526562151630e+04
4.814288457775538745e+02 1.038875216221083065e+03 -1.017207336259779186e+04
-1.981667722198026695e+03 2.064070097745278645e+02 -9.999771345932547774e+03
2.168803216415959923e+03 3.143962145970892379e+03 -1.021897906076187792e+04
-1.800007034304327931e+02 7.573427178956221724e+02 -1.012811787117511813e+04
2.593008296778772092e+03 2.247892588846028048e+03 -1.001195313006863580e+04
-1.605063541297825623e+03 -7.681917441928962944e+02 -1.017729032103737882e+04
-4.520564214558585263e+02 1.789635408193226567e+03 -1.012673126005870290e+04
-2.773019993838633582e+03 -4.185384987995067604e+03 -1.026408411351012910e+04
3.197837043725421609e+02 -2.703857841288814257e+02 -1.011705934061034168e+04
-2.080739587643051436e+03 6.290653855718528575e+01 -1.018283432358901518e+04
3.515347427702168375e+02 -3.925385686479539800e+02 -1.009233343404253901e+04
-2.545841719946628473e+03 -7.224059655633900547e+02 -9.975009904856651701e+03
3.465539709193315048e+02 1.082856398427916247e+03 -1.004725779387561124e+04
-3.942124899212021774e+02 -2.683982124239503833e+02 -1.016381280109377803e+04
4.078783190458489116e+02 1.087572073329279192e+03 -1.012655539108458288e+04
6.366979209652496365e+02 -3.270233086547265884e+03 -1.016487457300972892e+04
3.790410545769643250e+03 2.507223976292745647e+03 -1.002494457259485353e+04
-1.662422037253282042e+03 6.342735739168889495e+02 -1.011429102164662072e+04
2.632071560756548934e+03 1.435756124168705355e+03 -1.016323266014430374e+04
3.371729834330776043e+02 1.035071305374059421e+03 -1.014224214811543243e+04
-1.200217185013563721e+03 -1.134454262137587648e+03 -1.004188493347996337e+04
6.255067640494443140e+02 -2.362154155837602048e+02 -1.010643033789740912e+04
-1.040677081498092775e+03 -5.461440017123254620e+01 -1.022329594654769062e+04
-1.249451824487313388e+03 -1.127384216416155141e+03 -1.004212766563147125e+04
-1.095186640884909934e+02 9.138693936793555395e+02 -9.962620481062083854e+03
-1.197359346378322471e+03 -9.036326734428242844e+02 -1.007669172225992224e+04
-1.462165312312082278e+03 -4.634439427995785081e+02 -1.004171164532165312e+04
-7.341072344500856843e+02 6.456914600490257499e+02 -1.004009678742643337e+04
-8.991334175314727872e+02 3.495027409904421347e+02 -1.013363152810652355e+04
-3.908259676171030605e+02 6.122134172813376836e+02 -1.007130575735066850e+04
-2.006099029380920683e+03 -1.262004486189956651e+02 -1.008389663235469197e+04
-8.110322937377335393e+02 7.340415847482287290e+02 -1.004537984781950036e+04
8.651725145708827540e+02 9.025066599977603801e+02 -1.002940223721369330e+04
1.943117655529297281e+02 3.899729836092278674e+02 -1.024700173489168992e+04
4.739066453837532436e+02 2.331253248512601317e+02 -1.015974907213724327e+04
8.397072148653761587e+02 9.576850251036591999e+01 -1.019211716557144064e+04
-1.158956104253117928e+03 3.594203816079143508e+02 -9.974386629810507657e+03
-2.097978715043038392e+03 3.676184043225599680e+02 -1.018119143042353971e+04
-7.236016526019833464e+02 6.135281401152133185e+02 -1.017765343268464130e+04
-2.102048696479351293e+03 3.309831153014124538e+02 -1.000506192051757535e+04
1.743522615788318717e+02 7.263492688806582009e+01 -9.995447295219757507e+03
7.722047965654610380e+01 -3.626567862010481349e+02 -1.009126688961547188e+04
-9.738756618134791552e+02 -4.223172640461684182e+02 -1.005157094605798557e+04
-8.536134414164391728e+02 8.219940189886776807e+02 -1.009789196918954258e+04
3.545548048168259811e+03 2.978533644661425569e+03 -1.013887625773566469e+04
2.151748365187928357e+03 2.726396772479431547e+03 -1.010355460765276257e+04
2.391816407625356533e+03 1.649436963856704779e+03 -1.010022033370065037e+04
-1.904518374267094259e+03 -1.855791802643707342e+02 -1.021862931639212002e+04
6.897403424570280777e+02 2.298918945966943284e+02 -1.014492507000790829e+04
-5.081116826568322153e+02 9.496711046144509965e+02 -1.016794776996005385e+04
1.339417468097395158e+03 2.992715748025380890e+03 -1.017707565285290912e+04
-2.351597754653864740e+02 1.787960115422343392e+02 -1.030999387321206632e+04
4.956779856730213396e+01 7.442874510400508825e+02 -1.009826311124144559e+04
2.198525192511336854e+02 -3.071057708657394869e+02 -1.013064081200468354e+04
-4.745758387512717604e+02 2.190139016564065969e+03 -1.013239949220356539e+04
-8.791984724526082573e+01 -1.920182569489922457e+02 -1.015476058216315141e+04
-1.676886558234906715e+03 -2.617292916147821416e+03 -1.018061859322660712e+04
7.232929751764996809e+02 1.664010159869644667e+01 -1.010587751709172517e+04
3.592792150563334417e+02 1.748822645951892127e+02 -1.011562899868149179e+04
-1.119840386528807358e+03 4.153557001390660162e+02 -9.966389257049109801e+03
-1.052998801152749365e+03 -4.296568610405323625e+02 -1.018026581478297157e+04
-1.134719864146667078e+03 4.713781817462153185e+02 -1.022602553318751416e+04
2.950585390776421946e+02 3.256301389293620900e+02 -1.012257813195886229e+04
3.388335912983550315e+03 2.883287439308503053e+03 -9.958852958035953634e+03
-1.803627169980743247e+03 5.172234487413571742e+02 -1.012963131763829915e+04
-1.047018492531134825e+03 5.875543298666076453e+02 -1.008022655887797191e+04
-1.086961513210641442e+03 -1.163732435352707853e+03 -1.012232319929995901e+04
-2.334967509790901659e+02 -2.746518712612995614e+02 -1.013535929861508885e+04
-8.956022479274819261e+02 2.484814715376953131e+02 -1.000111866918968735e+04
-2.145735106678770535e+03 3.176714656064165183e+02 -1.008048647752400575e+04
2.154329835761292543e+03 6.728134455433173571e+02 -1.012627857542993661e+04
-6.202919670454734842e+02 5.340229296348792332e+02 -1.014244274426382981e+04
-1.298022129724445449e+03 -7.886663681553970946e+02 -1.013705906875211804e+04
4.679910776990782892e+02 8.416596553112980246e+02 -1.008636026165085423e+04
-1.284160978994220159e+03 1.802312197536243730e+02 -1.000309429185984300e+04
2.194927914249092282e+01 -2.330923995590906088e+02 -1.013049321775616409e+04
-1.761097458871258823e+03 -6.542464429346065344e+02 -1.023997805309191244e+04
-1.958545941959742322e+03 1.811451388009309085e+02 -1.007366621526228664e+04
1.595298391807065627e+03 5.609326656075411393e+02 -1.020602567361913862e+04
-2.070523172522128789e+03 6.113677057340930787e+01 -1.028095262321438349e+04
-4.812327856325442212e+02 -2.739053395399825604e+03 -1.003507022586706626e+04
3.273288275007731499e+03 -4.789106744500582522e+02 -1.026265865425428274e+04
-1.457828737258626006e+03 -7.207159523337093106e+02 -1.018959779680730935e+04
3.197229884434782434e+03 -5.212640247676006311e+02 -1.026054590996014849e+04
-7.940516339743674052e+02 -5.786130872854689642e+02 -1.008923296093346289e+04
4.288105970249968664e+02 1.531846652794469946e+03 -1.007949375409630011e+04
-9.879971884727772249e+02 7.846022008859425796e+02 -1.009322457781849516e+04
-5.857967298967434999e+01 -8.708003860344997520e+02 -1.016196113424849318e+04
-2.134196648236492365e+03 4.871223263232586760e+02 -1.010245538977394790e+04
3.935798050646695287e+02 -3.684768007281717018e+03 -1.001393659426853083e+04
3.974450605095815263e+03 6.902106559985638796e+02 -1.015443657577919839e+04
-1.401354878213643133e+03 3.233602106439135696e+03 -9.984958604861971253e+03
-1.318161297513550380e+03 9.435104689403052589e+02 -1.015033737683533946e+04
-1.791992854573978548e+03 -6.437806762785376122e+02 -1.021228615002626248e+04
1.854683363142750068e+02 -3.239194482831694017e+02 -9.972392959322314709e+03
-1.140895642915382382e+02 7.185704561938089228e+02 -1.012140192077633401e+04
-9.653624131789721332e+02 -9.230586833443362593e+02 -1.014729487083044478e+04
-1.663140354005293830e+03 6.720675645665437514e+02 -1.012829620267385326e+04
-3.064636078007394644e+03 6.887452358997460351e+02 -1.009630989157837575e+04
-1.423913150750631758e+02 -1.291408843158007812e+03 -1.015265292976786077e+04
-6.556491019511438481e+02 9.422859155389510306e+02 -1.004189673818746269e+04
3.156545519850999995e+02 -8.146028114691356450e+02 -1.018842157071037582e+04
-2.438853437456943993e+03 1.522583773375641158e+03 -1.009438585887269255e+04
-1.724242525299835734e+03 6.789670766450553856e+02 -9.945445649753710313e+03
-3.865490970567491331e+02 3.200480619506863150e+03 -1.000600457736813405e+04
9.135389735391429440e+02 -4.265548907568230561e+02 -1.013126083733784253e+04
-1.226798667735992467e+03 -8.755235895784082913e+02 -1.015283806305946018e+04
-1.287886015066781283e+03 -5.979212163023710218e+02 -1.023731831260792205e+04
-3.635500186070089512e+01 -1.165640728404739548e+03 -1.009090895590469881e+04
-8.234836373329017079e+00 -1.047147275154661656e+03 -1.017480761696571608e+04
-7.425085107697698277e+02 8.516592329005032980e+02 -1.012770331216674822e+04
5.586389737045258244e+02 -6.498700466294390026e+02 -1.009771573756541511e+04
-3.712120904177388638e+02 5.570809266612247939e+02 -1.016496784336178280e+04
6.207671886048417491e+02 -7.350571392047803556e+02 -1.016518412043472563e+04
-8.701053818620315496e+02 8.070834398552900666e+02 -1.020124310576930475e+04
3.076237929028681265e+03 -6.982515199541527409e+02 -1.024341504246114164e+04
6.824381700019640675e+02 8.036525676993718434e+02 -1.009180132702346964e+04
-4.488846110343951068e+02 -1.204924307468276766e+03 -1.006041529287241974e+04
7.646602915117371140e+02 -5.234984125117106259e+02 -1.011412204290898990e+04
-7.448382451652701093e+02 5.912402541772731865e+02 -1.012737400888532829e+04
7.360039738433807770e+02 -2.634274323628460479e+02 -1.016294496872482887e+04
-9.582458643355327013e+02 8.848850615590386042e+02 -1.005464407069632944e+04
7.268377579404574362e+01 2.834314797025517692e+03 -9.915648884020201876e+03
6.904384065348885997e+02 -5.373939957468061266e+02 -1.009225497811548848e+04
-9.045954466243930483e+02 -1.192025031457158548e+03 -1.012549884269052382e+04
2.784829283324311291e+02 -8.122704938344384118e+02 -1.023489972093726283e+04
-1.617580889397167994e+03 -7.172268490876384703e+02 -1.011612529294612978e+04
-5.259641416436958252e+02 -1.412684223406477486e+03 -1.022348698562723075e+04
-1.054520350656203163e+03 6.783431153562173677e+02 -1.016604187573523632e+04
-8.872826328894532253e+02 -2.905599217715030136e+03 -1.014973903295398850e+04
1.126248645361341119e+02 -1.009488332694436053e+03 -1.020689974481138779e+04
-1.055081637836456821e+03 -2.548437468280876146e+03 -1.016003056263156759e+04
8.151144425545119248e+02 9.331156192534235743e+02 -1.013037615924729471e+04
-9.568194779519656095e+02 7.796994025976817966e+02 -1.019528944497447628e+04
-1.096093505391727604e+03 -1.172463515598394679e+03 -1.002074974813590597e+04
7.584657329166560658e+02 1.147760777296271044e+03 -1.006393872247926811e+04
-4.788970937536420820e+02 1.029859007454192579e+03 -1.014615479889331436e+04
-7.045512592009421269e+02 -5.625755130310926688e+02 -1.022833375947120840e+04
-1.379044377542806842e+03 3.788724414124383202e+02 -9.991865871440455521e+03
7.086539241079359499e+02 -6.895927825629682957e+02 -1.009378477751728133e+04
-1.093778733917457430e+03 9.461944665577890419e+02 -1.017046626099688910e+04
8.425844404033512092e+02 -5.664015809042135743e+02 -1.012930396743980054e+04
-1.863261045816560113e+02 3.952513905274864555e+03 -9.985756050552099623e+03
-1.856770558007589216e+02 -4.267249336719497705e+02 -1.035914904795005168e+04
8.937240541103201394e+02 9.017758570403262866e+02 -1.015054911992861526e+04
-2.120544027930011907e+03 2.674720513195470630e+03 -1.011542320591494536e+04
-4.955296473249471205e+02 3.129488819705589776e+03 -1.028845659513334249e+04
4.644809570902320957e+02 -7.430787697248753148e+02 -1.014629104703701523e+04
-2.095991084765867072e+03 -1.133217921757337308e+03 -1.024599815102491630e+04
-1.375730227655693625e+03 4.678418837690744567e+02 -1.007236831149779573e+04
-2.674036516443046366e+03 1.981763132295871856e+03 -1.005968462966402694e+04
-1.587218525631884177e+03 7.164806630807511283e+02 -1.000585665394889838e+04
-1.356208222659624425e+03 -1.864419902162276230e+02 -1.005647484468038238e+04
-9.702558983791502669e+02 3.215482705723318759e+03 -1.000270238234725002e+04
-2.977004608696568994e+03 9.674323550072424496e+02 -1.007744418588272856e+04
9.433237374530621082e+02 1.078353051202395818e+02 -1.010164917214560228e+04
-1.225693027378019906e+03 -3.822641053251288668e+02 -1.009346395020323871e+04
-1.451452808071812342e+03 8.625356023476592782e+01 -1.000042366175852658e+04
-6.375175682397907622e+02 3.067886567245835749e+02 -1.019455607701177723e+04
-1.627176961066359354e+03 -1.987101561467109832e+03 -1.004760137923439652e+04
4.331649303572227723e+02 -4.151258938364909454e+02 -1.013130205505525373e+04
-1.392600575847852951e+03 -8.941788718614909612e+02 -1.010564457730985669e+04
-1.488931836522298454e+03 -8.897488755509646126e+02 -9.942877643296100359e+03
-1.061100946189517344e+03 3.194641005639740797e+03 -9.985339544679834944e+03
1.581364472189260368e+02 -2.838160811558996670e+02 -1.001590992479260603e+04
-7.241444707345651750e+02 -9.281323148470195292e+02 -1.006637931126159856e+04
-1.307444603379008186e+03 4.186013478252430104e+03 -1.021165545145052056e+04
9.442820723690675777e+02 8.815189885976345749e+02 -1.003797180115010269e+04
-1.138522686678918944e+03 -2.413356451323271813e+03 -1.015484077486787646e+04
5.097424246969120532e+01 -1.140150388188033730e+03 -1.007849265328473484e+04
5.529067699020611144e+02 -6.904613015121580020e+02 -1.003275657101696015e+04
-1.196333552939883475e+03 6.709249399365892259e+02 -1.011168614690888535e+04
8.352547747342526918e+02 -4.672473229698035766e+02 -1.013884569747201022e+04
-1.098590984212850572e+03 9.174446813101019416e+02 -1.002618051501224727e+04
-5.004342540496113543e+02 2.612133014397572879e+02 -1.016083501863597303e+04
1.184504395885434178e+02 2.467408645924869234e+03 -1.014049176965592778e+04
1.652912567485785758e+02 -9.615000671922214224e+02 -1.008538129273470622e+04
-2.107386862146756812e+02 -3.655426412786765695e+02 -1.001042060292445240e+04
-2.250095210728529196e+02 4.069986908593591579e+03 -1.019642682508369035e+04
-4.569008854494280172e+02 -8.357386781425869913e+02 -1.006332106100417150e+04
-2.705787330067028506e+03 -1.132702129710569534e+04 4.697596748606768415e+03
-3.660522465000487500e+03 -1.189376666651550840e+04 4.249052912595067028e+03
-5.412575628674649124e+03 -1.363471483751069172e+04 2.623472494838027160e+03
-3.616643198012483481e+03 -1.335747406729977047e+04 2.839125042664611101e+03
-9.178906197082171275e+03 -8.408220539893009118e+03 7.164812688047785741e+03
-3.123132967952752097e+03 -1.149528619427399644e+04 4.599282205349199103e+03
-3.299878062423545089e+03 -1.189667069037371584e+04 4.192317284061058672e+03
-3.303342582360212418e+03 -1.158137558870197427e+04 4.533326324326264512e+03
-3.398375940741006161e+03 -1.305153184870877885e+04 3.175148414762929860e+03
-4.880073712072632588e+03 -1.130102777982391854e+04 4.416231758955195801e+03
-3.270135670871292405e+03 -1.135312973104953016e+04 4.468465853492533824e+03
-2.656972391648901521e+03 -1.129631428815214531e+04 4.667173714766678131e+03
-3.495769899572796476e+03 -1.168757227059810793e+04 4.391785112401521474e+03
-3.829834199789244849e+03 -1.176541774692866420e+04 4.165448329849073161e+03
-3.726126042596000843e+03 -1.173143495446318229e+04 4.501656081173827260e+03
-4.388999963366979500e+03 -1.213327570763279800e+04 4.078448365568755435e+03
-2.797269145703065988e+03 -1.215600472442454520e+04 4.227085514218850221e+03
-3.621175568510893754e+03 -1.166870730432363416e+04 4.450660264042808194e+03
-5.553898775658585691e+03 -1.063903569913342471e+04 5.650709422178811110e+03
-3.124559543136885623e+03 -1.172399144043116030e+04 4.284782523860970286e+03
-3.326185321691933041e+03 -1.162589731518884764e+04 4.446373022878398842e+03
-5.684703371811032412e+03 -1.254957398973706222e+04 3.723191087067006265e+03
-3.120896576575407380e+03 -1.153175117826631140e+04 4.230958598678043018e+03
-4.790200482349525373e+03 -1.220824335619533667e+04 4.009684087809996072e+03
-3.776193886455449956e+03 -1.159777006407074987e+04 4.193442972480598655e+03
-5.685345092016461422e+03 -1.068354664898572992e+04 5.444818509068617459e+03
-2.814203860524414722e+03 -1.128395778407810394e+04 4.552443518418603162e+03
-2.759483900551510487e+03 -1.080581901576534619e+04 4.766053233740291944e+03
-4.108569329450212535e+03 -1.165382441670525986e+04 4.179786078153372728e+03
-3.650342917066609516e+03 -1.149803179870334861e+04 4.317439987175896022e+03
-5.187661750357207893e+03 -1.217857778438665082e+04 3.913867521202750595e+03
-5.370782887995421333e+03 -1.265945258151227608e+04 3.794864348046185569e+03
-5.416143125302020053e+03 -1.245069165708026594e+04 3.586593517704677652e+03
-3.013047984949810598e+03 -1.102155533384868068e+04 4.618225121398514602e+03
-6.466917895857885014e+03 -1.320419452849097979e+04 2.981239895037206679e+03
-5.325416262072734753e+03 -1.133403377158164949e+04 4.920143023652181000e+03
-8.487257160774333897e+03 -8.143022504127496177e+03 7.590775767925203581e+03
-5.091996906116745777e+03 -1.391985885668544142e+04 2.362549095848901743e+03
-4.410110272100270777e+03 -1.198482148908320778e+04 4.200545125835522413e+03
-6.059893198665059572e+03 -1.355316010127848131e+04 2.826646446510677379e+03
-2.675887902578644116e+03 -1.101531349402042724e+04 4.815468749572132765e+03
-3.858726249017726332e+03 -1.177964180103525723e+04 4.477088451849555895e+03
-3.148767796027103941e+03 -1.154794156455746452e+04 4.355445817543628436e+03
-2.958543605793564438e+03 -1.153060011035354000e+04 4.326393361021537203e+03
-2.860583168724690950e+03 -1.133715352425147285e+04 4.412902095103216197e+03
-3.141978458699742987e+03 -1.128022131802979129e+04 4.371357736282539008e+03
-3.024177384307778539e+03 -1.122496817682370238e+04 4.813542678660773163e+03
-3.484126410892234162e+03 -1.156989041182280380e+04 4.283852891252815425e+03
-5.640282852983384146e+03 -1.376779540627927236e+04 2.527729269820293212e+03
-2.773592462932864692e+03 -1.121807054212540606e+04 4.450722852568808776e+03
-3.661955369634556519e+03 -1.177771264237769901e+04 4.320815770056477049e+03
-5.372106475057184070e+03 -1.243221828543315496e+04 3.649303871389660799e+03
-3.900556209274374851e+03 -1.182266777051933059e+04 4.295396265404846417e+03
-6.482132690352936152e+03 -1.318668428536991269e+04 2.949238655537510112e+03
-6.415586675540644137e+03 -1.322204555448797510e+04 2.888450539407209362e+03
-5.086041717779076862e+03 -1.250691797680170203e+04 3.780871573743327190e+03
-3.924868931081608025e+03 -1.170149084991820928e+04 4.436578361377545662e+03
-4.626367706013331372e+03 -1.215090483670934555e+04 4.101999078088848364e+03
-2.849202081914790142e+03 -1.157944327687443001e+04 4.539719876306609876e+03
-5.969776344025995968e+03 -1.289099941275731908e+04 3.459452738746951127e+03
-3.609054136315714004e+03 -1.172640040450871857e+04 4.455488225972156215e+03
-6.285037859783211388e+03 -9.663745472668872026e+03 6.347470119775924104e+03
-7.898017900313779137e+03 -9.164490920221043780e+03 6.622775272396193031e+03
-3.072718198768536695e+03 -1.132968632203087327e+04 4.436544278435371780e+03
-4.432582851763371764e+03 -1.125536363251355760e+04 4.755846973412421903e+03
-5.275352438351235833e+03 -1.371502708258386156e+04 2.578255568370843321e+03
-5.647495607043761993e+03 -1.246988807066746813e+04 3.639805749607668076e+03
-6.377814925169651360e+03 -1.295533090491254006e+04 3.420752216459459305e+03
-3.394868773907002833e+03 -1.160706351023336538e+04 4.468492819915641121e+03
-5.712935545404197001e+03 -1.255024934635403770e+04 3.904753555315491212e+03
-2.259358083651901325e+03 -1.082554344470190517e+04 5.571188263133403780e+03
-3.388702635011748043e+03 -1.171653304596270937e+04 4.025740673726777004e+03
-2.578536689512463454e+03 -1.116288344917087124e+04 4.826985643713977879e+03
-3.272371686736325501e+03 -1.137483063845984179e+04 4.481427384112375876e+03
-4.620962613613392932e+03 -1.210003162115415944e+04 3.999306137547987419e+03
-6.556345938580998336e+03 -1.328050822014357618e+04 3.069303102628296074e+03
-2.702369018202870848e+03 -1.100655100002737527e+04 4.908659389683684822e+03
-4.667564576339829728e+03 -1.167005511206961637e+04 4.523083411628239446e+03
-7.203145450691599763e+03 -1.295031812216540675e+04 3.281787764506241729e+03
-2.876675997057477616e+03 -1.141426254255052481e+04 4.606820323614859262e+03
-4.685895163452858469e+03 -1.112148269664119653e+04 5.357872373483282900e+03
-6.370527572688273722e+03 -1.343718992936235736e+04 2.840667035700448650e+03
-3.969424999161585220e+03 -1.197590442211427398e+04 4.384736140085553416e+03
-5.341587364199319381e+03 -1.166671273199809912e+04 4.813064490574546653e+03
-5.172085643779298152e+03 -1.259782641173822230e+04 3.810495500355689728e+03
-4.225185921519108888e+03 -1.193450830287454119e+04 4.365707589598545383e+03
-3.754033946694097722e+03 -1.151156122515771858e+04 4.236665369990376348e+03
-2.922952884310314403e+03 -1.101967923374540442e+04 5.093596733910747389e+03
-4.603351233151204724e+03 -1.134912051036735647e+04 4.276949366506381011e+03
-2.912352333100448504e+03 -1.071810511259467057e+04 5.119535914100656555e+03
-3.129941671558991857e+03 -1.113925176166861820e+04 4.571467713776383789e+03
-3.826135492433759282e+03 -1.185918067482549668e+04 4.467824004609618896e+03
-4.317892811795648413e+03 -1.341985167998602810e+04 2.844451729784671898e+03
-4.033850819284300087e+03 -1.242262703763854370e+04 3.750927417072362459e+03
-3.328422243691473795e+03 -1.155010078572864040e+04 4.596643132215323931e+03
-4.361734082779851633e+03 -1.184745554301684024e+04 4.395688604951878915e+03
-4.034148573292045967e+03 -1.166350714158438677e+04 4.373784161803271672e+03
-5.606466500263351918e+03 -1.299896406871879844e+04 3.357855797423136210e+03
-3.787088706601167814e+03 -1.152494228567406390e+04 4.398522502523164803e+03
-5.600321450255044510e+03 -1.241360543291335489e+04 3.574891767225297372e+03
-3.114456002315584556e+03 -1.070493977704003373e+04 5.260471897661682306e+03
-2.971050211767121709e+03 -1.071420991069832235e+04 5.306595361275483810e+03
-2.408060336999056744e+03 -1.317625578981559556e+04 3.180928354962348294e+03
-1.652580393790878588e+03 -1.107514621267610710e+04 4.884666173662194524e+03
-8.458021189315084484e+03 -1.319366457123481086e+04 2.710139335492888677e+03
-2.766839101705151279e+03 -1.049945010282211479e+04 5.136333560974994725e+03
-2.702250800369995886e+03 -1.069258313539908522e+04 4.928071007519101840e+03
-3.302002038616972641e+03 -1.059195325542348110e+04 5.293929616484643702e+03
-1.637050813478573673e+03 -1.098384614607876028e+04 5.024041353465617249e+03
-2.905770882125813387e+03 -1.062627576508036691e+04 5.075284585047643304e+03
-3.583051653695600180e+03 -1.140653792623386835e+04 4.295576042931433221e+03
-3.162505338119975931e+03 -1.018289181821093007e+04 5.561489578128434005e+03
-2.709974728543513265e+03 -1.117059371311895848e+04 4.692928751900531097e+03
-2.669271227598886981e+03 -1.102123608614900513e+04 4.720091290266310352e+03
-3.100974584666255851e+03 -1.061611643044712036e+04 5.470513863263049643e+03
-1.619647342872515537e+03 -1.069062657336334996e+04 5.370192475282117812e+03
-3.024929111961560466e+03 -1.102352727002386746e+04 5.076115628134336475e+03
-3.414598988286206804e+03 -1.160125207661200875e+04 4.673536270294812311e+03
-2.628955828200314500e+03 -1.102213458803190406e+04 5.027326666750919685e+03
-3.139783967705413033e+03 -1.064090495345386807e+04 5.276768966816563989e+03
-2.840840522903402416e+03 -1.110633590062132498e+04 4.654398938019051457e+03
-2.586313568356188171e+03 -1.194278096993439249e+04 4.103539854413532339e+03
-3.303753458705349658e+03 -1.059434463052131287e+04 5.350176609027795166e+03
-3.055185502466385060e+03 -1.121178360890816657e+04 4.753871447697389158e+03
-2.830885499363960662e+03 -1.089940515883514490e+04 5.074958832774143957e+03
-2.328881942793954750e+03 -1.089551532902055624e+04 5.257594683428241296e+03
-3.186685708284667271e+03 -1.052742996480889087e+04 5.311244987734470669e+03
-2.982302042387032088e+03 -1.041166011998593058e+04 5.631872476202461257e+03
-2.619847904906963777e+03 -1.069147059040865315e+04 5.298274252914070530e+03
-2.974047425978106730e+03 -1.076222849734126976e+04 5.291461540266671363e+03
-2.820470311296956424e+03 -1.374913812829805283e+04 2.461198339030379884e+03
-2.375346044861314567e+03 -1.204001202276213007e+04 4.274034232218292345e+03
-2.391939779076437389e+03 -1.170512404942497415e+04 4.116069523321186352e+03
-3.173763317092052603e+03 -1.067146618226328610e+04 5.415856828327694529e+03
-2.222104166822701700e+03 -1.171118271476649170e+04 4.559158513756487991e+03
-3.073679301921380556e+03 -1.149827722722072576e+04 4.681824956038533855e+03
-7.621557713730820979e+03 -1.303450175506607957e+04 2.944364364225203644e+03
-1.567915568008138507e+03 -1.184486549050532449e+04 4.203292322315346610e+03
-2.742089927368283952e+03 -1.307906477121405078e+04 3.048668131248194641e+03
-2.003861894694394323e+03 -1.151892729585589041e+04 4.523682800299888186e+03
-2.931703125260372872e+03 -1.151554816931838650e+04 4.525745241697862184e+03
-2.830714773358852199e+03 -1.312462092619034047e+04 3.040408214654706171e+03
-3.082140204202416498e+03 -1.064754835764450763e+04 5.406490932242219060e+03
-3.359265065869781210e+03 -1.007006611154770326e+04 5.574892759160692549e+03
-2.992473878439742293e+03 -1.115394592873267175e+04 4.843868973102136806e+03
-2.680322803205589480e+03 -1.075625858446554594e+04 5.232464503319441064e+03
-3.260767050190110240e+03 -1.098559674047751832e+04 4.982791450957383859e+03
-3.331823873010780062e+03 -1.034055891839203832e+04 5.785551501971287507e+03
-1.755162818531154471e+03 -1.263253854347676497e+04 3.466369976296724872e+03
-3.036942570304524452e+03 -1.025133906066185591e+04 5.446657969953967950e+03
-3.572778444979744108e+03 -1.054165783704474052e+04 5.527203062301084174e+03
-2.479792359742526969e+03 -1.183326066888033347e+04 4.171864761752032791e+03
-3.270588228246384915e+03 -1.053410435756108382e+04 5.474177617196132815e+03
-2.030908869884878413e+03 -1.272713700246396729e+04 3.500162009405575191e+03
-2.375333033145232548e+03 -1.378955065116528385e+04 2.569855177952301347e+03
-3.307773553965050723e+03 -1.081170128179554740e+04 5.224656642087113141e+03
-3.072455650379998588e+03 -1.063665388747124052e+04 5.488894785625581790e+03
-2.806738372779118890e+03 -1.198918616159815065e+04 4.369465308467521936e+03
-3.272805686627369596e+03 -1.078001760302565526e+04 5.262172638257054132e+03
-1.988284819477602241e+03 -1.337906894819504669e+04 2.797838273756242870e+03
-3.629686846636425344e+03 -1.054924479878854982e+04 5.479757144771314415e+03
-5.335437415432212219e+03 -1.196918186703325591e+04 4.141163247539692748e+03
-7.769373414571688954e+03 -1.304623579998786590e+04 2.906324144189071376e+03
-3.494109033984124380e+03 -1.016522541132641345e+04 5.761938092673343817e+03
-3.049650859237283839e+03 -1.088821400594155966e+04 5.292824501404870716e+03
-1.618800183361874588e+03 -1.191395046810658459e+04 4.232754012850959043e+03
-3.198582147276101750e+03 -1.311283708974695401e+04 2.979490698745608825e+03
-2.654366075221857500e+03 -1.316945495547200153e+04 3.115889745597953151e+03
-3.160059736972271367e+03 -1.240545013754079446e+04 3.711077750973454386e+03
-2.616376856546137333e+03 -1.210170021674940472e+04 4.174287431156807543e+03
-4.227712664407992634e+03 -1.156472530320889928e+04 4.460025338546719468e+03
-3.135648473536338770e+03 -1.031304362606846189e+04 5.699293018595202739e+03
-2.784106309273393890e+03 -1.053266010620507586e+04 5.569829069995169448e+03
-3.391944297726172863e+03 -1.044932776745061165e+04 5.501252792456060888e+03
-2.706374908587216851e+03 -1.205259999447909468e+04 4.166760674873699827e+03
-2.255384485299429798e+03 -1.289133209926632662e+04 3.300620222996053599e+03
-2.919893231548749554e+03 -1.173387657347488675e+04 4.343814057585752380e+03
-3.274103794336408100e+03 -1.085718249545368781e+04 5.186922249090138394e+03
-2.280444337270498181e+03 -1.289144235381400904e+04 3.234470445303706583e+03
-3.342607116877181852e+03 -1.066702592807063775e+04 5.489741682023688554e+03
-3.121089486037927600e+03 -1.128180507266267887e+04 4.718270971988345991e+03
-2.753164254904247173e+03 -1.183874246195707747e+04 4.266088778924113285e+03
-2.710837054867565712e+03 -1.201517534058866840e+04 4.242746213245682156e+03
-6.591371423160577251e+03 -1.248106009024708146e+04 3.858386677095847517e+03
-2.277639846479323751e+03 -1.302159067674447397e+04 3.158293392973356276e+03
-2.856176037793415162e+03 -1.047573875419412070e+04 5.636569977712778382e+03
-2.854945999234509145e+03 -1.070694608386391519e+04 5.294535779009283033e+03
-3.030052492749015983e+03 -1.150704473838359809e+04 4.746038833812463963e+03
-3.582482425045988748e+03 -1.103135002892241209e+04 5.243727445973450813e+03
-2.883456239646063750e+03 -1.173996516366720607e+04 4.336457243237633520e+03
-2.958839808484416153e+03 -1.108966135291250248e+04 4.638654695900479965e+03
-2.898303568938221360e+03 -1.166312012857702939e+04 4.467735448345096302e+03
-9.842303547843860088e+02 -1.289340381951326890e+04 3.354133008013745894e+03
-1.755971229393551766e+03 -1.161723260704498534e+04 4.713936442019584319e+03
-4.308330048479971992e+03 -1.186577060780838292e+04 4.519279736664222582e+03
-3.409926103129959756e+03 -1.034001273733972448e+04 5.578756728952728736e+03
-2.198750521181931617e+03 -1.293160509757682485e+04 3.103542796592986633e+03
-1.535698244346038791e+03 -1.285214482492140633e+04 3.657211236945655855e+03
-5.031414318595146142e+03 -1.052474774397693363e+04 5.591034244595633936e+03
-2.423680217910447482e+03 -1.289102704254763739e+04 3.180931039485732526e+03
-3.136057599907775511e+03 -1.035905343000257199e+04 5.614639224277827452e+03
-4.351367313839768940e+03 -1.045869150726039152e+04 5.674398022419087283e+03
-9.058679479767981775e+02 -1.014556772788107082e+04 6.309790359312602050e+03
-1.477621996305942957e+03 -9.796193522360572388e+03 6.524040351889385420e+03
-2.249593634803319219e+03 -1.433903090806811997e+04 1.224494768049494269e+03
-4.479261167171882335e+03 -1.042485039258768120e+04 5.362383448870179564e+03
-4.038063718547601184e+03 -1.027019696824775747e+04 5.655786257906865103e+03
-3.769136046754125346e+03 -1.034408483061781953e+04 5.770580415276525855e+03
-3.056354871232184450e+03 -9.107106766735410929e+03 7.082779520374672757e+03
-3.657046625917972051e+03 -1.179618801541783978e+04 4.590909951162959260e+03
-3.292664046480975230e+03 -1.130622538349436218e+04 4.837212726443335669e+03
-4.321166495327278426e+03 -1.028055501036954956e+04 5.578299696143888468e+03
-3.561170809287627890e+03 -1.046805286550470373e+04 5.436430621861393774e+03
-3.492319628598639611e+03 -1.040401719498516286e+04 5.402738810179695975e+03
-4.698167422650061781e+03 -1.059203302971012090e+04 5.157892495763571787e+03
-3.298496000377949713e+03 -9.975902322973453920e+03 6.116207446385390540e+03
-4.420382649060227777e+03 -1.042661348812562392e+04 5.613124002940057835e+03
-3.383551840305498445e+03 -1.055833134983276068e+04 5.390188123259985332e+03
-3.515526753654023196e+03 -1.060354309945736713e+04 5.436043653766996613e+03
-3.284763049922124083e+03 -1.093807426954088260e+04 5.169195438262185235e+03
-3.365477017825704024e+03 -1.068044943111513385e+04 5.151083955408379552e+03
-4.786140846750130322e+02 -1.038760427169583090e+04 5.734852993731520655e+03
-4.453127622634247018e+03 -1.082405135682102082e+04 5.255676373623721702e+03
-4.269596690611146187e+03 -1.071688437047020125e+04 5.374019454534674878e+03
-3.513757178762802596e+03 -1.087518707189081397e+04 5.383930228501711099e+03
-3.431316040297038398e+03 -1.016382393333501568e+04 6.035160549842332330e+03
-3.708250548166109638e+03 -1.057392651021285201e+04 5.523301661558507476e+03
-1.413354973098738355e+03 -1.111556389631126149e+04 4.707759736898733536e+03
-4.445369317185894943e+03 -1.062499646071566349e+04 5.136245866192731228e+03
-4.488976333288511341e+03 -1.053634000828487297e+04 5.258042631981863451e+03
-3.984341128650359678e+03 -1.044875601907015698e+04 5.663433375746601087e+03
-1.905503546298743458e+03 -1.051981651153694838e+04 5.858811214990426379e+03
-4.262826581470208112e+03 -1.077639368973716955e+04 5.307554046445813583e+03
-4.162019235233397012e+03 -1.022135032195277199e+04 5.619128494038806821e+03
-1.851935640908596497e+03 -1.029828042525044839e+04 5.861469549492225269e+03
-2.926860659364699131e+03 -1.099648513880437349e+04 5.182207685421733913e+03
-3.105921126694046507e+03 -1.485343961942560782e+04 7.091377086876229896e+02
-1.494675333169555870e+03 -1.012457039917706425e+04 6.139284573900486066e+03
-3.469555453482449593e+03 -1.038604199432329187e+04 5.796404297318273166e+03
-6.404626746316104118e+02 -9.838729596846240383e+03 6.407724647768091927e+03
-3.767657253522394058e+03 -1.033948151062522084e+04 5.796138666597761585e+03
-3.652761194363233699e+03 -1.035026329631472254e+04 5.671527969116470558e+03
-3.971973756232252526e+03 -1.030378469524555840e+04 5.708931702191827753e+03
-3.363312066268709714e+03 -1.088478705660391097e+04 5.236967300743797750e+03
-3.927455893014502180e+03 -1.042589308176276427e+04 5.578201501608990839e+03
-4.800036046181818165e+03 -1.081531477577503210e+04 5.130604892010182084e+03
-4.092286935071183507e+03 -1.031615486272738235e+04 5.786842181295674891e+03
-3.899085191959416079e+03 -1.050860742861949257e+04 5.577388923010525104e+03
1.255818310667198148e+02 -9.783558496584368186e+03 6.361155808800755040e+03
-3.852618177516637843e+03 -1.032016176211230777e+04 5.695714785481975014e+03
-2.752577211381347752e+03 -1.160797891955524392e+04 4.399203279196286530e+03
-6.341920900243384267e+02 -1.007427325279853358e+04 6.165689845896364204e+03
-3.157637488591788042e+03 -1.071678039758916748e+04 5.320045988419602509e+03
-2.006736702710247755e+02 -9.850623350909803776e+03 6.480554974197346382e+03
-1.780977331078031511e+03 -1.042404948332059212e+04 5.997091789154691469e+03
-2.563832090864633528e+01 -1.070643604549254087e+04 5.355209631881648420e+03
-3.708794473880298938e+03 -1.033535008542019750e+04 5.775442340245335799e+03
-3.511521466433081514e+03 -1.046653309771022396e+04 5.790543028833165408e+03
-4.372328821926332239e+03 -1.044267344194341058e+04 5.647280086614291577e+03
-5.527149299233537931e+02 -1.003328784282740344e+04 6.032389330590714962e+03
-3.890187211094968916e+03 -1.029193545534732039e+04 5.773977509373737121e+03
-2.935324067765554901e+03 -1.180546550769724308e+04 4.340210730385481838e+03
-2.725314380917771359e+03 -1.476473138236033265e+04 1.059945278602234566e+03
-3.190837175019216374e+03 -1.107756166614624453e+04 4.976052398266707314e+03
-4.098867463024578683e+03 -1.006566534181521274e+04 5.507063917863678398e+03
-1.814308383673062053e+03 -9.934744825124980707e+03 6.340036081613332499e+03
-2.213607658235916460e+03 -1.038900474980307627e+04 5.498316325962965493e+03
-4.950911213734145235e+02 -1.047736584274032248e+04 5.907360420119029186e+03
-2.818756205744478393e+03 -1.058888985692078859e+04 5.510589055312524579e+03
-3.544579760204157992e+03 -1.040223064584143503e+04 5.644865677781919658e+03
-3.033055640451818363e+03 -1.093160009345586150e+04 5.089035489310042976e+03
-3.508508555313690977e+03 -1.038823248093687835e+04 5.385918808074868139e+03
-2.934527954156804753e+03 -1.113893197300995416e+04 4.819007406568935949e+03
-2.948065408430932621e+03 -1.110753233847373667e+04 4.861956313161445905e+03
-4.472671469529126625e+03 -1.069334848866930224e+04 5.352159949999614582e+03
-1.864859264940276262e+03 -1.046778815068054064e+04 5.938987605339859329e+03
-3.129175695345676104e+03 -1.039289387019619789e+04 5.821046105726899441e+03
-3.296034131880916448e+03 -1.061791228906759170e+04 5.341835142812955382e+03
-1.742783043935940896e+03 -1.040974030726277124e+04 5.773798233570362754e+03
-3.234358167473619687e+03 -1.067020208045592335e+04 5.527984390112111214e+03
-3.386566274638346385e+03 -1.076383459065688839e+04 5.362224412616747941e+03
-5.000572576897076260e+02 -1.046687027000345370e+04 5.929104364938854815e+03
-3.022058813564925913e+03 -1.034916948584761667e+04 5.719017867914875751e+03
-3.737396674401486962e+03 -1.048447898789604551e+04 5.626931550866250291e+03
-1.826802143988351190e+03 -1.036400319958098953e+04 5.769745084024088101e+03
-3.743726495178519144e+03 -1.034511206144767493e+04 5.738003746467156816e+03
-3.862068549208221157e+03 -1.025818938271721163e+04 5.801199530234922349e+03
-3.378682702815006451e+03 -1.027428722004908559e+04 5.696835218064922628e+03
-5.046336809875696417e+03 -1.298593663474730965e+04 3.055101811155701853e+03
-3.223906611513924872e+03 -1.037909312086197497e+04 5.818842114603886330e+03
-3.744491859456550173e+03 -1.044663493663787085e+04 5.113104726412896525e+03
-3.695514776450045247e+03 -1.044691564760623623e+04 5.741540312739876754e+03
-3.374659075844217568e+02 -9.408481025296319785e+03 6.906615910819344208e+03
-2.353163461063305931e+03 -9.874640331737471570e+03 6.409496141074065235e+03
-4.357725832500178512e+03 -1.049251280045865860e+04 5.462580379621300381e+03
-3.028710165015165785e+03 -1.045302405314080352e+04 5.863625734845252737e+03
2.802408304241074575e+02 -1.030782261867314264e+04 6.041551065626636046e+03
-2.208370842960013761e+03 -1.051644220048569514e+04 5.937824964511837607e+03
-4.209332561167331733e+03 -1.097872358641595747e+04 5.134176760211938927e+03
-3.152139078940697345e+03 -1.035628903760805952e+04 5.627702101521245822e+03
-4.871625078524485616e+03 -1.135498726579538197e+04 4.389987044533651897e+03
-4.635155132616287119e+03 -1.071333105655755571e+04 5.267508380566941923e+03
-5.009522518635549204e+03 -9.763705263168147212e+03 6.686637558836776407e+03
-6.039516172922350052e+03 -9.643397504466840473e+03 6.631492567252451408e+03
2.136806560636288850e+03 -1.109132305698967139e+04 4.522726966523200645e+03
-5.004618595763785379e+03 -1.102102960263165369e+04 4.873016662665083459e+03
-4.734826323375591528e+03 -1.103185874261031859e+04 5.138799974845227553e+03
-4.672344583420618619e+03 -1.136964086926862183e+04 4.694836336301840674e+03
-5.622102257004721650e+03 -1.011690899802352033e+04 6.103640219796171550e+03
-4.385943735185625883e+03 -1.065018202571526126e+04 5.483860172015100034e+03
-4.276439221308855849e+03 -1.061404655586440640e+04 5.533583690800637669e+03
-3.703206680577203770e+03 -1.075739010620390218e+04 5.498081323926365258e+03
-4.884100599792655885e+03 -1.081322078299362147e+04 5.053235105346565433e+03
-4.541816225071412191e+03 -1.051087066119302472e+04 5.265831677488219611e+03
-4.968293533804583603e+03 -1.151403293124495394e+04 4.565685450268458226e+03
-5.230950153930899432e+03 -1.006484156661680026e+04 6.129320734655192609e+03
-4.956295359509247646e+03 -1.122801400569702309e+04 4.570343023138292665e+03
-4.365451319259085722e+03 -1.067885199832841317e+04 5.146727944685915645e+03
-5.008804463969985591e+03 -1.129751635554714630e+04 4.734705144681198362e+03
-3.606980735802088020e+03 -1.034996035279280477e+04 5.808476731524485331e+03
-4.514653943143423930e+03 -1.072523456874498333e+04 5.284021289942788826e+03
-4.410781212288559800e+03 -9.728339152852357074e+03 6.369967089163850687e+03
-4.864396305799154106e+03 -1.107212159891276315e+04 4.510794543598589371e+03
-3.230543596989400612e+03 -9.306548908451530224e+03 6.954625047933826863e+03
-4.302310734181700354e+03 -1.088093409189653175e+04 5.292125489895598548e+03
-5.211761653070750071e+03 -1.046708886547894508e+04 5.758386981946989181e+03
-4.840558994399851144e+03 -1.101765030361178469e+04 4.975307717677115761e+03
-4.877235886011332695e+03 -1.149404099958283405e+04 4.641492913341802705e+03
-4.651370173153776705e+03 -1.074907469418167057e+04 4.871761887475050571e+03
-4.744636781011209678e+03 -1.088338971622862118e+04 5.146019400017038606e+03
-4.699790329173865757e+03 -1.113059172027912791e+04 4.959853027128094254e+03
-3.735460279310254464e+03 -8.008440384807551709e+03 8.200108970761393721e+03
-4.522217506836480425e+03 -1.026741266347060264e+04 5.739793432799216134e+03
-4.933835597091697309e+03 -1.112108266388814627e+04 4.819664847455857853e+03
-3.811772537100944191e+03 -8.505153717277564283e+03 7.640632698283181526e+03
-6.008891352592748945e+02 -1.147736321932949613e+04 4.175527599998446931e+03
1.129070133805736532e+03 -1.071136416544172243e+04 4.776455035934207444e+03
-6.313622769622795204e+03 -9.821614261842038104e+03 6.404374752101618469e+03
-4.868885515243950067e+03 -1.154021106604468878e+04 4.347412852482562812e+03
-5.091668695243889488e+03 -8.356273179152709417e+03 8.057387156583554315e+03
-4.829480953643360408e+03 -1.142147961180684433e+04 4.570507315618726352e+03
-4.199231351594051375e+03 -1.015933708073125854e+04 5.903453739451131696e+03
-4.543488609988900862e+03 -1.142967640018585735e+04 4.473430318620429716e+03
-4.808004540849561636e+03 -1.113505849673883495e+04 4.844356644102113023e+03
-4.539426169645799746e+03 -1.066424382021063502e+04 5.110326328213177476e+03
-4.830035033738064158e+03 -1.120613436620875291e+04 4.628838076297139196e+03
-4.626109013261546352e+03 -1.087397063386003538e+04 4.791324855251716144e+03
-4.891705737651674099e+03 -1.097320820060822734e+04 4.937657177742264139e+03
-4.828498077225213819e+03 -8.834983228614355539e+03 7.608956907318307458e+03
-4.950047748564704307e+03 -1.140262664818013218e+04 4.465287397592568595e+03
-4.826569474255198656e+03 -1.112509964333995777e+04 4.886806738166523246e+03
-4.344285851571987223e+03 -9.606692857134095902e+03 6.642204003181263943e+03
-4.824821721882981365e+03 -1.132280850660074611e+04 4.600720176612157047e+03
-5.353197524702407463e+03 -8.382118760879062393e+03 7.974174321820396472e+03
-3.794389931722409528e+03 -8.206175055624731613e+03 8.098929947422838268e+03
-4.261113343778968556e+03 -9.433254990926043320e+03 6.930246059541227623e+03
-4.875941299335961048e+03 -1.155115800121346729e+04 4.614118045434039232e+03
-4.590121886741414528e+03 -1.085482292140380923e+04 5.217312564411765379e+03
-4.861006311920497865e+03 -1.148286083493609112e+04 4.608411399490061740e+03
-4.516072124509278183e+03 -9.624283470096997917e+03 6.719897366271050487e+03
-4.449777517772311512e+03 -1.095890691685419915e+04 5.061040980040620525e+03
-2.102162545017121374e+03 -1.069212224723305917e+04 5.278587801988615865e+03
1.755216285018935878e+03 -1.056110199792132335e+04 5.048765047009443151e+03
-4.735508656448195325e+03 -1.159639884847256872e+04 4.327243418246882356e+03
-4.977941154421498140e+03 -1.106300785071427345e+04 4.775414245956444574e+03
-4.961728859602389093e+03 -9.367414231529144672e+03 6.879960958580235456e+03
-4.254980606718552735e+03 -9.801608826353809491e+03 6.691525939431924598e+03
-4.164465949851103687e+03 -9.559207600669597014e+03 6.657226889302547534e+03
-3.920334817510956327e+03 -9.539912814098443050e+03 6.662549169025665833e+03
-4.664971778560330677e+03 -1.146971989126206063e+04 4.565226898592226462e+03
-3.237683387425889123e+03 -1.071273634916290212e+04 5.072117081323410275e+03
-4.425054922718236412e+03 -1.140783140011745672e+04 4.213722320106492589e+03
-4.686427212895569937e+03 -1.122925061617860774e+04 4.836610565584534925e+03
-4.844488005751350101e+03 -1.103417298408655915e+04 5.101898608379678080e+03
-3.635255892565980503e+03 -9.359789388154105836e+03 7.111017571932347892e+03
-4.361241465986821822e+03 -9.381448033208382185e+03 6.672298334426400288e+03
-4.651279821634198015e+03 -1.156387741120028295e+04 4.332374881478017414e+03
-4.563110424710521329e+03 -1.114415355554442613e+04 5.186539599741343409e+03
-4.084662633114911841e+03 -9.504133589019511419e+03 6.749072488794430683e+03
-4.613341404904123010e+03 -1.157862950729113618e+04 4.059461934422340164e+03
-3.856382682953907079e+03 -1.076977655629351466e+04 5.383738933364092190e+03
-3.783619806257579967e+03 -7.999962395957349145e+03 8.225715406351187994e+03
-4.040742699716638981e+03 -9.576227557891357719e+03 6.566581600823489680e+03
-3.696724445569877389e+03 -1.056623724522949306e+04 5.509895228206524735e+03
-4.569040669699053979e+03 -9.673453064996327157e+03 6.833719693827958508e+03
-4.911415160173321965e+03 -1.144485801397478281e+04 4.497204551519986126e+03
-4.546120023676821802e+03 -1.141173227220940316e+04 4.462294502069360533e+03
-4.402549371951737157e+03 -1.170134741677240345e+04 4.419619382637580202e+03
-3.679076251610575127e+03 -1.088115829110377126e+04 4.901787473135529581e+03
-4.630227439335049894e+03 -1.070830080538837865e+04 5.304101036112436304e+03
-4.934636783769449721e+03 -1.086586658176696073e+04 4.692263106283911839e+03
-4.385462689595666234e+03 -1.171521776072924513e+04 4.335158219998200366e+03
-5.112415150491761779e+03 -9.047604705994795950e+03 7.254726259027528613e+03
-5.036134311546362369e+03 -1.010338844450920442e+04 6.120814784463992510e+03
-4.439409558625762656e+03 -1.098779393514565163e+04 5.061361103352965984e+03
-4.712648849052068726e+03 -1.139531274014172595e+04 4.637114733912031625e+03
-4.410772051544354326e+03 -9.601856759701737246e+03 6.692277042006433476e+03
-4.422736766095174062e+03 -9.572794614147389439e+03 6.726671206072866880e+03
-3.309007356737199643e+03 -1.128172293708871075e+04 4.849643860387773202e+03
-4.598094396186122140e+03 -1.073101942945395604e+04 5.471291109290398708e+03
-4.023485211267134218e+03 -1.192580470417697143e+04 4.182618202432653561e+03
-4.208388421543918412e+03 -1.196388892180190487e+04 4.188511537034766661e+03
-7.228070730263837504e+03 -1.055974895930870480e+04 5.526476941774132683e+03
-6.331235321642576309e+03 -1.226557824953503768e+04 4.019930208579562077e+03
-2.818376411245494182e+03 -6.994013561248074438e+03 8.807763714985707338e+03
-4.390064005417377302e+03 -1.152568269788159705e+04 4.480819239218652001e+03
-4.481266272041753837e+03 -1.185086644027596049e+04 4.167841098080656593e+03
-4.798233273930738505e+03 -1.163100860614297017e+04 4.496660126517399476e+03
-6.067131523109728732e+03 -1.223212672805271905e+04 3.953929924999682953e+03
-4.532802307636516161e+03 -1.132823572637401048e+04 4.778740302052346124e+03
-4.547449498767624391e+03 -1.119667599493901434e+04 4.992514452527987487e+03
-4.597426875738972740e+03 -1.176941661946106979e+04 4.406247649888876367e+03
-4.726479400698579411e+03 -1.132066022922502452e+04 4.707061328523923294e+03
-4.570467656974660713e+03 -1.130371595599840839e+04 4.684488008871810052e+03
-3.528087460919894966e+03 -1.177382889372522186e+04 3.956338073687930319e+03
-5.366356300385740724e+03 -1.206038897853972230e+04 4.172160313223852427e+03
-4.572513010238336392e+03 -1.173230591686341722e+04 4.171467503282879989e+03
-4.472824907128273480e+03 -1.156820259435285334e+04 4.656639854585328976e+03
-4.184284796426701178e+03 -1.135423880675292094e+04 4.243572979171120096e+03
-3.912246119434315915e+03 -1.190529213709826399e+04 4.247551871655649848e+03
-4.362826249197864854e+03 -1.153759343394650750e+04 4.730970787647046564e+03
-5.416688798946564930e+03 -1.145565758755795832e+04 4.913653620395929465e+03
-3.976974078377058504e+03 -1.182125883522455842e+04 4.025867284349612873e+03
-7.697047187646838211e+03 -9.816557656832619614e+03 6.317409012148014881e+03
-4.811246775280013935e+03 -1.107260013764377254e+04 4.927421896656548597e+03
-5.096403223517385413e+03 -1.122149778781832720e+04 5.093398785396289895e+03
-4.140675157623085397e+03 -1.180979745581132192e+04 4.130376343299811197e+03
-3.626027173442331332e+03 -1.170039525704266816e+04 4.476013812806710121e+03
-4.782633275618367406e+03 -1.147340169846328718e+04 4.167609887431628522e+03
-4.544574009314558680e+03 -1.172860439806294380e+04 4.450627438930080643e+03
-4.560751512813119007e+03 -1.139000626851862762e+04 4.639609692677247949e+03
-5.031863480309138140e+03 -1.137741196787815716e+04 4.618204908394717677e+03
-6.116684827626870174e+03 -1.088901231383559571e+04 5.145035210707696933e+03
-3.736849152213016168e+03 -1.167515635711064351e+04 4.331014299715629022e+03
-5.349496661857756408e+03 -1.147835206679327166e+04 4.895771604739857139e+03
-5.023649225083180681e+03 -1.108735911247507829e+04 5.230606032825845432e+03
-2.413435173268336257e+03 -7.250517886486934003e+03 8.587207920706567165e+03
-6.352243913524759591e+03 -1.206376567264844743e+04 4.180211085895124597e+03
-4.210956447011776618e+03 -1.171511356815930776e+04 4.274953105508615408e+03
-7.918853060409984209e+03 -1.034210730467099711e+04 5.839006193603303473e+03
-4.100016617336554191e+03 -1.189148927881678901e+04 4.223441343969053378e+03
-5.992775766737604499e+03 -1.085589260298472436e+04 5.345979545640420838e+03
-4.069149868277994756e+03 -1.186793108165275771e+04 4.259937688780670214e+03
-3.746936368428496280e+03 -1.167268134848170666e+04 4.279747258471042187e+03
-3.921508439663789432e+03 -1.180572103463039275e+04 3.980728797403468889e+03
-3.560437332364494978e+03 -1.182113138879668077e+04 3.891651518890029365e+03
-4.612341830473164009e+03 -1.132350874142773864e+04 4.251643572563537418e+03
-3.957055014161430790e+03 -1.171363343044869180e+04 4.101618741227599457e+03
-7.601134758673563738e+03 -1.087761693605776054e+04 5.379845507438715686e+03
-3.821473995860003015e+03 -1.189261239791564913e+04 3.945265021821891423e+03
-3.898799285059260001e+03 -1.184244768110901350e+04 4.121769805454150628e+03
-6.900508854565050569e+03 -1.058967589748825048e+04 5.702877634412018779e+03
-4.104896127154016540e+03 -1.179212115913019989e+04 4.176585699041730550e+03
-7.982439198694362858e+03 -1.081780277808394203e+04 5.359141540118059311e+03
-7.987740074707974600e+03 -1.049823547359838994e+04 5.853523104261266781e+03
-5.370802479046144072e+03 -1.121186908195681644e+04 4.831358774559488666e+03
-4.449808974210306587e+03 -1.144288517866456823e+04 4.562126037265714331e+03
-5.337160828584065712e+03 -1.109127118371568031e+04 5.070861120711871081e+03
-4.623946662045442281e+03 -1.168592928954080162e+04 4.207512710440440969e+03
-7.113175939963959536e+03 -1.080735059965207620e+04 5.542646459825084094e+03
-3.668373665162057478e+03 -1.188023656727808520e+04 3.925447694255079568e+03
-3.037112457441162405e+03 -9.295002344602451558e+03 6.620665440596968438e+03
-1.826112991413742520e+03 -6.864623479412945926e+03 8.807982950490159055e+03
-4.445857449488805287e+03 -1.142306923174097210e+04 4.614606896362096450e+03
-4.525424146389364978e+03 -1.139846978255089016e+04 4.686603407157491347e+03
-8.155448347923883375e+03 -1.097413746168872785e+04 5.363024716943200474e+03
-4.880117306051269225e+03 -1.147464813615770981e+04 4.579108059350111034e+03
-6.050441341943338557e+03 -1.086476244697826223e+04 5.321642028931609275e+03
-6.113433719867530272e+03 -1.067124706173692903e+04 5.668239401241194173e+03
-4.810907254126565931e+03 -1.154717664281960424e+04 4.508269704702121089e+03
-3.657392926338639882e+03 -9.927321696744194924e+03 5.725981400329664211e+03
-3.315417915775508845e+03 -1.167626026977863330e+04 3.980270622391738925e+03
-4.495916881481081873e+03 -1.123109655010927963e+04 4.815335241839722585e+03
-4.414263839033557815e+03 -1.166326603960128705e+04 4.463716712729544270e+03
-5.193749976888743731e+03 -1.136491826766026497e+04 4.839594029683315057e+03
-5.262553390335669974e+03 -1.139932693452642707e+04 4.914334733617076381e+03
-4.126077558428063639e+03 -1.184272367713621315e+04 4.240725069887243080e+03
-4.574119350455719541e+03 -1.134421892814720013e+04 4.673253569175106350e+03
-5.179146821681392794e+03 -1.136733473446673270e+04 4.814942916673729087e+03
-3.951107957076265848e+03 -1.183462210253639932e+04 4.038170627626566784e+03
-4.510440475375468850e+03 -1.069083450852657370e+04 5.114234876466323840e+03
-7.364185508297725391e+03 -1.089749594810616873e+04 5.350672825090108745e+03
-4.818656495512295805e+03 -1.169479585761752787e+04 4.608952647972414525e+03
-4.487136099474048933e+03 -1.168339041980802358e+04 4.389507022961498478e+03
-7.814736341837398868e+03 -1.019896102587913447e+04 6.174416444059954301e+03
-4.367312047469521531e+03 -1.172160410332878018e+04 4.342171567439516366e+03
-4.298484310080413707e+03 -1.157614523473431836e+04 4.568468925769293492e+03
-4.418565179090614038e+03 -1.162762884533351826e+04 4.447455043681278767e+03
-3.448848177585759004e+03 -1.113980536518460394e+04 4.570469773328193696e+03
-3.951943384647046514e+03 -1.175106353479796053e+04 4.400760258406216963e+03
-4.485306214724410893e+03 -1.150836783760655635e+04 4.655917719676411252e+03
-4.801078984286506966e+03 -1.161814707632493446e+04 4.528694607885438927e+03
-6.830405953804998717e+03 -1.156608542180522454e+04 4.720741094867102220e+03
-6.107152701120034180e+03 -1.243338123317461032e+04 3.804241350833865908e+03
-4.416192969732478559e+03 -1.167386258141172402e+04 4.139653487475039583e+03
-4.532027741555021748e+03 -1.154091487155087816e+04 4.515354584614948180e+03
-6.291219007151408732e+03 -1.097358394610588039e+04 5.503799170855799275e+03
-7.179659325910471125e+03 -1.063002613802836640e+04 5.435376282670653382e+03
-4.301567123051897397e+03 -1.127352198870347638e+04 5.004106771407972701e+03
-3.956616003971867940e+03 -1.175641515475428059e+04 4.384291278177252025e+03
-7.492515846190635784e+02 1.152438463773505362e+01 -1.012575437694851098e+04
-3.972048082542892644e+03 -1.115078648320217326e+04 5.120422548063386785e+03
