3.765711146660187865e+02 -8.929934171387743845e+03 1.666156107415332372e+04
1.102457956892480979e+02 -9.006338939166143973e+03 1.933248316136700623e+03
-2.242831257269997423e+03 -6.987957320846947368e+03 1.144535075199592484e+03
2.541777192582447697e+03 -1.311366779184082043e+04 -3.459026035621516712e+03
-1.859823338053980706e+03 -5.804454040636944228e+03 1.881894592686919850e+03
-5.761461379048164417e+02 -1.063211499964334325e+04 7.022380584277912931e+03
1.468719362249316146e+04 3.804119542542160616e+03 2.209389108553902042e+04
-4.398873513348022243e+03 -2.574353184155284907e+03 -1.942376427354032330e+03
4.864676074003349640e+03 -1.614845713494020129e+04 7.116016022743128815e+03
-8.619828069666251622e+02 -3.080939148807266065e+03 -2.631094436486628183e+03
-1.156854516028742182e+04 -1.251943295450191363e+04 2.227266126256716962e+04
1.837604543752124755e+03 -2.386914133548381869e+04 -3.324676862258022084e+03
6.456125238625079874e+03 4.017315365804730391e+03 4.466872344841556696e+03
9.765318982571745892e+02 -9.154617710954573340e+03 1.853068341596862638e+03
-5.838876497827136518e+02 -1.012725298547211241e+04 3.171612825709396930e+03
5.123787081616701471e+02 -1.033818714116389492e+04 7.724524925746256940e+02
1.888065339377596274e+03 -9.459223600400255236e+03 2.501737333431788556e+03
2.576650173101373730e+04 -4.553369757516129903e+04 -4.297747927877254369e+03
-2.650168105921712595e+03 -9.564060318201352857e+03 7.407567617593625755e+02
1.401504518524189280e+03 -2.152627029410441537e+04 1.294406018449111070e+04
1.088793168659749426e+02 -9.522737116309399426e+03 4.380299395560140510e+03
9.285312955872905150e+02 -9.605120853531085231e+03 1.802569800750735340e+03
2.119926164240569960e+03 -1.927510510278282527e+04 -1.804635089213770470e+03
-8.020199331822288968e+01 -1.155277644566723393e+04 4.541572687118292379e+03
8.713745875232137905e+02 -9.947172631895484301e+03 2.537709425974240730e+03
4.556730579453587779e+03 -1.533216665181103053e+04 6.517562406468006202e+02
-5.102651961069173922e+03 -3.139582652323350885e+03 2.595930351267663809e+03
-1.772303080907649201e+04 -1.835664340065788201e+04 1.581128879475822941e+04
-6.224391035301484408e+03 2.597222848964780496e+03 -7.060464752145005150e+03
-1.428301984381771263e+03 -8.826002610609935800e+03 6.313468362536936183e+03
-4.535727169493256952e+03 3.094374806425007137e+03 1.423876247834160495e+04
-4.625222399372140103e+02 -1.174157944333989326e+04 2.959166402147869121e+03
8.871165276625139086e+03 -1.452278352563096450e+04 6.412778726681493026e+03
8.670407794173850107e+02 -1.510266415362312910e+04 6.190046379029549826e+03
6.248451032307150854e+03 -1.353477413848268952e+04 -7.494344407995073198e+03
3.768329983989877655e+04 -5.323002236829009780e+04 -1.281367989608032622e+04
3.743730685354873913e+03 -1.192442756222078060e+04 4.093662184870910096e+03
3.909787960952885442e+03 -9.701929277179580822e+03 4.297684884684999247e+02
-7.836523828505019083e+03 -2.820861892284889564e+03 -5.392323475301969665e+03
-3.944329766917446977e+04 -2.924302921122743282e+04 2.498777618152047216e+04
-1.927369120061392096e+03 -1.176418497155870136e+04 -2.468681177771520652e+03
8.248023290916819406e+02 -1.056400028424117590e+04 1.299150370425407118e+03
1.030367819709230207e+04 4.919695639014846165e+03 -2.018328087388100539e+04
-1.127868108735364785e+03 -8.539229797114669054e+03 3.441360925012817916e+03
-5.741214867007217435e+03 -2.076966206932513523e+04 2.153597033385617397e+04
1.596088659909572129e+02 -1.022117577433171573e+04 1.868019565972271494e+03
-9.398604787749197840e+02 -1.799926463416567276e+04 -3.447236865277642664e+03
-3.131983553502233462e+03 2.389649249628364032e+03 1.098906869360630117e+04
-4.041705755202148794e+03 -8.805839551868228227e+03 -8.614478780909828856e+03
2.199336958897527893e+03 -1.222102134203281639e+04 7.778601334263642457e+03
3.920404595077541217e+02 -8.506165347564776312e+03 2.768824918837020050e+03
-3.319763863080274405e+03 -1.251575095062412584e+04 3.077057251369061760e+03
1.316386794944394751e+03 -1.271464947933885378e+04 3.933872490650527652e+03
3.544320756850150246e+03 -1.501949295557278310e+04 6.078987863911289423e+03
8.148400398324243952e+02 -8.447261387578011636e+03 2.307826185435088973e+03
4.802545985327503786e+01 -9.469912158168206588e+03 2.241011854701558150e+03
2.014561714324218428e+03 -8.491743547078116535e+03 3.762010255572054575e+03
7.154281318698314180e+02 -1.033259685050648841e+04 8.777671521279503395e+02
5.080214474758604410e+03 -1.511950657124247664e+04 -1.980678758567929435e+03
-7.217859449845804193e+03 1.758923442656077214e+03 -1.610801641280752165e+03
1.146072885632045427e+03 -5.934388160698204047e+03 1.441334369581070632e+03
3.229017901096874084e+03 -1.052093675235101182e+04 1.979057091052167834e+03
2.776188034760220035e+03 -2.207680788632564145e+04 1.352258779927269461e+04
-3.412031992554580484e+03 -1.511047594520042185e+04 -6.807424313270968241e+02
6.369101940986239242e+03 -1.382938654137281674e+03 -1.393483029690818057e+03
2.048036274447008509e+03 -7.250586401214277430e+03 1.320694772174952050e+03
-8.596397450708536780e+01 -9.880067862947626054e+03 1.789823359446219456e+03
5.405874820682443897e+03 -1.127687203893605147e+04 1.036738941535058302e+03
-8.150900613589011527e+02 -7.949951617546233138e+03 3.809888517290849450e+03
4.400133070186227997e+03 -7.596510410392887024e+03 -4.947708507453550737e+03
-4.291252350496809231e+04 -6.870127289158105850e+04 1.636548445119273129e+04
-8.055856319918647159e+02 -1.063556920972438274e+04 2.218873433938774269e+03
1.320507345248412639e+04 -7.102744446871281070e+03 -8.690702216724077516e+03
2.151688198378931247e+03 -9.605224462258762287e+03 1.233844858961909040e+03
-3.895468568127596882e+03 -5.860064414397225846e+03 1.421569219630957150e+03
1.996275264471841240e+02 -9.359421016519723707e+03 2.699568955362903125e+03
-8.417031441446405324e+02 -1.016629219882046164e+04 3.250165523605005546e+03
-1.901282446381214299e+02 -1.146948700710460798e+04 7.157127802613328640e+03
-1.006688104772603424e+03 -9.764730246580713356e+03 2.845200964813269820e+03
-3.535454041106615023e+03 -3.302847179616539961e+03 2.728861340201489838e+03
-6.684049635037892585e+03 -6.251115347379884952e+03 -6.607030177598912815e+02
-8.548528292565819356e+03 -6.629598779150170230e+03 2.490343863272790622e+04
-5.650957389103443347e+03 -3.904155383884753519e+03 5.850568488292315124e+03
-2.185527508546398622e+03 -1.291902815500277575e+04 -9.627870163259358378e+03
5.869246758035003950e+03 1.033490671973655708e+03 1.752799838173809621e+04
-1.211357936174579436e+03 -1.341040038640223247e+04 -5.636715754351293981e+03
-3.569933041998528643e+04 -7.928343476701862528e+04 3.448348354195602587e+04
-3.783625751109263092e+03 -8.308695400919834356e+03 -2.749055044047390766e+03
6.439108233909990986e+02 -8.598475197955689509e+03 2.981541097198558873e+03
3.585909868089293013e+03 -1.160931400540833238e+04 4.812185256635060796e+03
3.445150520586620360e+02 -1.476465720536566005e+04 5.013220950101336712e+03
-2.172685963401733716e+03 -9.890070969726877593e+03 4.080038886967500275e+03
-4.561557650700268823e+03 -5.816086338884799261e+03 2.286101988130610152e+03
6.614719345601752138e+03 -4.392992544219899173e+03 -2.174981802026713012e+03
3.435903580274752312e+04 -4.892654249058154528e+04 -4.617487340721348801e+02
-6.756779016405080256e+02 -1.004438664988182609e+04 7.145427699589677104e+02
-6.309850014039528787e+01 -1.154134465881646065e+04 4.703718904376873070e+03
3.845120556737632342e+03 -1.437381733158431780e+04 -2.355989912433192330e+03
6.513672596566905668e+03 -6.289636600553415519e+03 1.059972994634797715e+03
1.402873352491465084e+02 -1.088427440348316304e+04 2.359052518557584790e+03
5.879122219704548115e+03 -7.689652032679041440e+03 2.639350878957020086e+03
-1.532230696597787210e+04 -4.111190087009143463e+04 -3.340614536677381693e+04
9.347163061481768409e+02 -1.081965997339448768e+04 1.983841743758074244e+03
9.289521950607093004e+02 -7.429152041815889788e+03 2.530185409470257582e+03
-1.773351510368553363e+02 -1.005926937254046061e+04 1.986979991306345710e+03
2.463203199269421930e+03 2.443509872973840515e+02 -1.798593074629011994e+02
8.179757641967838936e+03 -7.675790345414230615e+03 1.935773255425182015e+03
-1.616895090350567443e+01 -9.719248338246012281e+03 2.176649628733020563e+03
1.936535768035983210e+03 -6.328012145481479820e+03 3.057919967346237627e+03
-5.866955042682051499e+03 -6.277067010603398558e+03 5.343349996065822779e+03
2.425641915333380439e+03 -1.397858619007123707e+04 -9.107955085327912457e+03
-1.768244173490930052e+03 -1.158510665675885502e+04 2.866834087407944480e+02
-4.169818579937851268e+02 -1.001600848247505201e+04 4.497758875795590029e+03
-2.014317892416528366e+03 -6.287697293872910450e+03 -4.143435168502176566e+03
1.477033361410479529e+03 -8.185634422886106222e+03 2.754837901012262137e+03
6.405181147715285988e+03 -4.429877226251831416e+03 1.964831330527304317e+03
-5.755080660117350817e+02 -9.285348403702626456e+03 2.219805394543288457e+03
-1.919522088107722993e+03 -6.736469010062262896e+03 -3.074388223039413333e+03
-1.215372512691274778e+03 -7.069541577281101127e+03 2.700918247041475297e+03
2.170090165882250858e+03 -1.085110566540913533e+04 3.051115169135674137e+02
-5.271386396201629054e+01 -8.478342911593161261e+03 2.528721782656950381e+03
6.083531575375101056e+03 -1.310570524353999826e+04 -2.137322322144379996e+03
2.002973428386580508e+03 -1.632479169073753474e+04 5.408970809849936813e+03
3.312718698271400626e+03 -1.367497307597913459e+04 -1.679675797965009679e+03
1.868277098399466468e+03 9.498353461876527945e+03 3.581279052308907558e+04
-2.937032204328354510e+03 -4.580827391490388436e+03 1.284285737782824754e+03
1.026490872154194221e+03 -1.167114254562402130e+04 4.521098525248818987e+03
1.614810676111661110e+02 -1.130741803098115452e+04 1.562937705043944106e+03
1.085764993317274048e+03 -1.003448872206483793e+04 9.090289764163351265e+02
1.038914180509765174e+04 -1.098666768350293387e+04 2.739752114320233431e+03
-5.538814883292198829e+03 -3.025471744740067606e+03 4.345046995520553537e+03
7.803468807996318901e+01 -7.097842507935436515e+03 -2.118082660650375601e+03
1.295312011253838136e+03 -1.153369928214511128e+04 1.173417877948712430e+03
-7.672455483853860869e+02 -1.387110750198311689e+04 2.618739605747580299e+02
-3.399878719233181073e+03 -9.017998371866864545e+03 2.560235663156455303e+03
6.920432897107430108e+02 -1.195256229040622748e+04 -6.166035898528006328e+03
2.039832205827281996e+03 -1.686754113317486190e+04 -3.404479858951731330e+03
-2.468875767553886362e+02 -1.099563148926420217e+04 2.147422214068742505e+02
-1.069050475359204029e+02 -9.245793576230791587e+03 2.967308163471625448e+03
6.260526646028877167e+02 -9.142565885128560694e+03 7.866774126008931489e+01
-4.648992041694457839e+03 -2.475427589025515044e+04 -1.196711072881028713e+03
1.378970082313519470e+03 -8.844627668369468665e+03 -7.657203453840866132e+02
1.169004327791480819e+03 -9.486336599098160150e+03 3.791951530959701813e+03
1.670681722584193494e+03 -1.064145069938540109e+04 -1.176617269707959849e+03
1.983522728346340500e+03 -9.121372925489882618e+03 5.071573208959396652e+03
-4.348509256396811907e+03 -7.037524060770377218e+03 4.627038574285134018e+02
1.538751546017247165e+03 -8.341922383382407133e+03 1.758059104159539402e+03
-2.061696625486424637e+03 -8.789878274616339695e+03 1.662465446027354119e+03
1.780735485216875077e+03 -1.043340619340199191e+04 2.307563713262556576e+03
5.376110957033075465e+03 -8.227165590349670310e+03 2.210001529163888335e+03
-2.632525515163633827e+02 -9.690523419684022883e+03 1.318178575493600647e+03
-1.040003122359237295e+03 -1.070964166046405990e+04 3.314262799509603155e+03
-4.033167694791568010e+03 -1.829076776954855450e+04 1.017438290520989722e+04
7.424702957231438631e+03 -2.784078568034531418e+04 -1.333730045024288120e+04
-1.370441020013305433e+03 -9.494580830420018174e+03 2.418311312207629271e+03
1.095343608403725511e+03 -1.088172587333601405e+04 -1.222069620940324512e+03
-1.960613440225214435e+04 -1.162097248821976791e+04 1.204126120286043260e+04
6.794963597872452738e+03 -1.080450947505633485e+04 2.234730842216278859e+02
1.124778123033319389e+03 -8.714098376717147403e+03 1.630787909792296887e+03
-5.585613499326760575e+03 -5.731619829608122927e+03 -7.067839416875181087e+02
2.179036980419137763e+03 -1.252926701927357317e+04 2.262076648183874568e+03
2.560246211894927001e+03 -6.661899816831001772e+03 1.864981522133431781e+03
-1.071086354723453496e+03 -4.903408586830413697e+03 5.975098551199193025e+03
4.764382719768933384e+03 -2.047126345660044171e+04 -1.333639785116089911e+02
1.043452326496121486e+03 -9.907989445162113043e+03 4.875335735078642756e+03
-2.323610013290802453e+04 -3.555753029833378241e+04 2.233488617802569934e+03
-2.100310721063632627e+03 -5.409493911930785544e+03 -4.008875848104441957e+03
-1.600588728527118064e+03 -9.398437760925697148e+03 1.623725665286316826e+03
-1.394880952379647169e+03 -1.005088944927064949e+04 1.728905922765696232e+03
-8.061224647573462789e+02 -9.925629687060592914e+03 2.598026936337167172e+03
-3.000609928998789110e+04 -6.793446766087657306e+04 1.733399327192367127e+04
4.303086842380673261e+03 -7.859166054671667553e+03 -1.232083913263264776e+03
-9.894169419169509183e+01 -8.408126178949636596e+03 2.870884136057898559e+03
-9.520549016407807358e+03 -5.422771046658142950e+03 -1.603327766026697645e+03
-5.809562052186640358e+03 -6.739931254578720655e+03 -7.496403351434260003e+03
2.768809052138977495e+04 -4.212547224759443634e+04 -1.704434897480361906e+04
1.724917182297064073e+03 -3.996058853795618234e+03 6.383795467909128092e+03
1.889040449517284287e+03 -7.588681225489375720e+03 3.866428770018445448e+03
-4.481239535273736692e+03 -7.876790541401101109e+03 3.535236215839316628e+03
-3.938636434188529734e+01 -9.573047511738541289e+03 1.672001930722958605e+03
8.968174014857928341e+03 3.671133789068471742e+03 6.569548554044499724e+03
6.934546923263467761e+03 -4.317742833036132652e+03 -6.481866318942840735e+03
3.791704382813663869e+03 -9.259513832074026141e+03 -3.184604242243157842e+03
5.855567778273671138e+02 -1.075431777688609691e+04 5.508174247402694164e+03
2.965333046749708501e+03 -1.089895477182831928e+04 3.535667101942751287e+03
3.961874613090680668e+03 -1.544700992883968320e+04 -2.949437022323450492e+03
2.514200601127678510e+03 -1.076410890550853219e+04 -1.291322793450898644e+04
2.469639454931487307e+03 -5.373970801475917142e+03 3.294932722321836627e+04
-2.244489890922360064e+04 -1.924461051764577860e+04 3.674259991798664851e+04
-2.789794602751424463e+03 -7.902983025255692155e+03 4.967513644266480696e+03
8.070007063386174195e+02 -1.160573318698712865e+04 1.535179311695559818e+03
3.673171765618983045e+03 -8.047733027634158134e+03 7.024395666633130531e+03
1.987612834815583028e+03 -1.340515488475556958e+04 1.011165811656395090e+04
-8.557247255531218570e+02 -6.306491539218843172e+03 3.396249692383133151e+03
-2.248366269240299516e+04 3.994893887269407060e+03 1.043673861619808667e+04
3.803486750918233383e+01 -7.550585786334580916e+03 4.087835659928485711e+03
-1.088185228369925881e+03 -8.962967833781434820e+03 1.091363943130594635e+03
4.293035422382733657e+01 -1.556790090696554580e+04 -1.209644067608426485e+04
1.045721862933026932e+04 -9.800560840549123895e+03 -2.391514850909678671e+02
2.913360551497961569e+04 -2.187896704100194984e+04 -1.594690589266220923e+04
-2.195486717681986306e+02 -8.944919157338408695e+03 4.363377661391067704e+03
1.399576464925599794e+04 -2.480985110402249848e+04 -3.027656598472315090e+04
6.294893462978811840e+02 -2.683877713771884373e+04 -5.571182280515518869e+03
7.118508356349277619e+02 -6.804308081587303604e+03 1.985931639791599764e+03
-3.872047804994397211e+02 -1.070335894116615236e+04 -8.314457147387372515e+00
4.897243190645752406e+02 -7.711154099481502271e+03 3.106691048391325239e+03
9.388677280768325772e+02 -6.189138075347512313e+03 3.662507123002831577e+03
5.769123434703190469e+03 -6.796161164003524391e+03 -3.428313590734936042e+03
-6.530005710603722946e+03 -6.428872791010909714e+04 7.711737529550289764e+03
-1.679767952720258563e+03 -8.808001632323346712e+03 2.445994798645536775e+03
1.008365829532325733e+03 -1.075352086643143775e+04 -4.163937594103822448e+03
-2.158495551817203705e+03 -7.455073636838162201e+03 -4.090623260462523376e+02
-3.488309704283102747e+03 -1.168631047633920934e+04 6.424175050922708579e+03
-4.783012086693533092e+03 3.269297923003263804e+03 -4.250942466080253325e+03
7.549806439511388589e+02 -8.706566630256247663e+03 3.023168552514581734e+03
1.566727786327505100e+03 -1.036809876022497519e+04 -5.657727569201607594e+02
-4.460005168318955384e+02 -1.095682365657662740e+04 4.082029261354628034e+03
2.572883013509088414e+03 -9.312125592414691710e+03 2.571013004393280880e+03
-6.711539874207053799e+03 -1.963156445457468180e+03 -6.934705171091341981e+03
5.793283851043922823e+02 -1.286268167486386665e+04 3.728130830340723151e+03
-1.028577343270928168e+03 -1.046116698105418800e+04 2.172605206592809736e+03
1.935649652498362684e+03 -7.590427665617446110e+03 2.927962946899534700e+02
1.682240910979944147e+03 -1.152652204799359970e+04 4.279335501257093028e+02
1.615818028095493901e+03 -9.944242736534799405e+03 3.270207098097675498e+03
5.088654046054795799e+03 1.440650509922049241e+04 -1.326542473375830468e+03
3.912953917476944525e+02 -9.744477570118859148e+03 1.327985387698261775e+03
-2.559656538860848286e+03 -1.368512125472441585e+04 -4.510936305851068937e+03
2.984686172532917226e+03 -8.423413462158272523e+03 -2.272020422768271601e+03
-9.156457228440102654e+02 -9.944938903588961693e+03 3.088278038299562468e+03
-1.776970454097329139e+03 -1.232872483821621427e+04 1.222866747714735993e+03
5.004349844002376813e+03 -3.867749066031607981e+03 1.880577826803246126e+03
-4.663410345388582755e+03 -6.818023734158032312e+03 -6.515576161069299815e+03
1.486716057457216448e+04 4.031263388169789323e+03 -3.980084888617923298e+03
-6.273222144797516194e+03 -2.564497257019949302e+03 -2.383208726873630440e+03
8.197887671264246819e+03 1.425812990959372655e+04 3.625280078094553028e+04
8.166261467573042864e+03 -7.914150523919386615e+03 -5.682200827884069440e+03
-1.051830965744898822e+04 -1.653222014261780714e+04 1.041701084700466708e+04
-3.889541268768567761e+01 -8.746340366316038853e+03 3.592564392071881684e+03
-3.143327566427268493e+02 -1.005324148540237366e+04 1.412219058278158627e+03
-7.453032965880698839e+02 -9.104250444508650617e+03 1.700313323414099159e+03
-1.193100039198307911e+02 -1.060010714623370222e+04 5.614339849715555829e+03
-1.462522234206858457e+03 -9.831281808314111913e+03 3.416969878416614847e+03
-5.601164936143600244e+02 -9.622809405638299722e+03 2.176021648285995525e+03
-2.930873890513701554e+03 -1.197408298787538115e+04 1.631400437520303512e+03
1.141580742120409695e+03 -6.675170451633196535e+03 4.069533980079248522e+03
3.150156766361037626e+03 -1.218382123516097818e+04 1.876575160842647165e+03
1.672405887217673808e+04 -2.439847450780222425e+04 1.553298325723985363e+04
1.409016861373946313e+03 -9.198760095823618030e+03 2.262800303190208524e+03
1.154183132171760917e+03 -1.059818028938203133e+04 2.187114136427451285e+03
2.274263590480725270e+03 -9.394496188802419056e+03 1.705388846970448412e+03
5.360329869963991769e+03 -1.661884846564706822e+04 -5.631117326085556670e+03
-3.640522897801378804e+03 -5.738119864176165720e+03 -1.529301955572327415e+03
1.733994359272097881e+03 -8.582508244227847172e+03 3.000282506212359749e+03
-3.908574510615349027e+03 -1.413356098980332035e+03 5.278758117546231915e+03
6.810842121210635014e+01 -9.491105721220345004e+03 5.876444732747479520e+02
-3.187796529218984688e+03 -7.959020436124102162e+03 8.335333736561724436e+03
-7.159777281446546340e+02 -9.698016614131203823e+03 2.404781822541700421e+03
-5.006464225320813171e+02 -1.437186287729584546e+04 2.455158514614825253e+04
3.253212467553027636e+03 -4.538747564453457926e+03 -2.236986395266432282e+03
3.085638224776965217e+03 -1.387896374761376137e+04 -2.251715214145890059e+03
4.545207196509833238e+02 -1.251685046379308369e+04 -4.113970743576159634e+02
3.509758429244421905e+02 -8.661448302736633195e+03 1.456941422704731622e+03
-1.327838395080439113e+03 -1.106380655005623885e+04 -2.749424440353682712e+03
-2.537350063870474628e+02 -9.572163419154712756e+03 1.877356003453215635e+03
-6.216605074642093314e+02 -1.366636156214641051e+04 2.552838569755181197e+01
2.187487658790814385e+04 -1.122930710912364520e+04 1.511759080321174770e+04
-1.421610029109869515e+02 -9.234292375883640489e+03 3.023003035315395664e+03
4.325750016315842004e+03 -8.207775571773872798e+03 2.415000479538026866e+03
2.652233655282581367e+03 -8.468758439524599453e+03 1.060235144577973642e+03
-4.319714713551133173e+03 4.468696883689675815e+03 -1.146877045364035985e+04
-6.695778104478691239e+04 9.866664265005198104e+03 3.780336687876085489e+04
-8.448430825602384857e+02 -7.541220644561969493e+03 2.857879660857726321e+03
6.908890606594536621e+02 -8.000990124245490733e+03 3.879316285517854340e+03
3.578040992699933213e+03 -1.763817237696892334e+04 7.776516726161728911e+03
1.482896426722586966e+03 -1.205959440592031024e+04 3.278087348724468939e+03
-1.053697803217020191e+04 6.909010666769834643e+03 3.240026040263464438e+03
-7.003537570840915578e+03 -1.994874956135484172e+04 2.659459078927725932e+04
3.549208396761667359e+02 -1.075523295124272045e+04 5.516979899717853186e+00
1.145170625224589166e+05 1.656575203253225191e+05 -2.839533585842818866e+03
-1.082748952423220999e+03 -9.393369515476759261e+03 2.926421852551772645e+03
1.956958704704877618e+02 -9.180813274316846218e+03 1.187652217373157100e+03
5.445291876426258568e+02 -1.139713251256241711e+04 3.056978415681587194e+03
-1.863199486108044312e+03 -3.096434400717302651e+03 -2.214936386579283408e+03
-2.293015332856866007e+04 -1.452872110443413840e+04 2.524479038000821311e+04
4.473896552039107064e+02 -8.716676230600782219e+03 1.912346304385756412e+03
4.496156367172707178e+02 -8.664218906821372002e+03 2.501221826755093389e+03
4.876146532512258887e+02 -9.866583564774864499e+03 1.629144756090375722e+03
5.968914273851722101e+03 5.606783656604035059e+03 3.464520390434217552e+04
-3.760063219815227058e+03 -7.052988191727849880e+03 -1.944768236127264117e+03
5.792276870519399381e+02 -1.010324794730957001e+04 1.852705542960809225e+03
1.365088512507024643e+04 2.636267185973659434e+04 2.999751001429103053e+04
-9.493031904810303558e+02 -9.177398554848707136e+03 7.554972949100889309e+03
1.561562443274271391e+04 2.241438930801067545e+04 1.023900514114981706e+04
-7.030419764867376216e+03 -1.187316687204909249e+04 3.225903167207687602e+03
5.800958196468055576e+03 -1.057352352095167407e+04 2.916873230136827260e+03
-1.918597388247452500e+03 -9.370124423451115945e+03 2.599711064325131701e+03
1.533863480699452521e+04 -2.744273804951021248e+03 1.916126105000437019e+04
1.166108266198867341e+03 -5.548592233563656919e+03 -4.389195738716014603e+03
2.060068262975896232e+03 -1.164855896081207175e+04 5.230201794436565251e+03
-5.922253191010344381e+03 -1.832203770103388524e+04 1.116723172469290148e+03
3.048602786898456429e+02 -8.533953105988124662e+03 1.457597095154238559e+03
-5.466535119845118970e+03 -7.154145752235489454e+03 -1.883276956600807353e+02
-8.319247435091746183e+02 -7.092520124566968661e+03 6.601147371482237759e+03
-9.387778428372081180e+03 -2.306202453332901132e+04 2.911394332706171190e+04
-2.398130681250494490e+03 -7.754769150519984578e+03 -7.837013076806682875e+03
1.044849648121070459e+04 1.205891595184002108e+04 -1.963358271426719512e+04
2.976737782555153444e+01 -8.884789158507812317e+03 2.373677015350559941e+03
5.391073267371046995e+02 -1.018705731182338059e+04 2.547843317492205983e+02
1.170561539779773375e+04 -6.462133650067103190e+03 -1.395761869902609305e+03
3.962766890718958734e+02 -9.502282733978578108e+03 1.216705054976117708e+03
-6.178077469655358982e+03 -8.830831041625420039e+04 2.393838490050891778e+04
-1.626670738897190131e+04 -1.227070444504101215e+04 1.111997133831436986e+04
-3.593195176540930333e+02 -9.274633962255753431e+03 1.901585047548477405e+03
-1.999106318847856983e+03 -1.193787870051601385e+04 1.697162835477324279e+03
-1.787155576100662074e+04 -4.765703712833867939e+03 6.528052635702063526e+03
-9.795385090754598423e+01 -9.382953916311987996e+03 1.435234096503056207e+03
-1.150371794829283658e+02 -8.603727999852773792e+03 1.825742782461288016e+03
-2.436222410336886242e+02 -1.050306673517237141e+04 1.930114461357139589e+03
-3.458784035946610402e+03 1.103353393825810963e+04 1.276956288063478860e+04
-5.328769164235347489e+03 -3.847563374552628375e+04 -1.676316140560759095e+03
8.893115751879601021e+02 -9.641232937440334354e+03 1.862011295771103050e+03
-1.761594739805688050e+02 -9.226755622856786431e+03 2.944580331326633313e+03
4.571855523660562540e+03 -1.291573751967232238e+04 -7.206329017794110996e+02
-2.181038143252481518e+02 -9.043913244389123065e+03 3.378369988528494559e+03
5.695835708441797578e+03 -8.944855006927313298e+03 -2.464407611304129205e+03
5.457832398908636605e+03 -1.185834898479366348e+04 -2.867185539427023855e+01
-8.451644471460019759e+02 -4.380329042058773666e+03 -6.913497627654154712e+03
-9.863365302105555088e+01 -8.140224346141216301e+03 -1.173541442056987398e+04
1.086493893187093454e+04 -4.773990303300426604e+03 3.494028661051766562e+02
1.704965614774271671e+03 -1.411849333134118751e+04 5.158525555868582160e+03
-7.646225881791447136e+02 -7.978435184731300978e+03 1.068393537133650716e+04
-1.554320910081457805e+04 -4.649293742926953200e+03 6.917354860439468212e+03
4.404666170836488163e+03 -1.225653930763577409e+04 -2.072566588487183708e+03
-3.597188357023064782e+03 -8.392562322641681021e+03 1.417220652438882826e+04
1.596397533870980396e+03 -1.042842943086890409e+04 -1.180264469548513944e+03
-3.137509473107991653e+03 -1.185980315991802672e+04 1.657162859102447101e+03
-3.392172340842419999e+03 -6.340883698387790355e+04 -7.597354086319360249e+02
-3.331756781866507481e+03 -6.257694460743183299e+03 7.605147433344766341e+02
1.751424080260280334e+03 -8.184024417930800155e+03 2.969692018447957707e+03
-2.669115589309539700e+03 -3.549706449852341393e+03 4.423527562365329686e+02
-3.844236537190705803e+03 -9.333196200070005943e+03 3.042850013367522024e+03
-7.701262932215618093e+02 -9.175550381942874083e+03 1.766029491548401893e+03
-1.627678874523982813e+03 -9.619757051935976051e+03 2.533148971522254669e+03
-1.263946060403543470e+01 -9.037600744063927777e+03 2.499330282312478630e+03
-5.962299071382734610e+02 -8.535942270866520630e+03 1.521562837516114541e+03
5.897826511514530466e+03 -1.013082619523695394e+04 -4.441155738853611183e+03
-1.495411234572317335e+04 -4.791832281243107718e+04 1.141409600655539361e+04
1.249989880021092858e+03 -9.211408810332788562e+03 2.287498295856711593e+03
5.896361211847505501e+02 -1.209013861396174070e+04 1.172644532817917707e+03
-1.721002858568523379e+03 -1.156136874407828327e+04 1.186168417946818226e+04
-1.445671388859025228e+03 -5.815694681070317529e+03 -3.914363169411196395e+03
-6.287638481001650689e+03 9.840339133404422682e+03 1.268297908835467751e+04
5.940204516876779053e+02 -1.336878139600169015e+04 7.607815294611613353e+03
4.298021000001459470e+03 -1.128443115988733189e+04 6.910714388583905929e+02
-6.507405025140560610e+02 -7.037946900369222931e+03 2.856945197945825043e+01
1.662308540325410604e+02 -9.786745415202387449e+03 1.035362284900471877e+03
-6.387490171901641588e+03 -9.539526250963364873e+03 3.237224979359313693e+03
-2.871646959777626762e+03 -6.263454024237270460e+03 8.640811641525012874e+02
3.633573791523831005e+03 -1.541363962739268027e+04 2.585459428855403985e+03
-1.943223852707696437e+02 -1.504647548564180943e+04 -2.398117076502419877e+03
-1.590256195767242389e+03 -6.724634711259282994e+03 -1.697276023112310668e+03
-5.570375847997617711e+03 2.618603791527724752e+03 9.764598920539599931e+03
1.336445637138491804e+02 -9.497174764239523938e+03 3.247001262492008209e+03
2.615073047987486916e+02 -1.147773413867151976e+04 -1.821223122925089228e+02
-6.900793312410603903e+03 -2.567342482465184366e+04 1.539095390392248555e+04
5.827629836165442248e+04 -7.811590422349936853e+04 3.772745808585988016e+03
-9.549653287225257827e+02 -1.143330703097704645e+04 4.486589125852375219e+03
-1.357450910072217084e+04 -7.086528324518068075e+03 2.096692364433894181e+04
-9.494150861810087008e+03 -2.150678127522306386e+04 -1.073525935134062638e+04
7.261090625110687142e+02 -8.513977627297424988e+03 2.202801387218151831e+03
1.110549190750441812e+04 9.854558083457952307e+03 1.415390676347977751e+04
1.231571925675144030e+03 -1.081520929763437198e+04 2.593371829625671126e+03
-3.692977004061547177e+02 -1.137337836231821893e+04 8.566402681551259093e+02
-7.276797801390102904e+03 -1.524763561379462044e+04 -9.253824328628567173e+02
-9.792077178297231512e+02 -1.262604636716854293e+04 -1.867196549532781091e+03
-1.174763166336016184e+03 -8.119321350686996993e+03 4.897072397576783260e+03
2.986458711939633304e+02 -1.059008721265267377e+04 4.042373658394744780e+03
1.092040135770776033e+01 -8.197275872646789139e+03 2.000081130834300666e+03
-5.499743263209210454e+03 -1.276842215191851756e+04 5.194898027777986499e+03
-9.686103134628418729e+02 -8.736047872473365715e+03 3.201943300035455650e+03
1.701533373142204255e+03 -7.088244845517685462e+03 1.267224916249179159e+03
-3.904611669138726029e+03 -6.140307348777411789e+03 8.380901278120479674e+02
-6.753337081010827205e+03 -1.537563748791282524e+04 1.960727762830969004e+04
2.191983253662354764e+04 -6.575427971560313017e+04 8.304429431265301901e+03
8.979174667718751152e+03 -1.194558231043864726e+04 -1.682030524039199008e+03
-1.275735688275983648e+02 -8.834827294609352975e+03 1.280867218374743061e+03
5.368623957500523147e+02 -9.817934907487257078e+03 6.698486670135665918e+03
4.711020189755535284e+03 -8.819501492900804806e+03 2.693996849157452743e+03
8.666952568959408154e+02 -1.012609498954751871e+04 2.540216127567685817e+03
3.685775656017398887e+03 -1.349616705322376583e+04 4.413817756308704702e+03
1.449884013035755288e+03 -5.542215459631341218e+03 4.524104643843632402e+03
-2.145211837045185803e+03 -9.723866918905087005e+03 3.140315377005545997e+03
4.259071388417579328e+03 -1.014751289872614325e+04 1.469873690852009076e+03
-1.479330890438357926e+01 -8.310463722803677229e+03 3.791892967655673147e+03
3.048056864106389185e+03 -2.872747257161855941e+03 4.840091062104264893e+03
3.245521605837407151e+03 -1.150477402995777084e+04 3.847044786368888708e+03
-7.891858033138610153e+03 5.837166332637519190e+03 4.746365005570402900e+03
-1.724013340238855676e+02 -8.562585306018287156e+03 5.136166790415282776e+03
-8.940937722091464821e+03 -1.013328900726232632e+03 4.829930581319401426e+03
-5.345634404193843693e+03 -4.684578818813759426e+04 1.188706607632537816e+04
1.069076007168054048e+02 -8.332978696699175998e+03 -2.186485976601034508e+03
3.846007634926157607e+03 -1.092843282043700492e+04 5.052312122116745741e+03
-2.062020877016005034e+04 -7.910113948676600558e+03 1.841575341856867453e+04
7.704452298248081206e+03 -1.127745174192514605e+04 -1.441252081436052549e+03
-2.409283918902053301e+03 3.282581081303929295e+03 5.533615888143269331e+03
5.047536512568572107e+03 -1.456190478009467734e+04 2.120231737278721084e+03
-3.067709115843160816e+01 -9.747905606934727984e+03 1.752090571229834040e+03
-1.027484152218475856e+03 -8.981521183313838264e+03 2.212373082000769500e+03
-1.129107115667228527e+03 -8.446789498654401541e+03 -1.561337270641492410e+02
7.039114579683669035e+03 -5.295610690017643356e+04 -1.363975606232640166e+04
2.573050004003301365e+04 -9.264179962346696993e+04 7.064006042940120096e+03
7.802144830518459457e+03 -1.028221736117716137e+04 -1.379232024966844983e+04
-4.502798260705579310e+02 -1.038211813545221048e+04 5.962814701027177762e+02
-1.263316944233879804e+04 -3.453406042969028931e+04 2.383358208266229667e+03
3.776993408970086534e+02 -8.948358930811866230e+03 5.259538855144640365e+03
1.226500906367835569e+03 -8.941329544323340087e+03 2.393470392788231038e+03
-2.943648277164270894e+03 -3.050928646621522785e+04 1.533191011886391243e+04
9.007197097773962469e+01 -1.022501775457438998e+04 2.167642823335383582e+03
3.572670362899327756e+03 -1.072862725859265811e+04 4.005869915299782406e+03
8.224696768365980461e+03 2.285080192684024496e+03 -1.734805275858785762e+03
-3.403227483547808788e+03 -3.458770035483776155e+02 1.675817190327298022e+03
-2.704186619078207059e+02 -1.005702835149261591e+04 2.219737883981762025e+03
6.065628925628008801e+03 -3.982211144372778108e+03 -2.498671510000094713e+03
7.687234456791753473e+03 -1.585822119043633211e+04 -2.053479524764998132e+01
4.226767309926230155e+03 -2.546788921960466905e+04 6.123780275323747446e+03
2.335995880790598221e+03 -1.111040968504738703e+04 -1.445984524518434682e+03
1.062659574792541389e+04 -3.159228437955280697e+03 -2.437180582370032880e+03
2.761442606343613079e+03 -9.978136224510495595e+03 -2.568570789601454180e+03
-8.351138362476735892e+02 -7.008787871575863392e+03 3.926229298981651027e+03
2.331736269874426853e+03 -1.177178308717947584e+04 -2.578934322053251890e+03
-1.258577775267345373e+02 -4.883937929318539318e+03 9.151770661174585939e+02
1.465461804947552082e+03 -9.803884474375283389e+03 2.523288344678731391e+03
7.148807796500327640e+02 -8.828009340750648335e+03 2.582137933945890381e+03
9.607175599152325276e+02 -8.910342463076678541e+03 -3.571694299362046650e+02
6.024291444441548265e+03 -9.826955073847377207e+03 5.363294110784670465e+01
5.769975511258520783e+03 -1.334974816817705869e+04 6.085733002554097482e+01
-6.409265924116294855e+02 -8.276172044259898030e+03 2.406378812705654127e+03
8.016910627952407822e+02 -9.527287843817561225e+03 2.797694317538999258e+03
-4.167593087407399821e+02 -1.072880556663520474e+04 2.548607874331975381e+03
-6.329028272443248397e+02 -9.172773584880696944e+03 3.136370519632385367e+03
3.172196118574075626e+03 -1.328641036630232156e+04 -2.827765774321491335e+03
-3.322317694399642960e+02 -1.098653112686078748e+04 5.000428428713060384e+03
1.025901641556928553e+03 -1.532666797425050390e+04 3.742628083557487571e+03
5.926386909991889297e+03 -1.326457089166617334e+04 -1.600741552772949944e+03
-6.142001404827820807e+03 -8.309219818423229299e+03 4.941418393467789429e+03
-5.205254266455047400e+03 -2.497624183744811035e+03 -5.341350299831635311e+03
-1.850653527041688676e+03 -1.257379000531082420e+04 4.151376549175141008e+03
2.052187537955665562e+02 -8.881418939660936303e+03 -5.179997056376882938e+02
3.163853518200654435e+03 -1.072605221652601176e+04 2.028547019406167237e+03
-5.458473420890658190e+02 -8.109613241213645779e+03 -1.592778588949487676e+04
-7.585238000725761367e+02 -1.004159545834482196e+04 3.143074524038018353e+03
6.983036770419676031e+02 -6.684975609066769721e+03 -7.589934132466627261e+02
-8.486746217435886592e+02 -2.532596513338340446e+04 8.627498686320996057e+03
-6.749693875806913184e+02 -1.426208821239413010e+04 -1.726707945999219646e+03
-7.470701393310997446e+03 -1.592931157635348063e+04 -1.902569470677526988e+04
2.540101574140452385e+02 -1.014268329160579560e+04 1.906317585988254905e+03
8.526595336100414215e+02 -1.724602280989474821e+04 -8.455986392514923864e+03
1.730584269756722733e+03 -7.781179489956646648e+03 -1.979557647926058962e+03
2.799232351093886791e+03 -9.380451458764640847e+03 1.980864305621113772e+03
-2.383388480786338732e+03 -1.411269381860170324e+04 -1.285371085251505065e+04
2.028136152261187135e+02 -6.869069262638245164e+03 1.662969104300973186e+03
-9.261684250095915559e+03 -2.031716014524679485e+04 -4.595841761369873893e+03
-4.984139933439186279e+03 -4.544535928846202296e+03 -8.596362578952242757e+02
8.010322992868100300e+02 -1.612605137339584326e+04 1.053707118101547348e+04
2.362448483907042828e+03 -1.091174010786722647e+04 -1.923284578031480407e+02
-1.524312997874286339e+03 -7.221299052541748097e+03 2.076134909634190080e+03
-7.967383557341918277e+01 -9.257567497427215130e+03 1.661549862124880292e+03
2.957537603294831570e+03 -9.007690775542396295e+03 4.077048214027641734e+03
4.737987582394995115e+03 4.636450320122754420e+03 5.998653230016961061e+03
-2.267808953203907549e+02 -7.926407472478076670e+03 2.546147883788244144e+03
4.151781630521522857e+02 -7.986496409053087518e+03 3.863661574887715688e+03
-4.228295204219151628e+02 -5.935835581221791472e+03 3.124433951800856812e+04
5.042955341726132247e+03 -1.096570888467440818e+04 -7.102213331113265667e+03
1.731455844518397498e+04 -3.091038271371795872e+03 -2.447691649455485094e+04
-1.358630681438877400e+04 2.030386316900910606e+04 2.557158875607247319e+04
-7.030575760020133202e+02 -8.985371629073948498e+03 4.915628534559115906e+03
1.002636012121137901e+04 -5.916047426504075702e+03 2.095789797123677999e+03
-2.882481102251726497e+03 -8.312844594467242132e+03 3.815117459098802101e+03
-3.581139726634531598e+03 -5.921742264972029261e+03 2.651364488600466757e+03
2.623644445665604053e+03 -2.586128387699395898e+04 5.547794737472538145e+03
7.878600363565112730e+02 -8.155959358907673959e+03 1.637652851695849222e+03
5.859877967350953440e+03 8.608110171107460701e+03 1.184895608802424431e+04
8.338604485936510173e+03 -3.142141051167952810e+03 -1.829703606028364447e+03
-1.133054714682249323e+04 -6.687886267939464597e+04 1.934155554226982713e+04
-3.973703237456294573e+03 -2.177591568966423665e+02 -7.113439045118965623e+03
2.380516109157831124e+03 -1.539296654280580333e+04 -1.072937419471036719e+03
8.106308020217136800e+03 -1.784823592987671873e+04 3.981372292699636091e+03
-6.424981021735756030e+02 -1.208185257627701321e+04 1.106408984405420142e+03
-5.420881047735850871e+02 -1.428948971107830766e+04 7.746785884440300833e+03
9.369928993205264760e+02 -9.618857704980324343e+03 2.377313686428287383e+03
3.764379601633963830e+02 -9.536146369567362854e+03 2.761798301813892976e+03
8.061637914848124638e+02 -9.093648143315613197e+03 1.853718858623451297e+03
-2.787667949858080192e+03 -8.690058884408996164e+03 4.465591078517707615e+02
4.257055199650381837e+03 -1.589571696443947440e+04 1.319086591911162395e+04
6.684128043796312340e+03 -1.279918138913211260e+04 -1.309939169357307264e+03
-2.312549212486094348e+03 -6.887918617655699563e+03 2.504676822046442794e+03
-4.283655071896887421e+02 -1.052774493826063008e+04 2.059236889228571272e+03
-1.497217647511546147e+03 -7.420776422743042531e+03 7.414070560962255513e+03
6.678466690049442150e+03 -8.388552541332097462e+03 6.244063873581316329e+03
9.120029201651441326e+03 6.648275000345137414e+03 -3.257933788832841856e+03
6.998090816753840045e+03 9.835969490986624805e+03 -9.103819703014516563e+03
-1.998393134247125090e+03 -1.161770279032451072e+04 -1.037636334194735582e+03
-3.068856529898531335e+03 -7.666751831036511248e+03 3.922846360854153318e+03
-2.783087839430296299e+04 -8.701824367021519720e+03 3.235245385202910256e+04
1.691952912984414797e+04 -2.163795261046920496e+04 -6.795619213944868534e+03
9.954617797954920206e+02 -9.223067880880864323e+03 2.090970995348149245e+03
5.205976467715851186e+02 -1.036013420620842408e+04 2.642390923458609905e+03
9.429369533726970985e+03 -1.144652896794680964e+04 -1.755526300999786145e+03
-3.759705512916095176e+04 -2.279921990839909995e+04 1.986510239724830171e+04
-8.386292358206004792e+03 -5.951551816353589857e+03 -1.947413522963245214e+03
-4.372440105766880833e+02 -8.387168722413811338e+03 -9.833697590933516040e+02
4.008921460374658636e+02 -8.747857249386350304e+03 2.669750716394562915e+03
-2.956269677107683265e+02 -8.534816918098296810e+03 2.410515747847020521e+03
6.387226820554697952e+03 -1.232753686254734021e+04 1.517165524957948492e+03
1.641413085588235845e+03 -1.156733236559613215e+04 2.456094270659347330e+03
-3.289771440131046802e+03 -1.200161868813528963e+04 9.234758687500005180e+03
-1.939044991374998745e+03 -5.851247170154721061e+03 1.323007505365972065e+03
-4.720721345896071739e+02 -9.363269750235414904e+03 1.825580513330699432e+03
2.168992618054926425e+01 -1.297374631812598454e+04 4.477412572493176413e+02
1.056169226760386209e+03 -2.793570177919002617e+03 8.886335317607961770e+03
-4.978628551767816361e+02 -1.180782753891562061e+04 3.137574922465800682e+03
2.248800502893622252e+03 -1.118235388461699768e+04 5.743371251169991410e+03
-9.351461093029043695e+03 -3.380670530853105447e+03 1.800360205124988170e+03
4.680189729042264844e+03 -6.332707814072620749e+03 1.039163437365921345e+04
-3.334218285967937845e+03 -6.440236328011555088e+03 2.954000627928375707e+03
-3.648053318557160310e+03 -1.764082499911768537e+04 6.382532813965239257e+03
3.781508777812943549e+02 -9.722343540773674249e+03 2.985846478778257733e+02
1.720635835197369033e+03 -1.189734271877512037e+04 1.985176531172576460e+03
-1.626810883504748517e+03 -2.924172685575835203e+03 4.846082739700516413e+02
1.249809493743711573e+04 -2.444811195754403161e+04 -8.077898703202350589e+03
4.780745155656351926e+03 -1.166817457045248011e+04 8.583163653398237329e+02
-2.807968485301495548e+03 -5.762364126744326313e+03 2.899532680910660019e+03
-3.669758262884617579e+04 -1.091062259354696835e+04 -7.530426022678496338e+03
8.522930212242780499e+02 -9.569847991409700626e+03 1.177479910327145944e+03
-2.440824384498624113e+03 -6.413571636230601143e+03 -3.690642068892453835e+02
-2.037997741960196890e+03 -1.489200057656167701e+04 4.287186519884287918e+03
3.378681879351614953e+03 -3.172709512840673779e+04 1.548864206162634218e+02
5.832615513107984953e+03 -8.437978250532165475e+03 9.567997370940574910e+02
7.898763461275989357e+03 -1.176887813091343196e+04 2.797796437112172498e+03
8.948761666316657283e+03 -1.827349018770829571e+04 9.296808619607722903e+02
1.645422799539453081e+03 -1.030084460070674140e+04 1.678260963034811539e+03
3.025436379208291555e+02 -1.237761743219738128e+04 3.424980645167431703e+03
1.252306212507928649e+03 -1.018567892735996611e+04 9.158814836172678042e+02
-2.658939882583516010e+03 -6.167378247730703151e+03 8.336604474474273729e+02
-1.222583603749379506e+02 -1.262968004309166463e+04 3.978761250013006929e+02
3.249181284264533076e+01 -9.825356553649513444e+03 2.872064826651154362e+03
2.671625643830169793e+03 -8.525647015370583176e+03 -3.964515778931312525e+03
3.108500889050383762e+02 -1.192853552362042501e+04 -2.783083299061091225e+02
1.600305837866942056e+04 -2.408989709491380563e+04 1.050253096865630505e+04
2.048258944642571805e+03 2.233075656112185243e+03 -3.690888768135480859e+03
-1.145306873417932593e+03 -8.651216945354042764e+03 4.081801170796457882e+03
3.856713771476199327e+03 -6.612836404790066808e+03 6.378987178618085636e+02
2.983343904117987790e+02 -1.005142799671217472e+04 7.268262452122780815e+02
-7.348105138599585189e+03 -8.211901679488698846e+02 -1.862639746357132253e+00
3.768709214661558235e+03 -8.599072426618196914e+03 -5.036241160948974311e+02
-2.955814448163167981e+03 -1.278828721557307290e+04 1.587911423548827770e+03
-7.320800406277410843e+01 -3.150804131479960233e+03 2.709799527381025200e+03
5.631569835607780078e+03 6.643186322254654442e+03 1.005618752035782927e+04
4.340206879259288257e+02 -9.524396112542413903e+03 2.656639261302172144e+03
-8.715981452237921303e+02 -8.786733553145417318e+03 4.899931094474336533e+03
1.183612703270307065e+04 -1.533204219900871612e+04 6.355101512869874568e+03
-2.580035160914831977e+03 -1.648763042318649241e+04 2.563827011783382841e+04
-3.042254035155194742e+03 -1.215122150027571297e+04 2.207791262548635586e+03
-4.872384117714912577e+02 -8.315922777790576220e+03 3.273882306996760235e+03
6.850159016526610003e+02 -1.060528121377898060e+04 3.342604012870916449e+03
-1.663050732251186855e+04 -2.552836599567051235e+04 6.388597282382550020e+02
6.400449302111294401e+02 -7.733802526197480802e+03 2.547118181693896986e+03
4.161351982534541094e+03 -7.097992164599680109e+03 -1.509635187051470530e+04
9.417526220864971037e+03 -1.184001171309151869e+04 -1.088933333146815130e+03
5.008809667861846719e+02 -8.262919742603500708e+03 3.895145655004370838e+03
6.465380003538425626e+03 -1.433474456015627038e+04 1.521338946762250089e+03
2.440349823712932994e+04 -1.887662796481625264e+04 -1.000311094242198669e+04
7.845241995883595791e+02 -9.376623810397371926e+03 2.712781807583889076e+03
1.934251590722959975e+02 -1.033107113056097478e+04 2.026212989895346709e+03
6.858746214414233691e+03 -2.592067290693778705e+04 2.229773855739188730e+04
-1.104419652658188352e+04 -3.178362245365027411e+04 2.611812876303897065e+04
-5.294970309172916132e+03 -1.154645221609501459e+04 -1.324638383745780402e+03
-3.552300975501201265e+03 -1.022650896876422303e+04 1.920221261961203481e+03
-4.056960996270570831e+03 -2.053907830855992870e+04 2.232425672783515438e+03
-6.562862180075497236e+03 -7.718574201534056556e+03 1.887392601706194682e+03
4.818673468780318103e+02 -9.488032257051014312e+03 1.852030257777921406e+03
-1.271655885109016526e+04 -2.028697568310141287e+04 2.517861119217888336e+04
4.586902287076949278e+02 -9.959450423116137245e+03 -6.000474006057462475e+02
1.192902391454716508e+03 -5.185577489582352428e+03 3.100749412447533814e+03
7.936125327347413076e+03 -2.255983721247501671e+04 1.882909119892033459e+03
1.302251852954427704e+03 -1.404185959682993416e+04 2.053938884654606227e+03
9.475170608433394364e+02 -1.073413732389922916e+04 -4.639371434094605320e+02
5.669902468037779727e+03 1.670452406167090521e+04 -4.427021078990260889e+02
1.246859449708607826e+03 -7.562249895588474828e+03 3.423972323910491923e+03
-2.062197429525696407e+03 -1.133441635736282842e+04 3.015181845271106795e+03
3.699745175307666159e+03 -7.733541248861812164e+03 -2.543200773790641733e+02
-1.101219033341285922e+03 -9.313876243564669494e+03 3.895429812935887639e+03
1.125258564313532406e+04 -2.059611759830875599e+04 -4.905648618683793757e+03
4.730639915209682840e+03 -1.082959230883862074e+04 2.161652263582039268e+03
4.608894649911804663e+03 -1.689587909084287458e+04 1.135142372231092622e+03
3.743341894553960174e+03 -1.586111572090653453e+03 1.699367039617977980e+03
4.262140096840184015e+03 -1.157849284513830935e+04 1.258363439469561911e+02
7.392095738943276956e+03 -1.063799675443022534e+04 2.427659542155923646e+03
3.141627138873805052e+03 -1.081422934232124317e+04 3.484044595027236028e+03
5.159751910489714646e+03 -1.210565718697091506e+04 -5.813906995719353290e+03
-5.477229842598679170e+03 -6.219275301294602286e+03 -1.118921017054033882e+03
5.251492585016469548e+02 -8.963339475368891726e+03 3.931810303294120786e+03
-5.523792942121449414e+02 -1.469446242265314504e+04 6.238485045630568493e+01
-3.904787694549759181e+02 2.521572613783973509e+02 -4.002738614557494657e+03
-1.561501312267072899e+04 -1.738000573380911010e+04 2.815875715832439892e+04
8.262665633417674371e+01 3.711262717494885237e+03 4.770731072148676617e+02
-2.483427861865852265e+03 -1.034841574636295445e+04 4.700971532672155263e+03
-2.942116890787643570e+04 -3.216840010084819369e+04 2.507162620753731244e+04
8.017107143230911788e+03 -2.448519584551620574e+04 5.011744244816048194e+03
1.024053266711816832e+03 -1.018829171519065130e+04 1.834312313910490957e+03
-3.087052968895468439e+02 -9.769639842351729385e+03 2.253728212530392739e+03
-1.998236585234109498e+03 -9.332652428565721493e+03 2.608142585372827853e+03
-2.112918334008908005e+03 -9.782499674553064324e+03 2.885415296941845099e+03
2.857076783601445186e+03 -1.099235358859089501e+04 -9.014975782998983505e+02
5.315229007065944415e+02 -8.015452161173723653e+03 1.392627827892245250e+03
-2.147690045089639170e+03 -7.855165265824837661e+03 5.081170111230861949e+03
-3.084967838445902544e+02 -9.365145446427943170e+03 1.908573465894278797e+03
4.899327063556877874e+03 -7.635905650784933641e+03 3.822077123464480792e+03
-1.846217865384986453e+03 -1.113195080917554515e+04 4.167366126482676918e+03
6.167386773307539443e+02 -1.190188916745784081e+04 1.887127455880398429e+03
1.754029522789957355e+03 -9.937503286393433882e+03 1.165452077471464918e+03
2.052165274226799283e+03 -9.127321764107035051e+03 3.544168334646189578e+03
-5.237891631447416785e+02 -1.012025980175939185e+04 2.920501845227436206e+03
-1.106994834390483447e+03 -7.253751850872791692e+03 5.061423246418411509e+03
-2.470393153087678684e+02 -1.086750111776797530e+04 3.167472517425165961e+02
1.302686229750925668e+04 -3.834810651273749681e+04 -4.377068872114003170e+04
1.286140189211203051e+03 -1.050575824273553008e+04 6.907456369525482387e+02
1.059900398764649481e+03 -1.091004708547149130e+04 1.623028542269970785e+03
-2.380576522755007318e+03 -1.183325869372061607e+04 -4.207146443663464197e+02
1.633828797793100421e+04 1.765980980103311595e+04 -1.185308379175415757e+04
5.045148980133946679e+03 -1.076046398097002566e+04 1.157201905942010671e+04
1.501264875654568414e+03 -1.361522280101658544e+04 3.350271088396877531e+03
8.790339795919458084e+02 1.532286508540430077e+03 -4.264444596282918610e+03
-7.291415738094190147e+02 -9.524470899499287043e+03 1.981420812975311947e+03
1.944430095143452854e+04 5.873144493997572863e+04 -6.312155495580036222e+04
-5.226293076373385702e+03 -1.532468836151132018e+04 5.776447266184757154e+02
1.067386815751338690e+04 -1.486813792249084872e+04 1.680740578110367551e+03
-1.158210288430531421e+02 -9.349972027025803982e+03 3.334812017453660246e+03
-7.892516831666702274e+03 1.002281802565688167e+03 -6.334043946837864496e+02
3.788087044111453906e+03 -2.252555268258307842e+04 -3.644293729034360695e+03
3.765284522710519468e+02 -1.097598667001382819e+04 1.389423468589387312e+03
-6.804996675660609981e+03 -9.240031376470506075e+03 2.538652649521130570e+03
2.366929557033540732e+02 -1.168816828494015681e+04 2.921745386156610493e+03
-1.507066864179182630e+02 -9.325653711669036056e+03 1.746380517208350284e+03
8.023544026776067767e+03 2.562673416561934209e+04 -5.231210880135311527e+03
2.945803446189001079e+03 -9.284912163012591918e+03 2.751400235193535082e+03
3.400881756387788073e+02 -9.884264060722684007e+03 2.051729169429548165e+03
2.378422338300681531e+03 -1.058212706854313001e+04 2.365028007073224217e+03
2.354632130618899828e+04 -9.173825861078044909e+03 1.217866435110004568e+04
1.114075700020108707e+04 3.536571220500474055e+02 1.397323916508006005e+04
-1.428961316852130267e+03 -2.515297793294652820e+03 5.081347576514550383e+03
1.497731632078766779e+03 -1.353817102102707031e+04 3.072149063203100468e+03
2.444566683007418305e+03 -8.854615064052768503e+03 6.520110431641501236e+01
3.212060204911982055e+03 -6.179225101118836392e+03 -2.338445755595063929e+03
-9.880455423580784554e+03 -1.635679011456310764e+04 2.446879843764023099e+04
1.068207351898441993e+04 -7.727772034010493371e+03 2.040008683890871544e+04
4.661791402109956834e+03 -1.037257080644480629e+04 -1.989876770955104121e+03
5.293589644217796376e+03 -9.431792335221867688e+03 7.765799329174114064e+03
-2.614344208315028027e+03 -3.885475902063101785e+03 1.757657845214827603e+03
4.423653167648740236e+03 -8.577530822432639980e+03 4.488954545681092441e+02
-2.123398997852782486e+03 -6.406680771249418285e+03 4.375526344661055191e+03
-8.855789510420898296e+03 -2.767357791703554904e+04 7.325721058909593012e+03
-1.087667431104713614e+04 6.420302648136934067e+02 3.703131261959967378e+04
-4.023464004918190039e+04 5.254182545591351300e+03 2.731531279437010016e+04
3.105163124295419038e+03 -9.617109473825925306e+03 -1.574566718890160928e+03
7.722542112576489671e+03 -1.190831431441044151e+04 8.162549384723176445e+03
4.402081318544340320e+03 -1.036988819278593292e+04 -9.446757656685298343e+02
-9.164304776085980393e+02 -7.080015191073005553e+03 5.625182152752513502e+02
-6.541860727235388367e+03 -2.367152965960565416e+04 7.034423154555461224e+03
1.831196031380876957e+04 -2.309417326852252154e+04 7.236729474866577220e+03
4.406364033459321035e+03 -7.967858125126355844e+03 -4.805433583223434084e+02
-1.950982079013346038e+03 -9.889010161708327360e+03 4.592063930303060602e+02
1.239759865856447050e+03 -1.210107992978859693e+04 2.887502042063040335e+03
9.051478281202849985e+02 -9.176888040884756265e+03 2.912250321904263728e+03
5.372613737513891101e+04 1.770761989142521998e+04 -2.033757243278728492e+04
5.514246542179595053e+03 -9.466289448563396945e+03 -3.554599055303986916e+03
-2.228671973933226695e+02 -9.198640047396609589e+03 3.434313597589293749e+03
-2.316741936252100004e+03 -4.716181763793882055e+03 4.115083538305545972e+02
-1.095793367266525820e+04 -3.756880435943810426e+03 -4.621363153990021601e+03
-5.808406834991700634e+03 -1.105007567677631778e+04 1.898542824159335623e+03
-2.127577296107802795e+03 -9.015924187360807991e+03 4.829171529239793017e+03
-8.657027328964689514e+04 3.189952691728639911e+04 -4.877655321726108014e+03
1.389409474147053697e+04 1.701767525114836189e+03 -1.014888325649095896e+04
-1.800266536061695888e+03 -1.085332462888505142e+04 -3.563949176667318852e+01
-3.898164141402085079e+03 -9.140087030086950108e+03 1.101645313260323746e+03
-2.611167483644705953e+03 -7.220601237231035157e+03 1.303920398407906305e+03
4.404773407877744830e+03 -1.137644116624601884e+04 2.553510997814368693e+03
-4.401140851534793910e+03 -1.051046628184441943e+04 -4.503177147239539977e+02
-3.830428822070430670e+03 -7.731392519210507089e+03 4.816321484380780930e+03
7.077819558664155011e+02 -8.952865157724885648e+03 2.739857433482810848e+03
-7.945401653166609321e+02 -8.313953210088258857e+03 2.803368538049856397e+03
8.000377564209240518e+03 -1.722972467847880762e+04 -4.524479899948205457e+03
-8.120518653111098502e+03 -6.765937680435785296e+03 2.083649979635600857e+02
1.005571929413659177e+03 -8.403598578464208913e+03 2.643180112479636591e+03
-3.726692737639374536e+04 2.297629760468120367e+04 4.459091746912139206e+04
-2.488926653487719705e+02 -1.034216177885704928e+04 1.069179715977429396e+03
1.097953058412685277e+04 -1.527152825287020096e+04 6.245193959020358307e+03
2.094743218111810165e+03 -3.101922155815156202e+03 -5.492506893459471939e+03
1.206143853538110852e+04 4.551306318806879062e+03 -1.204110599747351444e+04
-1.145815929790788505e+04 -7.339818500106824104e+03 2.714677649790966097e+04
-1.656119068446837628e+04 -1.857514623022649903e+04 1.311473896910485928e+04
2.055113502724157570e+03 1.538464960495878950e+04 1.514448028680198831e+03
-4.232767761981821195e+02 -9.689658999378554654e+03 3.507519929171594413e+03
-3.767988782776216976e+04 -2.655439277097539889e+04 -1.696155777181469966e+04
5.192393412792804884e+04 1.785174377443502817e+04 2.066546511820393789e+03
8.623662826614860023e+03 -9.309735606933016243e+03 -1.478373408389800898e+04
2.566947701869424691e+03 -1.000191982032706437e+04 -1.464062770285135002e+02
1.343644333503247481e+03 -1.024738706333608570e+04 3.252994140976598374e+03
9.488539972822256459e+03 1.544643938743951367e+04 1.381697619485120413e+03
-2.435876422008090231e+03 -7.378573163357430531e+03 9.766844723126179815e+03
-1.342826601010111062e+03 -1.140401034954987335e+04 1.139532949203779481e+03
8.555513363828506499e+02 -9.737153239394625416e+03 1.699107081423082036e+03
-1.606766779900840447e+04 -1.630611764462909559e+04 1.144682190912980150e+04
1.275161341580970839e+04 -4.527715484092646875e+03 2.683221200597141433e+03
-3.251877802727663493e+03 -2.687940023203276360e+04 2.364158756080977037e+04
3.230205576402896986e+04 3.592306873186445955e+03 -2.787417072753185039e+03
-8.281555765727089238e+02 -9.761130122597996888e+03 4.596174743971133466e+03
3.846382258034180722e+03 -3.525516091300853532e+02 -1.911330322426082785e+04
-2.121537466595247224e+03 -8.317308105473570322e+03 8.367796634699772767e+03
2.220848836884578304e+03 -8.022677869015565193e+03 1.202095878744463107e+03
7.106713265092748770e+02 8.116222172412519285e+03 3.781966492313263643e+03
-1.179155992239465149e+03 -8.431509561641523760e+03 1.816777690359193684e+03
-3.013705504503903967e+02 -9.122745109145518654e+03 5.003250640184490294e+03
1.658126612796757627e+03 -1.027169261262840701e+04 4.698795578303716866e+03
1.704205875515324919e+02 -9.020177813096792306e+03 3.600299237327849369e+03
-2.947164320445508201e+04 -1.295093931530690679e+04 1.613978619727121259e+04
-2.842289195948186261e+03 -1.059110507445455733e+04 -5.928959925908725381e+02
4.915049325191402545e+02 -5.568146664860135388e+03 -6.430543624726773487e+03
-1.974470183890677617e+03 -1.397095747121909881e+04 1.930929167531652979e+02
4.409477921632912967e+00 -2.533722158325949567e+04 -2.759887648950658331e+03
-1.905256068445574101e+03 -1.391424317354331288e+04 2.419868273380205608e+02
5.275493532474268932e+02 -1.065270913186440339e+04 2.405271417946783913e+03
4.163333306347653888e+03 -4.716136389763505576e+00 -1.631285919231178559e+04
-6.265928195880304884e+03 -7.338690347097665835e+03 -1.689622154169105443e+03
-3.617715479209495243e+04 -6.176072404954362355e+03 -6.206058008887116739e+04
-1.781251200177653300e+04 -1.752401400826753888e+04 2.558019818030765236e+04
3.259128869131304236e+04 -5.706827650178054682e+03 1.177149219558612458e+04
1.113875748602547537e+04 -1.833313921941128865e+04 1.059446169330243947e+03
-3.409857206922158366e+04 -8.190549247964533606e+03 -1.333092076165782237e+04
5.369651739606239062e+03 -1.155691848167666285e+04 -1.184773640913835379e+03
4.636870068731399215e+02 -9.982464404792879577e+03 1.843151827632223785e+03
1.270659072685601586e+03 -1.006277058938384653e+04 2.368087518728013038e+03
4.406251241951977136e+03 -9.340525011433328473e+03 5.949918087128554362e+03
-2.656894303972633679e+03 -1.012386803572359531e+04 -1.634650719022105250e+02
-1.351867315066101037e+04 -8.781329923949753720e+03 2.316518386335086325e+04
1.452506279872159575e+04 -7.775595261102857876e+03 -8.592309769588928248e+02
8.626401398729699395e+02 -1.031660364727955857e+04 1.980021067178268822e+03
6.183984990834702558e+02 -1.116410211367701595e+04 2.043128941511774883e+02
-9.315175898343790323e+03 -6.923347370524387225e+04 -6.119113139667625364e+04
1.624781133393068330e+03 -1.104706029319466143e+04 4.010023199788656257e+03
4.524697534934693067e+03 -6.522313173289658152e+02 1.013087180283484668e+04
-2.285006056139176872e+04 3.291179966339251678e+03 2.743303790779971314e+04
8.733296485695524098e+03 -1.275613802784015752e+04 -5.062981394584654481e+03
1.460951562280088865e+03 -1.297083393084066120e+04 -1.301959529234156321e+02
-2.109612417329237724e+04 -3.762679641182328851e+03 -3.357996239374494053e+03
-3.905940378744730697e+04 -9.002239059711317168e+03 -6.397995654440593353e+04
2.493966974965984264e+03 -9.159513962384482511e+03 2.552200788171601744e+03
-4.909449477088324784e+03 -2.674003607073868807e+03 2.262159071880874421e+02
6.754581836719821695e+03 -5.465441900694379001e+03 7.144382326205055506e+03
-8.856100633684392960e+03 -8.544634727287202622e+03 -3.097489352022066669e+03
9.270182202315534141e+02 -1.194314125499559123e+04 7.688352040764409594e+02
-4.403148742848230904e+04 -1.887902053730226180e+04 2.401261503530229675e+04
-3.493531631239101989e+04 -3.205213412882320699e+04 1.228141439398465627e+04
7.886302100151560808e+03 -1.245211109821515856e+04 -8.078175000340298539e+03
8.901379550459896564e+03 -1.482858508534921384e+04 2.437313374538674680e+02
9.138693605090272740e+02 1.076766106120832410e+04 3.290370855365244097e+03
-2.761988723363617737e+02 -9.954287531855588895e+03 6.123595433679253119e+02
3.929607685398536887e+03 5.130344144277643863e+03 -1.464915338398420499e+04
-3.727142030052745667e+03 -4.996594641596717338e+03 8.865747123290204399e+03
-5.678455395545838655e+03 -1.202816816279281193e+04 1.895364120050578776e+03
6.533007108879573934e+02 -9.926734268832302405e+03 2.311752909086283125e+03
5.788417224412030009e+03 -9.949276255173714162e+03 1.088586055187188322e+03
4.942725746427118793e+03 -1.176479906808986379e+04 -3.281808474011850194e+03
-5.213316295740078203e+03 -6.782446789498069847e+03 1.626943695043799607e+03
-2.308280280448616850e+03 -1.043785616557193134e+04 8.897034722626001439e+02
-3.704560208903830789e+04 -3.521136694167947280e+04 -2.016124058736286315e+04
-9.564471305821643909e+03 -3.037313476707972222e+04 -1.197200271040348525e+04
2.586775971124930948e+03 -1.159527172410260209e+04 4.422149840115449479e+03
-3.920879317413493936e+02 -9.894718511264851259e+03 4.090466118557372283e+03
-2.312194996016852201e+03 -4.808160162627368663e+03 -6.612434508010410354e+03
-9.765069631285673495e+02 -7.691183588756633071e+03 4.689913858608083501e+03
-2.659130054859699612e+03 -3.030350740156348365e+03 -8.842982765173554071e+03
-4.577405391817315831e+03 -2.222509699445624938e+04 3.019473425231690726e+03
9.486895026416013934e+02 -1.020237369939546443e+04 1.641740659711926128e+03
-3.223179290430069886e+04 -3.254045263492622689e+04 -7.330894508577459783e+04
-5.566897327016102963e+02 -1.001726759479180691e+04 3.215112240309583740e+02
6.423276994254062629e+03 -1.099564520740043736e+04 5.816406907161182971e+03
-8.574502830000668837e+03 -4.599755350910460947e+03 1.119421727334909519e+03
7.560175971283292711e+03 -6.434463680738645053e+03 -1.519147061626191498e+04
-5.451289121127711041e+03 -5.244151188780141638e+03 6.252529387672377197e+03
7.092768391008098661e+02 -6.894393127367090528e+03 6.123353571944003306e+03
-2.427456139478503246e+03 -1.062960432497919282e+04 2.974431151601934289e+03
-1.488211471050416367e+04 -4.257673482806231186e+04 -3.557091123959933611e+04
8.101023762297843859e+03 1.185933884192986170e+03 -2.234393482822740407e+04
8.760757132822067433e+03 7.200768055451379041e+03 -3.030705528692000371e+04
1.944357929775081857e+03 -1.328752451198184644e+04 -2.522137984332889573e+03
5.536456117200325025e+03 -3.588075877299057993e+03 1.885804060158013453e+04
-1.049144074669716247e+04 -9.014221528446134471e+03 1.789489436249238133e+04
-6.681272498466590150e+03 3.842713394800727110e+04 4.708227231476664747e+04
5.125373725603525600e+03 -1.725561858806629607e+04 -4.400128799897846875e+03
-1.183647125690526764e+03 -7.505326130556937642e+03 7.534817904285124314e+03
2.061288662873054363e+03 -1.102922685720223126e+04 3.700974526592755865e+03
4.340765112357389626e+02 -1.099357692156444500e+04 5.283599311387813032e+03
6.672449926906538167e+03 -6.217548144383913495e+03 3.562004259414607077e+00
-2.899910205339553613e+03 -4.083184006205772675e+03 9.937752769521164737e+03
-3.049075713669905326e+03 -1.428804514488221685e+04 -5.543019218822419703e+01
-1.934989935624845020e+04 -3.569319944688030955e+04 2.174861221415494219e+04
7.391858565897306107e+03 -1.257093526281574850e+04 -4.290080024061488984e+03
4.680618445531817088e+03 -8.965123612534429412e+03 6.725607429594724636e+02
5.557568077931985499e+03 -2.667912389614225049e+03 5.184737484184596724e+03
1.903699050626587450e+03 -1.106746549836462873e+04 -2.007305642206973744e+03
-7.122782518965901772e+02 -2.692766601363212544e+02 5.071065996744519907e+03
1.702236527237884729e+03 -1.110557633704350701e+04 2.620883887808759482e+03
1.260520258649556490e+04 2.519498133606323245e+04 3.708242480171958277e+02
4.401164757803429893e+03 -1.167636841901407388e+04 -1.967971869721926623e+03
-3.250215940007603876e+03 -9.920413574340522246e+03 3.216554250055561624e+03
-3.768941126295647791e+03 -1.108744593507077479e+04 1.793132539965790329e+03
7.342049455278450296e+03 -9.345398992901666134e+03 3.348515735805980967e+03
7.846656872666225127e+02 -1.013145414261679798e+04 1.956054359501293902e+03
-4.199032253085644697e+03 -4.566565393639441027e+03 -2.032632961018739479e+03
-7.232655470672825686e+03 -1.625420029183305996e+04 3.279157133618968146e+03
-1.772497943413708299e+03 -2.974221804815737050e+04 -6.493968968609358853e+03
2.812155685341276694e+03 -1.259922907015065357e+04 -1.076787820182833684e+03
-7.817142547640185512e+04 1.624664947112761183e+03 1.595867382827356596e+04
2.891451996735988359e+03 3.530939827274553863e+03 2.465032641267674535e+03
-1.236127407260228210e+03 -1.156810131151544920e+04 1.861348030520567136e+03
1.947203478472533789e+03 -1.510777908214225249e+02 6.340232968430056644e+03
-2.470596181775083096e+03 -8.672752774910464723e+03 3.758591001806857093e+03
-2.744187970120060072e+03 -2.243054861167804484e+04 3.707763476468749104e+03
-5.022287770228242880e+04 -5.826133938951365963e+03 2.420646242959656229e+04
-2.328928030428529382e+03 -8.819470661200482937e+03 -1.143333953407339095e+03
-5.514852729206968070e+04 1.186908262865883444e+03 5.695473127258234854e+03
4.924836322640532558e+02 -1.023948880476026898e+04 2.863555986424770708e+03
2.642383550420479423e+03 -1.123106575098080248e+04 -6.235386034288657129e+02
-1.491521256638945670e+04 -1.744605761113324115e+04 1.318701326804532800e+04
7.011823218084791733e+03 -1.287580416738498934e+04 1.190843504316110011e+04
-7.273941122438947787e+03 -1.273028161661479135e+04 8.634996797058645370e+02
1.329733748727869624e+01 -9.299785308309161337e+03 1.965771618117917797e+03
-4.552070413373975839e+02 -1.122552549823524532e+04 2.562292551556761282e+03
-3.652860313905749763e+02 -9.814050233038980878e+03 1.940145028782109421e+03
-1.297915154877596251e+03 -1.022183805733143890e+04 4.064425644010708311e+03
-2.143213616672856915e+03 -1.223069044501706048e+04 -4.371898418440141540e+03
1.499260739018004074e+02 -1.054274600225394897e+04 1.718612267167611890e+03
7.322959057618288170e+03 -1.799663616245965022e+04 -9.118648144325048634e+03
-2.281088590771187228e+03 -1.057820251493428805e+04 6.131324084406292059e+02
4.378012529291137980e+03 -9.744360036958134515e+03 3.516689619838715771e+03
-5.762611445311035823e+02 -8.997311880887444204e+03 3.701977301048643312e+03
2.398494616066883282e+03 -8.089759127127206739e+03 1.732648283497883313e+02
-5.660088793435520529e+02 -1.216683126651183102e+03 -6.085031890632234536e+03
8.939692970121424878e+03 -1.174634303567521602e+04 1.103523756506178302e+02
4.083019091174986443e+03 -9.844378689579636557e+03 1.015131950049845500e+03
5.754240595906372846e+01 -1.560759278946667837e+04 3.413592918546935834e+03
1.068582766551053282e+04 -8.651741570747381047e+03 6.203891852281909451e+03
2.255194971058074316e+03 -2.804838561925394970e+03 8.601553697490335253e+03
-3.329503952502743050e+04 8.156703206462138041e+03 4.016741298663078487e+04
-1.922280455861542578e+03 -6.402138859789724847e+03 -6.526939851969341362e+02
3.323155586095204853e+03 -1.686390540263241564e+04 6.645705092871349734e+03
4.688692848448580435e+02 -1.036314587062183091e+04 3.401882805760905285e+03
9.725524910833908052e+02 -8.942017704165225950e+03 2.530587712030099283e+03
7.815626689595049356e+03 -8.788676736482444539e+03 -1.070601426451697080e+03
1.832415354624516112e+03 -1.403442058717417012e+03 8.645143111274857802e+03
8.822225748853770710e+03 -1.590545112439939294e+04 1.491431240238874125e+04
-2.775819495683518107e+04 -2.650013191771531638e+04 3.940041501889690608e+03
3.254834943942756809e+02 -1.082751262183820472e+04 8.579388092786394964e+02
-4.557797984157634232e+02 -7.477481201761701413e+03 1.595256299588230149e+03
2.988295400935679481e+03 -2.719786197856598665e+04 7.456090776220561565e+03
-1.906919661333800832e+03 -9.032183528577163088e+03 3.151382800536249306e+03
2.951837878865283983e+03 -1.026962807481253003e+04 2.534106700263472703e+03
-6.152474008633425001e+03 -6.756921561528932216e+03 2.324472630956592548e+04
-4.427752681649628357e+03 -1.213996625565337672e+04 1.205171680997019394e+04
-5.206583235029438583e+02 -1.129043350439019923e+04 1.738637278654135116e+03
-2.197364350070670298e+03 -4.600966042684998683e+03 3.795668133482538451e+03
9.710064465323333934e+03 -4.653795445280019521e+03 8.566806115996118365e+01
-4.099962742012075068e+03 -9.603982582718449521e+02 1.028626822468308455e+04
6.354685731078307435e+04 3.270249618037577238e+04 1.751351258479473216e+01
2.688607537794062864e+03 -8.770407825665488417e+03 -2.010105073538113913e+02
-1.312312365417875753e+03 -7.348607673574376349e+03 2.837007836303433123e+03
-8.858074570449459770e+02 -7.462697302409863369e+03 4.413895337199573078e+03
6.202302978281588821e+02 -7.724455941626001731e+03 -9.999992871029063508e+02
1.092980029239194664e+03 -1.265007810204935777e+04 5.775916425528162108e+02
-3.770429133291842300e+04 -2.047977055126286359e+04 2.675782656866703110e+04
-3.879909706204308895e+04 -9.088644223657824114e+03 3.558366158492866089e+04
-2.398369071754817128e+02 -9.605243449061465071e+03 3.549820238113522464e+03
-3.766046445306887108e+03 -9.017330128835224968e+03 -3.415984120261199678e+03
-3.577936756749425058e+03 -8.266333384453184408e+03 1.900487067344762909e+04
-1.170586139069493584e+03 -1.491445475481078347e+03 1.717619194172414154e+03
2.840756404417179510e+02 -9.843054153817978658e+03 1.358247176223685756e+03
-1.072752773461260176e+03 -9.194848065809883337e+03 3.234995259661503951e+03
4.606592165130768080e+03 -1.117966611092774838e+04 -4.004708414359680319e+03
-6.896943503775963791e+01 -1.015270407339761732e+04 5.095352988808688224e+02
-4.199964693380524295e+03 -1.074655115214995203e+04 1.485133138157669464e+03
-6.555858304359254589e+02 -9.041917134509963944e+03 2.254449350661539938e+03
6.421506246334260140e+03 -1.182991046313573315e+04 7.275406310538508478e+03
-5.103373060539625840e+03 -4.275470283214654955e+03 3.644589560838102443e+03
-1.873008526235454610e+03 -1.410577906688246912e+03 1.379634337247392750e+03
-6.123743500235640568e+03 -1.558227253188715440e+04 2.074797332801275843e+04
5.897284377277805106e+03 4.862973702016034622e+03 1.463655545254199296e+03
-1.706267846060194279e+04 -1.619687073468235030e+04 -1.851852930413315698e+04
-9.314955181082373201e+02 -9.446117587259395805e+03 2.037133181931163335e+03
5.759862689661395052e+03 -4.816482380202318382e+03 3.253141097647993774e+03
4.323709107495985791e+02 -8.631879278618918761e+03 3.807554255398271380e+03
3.617437722613814458e+03 1.936809751200328174e+04 -5.525816898206747965e+02
-1.631771987912108216e+03 -4.504819791088804777e+03 1.143232168832167304e+02
1.015358590574902519e+04 -1.886217157886102723e+04 1.177658460383203783e+04
-6.266540201294685176e+03 -1.968922669022472837e+04 -1.349265373189976344e+04
-1.433188673284054403e+03 -1.616719248176972087e+03 -3.084275666093087693e+03
-1.263757136314623040e+03 -2.337543370461372888e+03 2.989277055179275067e+03
-5.577320343401568152e+02 3.336180716878908243e+03 1.100520422881964350e+03
-1.415294458023189873e+04 -2.032487074552560080e+04 3.599936353068018798e+04
-7.125747794061385321e+01 -9.285215555454557034e+03 2.055281056723475558e+03
1.039810541808527205e+03 -1.095949100392089713e+04 2.872358117476437656e+03
3.384349524357262908e+03 -8.253867899987095370e+03 8.759428044941170810e+03
-3.335502582702335076e+03 -9.719142398928965122e+03 -2.010672116644496782e+03
-8.432308563042774040e+03 -2.707821948387649536e+04 8.364222498283909317e+02
-2.132696657752064311e+03 -7.430878773792653192e+03 3.855428903297886336e+03
6.130578858289779873e+02 -1.194966370729291702e+04 -1.109960161981165584e+03
6.607669975708166021e+03 -1.022607162512324612e+04 3.823761909972523426e+03
-3.262792762102412780e+03 -7.508856888030237315e+03 -1.092795771902547585e+03
3.003083761096406306e+03 -9.217945407954735856e+03 1.786585633742566188e+03
4.290047598299597098e+02 9.073692787260073601e+03 7.444919829829240143e+01
1.029027618199878589e+03 3.048502313047647931e+03 -3.676899121480293616e+03
1.385800789237691561e+03 -1.022406759895592222e+04 1.759796814587969038e+03
1.254537592986486561e+04 1.901177293513641052e+04 4.025086179753310262e+03
3.343576908013514526e+02 -1.200008292878777502e+04 -1.570350720829717829e+03
3.151547924354016232e+03 -1.764797926388834458e+04 4.264617912961244656e+03
-1.041741963754411699e+02 -9.654925616060456377e+03 1.251685815321438668e+03
1.414013234316115631e+04 -1.310528174626703185e+04 1.260298025476488510e+04
2.088368854580789673e+02 -1.002884347099231127e+04 2.295875674048114888e+03
7.065301709447204530e+02 -7.010377881689067181e+03 -8.916188717322667799e+03
-1.404609461657170868e+03 -4.841499371490289377e+03 2.707498821084860992e+03
3.584620158899346279e+03 -1.166555354275484569e+04 -7.421202796831278192e+02
2.536248804918583483e+04 -5.473688786651957344e+03 -1.533152070791208826e+04
-7.661654945389600471e+03 -1.249065893061325187e+04 1.500546344266574806e+03
-8.666595590247857217e+02 -9.119284757029776301e+03 3.100283042470285636e+03
1.374012203620575974e+03 -4.827409665807273086e+03 5.306067877493263950e+03
-1.255658410309884857e+04 -1.191985518731105185e+04 2.206097330379450796e+04
9.400061728377758072e+02 -1.163570618001446383e+04 3.118799555083708583e+03
1.838373725383572673e+04 3.827986516257261246e+04 2.668107585778943394e+04
-2.303524670178676388e+03 -8.044930101856180954e+03 1.670886139974517164e+03
-4.965042261827884795e+04 -2.292339018949244564e+04 -7.802045320904419896e+03
-6.778154731650201938e+02 -1.039992266590215695e+04 1.298440736336818645e+03
-6.074379974612292244e+03 -5.905844930182470307e+03 5.425284312115362809e+03
-6.135611274459470224e+02 -9.337801607648147183e+03 5.064112529444771098e+03
-6.607248984320281124e+02 -6.242938858136341878e+03 3.410202959932030808e+03
-3.551624166079311635e+02 -1.200932807495780071e+04 -2.137346576282555816e+03
-2.684907719631600003e+02 -8.269598371845651855e+03 1.004065976434012100e+03
-3.568170591077067911e+03 -1.050734747343899107e+04 -3.444235509534173616e+03
-3.770946819887664333e+03 1.254030302783329171e+04 -1.328580590741638116e+04
6.683183836162389525e+03 -1.246247330592662365e+04 2.042358505975481876e+03
4.152753049985888083e+02 -7.521627498595082216e+03 4.356876085395396103e+02
-7.026802352088147927e+02 -1.061886011848812996e+04 7.497371902756731288e+01
2.356130254433852770e+03 -1.423216394785717603e+04 1.316474795686037396e+03
4.971688277717153142e+02 -8.225417415173040354e+03 1.934124014474257365e+03
3.466419324950343253e+02 4.635960205781533432e+02 2.715372538672775045e+04
8.708319757370278239e+03 -1.170639338363550632e+04 1.509413417589773053e+04
1.652758480175736850e+03 -5.897540964460486975e+03 8.708005647896503433e+03
2.587151010355413382e+04 -1.114744707661928987e+04 -2.432809495581337615e+04
4.892068618226770923e+03 -1.005709875104259663e+04 -6.388464686728339075e+02
3.573165541165794252e+02 -1.447163076499838644e+04 -3.425546452975012926e+03
-5.802336616733392702e+02 -1.066824776097125505e+04 3.413711557324361820e+03
1.139665404364433198e+04 -1.038695261666226907e+04 -6.045391799928188448e+01
1.432828463304821071e+03 -1.565264517154071473e+04 6.364369158592413442e+03
2.128484561117420526e+02 -1.343629436306555908e+04 -1.433199412766717160e+03
-1.187822411940044276e+02 -8.574704320021381136e+03 2.158700529490274221e+03
5.726380401150538546e+02 -1.007152147601129582e+04 2.434999800756932473e+03
4.619829223334105336e+03 -6.017617152285816701e+03 -2.158591792154949417e+03
3.085090199381462753e+03 -3.586675134569524744e+03 -2.371643843971056924e+02
1.780733160665900868e+03 2.289831165556565338e+03 -7.649927542517080838e+03
1.705527329172457939e+03 -1.050333603563729775e+04 2.001128394963377332e+03
-2.874502645671335586e+02 4.050022586695436075e+03 2.076162829673450233e+03
4.902662209688573057e+03 -1.518637691411056767e+04 -5.890601620233430367e+03
1.151582516066246399e+03 -1.140154501245371284e+04 1.973445910687623837e+03
-9.911375460638523691e+02 -1.224035297177405300e+04 3.550267426784525469e+03
4.582792556258541481e+03 -5.130705393796549288e+03 3.946026027970544874e+02
-2.605228012232705169e+03 1.068321601274361456e+04 7.133165347664969886e+03
5.523358280362844198e+03 -7.732304205262986216e+03 -6.610746421545070916e+03
2.659876703998541416e+03 -1.247893944065587493e+04 5.854195965645694741e+03
-2.092312859433837730e+03 -9.112029196858591604e+03 4.635596332038643595e+03
-6.394478286721314362e+03 1.529007814024764684e+03 5.937763441474428873e+03
8.183721457205841034e+03 2.286184988785339374e+04 3.177511947862731631e+03
7.036928651412096087e+02 -8.945234386851456293e+03 5.119524467083980198e+03
5.405129177571279797e+02 -1.073338784886887333e+04 -4.392239514807927208e+02
3.798731583034841151e+03 9.477092270749182717e+03 -2.663659101370834605e+02
-1.389113129471143793e+03 -7.270527661730403452e+03 2.129697488807216359e+03
6.663597625455243360e+03 -8.803517069600122340e+03 -5.171375488706275974e+02
1.427118828172066060e+03 -1.039723233923035514e+04 1.132862529068079311e+03
-1.135949522133075789e+03 -9.667056846297733500e+03 -1.012290806549413901e+03
1.652114293908043010e+03 -5.435823278364186081e+03 -1.005451535420134314e+04
-1.305769410332547295e+03 -2.534012149825525194e+04 9.450773936706373206e+03
-1.230909222752530923e+03 1.368905656460058162e+04 -4.469560635715542958e+02
-3.552577161435159724e+03 -8.787962028225616450e+03 3.207219050968623833e+03
6.987264911353497155e+03 1.287520502642533756e+04 -5.821726507421251881e+03
-3.914169455540743456e+03 -9.652600367718616326e+03 4.456932075900764175e+03
8.283506973822233704e+03 -1.943141322609994313e+04 6.765183479540276494e+03
1.223131559769396745e+03 -8.322062325411741767e+03 6.528429787413728263e+03
5.923758359630402083e+03 -7.212321030587168934e+03 -3.793095948022104949e+03
-1.938804520662191635e+03 -8.425908149462446090e+03 -1.014759429960829038e+03
-2.287330680010302331e+01 -8.868210338413866339e+03 2.172625082755594121e+03
-4.409109334761623131e+02 -7.093706720206631871e+03 1.196560722909007382e+04
-2.399518181325770911e+03 -6.943344645853072507e+03 4.316876196018783958e+03
5.176483230675919458e+02 -9.885413208288979149e+03 1.829773435627219442e+03
-1.021886864549915686e+02 -9.086267662444897724e+03 2.443491940535201593e+03
