6.205516512500515773e+02 -1.110088258137442426e+04 1.553512028156718407e+04
9.555439199004393231e+03 -6.069800217206522575e+03 4.827499560855927484e+03
2.140398454359242805e+03 -8.018289963097369764e+03 2.837099650515141093e+03
-2.588809130290152098e+03 -8.765690357831175788e+03 5.267280120438976155e+03
1.154462156871571779e+03 -1.192371673759461919e+04 -3.859318738088325063e+02
4.595487261262109087e+02 -8.574075261533685989e+03 5.018334528695269910e+03
1.797747237815776680e+04 5.391279416399207548e+03 2.624342174987520411e+04
-6.733772042633320780e+03 -1.569816929784613194e+03 1.848481230770053401e+02
5.172664184710394693e+03 -2.383331432951293027e+04 6.734619703915336686e+03
-7.034799708408822880e+03 -4.126021336841603443e+03 -5.165926795146535369e+03
-1.536344028576690289e+04 -1.407516258530056621e+04 2.916798360914484874e+04
2.234073185515035220e+03 -2.729145661586838469e+04 9.165346924287803176e+01
9.374506909779116540e+03 1.048490225125139477e+04 6.572896972777930387e+03
-4.744571473064273732e+02 -1.134537579820595238e+04 2.699627712396826610e+03
1.265796753534410300e+03 -7.881064276064892510e+03 9.826214310721718448e+01
-2.240584812294790936e+03 -7.062548217599901363e+03 6.910427064904123654e+03
1.421233176391973393e+04 -8.953329005640136529e+03 9.912842867354758027e+02
2.970455268290677850e+04 -4.936625095290697209e+04 -4.588818061588774981e+03
-4.305151665050368592e+02 -8.205003009427788129e+03 4.099339210306723544e+03
2.159197193362627331e+03 -2.025901852197969129e+04 1.364279433154732033e+04
-1.703358227909334119e+03 -1.117585222797863753e+04 2.780626131013873419e+03
9.219563796622865084e+02 -9.515700608399763951e+03 3.151610303156320242e+03
-2.477064923588404781e+03 -1.610998700281318452e+04 3.365687813753899036e+02
4.104311715202709820e+03 -1.137154008616542887e+04 -7.130401604721911326e+02
-5.332228126529689689e+03 -4.468571635825617250e+02 -8.797753142929232126e+03
3.693010327262810733e+03 -1.178782130359957409e+04 -1.603231730654378225e+03
-2.132604722525015859e+03 -5.749550894907858492e+03 6.883939411772200401e+03
-1.363934586971338467e+04 -1.969184197554296406e+04 1.716559948447038551e+04
-7.069884155578606624e+03 3.557905325653130149e+03 -6.786330468353451579e+03
1.576644933977359187e+03 -8.507374336371143727e+03 8.248839369315476233e+01
-3.132211723208533840e+03 2.866837472918329695e+03 1.379635787662459916e+04
-4.257361842103716185e+02 -8.318145302296547015e+03 2.179006563707634541e+03
1.360828533258068092e+04 -1.694276784134986519e+04 8.915257574082754218e+03
-5.057735285066515303e+02 -6.027275459072043304e+03 1.809850393314084158e+02
9.784139895558266289e+03 -1.931327608934194359e+04 -1.171148656879635564e+04
4.315310390253843070e+04 -5.923742910173283599e+04 -1.480293133903669332e+04
2.893619704896807434e+03 -8.086832705665292451e+03 3.226653963601898340e+03
-4.423921264512632092e+02 -1.015346702963449934e+04 5.359302633971215073e+03
-3.579509309739929904e+03 -1.164749741243808785e+03 -2.370312895580159989e+02
-4.178798417755027913e+04 -3.214908851393411896e+04 2.840754300045234049e+04
4.074456349308513836e+02 -9.483047857857056442e+03 4.106725381182919591e+03
3.251706017717277973e+03 -1.059210486620357005e+04 1.207960366096149983e+03
1.168264410179636616e+04 8.386927898824173099e+03 -2.432479475566605470e+04
5.074488215093405188e+02 -7.240911285261336161e+03 6.215800930852611828e+02
-5.644038714422746125e+03 -2.298812470790778025e+04 2.523016910784001084e+04
3.503999607551850204e+01 -1.099847176848595154e+04 3.034299721623084224e+03
-4.713647568073914954e+03 -1.411300357450559204e+04 -1.349059876275461647e+03
-1.779795291658770793e+03 2.270856306327475068e+03 9.361690312765731505e+03
-7.707251486415196268e+03 -5.811516546568737795e+03 -1.332190197795516906e+04
-5.516781683864802289e+03 -7.480309607569181935e+03 -4.938862263083808557e+02
-8.032819237306846844e+03 -9.878024179546155210e+03 3.150495920120613391e+03
1.203936960636158074e+04 -4.868473614452786933e+03 2.171876430798376077e+03
-4.721560125695603347e+03 -6.246619843724124621e+03 -4.408201965891515101e+03
3.946507196675640444e+03 -1.573422882194885096e+04 1.986617205517517277e+03
-1.710509439041140922e+02 -9.466800734706470394e+03 2.592984185757642081e+03
2.751109591404831463e+02 -1.077315806005414015e+04 2.706172228771390110e+03
-3.120395730136222028e+02 -9.995425267701499251e+03 2.386015243119251863e+03
-8.335037111573592483e+01 -1.042768567167292349e+04 2.525864012385753085e+03
4.586916451331891949e+03 -1.601992731489338075e+04 -5.828043872568699953e+03
-8.542296220451669797e+03 1.131825967336303165e+03 -7.927208239001395214e+02
-2.912175922517023992e+03 -1.430385930712149820e+04 7.189070374126251409e+03
-2.267434168352180222e+03 -1.093626395796565703e+04 2.429878601520793381e+03
3.407769692011550887e+03 -2.215500256315398656e+04 1.298666987905168571e+04
1.665225231539867309e+03 -6.263717587770077444e+03 4.779771172027871216e+03
-1.966352016411134628e+03 -4.051202799273715755e+03 7.108819276001661365e+02
-1.245443195123169971e+03 -1.109477213928292076e+04 2.884174730702710804e+03
2.921598540385994056e+03 -8.812501207112862176e+03 5.448451634459293018e+03
-2.821874870584404562e+03 -1.129241649126405173e+04 3.831999554537359927e+03
-8.093015534474005790e+02 -1.121208383785614205e+04 -1.570894059887643834e+02
4.880028300780151767e+03 -8.411237967712360842e+03 -8.186739632151654405e+03
-4.897268956799170701e+04 -7.762235325088200625e+04 1.876313126654739244e+04
-7.326089915293177910e+02 -1.134557021625603738e+04 1.779365114772662764e+03
1.357819534874460805e+04 -8.887329143787064822e+03 -8.770172914029948515e+03
-9.775919638582034850e+02 -9.408003281485907792e+03 2.028097291784208437e+03
-6.631510075814793709e+03 -3.044444423701700089e+03 2.327344846898238757e+03
-4.423961802681120048e+02 -9.690102400226684040e+03 4.310174447982559286e+03
6.331861394814676714e+03 -9.681625967828727880e+03 1.875158964324665703e+03
-5.447085598276075871e+02 -9.747315095324393042e+03 -6.515144512261883847e+01
8.343928177097721345e+03 -1.046948292722299266e+04 -1.276760571415063623e+02
-5.111720273560472378e+03 -3.967503148039722873e+03 8.567231783493081821e+03
1.486567743146164275e+03 -1.080925925828072286e+04 3.453550153980497271e+03
-9.340385250508252284e+03 -5.877722639863292898e+03 2.896329411964807514e+04
1.094893674428984468e+03 -1.000255941914201503e+04 1.412921338268910404e+03
-6.277109467439967148e+02 -1.343019162847303414e+04 -1.050798119572161795e+03
8.105889731342092091e+03 2.144684231325196379e+03 1.884525439156157881e+04
-2.474054135452583978e+03 -1.827873458613212279e+04 -1.023858469441510169e+04
-4.081019356695590977e+04 -9.019157559151452733e+04 3.978067377069898794e+04
5.931331078430166599e+03 -8.792774593651356554e+03 6.099105769976939882e+03
-2.155379897440660443e+03 -1.288437148475506183e+04 -1.700773829838717347e+03
-8.335608097341595567e+03 -1.068410454311212561e+04 -3.381006592771499299e+02
-2.132789304989686570e+03 -7.984180064344564016e+03 3.608110477633708228e+02
7.670128730139902473e+03 -1.296853876472915363e+04 -2.375145377270746394e+03
1.073638171156430644e+03 -9.909260839668444532e+03 2.119676922055047271e+03
5.690408304300309283e+03 -2.312270633517122462e+02 -6.516169559278205270e+03
3.959853411569880700e+04 -5.369773245181918901e+04 -4.723076436860948206e+02
-9.812434768129527583e+03 -1.136170036489496124e+04 -2.316917562009134144e+03
-1.996513212718982231e+03 -1.096518993882560972e+04 -1.093264171149021422e+03
-6.019150312034514627e+02 -1.007895175481260048e+04 4.263513831018759674e+02
4.266714416992732367e+03 -1.151239882035265509e+04 -1.805652763282448177e+03
8.087214086873196720e+03 -7.394986378857534874e+03 1.951161455429903981e+03
-1.698336798399734107e+03 -1.176703241319106746e+04 3.965521699373061892e+03
-1.735380401473605161e+04 -4.503756038206612720e+04 -3.819553976313902967e+04
-1.521354621422143737e+03 -1.011524715074471715e+04 2.934636001335211404e+03
7.669436718605198621e+03 -1.614302554106284515e+04 7.242930295721246694e+03
-6.447264434747919495e+02 -9.293355743410445939e+03 2.203463079749494227e+03
-9.813198162957661452e+02 2.494884200148549553e+03 -3.750538077859345321e+03
1.192232730521911799e+04 -4.204193226913374019e+03 3.915390496538905154e+03
-1.780559621587975471e+03 -8.793739088202441053e+03 4.457456181065863348e+03
-2.641785938908775734e+03 -1.307966875786011042e+04 4.269720497004913341e+03
2.565723493114688154e+03 -1.110929816726722675e+04 2.115918783759705548e+03
4.175601643861617049e+03 -1.563822379308566815e+04 -1.184607228858287272e+03
1.639161659349346337e+03 -3.161843816173800860e+03 4.773245923914908417e+03
-1.340573781439657523e+03 -8.014631277152653638e+03 -5.026599085319509186e+02
-6.568307248776452525e+02 -1.032913841249864345e+04 2.602634711340043850e+03
-9.095785546567769870e+02 -1.081276533427821050e+04 2.640125513031343871e+03
8.132003038109701265e+03 -8.910278735965224769e+03 -5.289592698142316749e+02
5.093858463485561515e+03 -1.204477779004563490e+04 3.935666845995162475e+03
4.117312321359593170e+02 -1.092811287131887366e+04 4.144390125703836929e+03
-1.006742198395929108e+03 -8.958507362852918959e+03 3.323865561491733843e+03
-2.811982360490113933e+03 -8.862036257249474147e+03 1.233644650406989786e+04
2.339328960115474558e+02 -1.082565063513813220e+04 2.707499182441025823e+03
6.101083734950443613e+03 -1.202500798879356262e+04 -4.081950608842568272e+03
1.864556234041864627e+03 -7.330144282356211079e+03 -6.199535164348011449e+02
1.964098421372017583e+03 -1.169386209911624064e+04 -1.985895556546632179e+03
2.951709281946555620e+03 1.377063865426349003e+04 4.558224953570491925e+04
-4.048796663251986047e+03 -5.978707250660836507e+03 9.194462006043014526e+02
-2.695453860745344173e+03 -3.990618986682297418e+03 -1.911771431829962012e+03
1.381916291258637102e+03 -9.557660078580413028e+03 2.569465474672857454e+03
4.815708716112475258e+02 -1.065987646229136953e+04 7.828965883665894125e+02
1.435470487221273106e+04 -1.203366869388110717e+04 2.236389450152053541e+03
-1.289221164520545608e+04 3.707489288599875181e+03 7.732209987480181553e+03
1.430619531655602714e+03 -1.355144258264502605e+04 2.967975414346291927e+03
-1.390412082884437496e+03 -3.097525146187242626e+03 1.813466906501600079e+03
5.528392786238048302e+02 -8.551034865720444941e+03 3.428744333096691662e+03
6.466767741704679793e+03 -1.408383772210663301e+04 -1.068238937333195963e+03
2.468284312276474566e+02 -1.263779840326108751e+04 5.252412960284062137e+03
3.085517537195666591e+03 -1.933468272018052812e+04 -2.877855518808379202e+03
-7.816119064810794725e+01 -9.927723245012926782e+03 2.325717368802294459e+03
3.097272572040753857e+01 -1.006465324444745784e+04 3.224722092056369547e+03
-1.262136520176255772e+02 -1.046411900349353346e+04 3.992489673441162267e+03
-6.131772410388700337e+03 -3.327813645920128329e+04 -1.927687353348737588e+03
-3.742799525599709341e+03 -2.095663194343171199e+03 1.494832507370381109e+03
2.959689918356469889e+02 -1.002569028114432331e+04 3.181621762318472065e+03
-2.198832232721636046e+03 -6.400246563149649774e+03 7.109703125848978743e+03
2.219943092514391537e+03 -1.867912002756862057e+04 8.139054449356167424e+03
-4.152877144508568108e+02 -1.006813062856630131e+04 3.859755497045337506e+03
-3.242715878814188272e+03 -1.390647286523545517e+04 2.122552512610970552e+03
-2.193199442929478664e+02 -9.173118576211270920e+03 3.772706649335352722e+03
-1.290864098296490056e+03 -9.730152659289973599e+03 4.941642103197815231e+03
2.550566029333576807e+03 -7.277594745817435069e+03 7.575171152353336765e+02
-3.941837020969829837e+02 -9.538146635841130774e+03 3.018751090900425879e+03
-3.943330478477131464e+02 -1.120549382110927763e+04 3.268496649626504222e+03
-6.477008711034801308e+03 -1.552989954244422370e+04 9.572302102520432527e+03
1.079608030396017602e+04 -3.378084286339786195e+04 -1.865029770757207007e+04
-4.093029558755002313e+02 -7.851233099132577991e+03 3.109839773881149995e+03
-6.816667152628778013e+02 -9.111257158215737945e+03 4.356786201701073878e+03
-2.339930999673319093e+04 -1.531840347453709182e+04 1.579754454452131904e+04
-1.328965591217104247e+03 -9.889608051698831332e+03 3.787300644802862735e+03
1.439480209988167644e+03 -9.572237554759765771e+03 2.806627460990711370e+03
4.047962738213439934e+03 -1.184269614674101285e+04 3.895548074178742354e+03
3.210487550867083428e+03 -1.455010914600252181e+04 1.618671814402056953e+03
-3.191368860766745911e+03 -1.305408109687043907e+04 3.963336059444293824e+03
-3.184310295720075828e+03 5.977642363417030538e+02 9.544296177661097317e+03
3.802513004553464725e+03 -1.870792982637650130e+04 1.622925573076012597e+03
-9.383264215146234619e+02 -8.151577124100126639e+03 2.039830633873790703e+03
-2.473707768973350903e+04 -3.712307958157931716e+04 2.567860191180507172e+03
1.121052976294080736e+03 -1.121249397338020026e+04 -3.582150790523867727e+03
1.638242655453549332e+02 -8.827787108483329575e+03 4.238720308471141834e+03
-1.499322385391021271e+03 -9.669456456578642246e+03 1.881501598069222837e+03
8.916087371849231204e+03 -9.776879208221867884e+03 1.169001745964661268e+03
-3.428127374522843456e+04 -7.709479742282182269e+04 1.992834798970356132e+04
7.358477153549032437e+02 -1.192364185741103574e+04 5.968113416548552777e+03
1.319580092590530967e+03 -1.017051716067697271e+04 2.887617095951841293e+03
-4.985989610351676674e+03 -8.664991011797230385e+03 -4.584329856341362756e+03
-5.032446031185849279e+03 -2.878343249296658541e+03 -9.891033631798942224e+03
3.194774114813336564e+04 -4.597364444980446569e+04 -1.960258294291658967e+04
1.757811600347564536e+03 6.212152745120413329e+02 6.099402617692559033e+03
1.266276752947281466e+03 -9.689717547507803829e+03 3.243381619616779517e+03
-3.122670505551702718e+03 -1.390990210265493988e+04 -4.923013861606971204e+02
2.291675614903479072e+02 -1.119752849946814604e+04 -5.088805706247819671e+02
9.370462558109833481e+03 2.346847992128766236e+03 5.371234880074450302e+03
5.377748126367298028e+03 -4.409766968039352832e+03 -3.324423009912878570e+03
8.477282540142803100e+02 -5.832645606347601642e+03 1.064828157220663343e+03
2.081358470856400345e+03 -8.116170059149522785e+03 -4.306906769723523212e+02
-4.027887896835782158e+03 -1.092840059693051444e+04 -1.972746866834746129e+02
4.427307561672530028e+03 -1.564423760772782589e+04 -3.019623355784195610e+03
2.034717195857387196e+03 -1.016190495159309285e+04 -1.676858568868543807e+04
3.683613211648143078e+03 -4.810899640102918056e+03 4.077373620997566468e+04
-2.813401248474986278e+04 -2.231276959250907021e+04 4.687906636449693178e+04
-5.737865340860543029e+01 -1.654369037603186371e+04 -2.070193259443218267e+03
-3.002613946025664973e+03 -5.608057382074804082e+03 5.570716868912349128e+03
7.774298511835042518e+03 -8.912085013343579703e+03 -2.001907891907806061e+02
3.267575681042409087e+03 -1.642074378689655714e+04 1.077987306036354130e+04
7.300323636545144836e+02 -9.209854363348766128e+03 3.860062915695621086e+03
-2.188832964825508316e+04 5.119614784800844063e+03 9.244914611841846636e+03
-3.554396889119576826e+03 -1.071961986711287318e+04 3.025941470013414801e+03
-7.304564804981735051e+02 -1.039707546317558990e+04 -1.254867243237683283e+01
1.244101881460353951e+02 -1.595202998287676382e+04 -1.263323368075210419e+04
8.823359494028742120e+03 -1.258673510049141441e+04 -3.160077427129123862e+03
3.119090779881791241e+04 -2.227050259923240083e+04 -1.724088597162425867e+04
-6.579401483594690490e+02 -7.919260153724409975e+03 4.246052374613736902e+03
1.772243669410876100e+04 -2.908866490812994016e+04 -3.866655554393919010e+04
6.174236073249932133e+02 -2.360799128474901954e+04 -4.138584707451870599e+03
-3.869667764917600380e+03 -1.336338396400849888e+04 3.602052309320462882e+03
-2.438720703139310899e+02 -1.008486857641079951e+04 2.509350549397541272e+03
-1.018458932786540117e+03 -1.801991412798917372e+04 -2.170405854741825351e+03
-3.435193204900337150e+03 -2.011838341349014445e+04 -2.437537792269503370e+03
1.193167423421149351e+03 -1.396737879404812020e+03 -4.025588950487498551e+03
-6.912449532932839247e+03 -7.268626080548185564e+04 8.675920884231911259e+03
5.859582403832204136e+02 -8.222797456025669817e+03 3.291163420164902618e+03
-1.760634227679490550e+03 -1.110095814234156933e+04 4.112076870338596564e+03
-1.150867582452487295e+04 -7.931982673189449997e+03 6.720983703362044253e+02
4.068086894111049219e+02 -1.108506269110418361e+04 3.039870127085795275e+02
-5.185378367643026650e+03 2.679470634794657144e+03 -2.388222457166123604e+03
7.573792335411263821e+02 -9.363366015727318882e+03 3.123813480176020221e+03
-1.723717086894768954e+03 -1.606624122188004094e+03 1.120275207122831034e+03
6.542734645981125823e+02 -1.048345865395240980e+04 3.753374080562053223e+03
1.224166094084785072e+03 -1.048197340458361759e+04 3.890908356471808020e+03
-3.334829712186296547e+03 -6.725101523166961670e+03 -8.807771619324936410e+02
-2.436492113998315290e+01 -8.534916100424885371e+03 1.828530038557113357e+03
4.538176591217564237e+03 -7.703827228980385371e+03 3.760485081921302026e+03
-1.536700695175474038e+03 -1.163889866734404677e+04 1.448206001892142467e+03
-2.342485428800458976e+03 -1.621517422016565661e+03 4.311788822847696792e+03
4.417160021051241188e+02 -1.086007504593179510e+04 4.411641946172928328e+03
6.602120572228840501e+03 2.366249935865845691e+04 -2.110307304806841330e+03
6.980966014924919136e+02 -9.173793474853877342e+03 2.942803283207375898e+03
-1.580165103363376602e+03 -9.973457926508419405e+03 -3.231116256123459152e+03
9.954498252238457781e+02 -7.261685140345690343e+03 1.779930692826775385e+03
3.319945491901614787e+01 -8.418627290731130415e+03 3.748010269082514696e+03
4.579154105706436440e+02 -5.742203861327732739e+03 3.140610235166082930e+03
4.776283055660096579e+03 -3.620764833332910257e+03 1.642076344888058657e+03
-2.931499698432573496e+03 -7.782529067708363073e+03 -4.780091446286407972e+02
1.160847135063147107e+04 4.507284145573931710e+03 -3.464801128855505794e+03
-4.789387281990278098e+03 -5.529230634998483765e+03 1.270309189433639403e+03
1.110200061699657999e+04 2.041520320451237058e+04 4.611663074160464021e+04
9.555364744750688260e+03 -5.887616323337428184e+03 -7.382144090271069217e+03
-6.601694270991068151e+03 -1.299115020575210292e+04 8.095229787292654692e+03
1.863936372949429369e+03 -1.468923213953532650e+04 -7.930382118282219380e+03
-1.826493026932136445e+03 -1.164477208634542512e+04 1.299179386038509847e+03
4.820947813646926079e+02 -9.909195720200221331e+03 1.478842190195226522e+03
1.857302450536757533e+03 -6.705437060639406809e+03 1.002060423250336612e+03
-4.396821531105945269e+02 -9.717341332635158324e+03 3.684057015802593469e+03
8.211777961944472963e+02 -9.619829284884626759e+03 2.700972800599630773e+03
-2.565939866456810250e+03 -1.084988616209150860e+04 2.617237546350078901e+03
-3.004202786750458017e+03 -1.417183742050353976e+04 1.423966402687554591e+03
3.114723621775232914e+03 -1.089232048454356845e+04 -1.857852801062410435e+03
2.098902847255177403e+04 -3.026424506414214557e+04 1.993585372585154255e+04
-7.027457839035422467e+02 -1.098077644145051636e+04 3.186296888685000340e+03
-2.848471420313612725e+03 -1.266416331459347566e+04 4.207403636226388699e+03
-9.705962967565931194e+02 -8.955121649244971195e+03 5.691932535820182238e+03
8.317329626157639723e+03 -2.013832749631603292e+04 -1.020984294764771766e+04
3.632400342785136218e+03 -1.219304588125994815e+04 1.511857277962677927e+03
-6.836670005058766719e+01 -8.385182017318829821e+03 1.527059599294674626e+03
-1.620806538063785638e+03 -7.035103397656438574e+03 5.874348586758896090e+03
1.205376565876963014e+03 -1.089439669928345211e+04 9.526431937996216220e+03
-2.405158802361503604e+03 -1.058656262449683709e+04 6.175563347854411404e+03
1.389542667207908380e+03 -9.837768897417929111e+03 2.650347049514676200e+03
-2.722306985998610003e+02 -1.512672493618096632e+04 2.779105146837061329e+04
1.120835271074718548e+03 -1.473948686676363104e+04 5.908699361885398503e+03
-6.764919868820379634e+02 -8.959149260321972179e+03 4.366934911389253102e+03
-2.726579244350248700e+03 -1.034126357018184717e+04 2.163685924220348625e+03
4.558693320330700089e+02 -1.041867423700710242e+04 3.636543698261683858e+03
1.692373326921003809e+02 -7.895188647675293396e+03 4.923964604766597404e+03
1.452289875447098893e+03 -1.024064871560111351e+04 3.319345757717475863e+03
-2.424577726899845402e+03 -9.248888235962920589e+03 -1.152211822464840679e+03
2.869386091780490096e+04 -1.302328382802611304e+04 1.873731959457210178e+04
7.509845967027955567e+02 -1.046939476196619034e+04 2.061271068038677640e+03
-1.422397252384487729e+03 -1.352157173207390770e+04 5.498917395979443427e+03
-2.772255290878420055e+02 -8.200581081952201203e+03 4.007624833808518360e+03
-5.261086211961846857e+03 7.568936834594675929e+03 -1.238625340422606496e+04
-7.622422218001844885e+04 1.246978419698449034e+04 4.307912102039048477e+04
-2.056170475663670913e+02 -9.269144235446618040e+03 1.870598110271227824e+03
-1.716905348732922221e+02 -1.008427144227719327e+04 2.778814964369349127e+03
5.553430524096980662e+03 -2.144236745144527231e+04 1.140368378656733694e+04
2.776800291053209548e+03 -7.290781635359595384e+03 4.451159859150943703e+03
-1.078796701699045298e+04 8.905009699092499432e+03 2.196093997426526585e+03
-8.221409024416068860e+03 -2.425509330974412296e+04 3.425954966019218409e+04
-1.032995529643770624e+03 -1.022931239279869078e+04 2.172683645939448979e+03
1.252210896652664815e+05 1.811080201194648398e+05 -2.074618477324244850e+03
6.680282250135417144e+02 -8.701954114603970083e+03 4.083820222688611921e+03
2.133015665241085799e+02 -9.773681835058347133e+03 3.278370450209816681e+03
1.775207270971266098e+03 -9.747776652441107217e+03 2.604750515648863257e+03
2.272464138325906788e+03 -1.185480667722070939e+04 4.246618906313227853e+03
-2.635604919737707678e+04 -1.632619501525419037e+04 2.969978014768178764e+04
1.067607666605895929e+03 -8.510656855064131378e+03 1.439902633389388257e+03
-1.209165755005149322e+03 -9.433854070615261662e+03 3.537621084564992998e+03
-1.434639557439230373e+01 -1.051312840458807841e+04 1.882535199223872951e+03
7.894074158413933219e+03 8.866369814464422234e+03 4.348984355837009207e+04
9.340573218493908598e+02 -1.045938801799236171e+04 4.185436441210226803e+03
2.095113779149500033e+01 -9.941852218880503642e+03 2.680621301076680993e+03
1.765718953402919942e+04 3.587497096949089610e+04 3.831252575927932776e+04
4.127050388673092129e+01 -1.041414269078687903e+04 5.275760164342776989e+03
2.016480224494322101e+04 2.951481521353370408e+04 1.231095367900555539e+04
2.860134140649918209e+03 -9.672162465142037036e+03 8.237057895074020735e+02
2.981324101584662913e+03 -9.354952242310924703e+03 7.301138671418005970e+02
-1.133890540913499080e+03 -1.027056870147394693e+04 3.262535583675435191e+03
1.815667017990878958e+04 -3.046128346078518007e+03 2.171739829663110140e+04
-3.636729171163204228e+03 -1.431666715073619343e+03 -4.477036644220116614e+03
-6.289725485817256413e+03 -6.376046618932354249e+03 -3.500976790152334388e+02
-2.909498277010714901e+03 -1.551510162829591718e+04 3.307349618311557606e+03
5.345932299218425214e+02 -8.954011205232101929e+03 2.760224230792211529e+03
3.702405232158033414e+03 -1.223899703057320767e+04 4.940120236497177757e+03
9.030686316487066279e+02 -1.123509233593986028e+04 1.443223790315474844e+03
-8.371856028137695830e+03 -2.387342471755566294e+04 3.027160196314453788e+04
-2.098423658242595138e+03 -9.509077822025965361e+03 -4.745226472370323791e+03
1.079773912017646398e+04 1.479600728977451217e+04 -2.122868179586966653e+04
-2.304771928065116526e+02 -9.555631248772853723e+03 3.185334093117068733e+03
1.242655524108551290e+01 -1.056384237550152466e+04 1.183644165142382462e+03
8.557976771092835406e+03 -8.557580506750020504e+03 -4.576010070327458834e+02
2.052802380833103655e+02 -8.807812796372976663e+03 2.643621645823145172e+03
-6.941752935408558187e+03 -1.001093303223951953e+05 2.752395777175519470e+04
-1.766350512082455680e+04 -1.172131556423924849e+04 1.139733921110939991e+04
2.647900379992006947e+03 -1.099937582304049465e+04 1.264415278769344241e+03
9.524543410455768026e+03 2.130211957906530643e+03 2.707475638207480188e+03
-1.407259956245134890e+04 -3.581886245083800077e+03 5.719197653668204111e+03
3.527923832641181434e+01 -1.003099614678422950e+04 4.194797011467265293e+03
-1.979094169168006374e+02 -9.211627848627562344e+03 2.269795780189048855e+03
2.302952100548605813e+03 -7.073855830655195859e+03 2.899231520524528605e+03
-3.372388672666259481e+03 1.375081903318556033e+04 1.493359507684621894e+04
-5.906300749049865772e+03 -4.088220215039744653e+04 -1.858689011868711304e+03
-3.399877402770770232e+02 -9.463388606159118353e+03 3.223078980032266827e+03
5.413396923214884737e+03 -1.551986124291459600e+04 -1.519157487094024646e+02
6.812054511280498446e+03 -1.871025540644180728e+04 6.995419225826624825e+03
1.003961729443719264e+03 -9.990300759987003403e+03 3.335878084474245043e+03
1.269065018196247138e+03 -1.639386027296216980e+03 -1.537095457313939960e+03
-1.204106148761286022e+03 -9.513102259591973052e+03 5.786416343590120050e+03
-5.277836534271956225e+03 -7.111922186115123623e+03 -7.491188651298334662e+03
-2.871706012115888370e+03 -1.221564522968708116e+04 -1.582304206550737399e+04
1.207587459237253097e+04 -8.201857555051399686e+03 -2.568747995895576878e+03
-2.503316619066072235e+03 -8.801110622723728738e+03 2.061953924697537332e+03
-6.348612674793656652e+02 -1.114924884869556081e+04 3.825920550677998335e+02
-1.545115687100295327e+04 -5.273441738405617798e+03 7.191340022827020221e+03
-1.245034455685006151e+03 -1.012146868451730916e+04 6.682205792297154403e+03
-3.330717264446258469e+03 -8.985767983158046263e+03 1.393212647586492494e+04
-1.298742663329036986e+03 -1.109736148950724782e+04 1.048644743670295793e+04
-4.342582415328561183e+03 -9.519149510086093869e+03 -1.022195310735005819e+03
-3.699947452916689144e+03 -7.045506940319614660e+04 -8.111259085255458103e+02
-8.379085657790767073e+03 -5.723113526537194957e+03 5.223494915014039179e+03
-6.742648235407772290e+02 -1.261543723911594316e+04 3.126089515230638654e+02
4.101004795341286808e+02 -1.101868035485296059e+04 6.407770583279028870e+03
-4.608060911784373275e+03 -1.090578452238528189e+04 3.961248575898297531e+03
-6.807803534276860091e+02 -1.045601567177664947e+04 2.701444822206326535e+03
9.812133110563270293e+02 -1.007942492649118503e+04 2.247699320079707832e+03
5.427786925786996335e+02 -1.019185107802531093e+04 3.611090065552134547e+03
-1.048428183438936685e+03 -8.526436463014715628e+03 5.826190430268271712e+02
4.663489447232302155e+03 -6.898920247965482304e+03 -1.096114139158195030e+04
-1.690429444408118434e+04 -5.313507352007152076e+04 1.293991896145178544e+04
-7.405896398804627097e+03 -1.039465029729892558e+04 3.455795174654564107e+03
-2.250410359924303066e+03 -1.170636506233528235e+04 3.607562268825259252e+03
1.470448738149854364e+02 -1.409176232392329075e+04 8.818547744158075147e+03
2.467434911610972904e+03 -1.224491989981122788e+04 4.743440065485863670e+03
-1.075109147818895690e+04 2.029722773305813826e+04 1.917866794719226164e+04
7.121182501267844600e+01 -7.746128673301744129e+03 -1.452460561059140446e+03
3.635636200950338207e+03 -8.739082320207435259e+03 -1.098215809646501384e+03
2.514183968926342914e+03 -9.295567192567043094e+03 3.910180124471279669e+03
-1.358018764558252087e+02 -9.021825943251436911e+03 9.083970132938173947e+02
1.810511124891922918e+03 -1.186082278750627665e+04 -4.017777436536944151e+02
2.407727782297180966e+03 -1.422522406179040263e+04 3.287739938797337231e+02
9.003463791134414578e+02 -1.029852948722406109e+04 2.498915950763604542e+03
4.076626418340234750e+02 -1.696465674336717348e+04 1.372888728611257420e+03
-1.153890375336509805e+03 -7.810717402090914220e+03 4.325554909170398787e+03
-9.523995016240362020e+03 9.168994023380353610e+03 1.525834336156683094e+04
1.283891166790609191e+02 -1.039749100257650207e+04 2.961359084215571784e+03
-3.477891882660901956e+03 -1.406741241361524044e+04 -6.336041034906878849e+03
-6.463525915507369064e+03 -3.059281321194285920e+04 1.915838935019540804e+04
6.804055976672242105e+04 -8.920796825335391623e+04 4.276712057293807447e+03
-1.696330413718206273e+03 -6.129251463115312617e+03 5.120639063328326301e+02
-1.692148813056496147e+04 -7.180689632225567038e+03 2.379679595261765280e+04
-1.182240532339961283e+04 -2.494024318525459967e+04 -1.262182218294977611e+04
5.933555680661631868e+02 -9.228029637341958733e+03 2.772781421625144958e+03
1.411307308448332151e+04 1.611188538542246170e+04 1.865318293371217806e+04
-2.179087950438639837e+03 -8.827745268798687903e+03 2.822720724110350147e+03
3.259023657118195842e+02 -1.101832036088923451e+04 3.875132608062548911e+02
-2.858780448515148692e+03 -1.262099522927425642e+04 2.949939627888928953e+03
-3.105610885104844783e+03 -1.315720750236407548e+04 2.010217008673054124e+03
-1.940585018129111404e+03 -1.204403651295444979e+04 5.025286653999320151e+03
-2.095037677245162286e+03 -1.782875986529685406e+03 -1.158587391224937892e+04
-5.453887603083581780e+03 -1.260018044653376273e+04 5.667495276316777563e+03
2.574822873902654464e+03 -8.835624930048415990e+03 -2.301173009755575549e+03
1.383817518146433656e+02 -1.001077499699308100e+04 1.931709930602590020e+03
6.007373310132695224e+03 -1.197592766636142369e+04 3.519748239303946775e+03
6.718007318002947613e+03 -1.271059122063169525e+04 -9.207495016220186699e+02
-7.116975992878066791e+03 -1.494615939177295877e+04 2.139102088896032728e+04
2.479461890137897717e+04 -7.357098990427359240e+04 9.428968298205858446e+03
6.057043403362277786e+03 -1.260739488887947118e+04 -1.858186678268497644e+03
-3.100832201791382658e+02 -9.968313320525161544e+03 4.283676625726472594e+03
-1.652966449001225726e+02 -9.042348188213314643e+03 -2.716280795220970049e+03
1.011207234226170044e+03 -7.307870903635568538e+03 1.382100724446887625e+03
1.788153129977838944e+03 -1.155891368753025199e+04 3.951621165094279604e+03
-1.304062257769572625e+03 -8.658768229448000056e+03 1.207115628233156258e+03
4.712926003839788791e+03 -1.329336979433695660e+02 7.622495027407665475e+03
-1.458031523542316336e+03 -1.041624776805466172e+04 8.276994493370344799e+02
1.636549783339072974e+03 -1.487775354148508995e+04 -2.306831062881656635e+03
-1.293165187226109765e+03 -8.169630107406004754e+03 5.729810788623211010e+03
7.089599654291203024e+02 -1.024452783560139142e+04 9.206711722224969208e+02
1.313332610647994443e+03 -8.514515411099668199e+03 4.587700218392624834e+02
-7.677203003801692830e+03 8.068626195421474222e+03 3.403034052016743317e+03
-1.521475586482692961e+02 -9.750476342023610414e+03 3.605410495856559464e+03
-1.045792809233268599e+04 -3.702936525631801032e+03 6.920794308910174550e+03
-6.999507645698248780e+03 -5.685205990133699379e+04 1.525023453289909230e+04
-1.891244036475975463e+03 -5.734788309441442834e+03 3.644528821002460518e+03
3.515800140556263614e+03 -2.036606182632307537e+04 4.460359269940987360e+03
-2.568917143151164419e+04 -7.487096797559630431e+03 2.180255272870101180e+04
1.365896590545358777e+03 -1.342183848261775529e+04 -2.317704136159379232e+03
-2.378556091862631547e+03 8.285720594969499871e+03 4.493214490255752025e+03
1.925757294805855281e+03 -9.519213616257642570e+03 -2.577893481259306554e+03
7.348531209890944638e+01 -9.939396357708959840e+03 2.175932056887696035e+03
-5.611224319965575887e+03 -1.012319442803563288e+04 1.013356498781474875e+04
2.372317366336629902e+02 -1.033380822388684464e+04 9.569342413212732936e+03
8.512581452326214276e+03 -5.842346562318495126e+04 -1.565091853994515986e+04
3.019713221840649203e+04 -1.063429585264423804e+05 8.048643821891571861e+03
1.011301774216166086e+04 -1.124489991500954784e+04 -1.265732035925161836e+04
-9.478851898397407467e+02 -1.058714508291827769e+04 8.749184191932273507e+02
-1.343985943930864414e+04 -3.436836880174942053e+04 2.673147260078160798e+03
2.066987252894745666e+02 -8.463327502652664407e+03 3.068898701032201188e+02
6.241807594381569970e+02 -1.043841993866501252e+04 1.753103030324566134e+03
-3.960658110694282186e+03 -3.397171294419031619e+04 1.864694179104374780e+04
5.259372716668426619e+02 -9.541627585541862572e+03 2.370303357633785254e+03
-1.153585203593670030e+03 -1.953839025431185655e+04 2.169095565149206664e+02
9.765169278739933361e+03 -1.008501649207898481e+03 -3.283173350486557865e+03
-4.548534170485214418e+03 -2.767091606524911185e+03 5.126381722483295562e+03
-1.049874041513782686e+03 -1.175990535700649161e+04 2.926328166588162730e+03
5.152119513937072952e+03 -7.572806836596535049e+02 -1.759165820226747655e+03
7.024362233194903638e+03 -1.455204095917863742e+04 -1.362291978583292121e+03
3.929818004271096925e+03 -2.741961081464237213e+04 6.226611390742129515e+03
-6.305913773742446438e+02 -9.846849474123449909e+03 1.008091539559297598e+04
1.878841009840840343e+04 -5.212490702564491585e+02 -5.186718662229090114e+03
-4.533487312915467555e+03 -1.245256461654841587e+04 3.794715413825664655e+03
1.124491017214162412e+03 -1.077875629686026514e+04 2.713530077885526680e+03
-4.184252887092692959e+02 -1.086946538588072326e+04 6.000393255357833368e+03
-3.373423446584648900e+03 -8.738016462212406168e+02 6.348910013220111068e+03
1.287698984420408806e+03 -9.988374554210611677e+03 3.299674630151966539e+03
1.029571966711499726e+03 -8.442292635909912860e+03 3.467861063266286237e+03
-3.616754575685831696e+03 -1.434746812256761405e+04 6.468915008558371483e+03
-1.742211118015550483e+03 -1.083972819357140543e+04 5.753326951390334216e+03
-4.678957768963457966e+03 -7.095699242083706849e+03 4.665037681060940486e+03
3.434721816385196234e+03 -1.505017653743927440e+04 1.907162220857526790e+03
4.952966465108105467e+02 -9.708538539064371435e+03 2.500075152903937578e+03
-5.960203327789602099e+02 -1.141239129027730451e+04 5.047330059254945809e+03
1.709044502212564339e+03 -1.125978794547521102e+04 -2.512811576103833318e+02
-7.898320139791130714e+02 -9.127954442041711445e+03 4.377185670299197227e+03
2.316499172643221982e+01 -1.109547191977110197e+04 3.698483863468430627e+03
1.345092670197638881e+03 -1.468922500989670334e+04 9.672951608605711726e+02
4.165833115862205887e+03 -1.267103789436451189e+04 -4.526211864126821638e+03
2.399377080037588257e+03 -8.189774639780777761e+03 1.581859325555558826e+03
-4.505012478584220844e+03 -5.259235196636344881e+03 -1.293112077023056827e+03
3.863376005508850994e+03 -3.405305801959335440e+03 1.515897087951476578e+03
-6.076779524373600907e+02 -1.062427077389832448e+04 2.680598942232039917e+03
2.012651380843623201e+02 -8.215769928659705329e+03 4.573963881435936855e+03
-2.367722486549638688e+03 -6.539738457537634531e+03 -1.996289919972410644e+04
5.436135682010120718e+02 -8.612006886731422128e+03 2.570097681497843041e+03
-2.742176921326271440e+03 -8.821563882142299917e+02 -5.549732387409545481e+03
-2.704264823911140070e+01 -2.561454114415055301e+04 8.577444478280283874e+03
-1.900915805543219449e+03 -7.795254918802150314e+03 2.668797633440960908e+02
-9.708907400536270870e+03 -1.808739438945405709e+04 -2.440687176424088102e+04
-1.664407397971115188e+02 -9.108172626329478589e+03 3.169643203845272183e+03
5.974725008220506197e+02 -2.342567960102065263e+04 -1.535506141990632932e+04
1.412725943521805220e+03 -1.324646735550718586e+04 4.254506269977842749e+03
3.950900612237546738e-01 -9.433379254266494172e+03 1.609508160889431110e+03
-2.988097393623541393e+03 -1.453214509907483443e+04 -1.374908908232551403e+04
5.222180987361743973e+02 -8.906743347659625215e+03 1.998104793183484162e+03
-9.749445858700228200e+03 -2.141608799778010871e+04 -3.924701482581045639e+03
-2.705298041614890280e+03 -7.804051391416966908e+03 -6.037615505468818810e+03
9.932082765483459070e+02 -1.233323010010167491e+04 4.298712049435348490e+03
-2.455383391799259698e+03 -9.737308343474307549e+03 3.254358522450252167e+03
2.693245412995678635e+03 -1.225832434975303659e+04 3.087711947487083307e+03
-2.248463961721320175e+02 -1.056680245759050740e+04 2.690957599744468098e+03
1.059099343751992819e+04 -1.013144807903616493e+04 5.478988519058271777e+03
5.267785238939241935e+03 2.395739006990569578e+03 4.742420170303063969e+03
7.192965888636398404e+02 -9.891882900549306214e+03 2.399114472840678445e+03
4.759005852049652958e+02 -1.026193722473754860e+04 9.030495947931656247e+02
-1.128210104370263309e+02 -5.903342919807476392e+03 3.786820858658316865e+04
5.551510491572258616e+03 -1.167365265855673897e+04 -1.232266253959973074e+04
1.834138864188240041e+04 -3.685994223698637597e+03 -2.479172024228046575e+04
-1.715298581775609273e+04 2.685431472191259309e+04 3.259095556855666655e+04
-8.769763117189961577e+02 -9.081386280741156952e+03 6.845793493220112396e+02
1.019639341119434539e+04 -8.841763067957052044e+03 3.429010007455652840e+02
-8.610768707989213908e+02 -9.156156615399660950e+03 6.205531250901223757e+03
-3.487904914436562194e+03 -8.733831365802230721e+03 4.026619385979209255e+03
-1.623828609589127723e+02 -2.971638429868515232e+04 7.900542985630690055e+03
-1.434217533828422347e+03 -1.128104163946834342e+04 3.365827007201311062e+03
8.118101498052019451e+03 1.001295242326296284e+04 1.249624207135248253e+04
9.536571002719138050e+03 -4.238475439799662126e+03 -2.219290707905771797e+03
-1.285531127659547565e+04 -7.442590602289405069e+04 2.186064242848309004e+04
-4.567224729904691230e+03 -6.698228448902392529e+02 -6.058126547510501041e+03
1.618156358770154384e+03 -4.274111287460944368e+03 3.529377496933041130e+03
4.669770732930665872e+03 -2.102747882876170115e+04 8.743450612235566950e+03
7.223215610268304090e+02 -7.421656963651932529e+03 -4.074890323968449479e+01
-9.550178037541479625e+02 -1.309355388750084421e+04 6.811340024947342499e+03
2.567279845153787392e+03 -9.936884245752757124e+03 3.194296750502882333e+03
5.495012790874262691e+02 -9.522761556178738829e+03 4.937174380659646886e+03
4.297192185164340117e+01 -9.270127991283798110e+03 3.075037074041717915e+03
6.594890713360847258e+03 -7.539699898434924762e+03 3.230563668485065591e+03
5.117628795601257480e+03 -1.463429295385703881e+04 1.066733628906823469e+04
6.649371364841580316e+02 -1.241585904657659376e+04 1.134380408517448814e+03
3.981167134495981827e+03 -1.221828836175756624e+04 9.328545927978298096e+02
-7.735071534918540692e+02 -1.118145907348546643e+04 3.082102685432868839e+03
-2.975533772631237298e+03 -5.992598110008274489e+03 1.307320709624225492e+04
6.946048875605354624e+03 -1.170529309363273205e+04 3.551295767193820211e+03
1.191898800302767813e+04 9.084952826201137214e+03 -5.435227969746979397e+03
7.550252808318906318e+03 1.252881595337411272e+04 -8.833959293820793391e+03
-2.666483600404903882e+03 -7.757191745850686857e+03 5.247921590452633609e+03
-6.882585444133384044e+03 -9.566902691215484083e+03 4.649236175364125302e+03
-2.942532101458578109e+04 -9.205124611023429679e+03 3.763076204833639349e+04
1.996827731343362393e+04 -2.263608234755334342e+04 -8.700104894501770104e+03
2.993232719410978007e+02 -9.004228585765771641e+03 3.271600017337986174e+03
-3.934399781535468037e+02 -1.041268381554957887e+04 4.158242192732189324e+03
1.063675830893840794e+04 -1.000771542755339578e+04 -3.260267172087350446e+03
-4.080713771765216370e+04 -2.471740464237403285e+04 2.299662676213625309e+04
-7.728393136401350603e+03 -6.225338945664199855e+03 -1.442700920318747421e+03
4.063731215951219724e+02 -1.262802043738052816e+04 5.556696764480322599e+03
-6.449032447087998662e+03 -9.431534677997315157e+03 6.912415014044114287e+03
5.681645762191421909e+02 -1.124433955587265882e+04 -1.921962835039939250e+02
7.633567115448980985e+03 -9.806049726121833373e+03 -9.611845463992990517e+02
-1.575738520570340370e+03 -7.658341958900793543e+03 -8.159880371064815563e+01
4.116301580599471890e+03 -1.371750134304737185e+04 8.521195290856789143e+03
7.657818180028401002e+03 -1.348557773390033071e+04 2.340349404215547111e+03
-8.708159739842374165e+02 -9.396705479408588872e+03 2.891253701515220655e+03
-4.831428223239604449e+03 -1.575967974165436499e+04 -3.448880576364973422e+03
1.572173467047924987e+03 -5.800157194666110627e+03 1.079267928372757706e+04
-4.640766355765109097e+02 -6.127266635895459331e+03 4.157764031260421689e+03
-2.334941830978315920e+03 -1.107710559913390171e+04 1.671358894923438584e+03
-3.773071327681401272e+03 -6.897357194460922983e+03 4.210076833391925902e+03
7.175127936411426163e+03 -1.037548676549411539e+04 1.263730823258560486e+04
3.252902623979910004e+03 -1.300648494048078464e+04 3.917664095285126109e+02
-1.647578877990634396e+02 -1.557124033629795122e+04 -8.679169378326495234e+02
6.484368381220023991e+01 -1.108045765156063499e+04 1.144684593424802415e+03
-6.482134867425348602e+03 -8.083560997742403742e+03 5.009549221174811464e+03
-1.227565040224992572e+03 -1.700274783952869484e+03 1.027257516320575860e+03
1.572797532150872212e+04 -2.868839292623458459e+04 -1.182861227822155888e+04
-1.338585522241889976e+02 -5.749713970905023416e+03 2.717037577759182113e+03
3.576319010966612495e+03 -9.617790734297277595e+03 -5.858674700178651165e+02
-3.937428081080911215e+04 -1.132740207026966709e+04 -6.909879829142465496e+03
-6.168294042078117627e+02 -9.705372106083385006e+03 3.968957614711487167e+03
-3.484714098385492434e+03 -1.162747364035627106e+04 5.008432173101160515e+03
1.186992715695650759e+03 -9.312306807013732396e+03 -3.829633089312554603e+03
7.107776669341636079e+03 -3.372657613203180517e+04 -1.781938875471146048e+03
-1.252521730641252816e+03 -1.074014472243244927e+04 1.551455498277152401e+03
9.150915279649127115e+03 -1.013210971774881546e+04 5.111501177346608529e+03
1.208242136036078409e+04 -1.761284638852717035e+04 -8.399900850801261640e+02
-1.408987061478712349e+03 -1.093971778041948346e+04 -2.836647804802146879e+02
-2.262388179066405428e+03 8.018291977260023486e+02 1.873208566951503599e+03
-2.917144409656693256e+02 -1.147717178776874061e+04 3.624120084673981637e+03
3.193933322194341144e+02 -1.442654529580265080e+04 2.072849677693474405e+03
-5.845824031330793105e+02 -1.324804970890488403e+04 -6.843363729689920092e+02
-1.110071796650666442e+02 -1.041685827225860885e+04 3.424557661562833346e+03
-1.750033457932473993e+03 -9.097405756946251131e+03 -6.282815050374855673e+03
-8.099544951814764318e+02 -1.070103157539434869e+04 6.170107980271926863e+03
1.961370642388662600e+04 -2.514203792768718267e+04 9.799289234685576957e+03
-4.724384004948857410e+02 -7.643033937361954031e+02 -9.208570035018448152e+01
-1.427578020825500516e+03 -9.883903048026277247e+03 2.555375598578081281e+03
-3.288396802081671922e+03 -1.256020173693756624e+04 4.114078307321633474e+03
4.170129116062625144e+03 -7.524176801854270707e+03 5.269423733213521928e+02
-6.870923088339720380e+03 -7.091990112885518101e+03 9.916601911650188867e+02
6.306657022857904849e+03 -8.471008808662649244e+03 4.735676906147040199e+02
-3.370067034271854027e+03 -1.005333326011576901e+04 2.943041772441077228e+03
-1.840158176183442947e+03 -8.965114726118357794e+03 4.738092417906002083e+03
3.715820312469758846e+03 7.998753447164552199e+03 1.075814296186796309e+04
-4.515652790693742986e+02 -1.030171962120045646e+04 3.599013727362979353e+03
6.589485157875566301e+02 -9.739505641473944706e+03 3.986541794760986704e+03
1.762275483666005675e+04 -1.730474863248031033e+04 8.367093200938172231e+03
5.424460108909026985e+02 -1.709119474604556308e+04 2.747542818394861752e+04
4.384647825681012364e+03 -6.281613582247602608e+03 1.814629688370751182e+03
8.810706341373272608e+02 -9.503174120359666631e+03 1.661156083634161860e+02
-1.150250944445058394e+03 -2.083696553370345646e+04 1.976252309972032435e+03
-1.427273178387248117e+04 -2.704369667970198134e+04 9.452108674266039543e+02
2.939573747566747443e+03 -9.722805564215199411e+03 3.417386622722775883e+03
3.733816506587717413e+03 -5.994838952927641913e+03 -1.920288866010683705e+04
8.992094249977377331e+03 -1.024144534409149674e+04 -1.589225632715458687e+03
-1.735751874503544059e+02 -9.735792355544019301e+03 3.764337848208908326e+03
2.911378793026101448e+03 -1.499744869581775674e+04 -3.491467755498845236e+03
3.030521702692976760e+04 -2.094017893989707227e+04 -1.312936814115991183e+04
4.395130279955317292e+02 -9.364330593883498295e+03 3.651700128187244900e+03
-2.972588589372452589e+03 -6.975704275763448095e+03 5.793378998444245553e+03
1.035264547899560239e+04 -2.795668442769572357e+04 2.352938570667566091e+04
-9.876715360028842042e+03 -3.589259620690624433e+04 2.992829228091099139e+04
1.112493386524422476e+03 -1.124961728139215484e+04 2.361479436841364077e+03
1.010505548781501602e+03 -6.936566439107838960e+03 4.124112499187153844e+03
3.285678650114075936e+03 -2.074798310532190953e+04 3.276006796128359383e+03
3.371960633426064305e+03 -1.117151288626956375e+04 3.856892311877460997e+03
7.208361256137162343e+01 -9.878836358595803176e+03 2.826035267238563847e+03
-1.131089279067328425e+04 -2.162204016227271131e+04 2.673900856170713814e+04
-4.639150605502167309e+03 -1.023906266915566266e+04 1.105936070823120190e+03
-8.036641787466834330e+02 -1.094499010351405195e+04 1.785045701063479783e+03
1.322769518297508694e+04 -1.986075434860118548e+04 7.286089578048033673e+02
5.384950384754357628e+02 -4.818923683344703022e+03 6.139946925473763258e+03
6.837489878284428642e+02 -9.568339918634275818e+03 -1.925526741422837404e+03
5.244860167264718257e+03 2.202792333561282430e+04 3.063201721293005448e+02
-1.982488328042276862e+03 -1.024929463298962219e+04 1.569684160208323647e+03
-1.388324623475805083e+03 -8.571574092227823712e+03 4.574783306177833765e+03
-9.785540213798669811e+02 -1.547401196606142366e+04 3.260340727167037585e+03
-5.151295582890850255e+01 -1.043437705118281701e+04 3.131978239790410043e+03
1.473028770102075032e+04 -2.224943245617658977e+04 -5.325474484959534493e+03
5.043517644002513407e+03 -9.181994284978689393e+03 8.271483048671378128e+03
2.977464791182874706e+03 -1.175914375123976970e+04 1.375153914836484319e+03
8.799065144217187481e+03 1.233644873783732010e+03 3.752409337438169587e+03
-3.087932713190795766e+03 -1.279784075943286189e+04 4.251312204864053456e+03
3.958650935379840121e+03 -8.681407096262710184e+03 6.135664192784610123e+02
-1.961654988189896812e+03 -8.349769249337119618e+03 5.993877493953785233e+03
1.445233328454886305e+03 -1.416648662726452676e+04 -1.130325374936638764e+04
2.737262128747756833e+03 -1.051609392046744870e+04 4.930735439859475264e+03
-1.023250081082870793e+03 -8.294601412079826332e+03 3.272284137860030114e+03
-8.437020114109553788e+02 -1.058004064089625172e+04 -2.689885486931189462e+03
1.427617578764940845e+03 -3.458496975427809957e+03 1.271435995718787581e+03
-1.478909983781092342e+04 -1.894762097167162574e+04 3.049652219167334624e+04
-3.399952109706839110e+03 1.195038603025809607e+03 1.808122922091029977e+03
6.080686515572955614e+03 -1.003760301306784095e+04 -8.332191111791606772e+02
-3.149623073988400574e+04 -3.613121715822762053e+04 2.927523759818579492e+04
1.314597863188716656e+04 -2.358799607772571835e+04 4.050109451164057191e+03
-4.842899270952711049e+03 -9.583472351754016927e+03 2.245668865163632745e+03
-7.572395204943918543e+02 -1.028421739121058636e+04 3.360258819055836284e+03
9.000158901255160799e+02 -1.122045179971905600e+04 2.908424888979387106e+03
2.499565423080418896e+02 -1.028829582971133823e+04 3.593676865406875095e+03
-1.667077376712688192e+03 -1.090200205463963721e+04 1.098456100195823637e+04
1.460676571306464211e+03 6.508301859120530025e+03 2.465398709896150649e+03
-5.856255164991181118e+03 -1.249766065633349717e+04 -7.112187549325257123e+02
9.570209551954729250e+03 -1.453701237955166107e+04 5.702078042145534710e+03
1.422553452562392749e+03 -7.737534053517304528e+03 1.142816448142625632e+03
3.707342884347854124e+02 -1.167317340664635958e+04 2.487819027152318995e+03
2.358200433675456225e+02 -1.029157537574431262e+04 3.104831678255410679e+03
-9.022492626507470050e+03 -8.008359232141657230e+03 8.627854411197737136e+03
-3.260701514103658383e+02 -8.695379568499078232e+03 3.457413955169909059e+03
1.917162681703013732e+03 -9.423446197665612999e+03 1.036494686651029497e+03
2.158058766416201252e+03 -1.202594407916249475e+04 9.815636546578190291e+02
-5.956530189481793514e+02 -1.132394037453619967e+04 9.641997389243950920e+02
1.551095408124360983e+04 -4.305079174908660207e+04 -4.899755040628378629e+04
-4.893410239443790033e+02 -9.852002265928753332e+03 7.811240264573829336e+03
-6.615312736038957837e+02 -9.957873993025114032e+03 -8.258741794183819138e+02
6.242885752874706213e+02 -4.561936105967321055e+03 2.579180172351965211e+03
1.941091396459142197e+04 2.419723724077879160e+04 -1.419455341950924958e+04
2.918485402374345085e+03 -1.565235187729286008e+04 1.763255943363966435e+04
8.988085710727582409e+03 -1.704364642619066581e+04 7.578424037920276533e+02
-2.388357723639428514e+03 -4.575095419286164542e+03 1.442358751799763013e+03
6.545984822921686828e+02 -9.672331367151953600e+03 3.582864887228729913e+03
2.220661497571319705e+04 6.882129526225884911e+04 -7.233961437205229595e+04
-5.260180605486249988e+03 -1.776555650938290637e+04 4.243908053904140729e+02
1.225808146158530144e+04 -9.380343047531945558e+03 3.374076502983966748e+02
8.221186985447085362e+02 -1.263688856704306090e+04 6.354923767757788937e+02
-9.505073187038304241e+03 3.016883340637854417e+03 -1.557340019826009438e+03
1.011254203198447840e+03 -1.749586720370234980e+04 -3.835039275863159673e+03
1.048557853961525552e+03 -1.113339548750511676e+04 2.607238166086983711e+03
3.348804754964684889e+03 -1.001332333056692914e+04 2.763335574025317328e+03
-4.625455322041560976e+03 -1.260259353558947987e+04 -3.954942403164352982e+03
3.726432626810286365e+03 -1.279828664735808343e+04 -3.446629939381803069e+02
8.943148650474093301e+03 3.464663919127867848e+04 -5.946004973560399776e+03
9.235530402868807869e+03 -9.109385270662734911e+03 4.911550723057754112e+03
-3.300554533210279260e+02 -9.513190104003038869e+03 3.726165617562015996e+03
-5.934605648301987912e+01 -8.568600824762525008e+03 4.856072380017380965e+03
2.284600198218196601e+04 -1.061753489037481995e+04 1.256975512187936511e+04
1.014187350159755806e+04 1.704857485631334612e+03 1.727121101435730088e+04
1.303805271635029840e+03 -7.677393917396517281e+03 2.701908226894531253e+03
9.063945402332557933e+03 -1.624110260402430868e+04 1.433175345032713608e+02
1.584817855729460462e+03 -5.976590016513157934e+03 -1.504027798378270973e+02
1.456755599884917274e+03 -7.667478924962036217e+03 4.270786019812396262e+03
-7.503630604091982605e+03 -1.658449251368236946e+04 2.679118074085679109e+04
9.472847432949800350e+03 -1.016073089058594815e+04 2.007533271187604623e+04
-2.024565445262043340e+03 -1.157319525185571183e+04 5.982714125449349922e+03
-3.431989606539736542e+03 -7.435058912599559335e+03 5.057892093810153256e+00
-1.700481141885627949e+03 -1.413759289582879501e+04 3.547569355901871859e+03
7.957191388100636686e+03 -1.568500038442889308e+04 8.909334489663355271e+03
2.049342330338516604e+03 -1.014810418657946320e+04 7.275251480878795292e+02
-5.281396306137413376e+03 -3.134026635764200910e+04 7.739037516696379498e+03
-1.221022863501864231e+04 -1.611105164638722442e+01 4.048963158113948884e+04
-4.403424093941474712e+04 6.313316381911017743e+03 3.151522297660461481e+04
-3.997886945593461860e+03 -7.463138705015261621e+03 -2.481667074114344359e+03
1.304881176121368298e+04 -1.006319513677434043e+04 9.106036982298533985e+03
1.073779438100140169e+03 -1.687191117967135142e+04 -9.225109846228489232e+02
6.405858769572099618e+02 -9.979911057215244000e+03 7.409588840615836034e+02
-9.529567419904433336e+03 -2.713904760701158011e+04 5.372032600975515379e+03
2.219121622176165693e+04 -2.367976951525631739e+04 6.039301685041245037e+03
2.589133056716349984e+03 -3.455719578898477721e+03 1.480503753996111982e+03
7.234154559658429207e+03 -1.063501131390020964e+04 6.379035296878115332e+03
-1.080493766911070452e+03 -8.265932553870386982e+03 4.354810097358760686e+03
7.702111961412855408e+02 -9.370968490128745543e+03 5.178009425323543837e+03
5.946265234270156361e+04 2.134442831701467003e+04 -2.286677518807936576e+04
5.664419724447941917e+03 -6.076037797626753672e+03 -1.862254372374124159e+03
-2.916538495371117961e+02 -1.036325410233388902e+04 1.736870265492324506e+03
-3.042592320609860963e+03 -4.496050450304784135e+03 7.002337691119922056e+03
-1.129178538070225477e+04 -3.350038512544862442e+03 5.085176182145977464e+01
-1.132340115712961051e+03 -1.255679406600519906e+04 2.918262328738311680e+03
-1.269456636143588639e+03 -9.262605706051204834e+03 -5.192103184509431912e+02
-9.980182878345865174e+04 3.784390099198871758e+04 -5.395381610325760448e+03
9.779659932036391183e+03 1.581724474156183078e+03 -9.125255722646170398e+03
-2.787715632083179116e+03 -9.683094009189573626e+03 4.521154994324632753e+03
7.695750182249526915e+03 -7.314159434495796631e+03 3.015815105535136809e+03
8.338040961643480841e+03 -1.706357541204570589e+04 2.711541480517355922e+03
3.920382901136939836e+03 -5.702332526783940011e+03 6.221208195091860489e+02
-2.262404347412670177e+03 -1.194920365150324506e+04 1.281639985896615144e+03
5.251725568827066127e+03 -1.096254572611434924e+04 -4.991514844884902232e+03
-2.838313966996552722e+02 -9.326417035582584504e+03 3.605566411968641205e+03
-5.310251772788074049e+03 -5.341597771429483146e+03 3.951535876202865893e+03
6.408174802223787083e+03 -1.525883250932114606e+04 -4.228095127473423418e+03
-6.633860234199672050e+03 -4.929761918624605642e+03 1.860902444149358189e+03
1.105216088989515129e+03 -8.741554056762783148e+03 1.956828168653134071e+03
-4.270517221766903094e+04 2.640747977957874900e+04 5.148983147157578060e+04
-5.953674441286298133e+02 -8.988073380539410209e+03 3.228113641647548320e+03
1.665880927527888707e+04 -1.641651943835812926e+04 5.442289945067002918e+03
2.537744556296503561e+03 -7.003194739609747899e+01 -7.667785617973739136e+03
1.498400223389102757e+04 1.069140729372718670e+04 -1.688640146315893071e+04
-9.594548336567746446e+03 -8.277243020665715449e+03 2.873197038651470939e+04
-1.500656746866441244e+04 -2.227487851516905357e+04 1.208993797187225209e+04
1.185427626646051976e+03 1.937039230247896921e+04 2.945825749875890779e+03
8.010930537104435416e+02 -8.821224469170114389e+03 2.320067172475074130e+03
-4.226608563827643957e+04 -2.937682966358551494e+04 -1.805061911965684703e+04
5.957893745389812102e+04 2.092414258247659382e+04 2.921888794414045151e+03
7.638218331920834316e+03 -9.824903065548129234e+03 -1.846849832251562839e+04
1.701783071770745210e+03 -1.182696229394311013e+04 -2.003899096986673158e+03
1.129518623307277494e+03 -1.047519112764858255e+04 3.821786432089483696e+03
9.781425831232552810e+03 2.021560615314422466e+04 2.449844711756965353e+03
-4.814808272397177461e+03 -1.462052251901271302e+04 1.502868157556918413e+04
-1.558649616337550015e+01 -1.036125961785045547e+04 3.357111680355299541e+03
-2.725838228794697443e+03 -9.745589786926771922e+03 5.182271961994078083e+03
-1.437312838470766110e+04 -1.990713679625502118e+04 9.737723360218258676e+03
1.335839586232176589e+04 -3.516300068179084064e+03 6.535908972637027546e+03
-5.271261067493986729e+02 -2.870182112070752555e+04 2.570523514627131226e+04
4.099986101458248595e+04 7.517067641411065779e+03 -4.189443866738589350e+03
2.625914590859894361e+03 -1.163835496224208509e+04 -4.311839228476641438e+03
3.342719210855853362e+03 3.084869050060612494e+02 -2.126059427535122086e+04
1.875431213484655473e+03 -7.111112281792725298e+03 2.628669216439397132e+03
4.521929470357362334e+03 -1.288862058095111570e+04 2.002253178928523312e+03
-9.536514518803494411e+02 7.579614267355022093e+03 4.085949694758197438e+03
-4.447093807401166146e+02 -1.412381403542412954e+04 5.920685902195131348e+03
-2.563569071476651061e+03 -1.217320409050376657e+04 1.052089397879364697e+03
-2.331031554073714688e+03 -1.035564592310838452e+04 -2.571833272154975930e+03
-7.632647620125180765e+01 -9.792127385219364442e+03 2.597342102721263473e+03
-3.008201492557343227e+04 -1.367013881881776069e+04 1.869116817874927074e+04
9.066384383639379507e+01 -5.543205842413917708e+03 7.223257900525878540e+03
-6.696319965363512665e+02 -9.484220604509569966e+03 3.406156846488824158e+03
6.966035870528217856e+03 -6.537080236573086950e+03 8.205923935648805809e+02
3.759360693510807778e+03 -2.444636007160843292e+04 -5.660252525711344788e+03
2.062991743541792857e+03 -7.928601465132423982e+03 5.655984625273339589e+03
6.877907548847855423e+01 -1.144804194530497989e+04 4.531646355787964239e+03
4.539427667369035589e+03 1.680441088318219045e+03 -1.712721123584242741e+04
3.211254927656170366e+03 -1.154898294719958903e+04 2.567288449203610526e+03
-4.120301520472511038e+04 -6.000126523100151644e+03 -7.058181932423904072e+04
-1.697508439655661277e+04 -1.822645043795037782e+04 2.835308589587198730e+04
3.576640210490053141e+04 -7.043539429813897186e+03 1.334358030331834561e+04
1.141743671676853046e+04 -1.756254939417157220e+04 1.325441712498311063e+03
-3.639242115409651160e+04 -8.656459484869803418e+03 -1.350378580289759702e+04
4.519282680538144632e+03 -2.126910106623388856e+03 2.009942187156248792e+03
-6.904012503244914569e+02 -1.049647924348848210e+04 2.113687082062447189e+03
3.030758678544968916e+02 -1.116657714924059655e+04 3.049101977215535499e+03
7.031994925944449278e+03 -8.871631173677924380e+03 9.718396928422902420e+03
-1.861923636655427799e+03 -7.630340372651526195e+03 7.011733485494872184e+03
-1.098044533148065238e+04 -9.365239416876216637e+03 2.442673904940551802e+04
1.703553850295156008e+04 -5.663157772239872429e+03 1.042260625413106027e+03
2.800326022643311035e+02 -1.056204277993853975e+04 1.816290303351846887e+03
-1.869651777239645298e+03 -9.480012109847673855e+03 -3.983961809572519996e+03
-9.502297545811417876e+03 -7.455021680417229072e+04 -6.783474578227805614e+04
-3.152366894610519012e+03 -9.065567725824579611e+03 -2.660204722024937382e+03
4.994479933027152583e+03 4.176609059907418100e+02 1.235299337709309111e+04
-2.573060036175912319e+04 2.758481488129173613e+03 3.000971296496580908e+04
1.052147983540530367e+04 -7.036124390479221802e+03 -1.749624880598492837e+03
-4.480853102220864912e+02 -1.319489581751355945e+04 -4.779503061171717491e+02
-2.472337121534534162e+04 -3.508912373785876298e+03 -5.981354234865780199e+03
-4.397469023035863211e+04 -9.546686151418303780e+03 -7.294559757888839522e+04
-2.474718523883484522e+02 -1.324423325506949550e+04 2.092026093299049080e+03
-2.647013760830944193e+03 -6.696302255352677093e+03 4.570462570289016071e+02
8.810657924259176070e+03 -4.083207989079997787e+03 7.611907327367561265e+03
-4.975058399212555742e+03 -8.217490922762513947e+03 2.744550609342763437e+03
2.963941034761935043e+03 -1.714665185376159934e+04 -9.826108037697492819e+02
-4.886811498025490437e+04 -2.072295203949109418e+04 2.830132574922690401e+04
-3.820295685900450917e+04 -3.527894722302554874e+04 1.509016897240459002e+04
7.247887757602911734e+03 -1.075714371528155425e+04 -7.164065895041417207e+03
1.404080341250512356e+04 -1.563101813889687219e+04 -2.028934940082120875e+03
-1.153598072017466848e+03 1.234442750452742439e+04 4.873294784766848352e+03
6.092801831728088473e+02 -8.616972730744617365e+03 2.787761850252671138e+03
3.366992011663202902e+03 7.369744254711273243e+03 -1.601429186046211362e+04
-6.497970911608333154e+03 -1.003410112489274616e+04 5.368649126380712005e+03
1.026716795936501057e+03 -1.163187730662232389e+04 -7.933889665614300384e+02
-2.867513883499440794e+02 -9.764370839264767710e+03 3.825890575287702177e+03
3.668412875738261391e+03 -5.863555684967350317e+03 -2.067602779503229613e+03
1.160921733848153963e+02 -9.191375004840414476e+03 5.292214607710062410e+03
3.423564569818224300e+03 -1.134026009889096531e+04 3.012755714236035601e+03
2.769894532914225238e+03 -6.963907665747499777e+03 9.090910101763713101e+03
-4.169179095861885435e+04 -3.929905529945702438e+04 -2.200404180871169956e+04
-1.305149415605482136e+04 -3.795239427085100760e+04 -1.571107935743342932e+04
-7.882781467082164454e+03 -9.752225874467791073e+03 -8.768554896358674569e+02
-9.558964828781677170e+02 -6.561629645510759474e+03 2.825720802027136870e+03
-4.728972509750162317e+03 -9.083203229202194052e+03 -1.668719493969359746e+02
-6.603444070765876859e+02 -4.122819837948311942e+03 7.967440362561168513e+03
-1.825229243088034991e+03 -3.737016203102088639e+03 -3.839459108228272726e+03
-1.724186284475467232e+02 -2.159928732574510650e+04 -9.882812053954933162e+02
-8.186616690905225369e+01 -1.145112845585921059e+04 1.978741793419966370e+03
-3.692803783975630358e+04 -3.655558169547626312e+04 -8.430596069447202899e+04
1.305547857155932661e+03 -7.664327285336446039e+03 9.967450831539017599e+03
7.313148191636774754e+03 -8.527772923100066691e+03 7.301104228462129868e+03
-7.378787024934155852e+03 -9.185792234382824972e+03 6.626865161036660083e+02
6.136138614456364849e+03 -3.806417746898674977e+03 -1.056523474618977525e+04
-8.049174822596207378e+03 -1.041406991354386082e+04 4.207516491856779794e+03
-3.519242273433060291e+03 -1.004443492447495373e+04 -8.753556918597073491e+02
7.782852725991690022e+03 -1.097974080284417687e+04 7.472884148380117040e+02
-1.495775167386262001e+04 -4.394593177035296685e+04 -3.852645118572860520e+04
9.597030115808467599e+03 3.864559291069974734e+03 -2.641526109976726730e+04
9.593621755520403894e+03 1.104864495918421744e+04 -3.847947772342339158e+04
8.316599314115024754e+03 -6.404962499631856190e+03 2.411065162773887096e+03
3.570124558036181497e+03 -6.627182564333716073e+03 1.786617228812835674e+04
-6.842210176434567984e+03 -8.212831959100210952e+03 1.745632192557736926e+04
-6.708936317148981288e+03 4.271779202890410670e+04 5.005526803963292332e+04
9.329024184627105569e+03 -1.121878754199011382e+04 -4.087561949489921972e+03
-6.142462528975170244e+01 -1.017650299580516730e+04 4.661294979233942968e+02
-2.299245233601298423e+03 -1.517364430751343025e+04 -1.330892044716793407e+03
-3.325739442811200206e+03 -9.599809803230387843e+03 -4.503648152237690738e+03
2.136054402602806022e+03 -5.141670281306763172e+03 7.328725130209832059e+03
-8.285272068918378864e+03 -9.480856123908422887e+03 1.399712425289342173e+04
-4.093219989406597961e+03 -1.197591124644780393e+04 3.431102480797276257e+03
-1.961681369948113934e+04 -4.079078867741597787e+04 2.522420545551486794e+04
9.359288308424189381e+03 -9.785440060723769420e+03 -5.009009517216551103e+03
-2.389853779903603481e+03 -5.602825060543623295e+03 -3.371780712339282218e+02
1.977800365969925679e+03 1.031288367090832935e+03 9.037142130255682787e+03
3.853606243425567754e+03 -4.991999581032836431e+03 1.854160013390385302e+02
3.585948936313261015e+02 -9.466083365854591420e+02 5.196814011129436949e+03
4.415665924207040916e+03 -4.118898871300969404e+03 2.130339605807261705e+03
1.512954496650271903e+04 3.396334127977884054e+04 3.424899725083367343e+02
5.174174630137668828e+03 -1.369669206071893677e+04 -2.844438741396657406e+03
3.531387602294344561e+03 -1.111245974980510982e+04 6.443959879365311281e+03
6.858536077669466522e+02 -6.359186826607734474e+03 4.031482096388479931e+03
4.185963447570379685e+03 -1.113504468391474620e+04 -3.484048472383067747e+03
-1.302445569920905655e+03 -9.376221107447263421e+03 3.138102709883169155e+03
1.926809023901560067e+02 -8.919788214027214053e+03 1.166612696067086290e+03
1.205190829724645482e+03 -1.378802828124359075e+04 -4.250687615493282578e+02
-3.226357157281823334e+02 -3.344267106167168095e+04 -8.913980225249515570e+03
5.842753742607116692e+03 -1.457423580990547271e+04 -3.515710975899992718e+03
-8.955983233940770151e+04 2.554443705777320247e+03 1.880833533487307432e+04
-3.460187788567366738e+02 1.226633533957482996e+03 3.961568010747385415e+03
-3.504832212754800366e+03 -8.723187786278012936e+03 5.596000604492343882e+03
-2.790974717838108063e+03 1.685480607327630878e+03 9.622831275957740218e+03
3.830585582521226570e+03 -1.242700072958749115e+04 9.694378189443997371e+02
3.361236133290830367e+03 -2.129982277148102366e+04 8.491912871073884617e+02
-5.594595509154125466e+04 -5.839951529022569048e+03 2.835095323957359869e+04
2.525895689328906883e+03 -1.084817991792765497e+04 5.689317363896086135e+03
-6.190210393243156432e+04 2.003168299301364186e+03 7.196631517746972349e+03
3.791695360196137017e+02 -1.110078783438621213e+04 4.646768080277090121e+03
4.739853776086960124e+01 -6.777534965024223311e+03 -1.237469336912660083e+02
-1.306638106027563663e+04 -2.009249210346520340e+04 1.130864175463730498e+04
6.141503894105857398e+03 -1.705786917177645228e+04 1.790009786007470757e+04
-2.986576586810102981e+03 -8.058865946568943400e+03 3.662789201357047205e+03
-1.487123192180856108e+02 -9.673127897698257584e+03 2.343300211079464134e+03
5.653841417917406034e+03 -1.593670545709364160e+04 -4.252090841237399218e+03
-2.693192338589841711e+03 -9.950367778783502217e+03 2.986264743510715107e+03
-1.925719908163936907e+03 -1.170272608576316452e+04 1.824350918408223833e+03
-1.673813941333838784e+03 -1.055701096326812331e+04 2.232022948773492317e+03
1.278369001914840055e+03 -8.999084608969473265e+03 2.616083488931192278e+03
7.902215317856335787e+03 -1.478073168953984350e+04 -9.582833937857481942e+03
-1.644080214376907406e+03 -8.430609633184712948e+03 5.415546628858106487e+03
-1.365022533234547836e+03 -7.563115857304965175e+03 3.043376150031531779e+03
1.346273954759966500e+02 -1.006122487087915943e+04 3.317761853443104428e+03
-2.890052283663207618e+03 -1.311723572628260081e+04 1.265095751593009481e+03
-2.360707459274970915e+03 -6.518173024643548160e+03 -1.806872612627060789e+03
1.270033571970712364e+04 -1.045613136015571035e+04 -1.175606486541827508e+03
2.387668688602047951e+00 -1.108842455796617469e+04 1.896129578413714853e+03
2.482123154205607079e+03 -1.355051169139765079e+04 -3.947323090189679533e+03
1.786650252599882515e+04 -9.045077277659971514e+03 1.014846180965837084e+04
-1.768240634748950924e+03 -5.774697951942095642e+03 7.955888556074590269e+03
-3.784911662970547331e+04 8.850834475805027978e+03 4.566024832687032904e+04
2.558852804934743290e+03 -1.317767731808356803e+04 5.388424108170671389e+03
3.183293321797384579e+02 -1.157155651992404819e+04 1.597600577178806816e+03
-1.473777043219278085e+03 -1.003964235126886160e+04 4.151853214814339481e+03
-1.397273048536237866e+03 -1.089703525534625260e+04 2.167297479922649472e+03
-7.551430104908868088e+02 -5.088112916438997672e+03 1.862465103026299857e+02
-3.379223148738022246e+03 -3.144007744704060769e+03 9.844127244184195661e+03
5.338232441504745111e+03 -1.585670438600862690e+04 1.306318058639369337e+04
-2.811691842914118752e+04 -2.998852777634961240e+04 4.885354707752182549e+03
-7.824592033260449853e+02 -9.436980338651304919e+03 4.099211059377184029e+03
3.035816617179252717e+03 -1.507570233815440952e+04 1.343957664793569847e+03
5.131657004680675527e+03 -2.664929354071909256e+04 6.002723518270646309e+03
-2.771706467671375549e+02 -9.735251973019569050e+03 3.844920390328663871e+03
1.669094507710963171e+03 -1.121336917425249703e+04 3.119759076574192022e+03
-6.272283430982321988e+03 -8.796241174309627240e+03 2.174817926134632580e+04
-1.887479604484695983e+03 -1.223816519108400826e+04 3.212369711582266063e+03
1.577183179088229963e+03 -3.129491256393000640e+03 4.422496632608898835e+03
-2.138971045631380548e+03 -1.151780956726821751e+04 3.371290250927732814e+03
1.449147182082885593e+04 -1.671187072287293404e+03 2.363432097014748251e+03
-7.203679381602802096e+03 -4.156842235727629486e+03 9.164846675610720922e+03
7.326717131578957196e+04 3.845910337366504973e+04 3.818181692584503253e+02
3.283623099221859775e+03 -2.774016020873131311e+03 1.769849679925304827e+03
1.443740108349884849e+03 -1.139106836956928782e+04 4.459873782780298825e+03
-1.393576838005445097e+03 -1.375271280164396194e+04 -1.202456615716042052e+03
1.766415963018515413e+03 -1.443307415264452720e+04 6.359601710985840327e+03
5.514788733730610147e+03 -5.960724918730074933e+03 -6.488169627870664726e+02
-4.101130428794695763e+04 -2.263864986430544013e+04 3.022763571821865116e+04
-4.314948487277117238e+04 -9.891395593090148395e+03 4.179712182657098310e+04
1.895030665478722540e+03 -1.059141831974280467e+04 3.045218415611278942e+03
-2.511330952021793109e+03 -1.059221899803299129e+04 -1.279538021652028874e+03
-3.784334040120393638e+03 -1.021834166501464824e+04 1.513263013007409609e+04
1.959275213731667691e+03 -1.266928908420209882e+04 2.669905575542431961e+03
3.181757463441340860e+03 -1.145188994416390778e+04 2.462717577363279815e+03
-1.022876549352752818e+03 -1.060414570618847029e+04 -4.350776735988068822e+02
5.660462597881366491e+03 -9.691442578286312710e+03 -3.956308798315060358e+03
2.036495524512045563e+02 -8.335271269659329846e+03 3.227508856078290592e+03
3.396017477662461260e+03 -8.828469745312031591e+03 3.060284869826610702e+03
-8.430073087316526653e+03 -1.847510397550350490e+03 2.134746252753861427e+03
5.056606300421681226e+03 -1.895405725700452967e+04 1.321887439641168748e+04
-4.175389768500534046e+03 -1.302849450152673853e+04 2.750624294447835382e+03
-8.799861055156045040e+03 -3.834476131070538827e+02 2.408403718597447096e+03
-3.369312768491372481e+03 -1.585790902791838926e+04 1.966978837026878682e+04
3.110091142345553635e+03 4.275973386600463527e+03 1.851972423814017702e+03
-2.087552802254272319e+04 -1.858805514092604790e+04 -2.189129666801164421e+04
-1.326756612659390157e+03 -1.131858208821993321e+04 1.050977335467239527e+03
4.568858861091195649e+03 -7.085400553674769981e+03 3.933661317640010566e+03
-1.054582259350563163e+03 -9.322275864451492453e+03 3.289093908836151058e+03
2.571298415492627555e+03 2.536773161535534746e+04 3.818339988985535882e+01
-7.621406733622728780e+02 -1.605979352812150319e+04 2.785319752387672906e+03
1.224272268966686170e+04 -2.041393052466092195e+04 1.395665964248294949e+04
-8.903290780425086268e+03 -2.356066828177454590e+04 -1.579130971298673649e+04
-2.266447953434168539e+03 -9.270295405783166643e+03 3.021535469645320973e+03
7.582536802882384563e+02 -1.293941567931053942e+04 1.811689495084274313e+03
-2.549405453633873094e+03 -1.404858580168061508e+03 3.239997908699477193e+03
-1.390731630029683220e+04 -2.250930089100576515e+04 4.051689842459322244e+04
8.177033509759722619e+03 -2.044891527878749548e+04 2.568446320939855468e+03
1.026410533244229555e+02 -9.976950273516813468e+03 2.212551813332154779e+03
-1.949580668313658862e+03 -1.016143309622478591e+04 7.699738478466230163e+02
9.710601325437473861e+02 -7.145534281558735529e+03 6.814884594241017112e+03
-4.933589253655223729e+03 -2.827587219839902900e+04 -8.402793755119212165e+02
1.420853142213981300e+03 -1.040213082380693959e+04 1.894874350814970967e+03
1.299805411046215113e+03 -1.153867129762191871e+04 6.131216671444116400e+03
4.208579326287417643e+02 -8.610657242799537926e+03 3.558893058720092995e+03
5.367997912706102397e+03 -7.427343982903284086e+03 5.431522099703731328e+03
1.134240671421480556e+03 -9.576337053017077778e+03 3.001012872833478468e+03
-1.378250036722085042e+03 9.088624606696706905e+03 1.448420485493256365e+03
4.652820472277816179e+02 2.039057942939177792e+02 2.389321912471936571e+02
9.603233594446814095e+03 -1.190458543992980231e+04 -1.148043066394765219e+03
1.443512925341682421e+04 2.576737621002456945e+04 6.443921158176147401e+03
-3.904987560575425960e+03 -1.604259420138224414e+04 -7.590144409812771300e+03
2.463849682073266194e+03 -1.432336491397618738e+04 2.224037555201510713e+03
-9.161487328854468615e+02 -9.683746605828495376e+03 2.214125674533243000e+03
1.604728970899822889e+04 -1.479126055912747870e+04 1.457782136437574081e+04
4.834859224507434874e+02 -1.030555687577340723e+04 2.862454316631716210e+03
6.642707245674441765e+02 -5.573071920533565390e+03 -1.176363633664209920e+04
-2.662297518761494757e+03 -8.848851876117263600e+03 7.427130772082761723e+03
-1.413344505475769893e+03 -7.081212166185794558e+03 -4.397242184147577973e+03
3.129889450565078005e+04 -4.286338529686204311e+03 -1.915342166681692834e+04
-7.003156736031689434e+03 -1.151513408091527708e+04 5.661043546203633923e+03
-2.771417655428432226e+03 -1.122960866348992568e+04 3.145581962563881007e+03
1.990194069018202754e+03 -1.418478766616909706e+04 2.849261048588461563e+03
-1.228007327133525905e+04 -1.435158047011059534e+04 2.099857542672999989e+04
9.071682450645033668e+01 -3.892339161430290460e+03 -6.836269293356760954e+02
2.054842923741817140e+04 4.385359209331998136e+04 3.089966849419122082e+04
-1.692042406144734514e+03 -1.188903064132143118e+04 9.014873531657024159e+02
-5.653536276571328199e+04 -2.526059753570986504e+04 -7.897571111391350314e+03
-9.192222721338857809e+02 -9.172459228552268542e+03 3.311311546829309918e+03
-7.441028291939853261e+03 -1.255483546015505635e+04 4.711912862760627831e+03
-1.416450660589832523e+03 -1.188239537394866966e+04 -7.011580621902971870e+02
-8.925887865244847035e+02 -1.012832849441403960e+04 7.991600078329850021e+01
-1.660316961759502419e+03 -1.014860479482951268e+04 -2.096552614687341702e+03
5.035794301131866746e+02 -1.084093833405459736e+04 7.254977304243155913e+02
-2.067508767386464115e+02 -9.336086366714409451e+03 4.046997488843164319e+03
-5.525455066627570886e+03 1.658628759045922561e+04 -1.486323261744665797e+04
-1.909555986466470586e+03 -9.205907985392996125e+03 4.768984118126774774e+03
1.723678965062337284e+03 -6.954159346120830378e+03 3.662628166681860421e+03
-1.273167662105481895e+03 -9.365246868276806708e+03 4.003367134895917388e+03
6.188871702700816968e+03 -1.153293013134705507e+04 -2.044322240672541966e+03
-9.184377088971665444e+02 -1.091511063608995755e+04 3.290365580262687217e+03
1.085174021735112575e+02 -1.410584285108510358e+03 2.912688385823162389e+04
1.052411747757232661e+04 -8.966851797764700677e+03 1.920176585994370544e+04
-2.391631386349217792e+03 -1.146084803902968270e+04 1.540852399499604326e+04
3.147682802218871075e+04 -1.130490361506172849e+04 -3.187683060368779843e+04
1.056264567902862836e+04 -9.704170485860116969e+03 6.468977124160906897e+03
-1.380524726135840581e+02 -9.498156817294213397e+03 -2.296034376017099703e+02
-1.386543192873025191e+03 -1.004478992892034148e+04 4.906812141877961039e+03
8.557527695145949110e+03 -8.168159865217916376e+03 2.740498440217536427e+02
-4.623747341179758223e+03 -1.207444188983176173e+04 5.143004858453761699e+03
6.295541700508017129e+03 -5.506917425747579728e+03 -1.545044568863355835e+03
2.141146102825562593e+03 -1.134885782708448642e+04 -3.494620151823707488e+02
4.533334163103252195e+02 -1.038580829831177653e+04 1.851526663147976478e+03
3.544714175620622882e+03 -1.956399799995514059e+03 4.085294114801110481e+03
6.987846354186629469e+03 1.374956438250695328e+03 -2.164846593617348844e+03
2.644869460898817692e+02 8.098455901111003641e+02 -3.858065816217662359e+03
5.044966983367359035e+02 -1.109384667969610928e+04 1.782597779466970451e+03
-3.456511524026141160e+03 1.324200494940213275e+03 2.443838187335252314e+03
5.946219344193075813e+03 -2.046760720486823993e+04 -9.203053894871607554e+03
6.194292166074725174e+03 -6.507330535180693005e+03 1.834275506912463015e+03
2.203617485563930131e+03 -5.928760437021473081e+03 1.874185797761598906e+03
-1.208630193746545046e+03 -1.244354536366545290e+04 3.587574664527102868e+03
-5.260927788813316511e+03 1.269275598817713217e+04 8.287826220116705372e+03
5.145953247365886455e+03 -8.645246861301979152e+03 -1.162162416280992693e+04
-1.538438763552138880e+03 -8.246456148820325325e+03 -8.565506071061752209e+02
4.797032849672673365e+03 -9.481508132134165862e+03 -3.847780985041211352e+03
-9.750577547688646519e+03 2.054288837702510477e+02 5.623323307856802785e+03
9.436440520107340490e+03 3.037388240228515133e+04 5.247061109041548661e+03
9.747961083728250742e+02 -1.062086859126507989e+04 2.782737542062749071e+03
1.875643286781289589e+03 -1.091714940042177295e+04 4.649942843017599444e+03
2.077354367436827033e+03 1.391882798574421759e+04 6.043362354599006494e+02
3.983746981386325842e+03 -1.538073117142198498e+04 2.042759412886831797e+03
1.125295191705297839e+04 -3.932037589569431930e+03 4.514773708400973192e+03
9.327391282678563584e+02 -8.751960958452285922e+03 3.206698253134092283e+03
-1.566711633881090620e+03 -8.500230960612636409e+03 4.160464853285495337e+03
1.135344480848016019e+03 -2.908033264999110997e+03 -1.394688273720243160e+04
-5.042541699534857003e+01 -2.554627938443607127e+04 1.058753155201297704e+04
-1.689783786503288866e+03 1.081296261115364541e+04 -2.726954445476859291e+03
-5.811119878406076168e+03 -1.045829630105763863e+04 5.576664453061686800e+03
7.116639189830528267e+03 1.714968910688124015e+04 -5.525778114689398535e+03
1.712027327456338526e+03 -1.372538022373455897e+04 -5.880366598801699638e+02
1.262284087215481486e+04 -1.638376259442689116e+04 5.268519058741046138e+03
-2.677356431768521361e+01 -1.162770464784992691e+04 3.082220921365731556e+03
4.789926369762945797e+03 -4.198079779735261582e+03 -2.624391929304648784e+03
1.172111622070232670e+03 -8.103596444382359550e+03 3.976236951982091341e+03
2.347796298720622872e+03 -1.179999615726868251e+04 9.585302044560958166e+02
1.411491831655680926e+03 -1.175334764697081846e+04 1.485600199195775713e+04
1.974950231666997524e+03 -9.517909626518674486e+03 7.798630784712222521e+02
3.176984243710456326e+02 -1.031889501562555779e+04 2.583491384848758116e+03
-3.077402699924841727e+02 -9.577780148006997479e+03 3.155311067567611644e+03
