6.357223769522847761e+02 -1.127476874851394678e+04 1.529759034912630887e+04
9.992366316309688045e+03 -6.035220329474366736e+03 4.964538704040113771e+03
1.495020505110093836e+03 -7.956951221870453082e+03 2.720319468967771627e+03
-2.099833457472037935e+03 -8.209191615385505429e+03 6.011960073020005439e+03
1.046562652250468091e+03 -1.161925713911540697e+04 -9.648532123483163332e+02
4.141634956665644722e+02 -8.702719133464623155e+03 3.843143048688701128e+03
1.823462467742342051e+04 5.508955205473669594e+03 2.656652151829999275e+04
-6.792033572151641238e+03 -1.653803438659714402e+03 4.253520711955428624e+02
5.146611384359640397e+03 -2.434649917179437398e+04 6.647524538766950172e+03
-7.437905757855961383e+03 -4.339564411338523314e+03 -5.233185529378579304e+03
-1.565980969989436562e+04 -1.420011539405740041e+04 2.971049765175050197e+04
2.258578782039512134e+03 -2.747835295116223278e+04 3.956456193322056265e+02
9.586213287750786549e+03 1.095888787153693011e+04 6.734038259625858700e+03
-2.124261611881161116e+01 -1.095385760871503226e+04 3.207638883097085454e+03
8.816402869713467680e+02 -8.076736317428096299e+03 6.308622113610406359e+02
-2.299087793782327935e+03 -7.051351856155927635e+03 6.947216865650299951e+03
1.496160448227475717e+04 -8.937021611058742565e+03 8.636650967592710231e+02
3.002417850427860685e+04 -4.967413566695887130e+04 -4.611031279358612665e+03
5.338130177674320294e+02 -9.117589786810918667e+03 4.006205620045996511e+03
2.213286159599681014e+03 -2.007613821708917021e+04 1.362097491567583165e+04
-9.535134182753560026e+02 -1.073787937744015653e+04 3.455725421254159301e+03
1.321845594497088314e+03 -9.975327946353650987e+03 2.580468302054192463e+03
-2.783965299975528524e+03 -1.552689037397393622e+04 6.252528249816127754e+02
3.950637116705808239e+03 -1.094043024918760057e+04 -1.015818887794436250e+03
-5.777122838983302245e+03 1.593674934670962102e+02 -9.511056276730227182e+03
3.333675058530968727e+03 -1.125832495881084105e+04 -1.538235954963967288e+03
-1.691824174251461727e+03 -6.280623281887360463e+03 7.020531392601752486e+03
-1.326108737266943535e+04 -1.977940245902866445e+04 1.724392351180861078e+04
-7.099050415305072420e+03 3.566208218776946978e+03 -6.710634460505189054e+03
1.487164767869069237e+03 -9.323172821987818679e+03 -2.975168923676889108e+02
-2.994923365943970566e+03 2.780664401214775808e+03 1.369556995716741403e+04
-3.437866581819503722e+02 -9.553877154890782549e+03 2.670855915816556262e+03
1.389956888672411696e+04 -1.708969352951899418e+04 9.069710851587877187e+03
-8.681878717745092899e+02 -5.242385958944271806e+03 4.209652870513280050e+02
1.002938587589957569e+04 -1.974873325911921347e+04 -1.198438530096912109e+04
4.360379362196239526e+04 -5.973219924339426507e+04 -1.496666092611474960e+04
2.053600771514220469e+03 -7.943352289336837202e+03 2.892095481255074901e+03
3.042294704169307806e+00 -1.011068422502535941e+04 5.972460466214530243e+03
-3.115036751470829586e+03 -1.198468254697723978e+03 2.805593605874053651e+02
-4.197385291978260648e+04 -3.238609706470588935e+04 2.868698840367842058e+04
1.215513602557414742e+03 -8.538369444917156216e+03 3.622719816740486749e+03
3.615186824541533497e+03 -1.066333193632426992e+04 1.080596607461113535e+03
1.178711159648003559e+04 8.659764421454217882e+03 -2.464538870034552383e+04
7.328121549617291066e+02 -8.019189929048280646e+03 6.982144303949362438e+02
-5.625594696293540437e+03 -2.314936558558038450e+04 2.549959630726855175e+04
7.478327351244581678e+02 -1.121926728173410629e+04 2.817161542583821301e+03
-4.855721862464912192e+03 -1.356484715304515157e+04 -9.933599292650682173e+02
-1.644777020012920275e+03 2.151932133191901812e+03 9.153594022291772490e+03
-7.962638132352280991e+03 -5.578853314842210239e+03 -1.361499075078970236e+04
-6.359517204544265041e+03 -7.214433034457836584e+03 -6.319136920015703254e+02
-8.207577473698856920e+03 -1.011210862774912130e+04 3.098282135141368144e+03
1.323308945954147748e+04 -4.540254864154191637e+03 2.182287377311231012e+03
-5.088584456798093015e+03 -6.182067977776864609e+03 -4.982280593697672884e+03
3.769456215140705353e+03 -1.545198805481344243e+04 1.570356291122737275e+03
-8.281390661506203514e+02 -1.018794159294944802e+04 2.293373713949324156e+03
-1.946045443092579035e+02 -1.024913821833155816e+04 3.212248631466241022e+03
-1.075168820319291626e+03 -1.115256220881398258e+04 2.746300031664784001e+03
6.279398550680957669e+02 -1.027879516944850548e+04 2.339517501682200873e+03
4.449480092421259542e+03 -1.594933483783308475e+04 -5.981343823196894846e+03
-8.568584268688784505e+03 9.748527011397918614e+02 -6.910495825299029775e+02
-3.120937895846342599e+03 -1.432047556718096348e+04 7.602576111916704576e+03
-1.676003081812590381e+03 -1.094806366582636656e+04 2.528702864125838005e+03
3.442544392333290943e+03 -2.208518823187646922e+04 1.287583391152956392e+04
2.617400951118638659e+03 -6.044700749659117719e+03 4.764915886297348152e+03
-2.658802898735482813e+03 -4.612310272383894699e+03 1.008130280880180180e+03
-1.883102462678871689e+03 -1.027346624279974276e+04 2.280134753598420048e+03
2.489904299946605533e+03 -8.922166670054448332e+03 5.105746516223669460e+03
-2.864358494167485333e+03 -1.215981724787103849e+04 3.992700887756696375e+03
-1.389146308835741365e+03 -1.075601285885523248e+04 8.496600619787727737e+00
4.838211975745645759e+03 -8.516845722719002879e+03 -8.264043326452278052e+03
-4.947466941073416092e+04 -7.836161470528651262e+04 1.896197750784514574e+04
-2.712469149706464009e+02 -1.129775751212013711e+04 1.432571443960930310e+03
1.353267619415917761e+04 -9.045844555207089797e+03 -8.712501238490434844e+03
-1.645199821568638527e+03 -9.566830533679401924e+03 2.611704947536228246e+03
-6.634348431061859628e+03 -3.026019575413935399e+03 2.418346118225301325e+03
1.115968866832537287e+01 -1.046772182656215773e+04 3.558557210623357150e+03
6.322588507213304183e+03 -9.532627009322679442e+03 1.531678282661315052e+03
-1.094024066108313946e+03 -1.046161314984282762e+04 -3.753462322644140272e+02
8.609194305356822952e+03 -1.035938122563323850e+04 -3.777412488178850367e+02
-5.089181996103297024e+03 -4.217378792542220253e+03 8.913664718143483697e+03
1.956075407357174754e+03 -1.191433773398061749e+04 2.740769723655439520e+03
-9.392253191332578353e+03 -5.821933111867225307e+03 2.926312578897925414e+04
1.519399078558549718e+03 -1.144545681529333342e+04 1.818543983091462223e+03
-4.159246413525501112e+02 -1.323962364195385635e+04 1.677879833560132283e+01
8.269002871806853364e+03 2.201238970448785949e+03 1.890374070650935755e+04
-2.546951822482451462e+03 -1.860512264631351354e+04 -1.049274118012636063e+04
-4.123439824008112919e+04 -9.109726068152046355e+04 4.022056771108080284e+04
7.327367786439122938e+03 -8.452145933537238307e+03 6.725888810114556691e+03
-2.099050497420180363e+03 -1.314614496296065408e+04 -1.392870371962720583e+03
-9.263799010975979400e+03 -1.087706887768628985e+04 -5.722234270811230772e+02
-2.859467592230446826e+03 -8.147424714403012331e+03 -5.593335610168765015e+00
8.122938686579943351e+03 -1.332504725153996878e+04 -2.611933095992959352e+03
9.938958763442464033e+02 -1.135643457430295894e+04 3.170500068564500452e+03
5.534764104877126556e+03 6.885515423332776663e+00 -6.778627541177655985e+03
4.002818000634072087e+04 -5.408755870987306116e+04 -4.726641320559116934e+02
-1.027209535809862246e+04 -1.141162831517984887e+04 -2.389659730700851469e+03
-2.135203658789807378e+03 -1.143306792143624443e+04 -9.213577700431761741e+02
-9.596364242374086189e+02 -9.451923791962284668e+03 1.566842414379732418e+03
3.724266858527017121e+03 -1.196206336244982413e+04 -1.789332089303495422e+03
8.237745754871346435e+03 -7.133653289308591411e+03 1.878124542264783031e+03
-1.605830279268808226e+03 -1.243849465873076770e+04 4.637600866825782759e+03
-1.751957164920384457e+04 -4.535770866410385497e+04 -3.858649164119487978e+04
-2.525355571072293515e+03 -1.081495251460011605e+04 3.092948772492350599e+03
7.922925863696447777e+03 -1.677064336971695229e+04 7.418481039764709749e+03
-1.247680193848794715e+03 -9.460496421309600919e+03 2.435643166864676004e+03
-1.270070021688008410e+03 2.531913010162797491e+03 -3.985131974182063004e+03
1.205349912244771804e+04 -3.993178114576716780e+03 4.059905490964354613e+03
-1.773506546322576924e+03 -9.150976405481964321e+03 4.322260282751275554e+03
-2.851372646282501137e+03 -1.291333661904961991e+04 4.852795866235288486e+03
2.558133793616854291e+03 -1.150027950936430170e+04 1.041008989191907176e+03
4.217659104852569726e+03 -1.558467453559336536e+04 -3.315363424735445506e+02
1.690356482605776137e+03 -2.540244225899005869e+03 4.938375813268708953e+03
-1.397878501938843783e+03 -8.107990144026381131e+03 -2.295850735277167587e+02
9.176566137865218025e+02 -1.042405586189670612e+04 4.276646459258843606e+03
-9.710884895703561597e+02 -1.120945156563681485e+04 2.446787961992371493e+03
7.991597641038096299e+03 -9.389830511012985880e+03 -6.583476384083278390e+02
4.961994180043724555e+03 -1.198762954808627546e+04 3.698917352198850040e+03
5.820257966220502794e+02 -1.221626447786587232e+04 3.875056455722191458e+03
-1.882348519911395442e+03 -8.430387023818602756e+03 4.169794265085890402e+03
-2.865156169217645584e+03 -8.922383808840990241e+03 1.305726500390468937e+04
2.284223307784495773e+02 -9.479140157189731326e+03 2.847126626652123377e+03
5.903118561486656290e+03 -1.185596988313129259e+04 -4.030012381048116822e+03
1.281539999827246447e+03 -6.493053947840928231e+03 -7.541725294297052642e+02
1.672180003129117267e+03 -1.130434778328558787e+04 -1.579445134104956196e+03
3.041008614920320724e+03 1.411881202686491997e+04 4.638239022238862526e+04
-3.832044573695321560e+03 -6.432827787233060008e+03 1.005430291872350608e+03
-2.963051125730626609e+03 -3.528718115872967246e+03 -1.866628125299120484e+03
1.475306947379612211e+03 -8.847724881876938525e+03 2.716942876862974117e+03
1.959252528540861249e+02 -1.053684046087866773e+04 1.503174093067699914e+03
1.452456581573308904e+04 -1.209557621367795036e+04 2.186472477133865596e+03
-1.342716790397467958e+04 4.190647501672119688e+03 7.983041917362885215e+03
1.521520052856195434e+03 -1.353648801416464630e+04 2.623781677370626312e+03
-1.308037343685704627e+03 -2.942321302129653304e+03 1.590562444633330188e+03
1.316920245197562281e+03 -7.149821731214778993e+03 4.229121963699204571e+03
6.714429652893858474e+03 -1.445053836955546467e+04 -1.383649160762248812e+03
1.464609428233046629e+02 -1.190481596529607668e+04 6.186483911961989179e+03
3.131752412910099792e+03 -1.935156002097876626e+04 -2.723524070842093806e+03
5.496214706178943743e+02 -9.865937996305267006e+03 3.730979572231177372e+03
9.124240145315976633e+02 -9.691294958420936382e+03 3.156982791797382561e+03
6.623029677545206368e+02 -1.146116881786470913e+04 3.584273377521220027e+03
-6.236748662665211668e+03 -3.392985476253514935e+04 -1.976952620612946021e+03
-4.051223046265764424e+03 -1.903782313219636990e+03 1.848204489607825963e+03
-6.423343971339818381e+02 -9.825420043474112390e+03 2.083721182543308714e+03
-2.412427968394038544e+03 -6.738015717898513685e+03 7.669585735034936079e+03
2.144386313364931084e+03 -1.925471283423207569e+04 8.158082774207703551e+03
1.189077397351091804e+03 -1.035390618565061413e+04 3.130665681787725589e+03
-3.326978553448653201e+03 -1.376935423538137184e+04 2.593436709338683158e+03
2.893555557604445312e+02 -8.824391309047528921e+03 4.819458463663208931e+03
-1.147397880175516775e+03 -9.671952115572541516e+03 5.440566611109612495e+03
1.807171143031566316e+03 -7.583702216329420480e+03 8.556613055013345956e+02
-7.076192225379641059e+02 -1.043588834835656053e+04 2.120828989015775278e+03
1.768524116002026858e+00 -1.226273787539538716e+04 2.918753573867727937e+03
-6.582391336231925379e+03 -1.519236827866731073e+04 9.405466546717598249e+03
1.106685055577624189e+04 -3.425126171356566920e+04 -1.907147044581667797e+04
-8.852142457051074871e+02 -8.200367534170563886e+03 3.346569871474903266e+03
-1.055123020981604668e+03 -8.654847247813844660e+03 4.626585542710878144e+03
-2.367582333978884708e+04 -1.561954945276720537e+04 1.609105753804775486e+04
-1.363703974766980309e+03 -9.841816953027057025e+03 5.240843266675965424e+03
1.359273872962820406e+03 -8.871421423187122855e+03 2.033167034731769490e+03
4.719938158236070194e+03 -1.209977365662332522e+04 3.955791323016288970e+03
2.997514090925466917e+03 -1.423224408266339742e+04 1.612041697804246724e+03
-3.060197387853570035e+03 -1.294006045593687486e+04 3.960443598408489379e+03
-3.310084882655417459e+03 8.923832203357146682e+02 9.716515592362500684e+03
3.642306335304357617e+03 -1.834569883170808316e+04 1.792670485854858725e+03
-1.075594728982129254e+03 -7.726943824211557512e+03 2.845520865570117621e+03
-2.484575270464428104e+04 -3.723577917227505532e+04 2.596072336981727403e+03
1.385298056498547339e+03 -1.172257628110487531e+04 -3.114333642078433513e+03
7.420022762795920244e+02 -9.203323595883981397e+03 4.138303182676468168e+03
-1.225621856991350796e+03 -8.843515351204341641e+03 2.156393617816617734e+03
9.203435505890567583e+03 -9.691368244542280081e+03 9.793965916136601209e+02
-3.463470833009399212e+04 -7.785266540390872979e+04 2.014315011785430761e+04
1.258476445465042161e+03 -1.209478049374871625e+04 6.231824309011608420e+03
1.374505776517783488e+03 -9.849845805907163594e+03 2.961419214308963092e+03
-4.413734192251703462e+03 -8.987127414163533103e+03 -4.651635532205568779e+03
-4.907297766097950444e+03 -2.608038796824931978e+03 -9.972759504600013315e+03
3.229493851997683669e+04 -4.628541716529486439e+04 -1.981041377779234608e+04
1.715078552114065587e+03 7.977890563826539392e+02 5.976126432818769899e+03
-2.233603479613238960e+02 -1.049626977009059010e+04 2.485945784651533359e+03
-2.523644794624919996e+03 -1.416299447195774337e+04 -6.353092359116692478e+02
4.031791856116525423e+02 -1.130535902656369763e+04 -5.842188505880313869e+02
9.339459740720134505e+03 2.149428430345574725e+03 5.245193878062658769e+03
5.129368937713566993e+03 -4.541094080631293764e+03 -2.910590389287771359e+03
4.073913829210345057e+02 -5.994542492589494941e+03 1.801862397648547812e+03
1.471925335656172365e+03 -8.226832127651739938e+03 -8.050974865338729387e+02
-4.218745105979854088e+03 -1.032947414156880222e+04 -2.059348619809479715e+02
4.351230417327535179e+03 -1.545632719646381520e+04 -2.847784027538760256e+03
1.987864845344035984e+03 -1.010762420926402228e+04 -1.699857007329688349e+04
3.782256210159816419e+03 -4.767353209774613788e+03 4.140127320543254609e+04
-2.860090567648496653e+04 -2.256525138139281262e+04 4.771230750601081672e+04
-1.828157699246467587e+02 -1.724343176254096397e+04 -2.471196818096555489e+03
-3.083135665330074062e+03 -5.838852412615959111e+03 5.684701145219899445e+03
7.744113697743870034e+03 -9.067997763214689257e+03 -8.355455214361631988e+02
3.321433744807352014e+03 -1.655378203227633276e+04 1.066110232308327068e+04
-4.146110155582725838e+02 -9.012158569776718650e+03 3.032027969196292361e+03
-2.180523920936641298e+04 5.192168799913073599e+03 9.135396284526099407e+03
-3.812705540899612970e+03 -1.046027219087256162e+04 3.393331191547676553e+03
-9.900339891025760153e+02 -1.007251378085065699e+04 3.499268376998098802e+02
1.366446568283599845e+02 -1.594190420887726214e+04 -1.257569124724956419e+04
8.483724953657827427e+03 -1.277662172964955062e+04 -3.303765304691622987e+03
3.134402071210319264e+04 -2.229572780883738960e+04 -1.733716864321380490e+04
-6.973013773789515426e+02 -8.146228178417454728e+03 3.833689527737576100e+03
1.802724260418726044e+04 -2.943878397898850380e+04 -3.935188496483925701e+04
6.173033337281126478e+02 -2.324172870929615237e+04 -3.974172305222926298e+03
-4.119963036213468513e+03 -1.306320175683651905e+04 3.699916315347713862e+03
-8.161874941449187872e+02 -1.093821014956358522e+04 2.090233809108001424e+03
-1.183295165784638357e+03 -1.858693191278412269e+04 -2.183242172759721143e+03
-3.707977026714104340e+03 -2.092795267799018256e+04 -2.839006341634361888e+03
7.443570160204628792e+02 -1.112385583903411543e+03 -3.910819857362931543e+03
-6.943326736600884942e+03 -7.337698739493428729e+04 8.755402360645775843e+03
1.238483307540314627e+03 -8.458554060322139776e+03 3.379646048134291959e+03
-1.256477430151143835e+03 -1.040002760784917518e+04 4.996727163703315455e+03
-1.202277636200201232e+04 -8.034283404576559406e+03 8.482506083912858230e+02
1.399871251878649900e+02 -1.184322210776038082e+04 -1.047557293780232612e+01
-5.169095285426972623e+03 2.518078714339100316e+03 -2.183049004360871095e+03
7.055146900178168607e+02 -9.303087062539061662e+03 3.571581986039487219e+03
-1.990316038712596310e+03 -1.265169745619830792e+03 1.488403814551475989e+03
1.881624041689754449e+03 -1.060123536301713102e+04 3.531604313803766672e+03
1.143517292747602824e+03 -9.668579679290975037e+03 3.141956070819683646e+03
-2.854952218508497481e+03 -7.310958503302454119e+03 -1.575854259592597373e+02
5.606678390553128111e+02 -9.151431309954958124e+03 9.735533589024989851e+02
4.480216512471854003e+03 -8.076766819914790176e+03 3.940053554055438781e+03
-1.447323052687821018e+03 -1.165304566047841035e+04 2.551735865135317454e+03
-2.396323637510907702e+03 -1.193812897296897063e+03 4.299537686907606258e+03
8.312962653173709668e+02 -1.008729057062596985e+04 3.876087085201982518e+03
6.721718877600183987e+03 2.440109640315794240e+04 -2.170647111465944363e+03
1.132656873345353688e+03 -8.873007079082684868e+03 2.666753517362570619e+03
-1.362911767564018419e+03 -9.589487502127529297e+03 -2.716805487216759957e+03
4.960653516772824787e+02 -7.792945980782688821e+03 2.578117463640773167e+03
5.477460246923654950e+02 -8.434342031064656112e+03 3.025671244226034105e+03
-1.098305668952725682e+02 -5.599439237949060043e+03 3.056336442697695020e+03
4.554910000779664188e+03 -3.873249325334677906e+03 1.639770217572645834e+03
-2.514476674161820029e+03 -8.046535706204837879e+03 3.596840271403996212e+02
1.128785542657230144e+04 4.491984318339239508e+03 -3.398500108793621621e+03
-4.421384367839386869e+03 -5.998133035086874770e+03 1.670948397290685307e+03
1.134125109260096542e+04 2.092076031924780909e+04 4.692781929427746218e+04
9.567692966072510899e+03 -5.759884011334706884e+03 -7.414112882332525260e+03
-6.123161450543375395e+03 -1.261306679958799759e+04 7.778672862207914477e+03
1.925557766893915641e+03 -1.489424253766411857e+04 -8.592583925672000987e+03
-1.618537595806489662e+03 -1.181876837339650592e+04 1.377110981128148978e+03
-2.339085585606536597e+02 -9.879015388472073028e+03 1.786677298681702723e+03
2.040310229938709199e+03 -6.479051555986459789e+03 1.090328503389971047e+03
-2.796720152981207548e+02 -8.472848051959461372e+03 4.355226788317251703e+03
-4.177038306250104824e+02 -1.047725971302760809e+04 2.517618757594738781e+03
-1.615182592008740812e+03 -1.034046209994354467e+04 2.765821809753352227e+03
-3.462690666781313212e+03 -1.424991372218063952e+04 1.764366718588561980e+03
2.742591353845266440e+03 -1.059395870667301460e+04 -1.784915439924276370e+03
2.132386397782139829e+04 -3.073332211111503057e+04 2.028548352463312767e+04
-9.216553337361588092e+02 -1.238566278014352065e+04 3.727535414276961092e+03
-3.101750695922027717e+03 -1.318569110384025771e+04 4.455525000379313497e+03
-6.264610272529528174e+02 -8.894154495828730433e+03 5.435314368233677669e+03
8.516106480723061395e+03 -2.036327905635657589e+04 -1.051257702706172677e+04
3.937185131151887163e+03 -1.229873833135659879e+04 9.984797372777609326e+02
-4.107431604231292681e+02 -8.557771535429405048e+03 1.437106502219656704e+03
-1.230165317240649529e+03 -7.893687761017018602e+03 5.602456209144536842e+03
1.374181559908968666e+03 -1.109135208005282402e+04 9.611853068946860731e+03
-1.991111021822972816e+03 -1.075808103660524102e+04 5.454106862261914102e+03
2.004920942968155032e+03 -1.025149617364814367e+04 2.597202559180146636e+03
-2.535844415489912080e+02 -1.518003983488025915e+04 2.801241309300981084e+04
1.556680119917519050e+03 -1.539517059745799452e+04 6.233975765188485639e+03
-2.040194293884890158e+02 -9.413641169496080693e+03 5.445769997703338049e+03
-2.146529966752467772e+03 -9.765823699935253899e+03 2.816190739724618197e+03
3.187246421906364731e+02 -9.309910768695261140e+03 3.326931683361904106e+03
5.861764768089905147e+02 -8.656787826145946383e+03 5.616123492172382612e+03
1.649759598423643411e+03 -1.001937677788287328e+04 2.815986743350784309e+03
-2.207690953524273482e+03 -8.733829612521276431e+03 -6.940489141429281972e+02
2.923194672329015521e+04 -1.316968710108080631e+04 1.902153421927211093e+04
-2.412379624779987353e+01 -9.887847718083139625e+03 1.820403469309910179e+03
-1.144874135765071742e+03 -1.372451998590163021e+04 5.827855450977012879e+03
2.921022843439415055e+02 -8.747384002167898871e+03 3.339918721707807435e+03
-5.324027690679803527e+03 7.783071515996815833e+03 -1.242256702820556893e+04
-7.699228487871224934e+04 1.268546868270889536e+04 4.351663584977271967e+04
-6.596927874213733389e+01 -9.669591886402384262e+03 3.479326649711667415e+03
-8.029419777964427567e+02 -1.034350607347961522e+04 1.962286301655261695e+03
5.673966231140625496e+03 -2.165623866771052053e+04 1.162616253093947853e+04
2.248881229660351892e+03 -7.085908877803683026e+03 4.051326983396599644e+03
-1.077141611632317290e+04 9.013569399342351971e+03 2.108967451768271985e+03
-8.316216228652374411e+03 -2.460178269748071398e+04 3.487141349785475177e+04
-1.223577535935373817e+01 -9.669422129929973380e+03 3.568686949567093507e+03
1.261127019590788550e+05 1.823949664728103089e+05 -2.010860304462139766e+03
7.474150036232357479e+02 -8.467797030115158122e+03 3.901169860083740787e+03
-6.445830733732108229e+02 -8.974471830976914134e+03 2.737089642150593136e+03
1.761461948620370549e+03 -9.480231731090876565e+03 2.239344656378634227e+03
3.241278186839676437e+03 -1.214269139696767888e+04 4.342904125944240150e+03
-2.662424465131223769e+04 -1.647235076889488118e+04 3.005441991058056010e+04
9.086598322467768867e+02 -8.256988809337504790e+03 1.317701092665033912e+03
-1.364660380795783567e+03 -9.850615184153017253e+03 3.536635657308349437e+03
4.693795262396276513e+01 -1.051084427644385141e+04 2.043475681466776450e+03
8.051280927936989428e+03 9.130280022900842596e+03 4.421044398627999908e+04
1.306633798523226233e+03 -1.170420565216403156e+04 3.790943231071587888e+03
2.687143882612212451e+02 -1.001808060021389429e+04 1.733210416252264167e+03
1.798785124048424041e+04 3.665941224089509342e+04 3.899905983115739946e+04
1.661002531203113790e+02 -1.036098789920796844e+04 4.052278869216605017e+03
2.053519923930224468e+04 3.009007741690131297e+04 1.247894271451153509e+04
3.444819102069236578e+03 -9.965019027996038858e+03 7.613085017369144225e+00
2.056382494581690480e+03 -9.307492456072295681e+03 7.540218786422810808e+02
3.285236470447262036e+01 -9.753536780335129151e+03 4.082969809946693204e+03
1.836173360396768112e+04 -3.083607535771467610e+03 2.189786778802284971e+04
-3.990474484708102409e+03 -1.241476790759298865e+03 -4.323948889138950108e+03
-6.848814728523335361e+03 -6.185733064508683128e+03 -2.742530779142538222e+02
-2.470749844698748802e+03 -1.495811491015300999e+04 3.466986063603398634e+03
-1.380726211618429033e+02 -9.161738587123998514e+03 2.410725708760995531e+03
3.734040751540486326e+03 -1.279466323605492653e+04 5.693303898807277619e+03
1.425172408091746092e+03 -1.168544612698174569e+04 1.265949275768530924e+03
-8.278625698247587934e+03 -2.392658507714066218e+04 3.034069443672632042e+04
-1.985930814650768298e+03 -9.682667932521046168e+03 -4.185155289775274468e+03
1.081862389486080428e+04 1.500559799423643744e+04 -2.134298952416230895e+04
-5.012612023861795478e+02 -1.026270484548882996e+04 3.196988509355890983e+03
5.511557602205054707e+01 -1.045613233864116592e+04 1.906417603935652096e+03
8.067459389073210332e+03 -8.787019832772037262e+03 -3.021827157646268915e+02
-1.845195994045336363e+02 -8.739826304886521029e+03 2.508390294962029657e+03
-7.005105912234004791e+03 -1.010885485779947339e+05 2.782158928440553063e+04
-1.771391240611661487e+04 -1.166743561757757743e+04 1.138907155547196271e+04
2.589956648185629092e+03 -1.116818128985930161e+04 1.062360802752273230e+03
1.033527726687518589e+04 3.141903305639852533e+03 2.700577476364989252e+03
-1.366355703779762734e+04 -3.515759673264136836e+03 5.631687110383825711e+03
-5.851588727114034327e+02 -9.599824819981155088e+03 3.369301827899624641e+03
-9.829170008435880845e+02 -9.514406381086151669e+03 3.059746263166917743e+03
1.696053521387565070e+03 -7.374568003557251359e+03 3.005155423247396811e+03
-3.358103639892574847e+03 1.393676482163812580e+04 1.509146981999599848e+04
-5.947895468116544180e+03 -4.105106930389531044e+04 -1.869187823701673551e+03
9.106984414426530066e+02 -9.341135535162755332e+03 3.344172877011311357e+03
5.510685223853914067e+03 -1.562047043258290796e+04 -3.778008869684916817e+02
6.840373453367618822e+03 -1.900236965681150468e+04 7.587893319979521038e+03
-3.176463412834917790e+02 -1.033051569173412827e+04 1.814833851298409627e+03
7.897653567590908779e+02 -1.262199999617330604e+03 -1.271349372930457776e+03
-9.166194859347722286e+02 -9.613522480454830657e+03 6.622350663363374224e+03
-5.572988328036872190e+03 -7.397352023351377284e+03 -7.361864597638973464e+03
-3.087277031506534968e+03 -1.254806492525756767e+04 -1.606568889666826180e+04
1.201266772390700135e+04 -8.530527078799213996e+03 -2.755168739786058723e+03
-3.281998663149300228e+03 -8.876258996960399600e+03 2.281977566666783787e+03
-1.427041361255013953e+03 -1.194573078363884269e+04 -1.257700895650153257e+02
-1.535277224319335437e+04 -5.350182254284519331e+03 7.188457388716997229e+03
-1.219108003483839411e+03 -1.042298982124075883e+04 7.446920291398859263e+03
-3.257948095576145988e+03 -9.046699118024891504e+03 1.374823395912691740e+04
-1.308376283342523266e+03 -1.125507261838011800e+04 1.094884282483521747e+04
-3.954868202911944081e+03 -9.261318900169757399e+03 -9.546761339129092221e+02
-3.725012369616206797e+03 -7.103243875656250748e+04 -8.148143032687373761e+02
-8.518359905220913788e+03 -5.839980120375543265e+03 5.549037475431991879e+03
-2.407242655972652301e+01 -1.247541025885845556e+04 3.098040362082961678e+02
7.974409305384109530e+02 -1.193026266111093173e+04 6.127581457848047648e+03
-4.056034910250554276e+03 -1.092802862130140784e+04 3.876014413151911413e+03
-3.606780259113930924e+02 -1.048409358164366859e+04 3.777829458225338385e+03
9.165545251661130806e+02 -1.079063604985467464e+04 1.862557953284635005e+03
1.171881888051968417e+03 -1.108442099117252837e+04 3.232343695537113035e+03
-1.259198869628740340e+03 -8.429572340809496382e+03 9.847575185829908833e+02
4.495798892535066443e+03 -6.654971214910954586e+03 -1.135010952136699052e+04
-1.706122889043908799e+04 -5.355548810182097804e+04 1.306381446607381076e+04
-7.534414199746924169e+03 -1.065046786759125462e+04 3.470396448776430589e+03
-1.963713116917391517e+03 -1.214561174956376453e+04 3.354415601839946703e+03
3.207956358540041037e+02 -1.415418714723472476e+04 8.282280044906632611e+03
2.032173483988869293e+03 -1.256371016997783227e+04 5.697537299635047020e+03
-1.111301761108518622e+04 2.114198126041311116e+04 1.970496726454238888e+04
-5.435963045824497613e+02 -7.128040678858721549e+03 -1.712787622577210641e+03
3.156589786324862871e+03 -8.571399794054896120e+03 -8.818445129308098558e+02
2.760673525202890687e+03 -8.646285124436797560e+03 3.637486109596149618e+03
-2.562204191884823103e+02 -8.756121578643029352e+03 1.343527852447884470e+03
1.635004720857932853e+03 -1.227496015212919338e+04 -8.813042005410615047e+02
2.370532815136381032e+03 -1.424393238000306155e+04 6.503987288711368819e+01
-6.127960111744156393e+02 -9.025845066354584560e+03 2.688041642342855084e+03
4.651062434926810738e+02 -1.674803239627342555e+04 1.801464718560389656e+03
-6.317062611732995947e+02 -8.803407612908664305e+03 4.751585454199343985e+03
-9.827929104316857774e+03 9.665957320559104119e+03 1.568265220683061671e+04
-2.168932366259427340e+02 -9.602024768319632130e+03 3.670586193462724623e+03
-3.684982963993020348e+03 -1.412727471263041116e+04 -6.555754900315677332e+03
-6.414420684725550927e+03 -3.096715008654949997e+04 1.944533452293803930e+04
6.885194782139825111e+04 -9.012964338282488461e+04 4.318642672733207291e+03
-2.129118683889156728e+03 -6.051954759972988541e+03 7.944457526009446156e+02
-1.717226172045378189e+04 -7.194407165064730179e+03 2.399906956669302963e+04
-1.198779070581777705e+04 -2.519261958632813548e+04 -1.274434492070208216e+04
7.773064866974752931e+02 -9.977091346336519564e+03 2.458374079455119499e+03
1.434921453068027768e+04 1.660750790491791486e+04 1.901143509742711831e+04
-2.128767002305303777e+03 -8.984725351763703657e+03 3.086307768156405473e+03
4.661801031245153126e+02 -1.083895462347052853e+04 3.889780087339389070e+02
-2.040195715765952855e+03 -1.199360114469454311e+04 3.318008991205851544e+03
-2.881045998771813174e+03 -1.270256502978961544e+04 2.565846848114945260e+03
-1.548217718637030657e+03 -1.205843694424493879e+04 4.341414048397788974e+03
-2.303726706255348290e+03 -1.178472113529802755e+03 -1.265058067425159970e+04
-5.339244153506730072e+03 -1.286060566646025291e+04 5.703617749839942917e+03
2.960307529402003638e+03 -8.787249331142482333e+03 -3.506751114614101425e+03
-1.175592048603058686e+02 -1.036293226359087566e+04 2.952547368730301969e+03
5.809889642586161244e+03 -1.239529866194650640e+04 3.649135762457159217e+03
7.376613509480383982e+03 -1.290441217576045892e+04 -1.512110029690382362e+03
-7.122974628863615180e+03 -1.489217889544397804e+04 2.147894838035126668e+04
2.503129677282911871e+04 -7.421507175705383997e+04 9.521833207382747787e+03
5.556721417185960490e+03 -1.256554504151358560e+04 -1.722586034083424693e+03
3.713425855173534273e+02 -9.548308754778618095e+03 3.620993464096075513e+03
-2.965446228501975838e+02 -8.452668416771150078e+03 -2.954240025754698763e+03
1.629408539820182114e+02 -7.807042179759594546e+03 1.511871523541289207e+03
1.744460575086423660e+03 -1.151063343076871934e+04 3.647741283892429237e+03
-1.489660609084724456e+03 -7.828744126349960425e+03 1.931393973690969915e+03
4.892963510463194325e+03 1.154572644301239563e+02 7.762786458932892856e+03
-1.485114529838086128e+03 -1.052166296110920302e+04 1.710203536901137340e+03
1.206341258059817847e+03 -1.496881550678589883e+04 -2.332912333749701247e+03
-1.627975295536555222e+03 -7.938257290739733435e+03 6.165787017777272922e+03
-1.288967991810916374e+02 -1.138264744149102989e+04 1.317568765517708698e+03
3.524363038334352041e+02 -8.494071821269724751e+03 6.029431701295812900e+02
-7.622055878941698211e+03 8.180234161030077303e+03 3.284236853187748238e+03
9.587023845211492699e+02 -9.861214821505822329e+03 4.197539354098911645e+03
-1.045562863403348092e+04 -4.009469213279850919e+03 7.045058620475600947e+03
-7.135106184582338756e+03 -5.767070405139958893e+04 1.552657513643558741e+04
-1.811253436226340909e+03 -6.136610513632141192e+03 4.306616014306789111e+03
3.362694711943886887e+03 -2.091194750016040416e+04 4.304129395995120831e+03
-2.608420416050822678e+04 -7.454869137714497811e+03 2.206545258315200772e+04
6.502031300712335451e+02 -1.339430444889631872e+04 -2.062078334755139167e+03
-2.358991189802174631e+03 8.602517478011457570e+03 4.389045064999091665e+03
1.377634080974202334e+03 -8.976952466080609156e+03 -2.556936510716363046e+03
-2.267905671452877527e+02 -1.099549086978721789e+04 2.807105393376310985e+03
-5.685185538728616848e+03 -1.021476459353414248e+04 1.046450547734478278e+04
5.205879620614024361e+01 -1.021570041232965377e+04 9.824779022538725258e+03
8.633412819696523002e+03 -5.886697030018169608e+04 -1.581395814043018254e+04
3.056821801619454709e+04 -1.074811544267903810e+05 8.130491189812520133e+03
1.025874711083568945e+04 -1.131880457547594597e+04 -1.248212126698492284e+04
-8.044877257358352836e+02 -1.051987662531520073e+04 1.090647514637369113e+03
-1.348791188563669311e+04 -3.432001138347028609e+04 2.697457763099996100e+03
2.507610629246304654e+02 -8.658769491841127092e+03 9.505248185294984751e+02
2.074646090402589493e+02 -1.125531476682809080e+04 1.578078503929888711e+03
-4.039840651901621641e+03 -3.422647868990882853e+04 1.890205188627973621e+04
-7.552555898677969708e+02 -1.013173773696905482e+04 2.851373198844028138e+03
-1.593515648798495477e+03 -1.989515793824760476e+04 -1.021275268284051094e+02
9.808301524906284612e+03 -1.374920290854298855e+03 -3.364058497590264778e+03
-4.511259453917175961e+03 -3.201302369169689882e+03 5.357277936383015003e+03
-1.111647304557133793e+03 -1.191322332707240821e+04 2.977238332384465139e+03
4.967356471471235636e+03 -6.523669207508927457e+02 -1.605676795704430333e+03
6.765579929970397643e+03 -1.428388163951381830e+04 -1.389572944936629938e+03
3.887558598833442829e+03 -2.749498959525439204e+04 6.215519837361356622e+03
-5.661894379526094099e+02 -9.916752487800142262e+03 1.060638211085477087e+04
1.939843155709757411e+04 -3.387152782836814140e+02 -5.387267140403937447e+03
-4.641794234464627152e+03 -1.224110840652046863e+04 4.582672803035933612e+03
3.320529494851029995e+01 -9.641257785908062942e+03 2.930059330626506835e+03
-1.324500211290095422e+02 -1.159837875755487221e+04 6.260977433903443853e+03
-3.566206958561859665e+03 -8.234101809867621569e+02 6.733844524344879574e+03
2.330565907101788980e+03 -1.041073030946070685e+04 2.614761242651907196e+03
3.847826879175451040e+02 -8.547678230023644574e+03 2.908072806662684798e+03
-3.750647578601633995e+03 -1.456982832735188458e+04 6.438017289943349169e+03
-1.697402813613198987e+03 -1.117705539283617873e+04 6.627936256871951628e+03
-5.500885360049617702e+03 -7.301034387009769489e+03 5.154268981467330377e+03
3.403299710094884631e+03 -1.497335710599997037e+04 1.990167383779299826e+03
-1.271800637468097648e+02 -1.013921421880277376e+04 2.075311697763436769e+03
-4.689275479938252147e+02 -1.110430252312084667e+04 5.072803572913279822e+03
1.609924838477070807e+03 -1.132107614755461509e+04 -7.162232794817794002e+01
-6.486600043200975279e+02 -9.871804280615213429e+03 5.425869889361033529e+03
3.570215046363907732e+02 -1.192694417788541614e+04 3.544892479514734532e+03
1.288605839856955754e+03 -1.409329428172405278e+04 7.939451887630533520e+02
3.855136447877217506e+03 -1.250516521049067342e+04 -4.517861295371825690e+03
3.036291742431199964e+03 -9.065232021068271933e+03 1.373991551496199463e+03
-4.277102627896173544e+03 -5.663334619521196146e+03 -7.890902363463457050e+02
4.087512251792425559e+03 -3.077164072995597053e+03 1.632501561856882518e+03
6.907736772349790044e+02 -9.951975929105808973e+03 4.102028490258100646e+03
8.074863113882314565e+02 -8.062740432008258722e+03 5.036988099679004335e+03
-2.511591511500864272e+03 -6.416508038470710744e+03 -2.023256451005708004e+04
7.078028511095573094e+02 -9.352526046481376397e+03 1.941101513041736098e+03
-2.995154406268494768e+03 -5.836650460043811108e+02 -5.776690247841686869e+03
4.842139924770805237e+01 -2.554778918827055531e+04 8.537172092508932110e+03
-1.610719169305158630e+03 -7.358584476491902933e+03 1.051876192117408664e+03
-9.881044565069752935e+03 -1.825591657435272282e+04 -2.481871492044278057e+04
-1.242664561824261909e+03 -8.847572505090656705e+03 3.662871667329608954e+03
5.774388834509533126e+02 -2.389169943423477889e+04 -1.586483126670497222e+04
1.916611509655261216e+03 -1.367409512291772990e+04 4.036884282647177770e+03
-8.765563940485976673e+02 -1.019902114195832837e+04 2.857750603139078976e+03
-3.016805051520383586e+03 -1.453843882777023828e+04 -1.372828788361844090e+04
-3.033714507369062403e+02 -8.938875933824838285e+03 3.042803428560985594e+03
-9.725381848280891063e+03 -2.143683906410543932e+04 -3.827831996233037898e+03
-2.381494928161780990e+03 -8.181765615399041963e+03 -6.224832658818420896e+03
8.482236001180144740e+02 -1.146926813962037704e+04 3.318784202339903004e+03
-3.071858796934801376e+03 -9.772638867551995645e+03 3.123036767797665561e+03
3.045027406236661136e+03 -1.169978263532862002e+04 3.472311175876972356e+03
2.169515549400735495e+02 -9.607666279030265287e+03 3.966364449962110029e+03
1.093893319498300662e+04 -1.023380522935960289e+04 5.462971773047775059e+03
5.261367677456914862e+03 2.085466795692820142e+03 4.609135581585092041e+03
-6.983502544319995877e+02 -9.151380586254515947e+03 3.061839567468126916e+03
9.114515181880731234e+02 -1.021291216140153119e+04 4.574926655139385616e+02
-8.731384255431420627e+01 -5.904395507600833298e+03 3.839151201635421603e+04
5.546827982202021303e+03 -1.171480796420793922e+04 -1.262667940471602560e+04
1.841052082948798488e+04 -3.741014906853926732e+03 -2.479314294007756689e+04
-1.744497521902591689e+04 2.738908416858801866e+04 3.316711142290267890e+04
-1.532410808227202324e+03 -8.561941386765907737e+03 9.409155839009857800e+02
9.983242194703247151e+03 -9.133468123781203758e+03 2.213009880323751304e+02
-3.302737640412500468e+02 -9.430339297410162544e+03 5.626456412911464213e+03
-2.839206647617361341e+03 -9.290972469365849975e+03 3.962358770295445538e+03
-3.933909920915249359e+02 -2.996111255351064028e+04 8.077392442893045882e+03
-7.699523494682989622e+02 -1.034823949747241750e+04 3.019860615104186309e+03
8.287395095882002352e+03 1.008195499134403872e+04 1.252342471227974056e+04
9.491926270074558488e+03 -4.433208468970514332e+03 -2.178177568663135389e+03
-1.298093414977879002e+04 -7.504744803574963589e+04 2.206840087975819188e+04
-4.562393440790276145e+03 -8.088653552872438013e+02 -5.870274557876038671e+03
2.028864443645054962e+03 -3.750471688901193829e+03 3.468021315716719982e+03
4.314217032039065089e+03 -2.116397204340090320e+04 9.076759967076344765e+03
6.338163150391245608e+02 -7.914582363467751748e+03 -1.748600147460896608e+02
-9.084889781516332050e+02 -1.267951337351569782e+04 6.341312747756403041e+03
2.391347586043402316e+03 -9.809415729109003223e+03 2.911536675235591247e+03
6.264918540578501052e+02 -8.998546136582124745e+03 5.206285030951040426e+03
3.724183022587833420e+02 -1.016077808814564014e+04 2.696634491026237356e+03
6.854180057616951672e+03 -7.242499753598313873e+03 3.094623679501562037e+03
5.114090814354856775e+03 -1.444618995387979885e+04 1.030816603033971478e+04
-1.724226237756786304e+02 -1.178437936434258336e+04 1.737745185189102813e+03
3.945632194979878932e+03 -1.287688009155952750e+04 1.286961635459596664e+03
-6.125371070137462084e+02 -1.234465900201070144e+04 3.120822950187362039e+03
-3.033030345761438639e+03 -5.956066549963481521e+03 1.332234789759259002e+04
6.621485872723298598e+03 -1.193168005901089964e+04 3.196024382066703311e+03
1.212102809754619739e+04 9.238063067626335396e+03 -5.596682275045914139e+03
7.582374154457089389e+03 1.271141310267707377e+04 -8.788167857036336500e+03
-3.142176490070940417e+03 -7.773244160719270440e+03 5.171338573942676703e+03
-6.766940845427411659e+03 -9.797019090324847639e+03 4.552649553523713621e+03
-2.954685986882405632e+04 -9.247764553198869180e+03 3.805774193802029185e+04
2.018322977282547072e+04 -2.269350513108218365e+04 -8.837515417971706484e+03
1.297738937328176235e+03 -8.502895313510907727e+03 3.707750886229413481e+03
3.545791903892871915e+02 -1.066235006113858617e+04 3.840982431291313333e+03
1.055320354654047878e+04 -9.878459594330113759e+03 -3.284064448419041128e+03
-4.106137918679614813e+04 -2.487255099103280372e+04 2.325158272064986522e+04
-7.459700996969542757e+03 -6.331360245560895237e+03 -1.295651904875071068e+03
3.820790650191388522e+02 -1.316097557201886229e+04 5.132012691588228336e+03
-6.624075534660826634e+03 -9.601394733060678846e+03 6.882074961832676308e+03
4.930246957176615865e+02 -1.087200999466922440e+04 3.252065678007951988e+02
7.415174163885481903e+03 -9.545561475984126446e+03 -1.061518716277402063e+03
-1.309393193886342488e+03 -8.050364793954658126e+03 6.252381687548577816e+01
4.661161980266054343e+03 -1.370559534764015734e+04 8.172860093985158528e+03
8.309768225873032861e+03 -1.357312971250394548e+04 2.200533308226223198e+03
-3.039378741606502672e+02 -1.034285383013169667e+04 3.472734893003264915e+03
-5.077221760110200194e+03 -1.574105670604858278e+04 -3.573648633800722109e+03
1.574259119724074708e+03 -6.183531185741699119e+03 1.073242657507335389e+04
-6.039686931614172636e+02 -6.591933363444920360e+03 4.383044280074602284e+03
-2.692754021521384857e+03 -1.178903334702400389e+04 1.990146208568550264e+03
-2.953323608992048776e+03 -7.446139685557547637e+03 4.332469916350770291e+03
7.283730352084668084e+03 -1.072698271225973804e+04 1.266903385351165525e+04
3.452958058598218031e+03 -1.321366860503440512e+04 1.247049914821880066e+02
2.065360931662624466e+02 -1.501843236646120022e+04 -1.396635380111716131e+03
1.576142108171112568e+02 -1.132590071365774202e+04 1.344406595030866811e+03
-6.748524528707586796e+03 -8.252101029213466973e+03 5.185378168985358570e+03
-1.139443166068490200e+03 -1.906522260305436021e+03 1.131112039639848263e+03
1.597170474789385480e+04 -2.901031101969871088e+04 -1.211819843112001945e+04
-9.323100914290961327e+02 -5.887797565972612574e+03 3.002301068540743017e+03
3.522232618924227154e+03 -9.380753839662162136e+03 -7.007362379809911772e+02
-3.957795472611600417e+04 -1.136148501870846121e+04 -6.853072841110323679e+03
-3.080294295871631221e+02 -9.012974405289893184e+03 2.959364278864194603e+03
-2.850337914994172479e+03 -1.203040365592303169e+04 5.299888762729066002e+03
1.495190278333307560e+03 -8.586649199993456932e+03 -4.032019839615817546e+03
7.406674628370436949e+03 -3.384183506803004275e+04 -1.935487387550943140e+03
-1.913354592402716207e+03 -1.073109365414946296e+04 2.747840339969556680e+03
8.986969261258940605e+03 -9.964847974082205837e+03 5.219977094118240529e+03
1.222783114731483329e+04 -1.746930724364993148e+04 -9.626804409718015449e+02
-1.804501534864374207e+03 -1.098866383090731142e+04 -6.205252501114475763e+02
-2.496796229870542902e+03 1.537087181565979790e+03 1.978716974072469839e+03
-8.013930581874194559e+02 -1.115148697349106806e+04 4.347838827810775001e+03
1.868066583595303030e+02 -1.435254598662541503e+04 1.881081453656084705e+03
-5.261904074437126155e+02 -1.278467644977010787e+04 -3.584557982384848742e+02
3.501894938473869274e+02 -9.974936083277070793e+03 2.203367945698121275e+03
-2.102122221517446178e+03 -9.184008001129002878e+03 -6.158452399811846590e+03
-8.276454727258408184e+02 -1.085337491196185147e+04 5.867253829951337138e+03
1.987735103532325957e+04 -2.519920835238462314e+04 9.724684008458900280e+03
-6.878225858616443702e+02 -1.218703052306500467e+03 2.837038027029816476e+02
-1.673746964921010886e+03 -9.860601492155205051e+03 2.055500803253964023e+03
-3.031811009862513401e+03 -1.328488833832057207e+04 4.488061871457290181e+03
4.020426822212678417e+03 -7.577052686943227854e+03 9.376880711232140584e+02
-6.577511419051979829e+03 -7.755688684833321531e+03 1.137549881009466390e+03
6.121628752183681172e+03 -8.581590092350354098e+03 7.360922236973098052e+02
-2.579031573386005221e+03 -9.611960622429851355e+03 3.055586911213807980e+03
-1.492172116750330360e+03 -1.007201843972576353e+04 4.375360592178912157e+03
3.539076291400340779e+03 8.044488175301024057e+03 1.078196159505702053e+04
-5.301140573408937371e+02 -1.030768608523546209e+04 3.218475781511016521e+03
1.381480122379481827e+03 -9.511730438810651322e+03 4.593537336090943427e+03
1.802448711467023531e+04 -1.743369428921541112e+04 8.504908064372921217e+03
8.024120751388265944e+02 -1.712856754513051783e+04 2.758275330815147026e+04
4.832677709610648890e+03 -6.194981486631990265e+03 2.336146242624953629e+03
5.069882932846271615e+02 -8.937703894406549807e+03 7.078619324087295581e+02
-1.266463638738512373e+03 -2.132602542737706244e+04 1.813194007995429047e+03
-1.403761697333240954e+04 -2.712839299109808780e+04 9.754795011616920419e+02
2.805613733102574770e+03 -9.346474753685211908e+03 3.399165764281471638e+03
3.687180894868196447e+03 -5.913433085375134397e+03 -1.947582981428443600e+04
8.725516610266777207e+03 -1.008357051743143529e+04 -1.535731117445935979e+03
-1.261348262186618513e+03 -9.407950291671551895e+03 4.605846934627097653e+03
2.454940619650620192e+03 -1.481409159281124266e+04 -3.725995953338448089e+03
3.077218324834387022e+04 -2.110309440372088648e+04 -1.337727341252754741e+04
-3.171020220232251177e+02 -9.716083646579389097e+03 2.602805570984444330e+03
-3.573623223392036834e+03 -6.566673643867921783e+03 6.402721675407930888e+03
1.063085267945631313e+04 -2.810235855131323115e+04 2.360384555021008782e+04
-9.773030995643002825e+03 -3.621892600584668253e+04 3.022966373387422573e+04
1.454636216955208965e+03 -1.002437305744580772e+04 3.287378977705892794e+03
4.549422265544527590e+02 -6.662192882355029724e+03 4.361884822783993513e+03
3.888607384213047226e+03 -2.057101374693669277e+04 3.348272636074726506e+03
4.152762600509538061e+03 -1.159064362100098151e+04 4.181224744711211315e+03
1.101430023297138803e+02 -1.034083212096817260e+04 3.140049867395094225e+03
-1.117775289853941285e+04 -2.171809373075313852e+04 2.683878248781636285e+04
-4.487088148410576650e+03 -1.021820579211431505e+04 1.666608035842627942e+03
-1.207906766820663734e+03 -1.077250021438374824e+04 9.433069917131630291e+02
1.358761787127285425e+04 -1.955584955370449097e+04 6.397580287822222544e+02
7.227906153861833900e+02 -4.711956042016903666e+03 6.668688324774162538e+03
5.517997000479666667e+02 -9.477949618170121539e+03 -1.360365195864930001e+03
5.203510345545869313e+03 2.243738341364430744e+04 3.714838172363113813e+02
-2.296212872537986186e+03 -9.440850271739094751e+03 1.892226698986304200e+03
-1.615546090740973796e+03 -9.260560379951395589e+03 4.534597299515441591e+03
-7.889774266495405755e+02 -1.585856316812818841e+04 3.115558283971484798e+03
-6.478645475375918750e+02 -8.833625998786610580e+03 3.171247173832569388e+03
1.496439229310049450e+04 -2.233659332793567955e+04 -5.329322111915176720e+03
4.733538899755528291e+03 -9.039115937590744579e+03 8.504915536706477724e+03
2.385220058612029788e+03 -1.091544523061368091e+04 1.549345428606840187e+03
9.126120331994668959e+03 1.327463178939066438e+03 3.908955866022270129e+03
-3.060409988451772278e+03 -1.337782768801397651e+04 4.233686840558028052e+03
3.141842310564052241e+03 -8.598374259887039443e+03 6.054765544349406809e+02
-1.719742541598193384e+03 -8.374327661032662945e+03 6.363119803295523525e+03
1.108874311963725631e+03 -1.429123272634271234e+04 -1.160657000334594341e+04
3.156043594299409961e+03 -9.993287996613458745e+03 5.740754443486519449e+03
-1.492924209271795462e+03 -8.189670144747166887e+03 2.812953065423836506e+03
-7.605450532711477081e+02 -9.984990202650616993e+03 -2.420851023766498656e+03
1.540088864140864416e+03 -4.074444209109146868e+03 1.816320676622717201e+03
-1.470537237746088249e+04 -1.907001139391625838e+04 3.066558932023807574e+04
-3.647893691460691116e+03 8.109713217097934148e+02 1.932229884691115330e+03
6.247502811169811139e+03 -9.738726219258833225e+03 -1.389513612079400218e+03
-3.165932419488617234e+04 -3.645316930613586010e+04 2.961768324333563578e+04
1.351824912732172379e+04 -2.344293329341254139e+04 3.959331168704339234e+03
-4.541354862285023955e+03 -9.387653134717291323e+03 2.496821206580757007e+03
-1.467428899237677342e+02 -9.841863060245013912e+03 3.475269910596574846e+03
8.548086661054601336e+02 -1.216964669461351878e+04 2.895871307816858462e+03
-1.159804922003502497e+03 -9.683890056166503200e+03 2.236583230846948936e+03
-1.611472395597387504e+03 -1.116212592618071176e+04 1.172479625632349598e+04
1.509265078819220889e+03 7.498373584211643902e+03 2.566171412571149631e+03
-5.658048757311295958e+03 -1.278934520499762948e+04 -1.127563747773911928e+03
1.002170002791348270e+04 -1.478849181037676135e+04 5.858124746089096334e+03
5.579691677355459660e+02 -8.326611255079795228e+03 1.105463209555248795e+03
6.949627446721340220e+02 -1.021710712999121642e+04 2.151676281015478253e+03
-3.217154054138558195e+02 -8.440647360093917086e+03 2.541793714051983443e+03
-9.535707821568148574e+03 -7.949630340418554624e+03 8.996142184802012707e+03
4.637295531397369359e+02 -9.994595237010318669e+03 3.616621129485416077e+03
1.131472983537184518e+03 -9.060360395935815177e+03 1.465340738001597629e+03
2.036755365627614538e+03 -1.177513442385137751e+04 1.319585068108488031e+03
-7.697612390217931306e+02 -1.175915929153289653e+04 3.564459199189287801e+02
1.571579038469876650e+04 -4.343790749740917818e+04 -4.942554105360915128e+04
-2.224328623008325394e+02 -1.012295555393483664e+04 7.714676158037370442e+03
-8.041772592870837570e+02 -9.889717072926459878e+03 -1.267157565160183140e+03
4.096459468249068436e+02 -4.397693846694414788e+03 2.418433833584297645e+03
1.965698045944876139e+04 2.472528829843443600e+04 -1.438101514427956135e+04
2.710194137318971570e+03 -1.602526919792249282e+04 1.801887379932214026e+04
9.419833912368541860e+03 -1.711040791231995172e+04 5.401615372116480103e+02
-2.564557501856937961e+03 -5.399933316199854744e+03 2.025379969981991053e+03
-8.132134500828940418e+02 -9.955617423130350289e+03 2.904775045317594049e+03
2.243619579601336591e+04 6.965992394734488335e+04 -7.310569052004397963e+04
-5.098809906260514254e+03 -1.775977311659909174e+04 4.619290098741549286e+02
1.220000367449930673e+04 -8.897605676153792956e+03 2.420224019756964253e+02
8.621507272449815673e+02 -1.189919585720677060e+04 5.600727226829426399e+02
-9.567708392726650345e+03 3.096231863697338667e+03 -1.606693323929651115e+03
7.617287307652095478e+02 -1.690767567806809893e+04 -3.736853079971108400e+03
1.867386242987303149e+02 -9.607754107771939744e+03 2.949221149493543635e+03
3.938449541663650507e+03 -9.431149347154825591e+03 3.429147354364848070e+03
-4.758074863043921141e+03 -1.238869369630777510e+04 -4.241464381494468398e+03
4.464745946112101592e+03 -1.341958172062017547e+04 -1.154099341927103978e+03
9.016214232515872936e+03 3.538017945870782569e+04 -6.001567228107386654e+03
9.409951519758154973e+03 -9.136879429858581716e+03 4.964200070803069138e+03
-6.864060797689206765e+02 -9.330179097441414342e+03 4.081981569557939110e+03
7.364985377376833640e+02 -9.108136272471387201e+03 4.862110504993851464e+03
2.274222033932472186e+04 -1.073714889781870988e+04 1.258223979580987361e+04
1.002315877478250513e+04 1.780321233885242691e+03 1.749804530930248438e+04
1.275767206482903475e+03 -8.951446294569010206e+03 2.395262865247272202e+03
9.483006527034021929e+03 -1.624938439888828543e+04 -8.073604805359340730e+01
1.266109133098790380e+03 -6.169671566276543672e+03 2.316074236143326175e+02
8.107848402074587284e+02 -8.496080499463185333e+03 4.737147548194991941e+03
-7.290701599339425229e+03 -1.659192628101283844e+04 2.694381214025441295e+04
9.337332966801550356e+03 -1.036561597807427461e+04 1.998551333775895182e+04
-1.903329707152198125e+03 -1.226770882205980524e+04 6.375114713726640730e+03
-3.704987993281852141e+03 -7.011140646419962650e+03 -6.231046950102941651e+01
-2.282603776158956407e+03 -1.474562541409386904e+04 3.685209212381005727e+03
8.001421076758099844e+03 -1.617173475930868881e+04 9.491954412372664592e+03
2.440776161478924678e+03 -9.387358387595977547e+03 4.138202915633348198e+02
-4.963893439702545948e+03 -3.158995412036170455e+04 7.760064022971834675e+03
-1.231523061925161528e+04 -7.653743180962928250e+01 4.075870105393209087e+04
-4.434142161150269385e+04 6.397899782509903162e+03 3.185926399692875566e+04
-4.457009848829423390e+03 -7.442643516755968449e+03 -2.113630282584751058e+03
1.336004102234135280e+04 -9.898927841402886770e+03 9.099336548433921052e+03
6.721597836376705573e+02 -1.708874249811106347e+04 -6.989164128353556862e+02
9.743330748401194796e+01 -9.398748546774786519e+03 1.199069829691485893e+03
-9.739906873167024969e+03 -2.735969070155919690e+04 5.219283309867176285e+03
2.247361177474946817e+04 -2.370155220901989378e+04 5.931083926813544167e+03
2.220999566170015441e+03 -3.445190615669182080e+03 1.761066184949520903e+03
7.524156035670277561e+03 -1.040370299321739367e+04 6.787181656259994270e+03
-1.370932110759588795e+03 -8.167886463977557469e+03 5.195460738812155796e+03
8.840517015752166117e+02 -9.889406858624253800e+03 5.165429129508671394e+03
5.993471345110425318e+04 2.164441771362113650e+04 -2.307492669543594457e+04
5.456391176308588001e+03 -5.920866703607654017e+03 -1.502534291243407552e+03
1.635341774043405394e+01 -1.079301317402790482e+04 2.026926982721369313e+03
-2.919780469118469227e+03 -4.819578572347175395e+03 7.407497102280094623e+03
-1.119099904050857367e+04 -3.379933744086879415e+03 4.818224457996826118e+02
-1.673008892287325580e+02 -1.197763749781277147e+04 2.962341793372297161e+03
-1.867694034831863746e+03 -9.127186183655359855e+03 -4.621118407154372676e+02
-1.009016866924678907e+05 3.833793239262662973e+04 -5.438283873230258905e+03
9.393768265668453751e+03 1.526225999819275103e+03 -8.992187727413935136e+03
-2.866383721825669454e+03 -9.790125522783346241e+03 4.029508251090778231e+03
8.260755675468679328e+03 -7.064810143038273964e+03 2.999611667268164638e+03
8.937314204552887531e+03 -1.760658138582170068e+04 2.630700270497297879e+03
3.420553358202143500e+03 -5.475238149667135076e+03 5.757116817972460012e+02
-1.440558894556224914e+03 -1.169550095783026518e+04 1.795019463841920242e+03
5.775853339950456757e+03 -1.106335535812548187e+04 -5.843226240103802411e+03
-7.863488110776745543e+02 -1.026826500636676428e+04 2.529163298936407045e+03
-5.308316429194829652e+03 -5.450319369930973153e+03 3.926363734435338301e+03
6.154502165918089304e+03 -1.497449019550965932e+04 -4.075397124695020921e+03
-6.245972508281603950e+03 -4.921215951704761210e+03 2.038802124304761037e+03
1.583585730914311398e+03 -8.388392921534383277e+03 2.704061236868686137e+03
-4.315445355290735461e+04 2.668998989908065050e+04 5.206031462060604827e+04
-7.633225328938428902e+02 -1.035862007479736531e+04 2.295273460178877485e+03
1.703441762868531441e+04 -1.646990221698620735e+04 5.349049405136091082e+03
2.547267228546007573e+03 7.797382840400828741e+01 -7.733829834668636067e+03
1.520883710217875341e+04 1.117899209398588755e+04 -1.726645350219953252e+04
-9.424489955328104770e+03 -8.359455105293624001e+03 2.882736780181061113e+04
-1.483227045879723664e+04 -2.255035013658547905e+04 1.197718066219845969e+04
1.112441594837970570e+03 1.966167447322194494e+04 3.064329057974171064e+03
1.422955855566354330e+03 -7.758269665350808282e+03 2.543033491917131414e+03
-4.263701020905947371e+04 -2.960692452226486421e+04 -1.813567461932040533e+04
6.020945064527521026e+04 2.117636940524648890e+04 2.993139305542259081e+03
7.531485884604090643e+03 -9.867998261470471334e+03 -1.871035703387971807e+04
1.401049002768782657e+03 -1.181918190753973613e+04 -1.613515476841213513e+03
5.098940568641473874e+02 -1.017338931738952488e+04 3.111267859137895812e+03
9.792806231260172353e+03 2.057960535727698152e+04 2.538521615440110963e+03
-4.950748460674410126e+03 -1.519096161913275864e+04 1.530946027451345071e+04
-7.264826099561819319e+02 -9.992099456626194296e+03 1.790738907710385320e+03
-2.198837448956081062e+03 -1.016726176305435001e+04 4.962625198355048269e+03
-1.417187623246969088e+04 -2.017188713255758557e+04 9.566592170899008124e+03
1.329289102548973824e+04 -3.486950230978181935e+03 6.824023756157729622e+03
-2.989968071573060797e+02 -2.882934814615287178e+04 2.584856847270997605e+04
4.170710992940870347e+04 7.836960279562385040e+03 -4.303565847380838932e+03
2.880452325091634975e+03 -1.136854859247156855e+04 -4.626419067457588426e+03
3.294883581767099713e+03 3.442227455828304414e+02 -2.139363621397566749e+04
1.945200972067897510e+03 -7.689854410320410352e+03 1.766418237529018370e+03
4.097511016721170563e+03 -1.311688397174638158e+04 2.172691441533914713e+03
-1.088817845495359279e+03 7.441018350581133745e+03 4.101264052722545784e+03
-3.998172594774075606e+01 -1.408283304500130907e+04 5.800479688596836240e+03
-2.505064869747362536e+03 -1.206872407364211722e+04 1.502737887104859283e+03
-2.284902913028375224e+03 -1.049514974384713241e+04 -2.632412389278505543e+03
-6.332313445793528217e+02 -1.098582232482997097e+04 2.307022675266122860e+03
-3.010841656038293513e+04 -1.372743522783780827e+04 1.889225602663402606e+04
-1.359296628129785915e+02 -5.195607684578995759e+03 7.529646996569439580e+03
4.799055012222379446e+01 -1.073855972624938477e+04 4.549810385949648662e+03
7.332657982745790832e+03 -5.886642751875013346e+03 1.170599422586012224e+03
4.060892090794076921e+03 -2.427999035244357583e+04 -5.858710859934943983e+03
2.293599056189141720e+03 -7.901094840672070859e+03 6.155874878520775383e+03
4.346334670207864974e+02 -1.219650582272293650e+04 4.513773904279757517e+03
4.559956873825791263e+03 1.791038462221858026e+03 -1.714241123111073830e+04
3.708276921836424663e+03 -1.195473267320752711e+04 2.012444439111866814e+03
-4.161926121612362476e+04 -5.985724423850749190e+03 -7.128736780401619035e+04
-1.688701839662359998e+04 -1.827670834405904679e+04 2.855929135579193098e+04
3.600695980326339486e+04 -7.157186023394437143e+03 1.346750373891027812e+04
1.132223773024061120e+04 -1.741125587612098388e+04 1.356416824539869594e+03
-3.656465842941826122e+04 -8.695961532689843807e+03 -1.350967685711891136e+04
4.179020466319375373e+03 -1.579377269269151611e+03 2.364831154495839201e+03
-6.788438251811944610e+02 -1.154074537113869519e+04 1.150634797497824138e+03
3.567353568005762554e+02 -1.232766686376499274e+04 2.792138712080799905e+03
7.054772240978782065e+03 -8.859574986500105297e+03 9.819060212853037228e+03
-1.248665019113313974e+03 -7.666550157124502221e+03 7.218672925881361152e+03
-1.074382439838933897e+04 -9.416021753462933702e+03 2.449049037284594669e+04
1.713804891184422740e+04 -5.511301513145600438e+03 1.211509450130217374e+03
4.231814091120347712e+02 -1.064492341367055633e+04 1.327193339602833021e+03
-1.972433706785685899e+03 -9.299909395882164972e+03 -3.806395563311647038e+03
-9.517485932909965413e+03 -7.499060515334749653e+04 -6.838545375141935074e+04
-3.191323139337738212e+03 -9.179623118015091677e+03 -2.786233580751501904e+03
4.988948744683628320e+03 4.193589252008022186e+02 1.245061919488071544e+04
-2.595641150609618853e+04 2.706341262930965513e+03 3.020964112466782535e+04
1.049511580185852108e+04 -6.585493974843900105e+03 -1.370868801647293822e+03
-5.881386567903443847e+02 -1.269521087884336703e+04 -8.480592292949688726e+01
-2.498280040739417745e+04 -3.498270775746310392e+03 -6.186375149758578118e+03
-4.438184352559621766e+04 -9.592098979109161519e+03 -7.368855018571580877e+04
9.369221414551486760e+01 -1.330577872140207728e+04 2.096069556715048748e+03
-2.165105057630022657e+03 -7.387609083573673161e+03 6.669912517826245448e+02
8.836275663740920209e+03 -4.067192472578022716e+03 7.545399723428028665e+03
-4.227202028061074088e+03 -8.297117502334755045e+03 3.313659509006123699e+03
3.023109120588392216e+03 -1.721191873785770804e+04 -9.621925425251804427e+02
-4.926104801965897059e+04 -2.087451208475166277e+04 2.865376827567320288e+04
-3.846273175446967798e+04 -3.553941911776727648e+04 1.532092703736203293e+04
7.094561831969586819e+03 -1.059851193902348132e+04 -6.939826599807725870e+03
1.433925057461071992e+04 -1.563465098920429591e+04 -2.183235849598306686e+03
-1.323239639107735911e+03 1.241179615777735307e+04 4.998360307697268581e+03
6.167845467955593222e+02 -8.476925811955066820e+03 3.796988182983807746e+03
3.313458732317503745e+03 7.521883647114203995e+03 -1.608916312860728431e+04
-6.421990552129498610e+03 -1.051453124858485535e+04 4.860662606895523822e+03
1.794290938297303001e+03 -1.117791792214116867e+04 -4.378652009994183913e+02
1.743720657978636837e+02 -9.928640694538355092e+03 3.887690296830872285e+03
3.205672476311623086e+03 -5.719422754926962625e+03 -2.080196252598596402e+03
-1.194337336826218461e+03 -9.109300698821194601e+03 5.362498584058179404e+03
4.115131077055380956e+03 -1.072765809165874998e+04 3.063456616766402021e+03
3.287917702499648385e+03 -6.836093294257188973e+03 9.217719980722691616e+03
-4.207072941345578874e+04 -3.963402953705759865e+04 -2.215265182360763356e+04
-1.333100072177253060e+04 -3.856143710304197157e+04 -1.600755148156800169e+04
-8.474973893942769791e+03 -9.935761768784648666e+03 -1.009959223960567442e+03
-1.215579050871417394e+03 -6.215558445251681405e+03 3.252992217327530852e+03
-4.624814123929287234e+03 -9.551214082614693325e+03 6.510250430147561929e+02
-5.820522545520753965e+02 -4.124085985188934501e+03 7.925926692664205802e+03
-1.707515699572257745e+03 -3.929287671730513466e+03 -3.240003506677848691e+03
2.239251366843274695e+02 -2.138553770486798385e+04 -1.293026434361094744e+03
7.641720878714309038e+02 -1.179519635040226240e+04 1.631252054635692275e+03
-3.731792963033030537e+04 -3.688908440365852584e+04 -8.521888872378505766e+04
1.106148084933472546e+03 -7.511597823726274328e+03 1.026380068011081676e+04
7.138543523280131012e+03 -8.340534416676387991e+03 7.236880808429198623e+03
-6.973698513016685865e+03 -9.632349687438358160e+03 6.905444767042312151e+02
5.978205468320858017e+03 -3.623087592060721818e+03 -1.008759198719843334e+04
-7.943390417950362462e+03 -1.088496984297980271e+04 3.932526293201465705e+03
-4.071522506685261760e+03 -9.865357114814825763e+03 -1.149581487198935065e+03
8.221150545439404596e+03 -1.063441511864299537e+04 5.745510390046346174e+02
-1.496088461345430005e+04 -4.405308853494151117e+04 -3.876438693756976863e+04
9.712648550925667223e+03 4.074680052966038602e+03 -2.672569838898204762e+04
9.659532086392375277e+03 1.136151252062875574e+04 -3.914493039307976869e+04
8.500747281057107102e+03 -5.875301491099242412e+03 2.953035534558013751e+03
3.382061932468208852e+03 -6.905152013658315809e+03 1.769024166281373255e+04
-6.492916925740631086e+03 -8.154217982763143482e+03 1.733811412826192463e+04
-6.710558494904188592e+03 4.307000761434726155e+04 5.029822213562640536e+04
9.522690508326892086e+03 -1.064796862383723419e+04 -3.924036058465136648e+03
-1.772945678123756466e+02 -1.019416042053730234e+04 -5.466734401609835459e+01
-2.584615692502201910e+03 -1.497718535386079202e+04 -1.589095198630679533e+03
-3.597008237115455358e+03 -9.771011991627516181e+03 -4.765044652411797870e+03
1.526690376328164348e+03 -5.349652031380352128e+03 7.745990775097138794e+03
-8.646550760421954692e+03 -9.958761476277115435e+03 1.420136900532654545e+04
-3.658151983087069766e+03 -1.141696531627972217e+04 3.717888145607641036e+03
-1.962998586595212328e+04 -4.120169272651948995e+04 2.550419221657054368e+04
9.367804015577974496e+03 -9.544379957009065038e+03 -4.926741795897792144e+03
-2.994064222431896269e+03 -5.773961448084295625e+03 -5.297783998424887386e+01
1.624832179746138763e+03 1.188562303224503012e+03 9.266768177166592068e+03
3.740751545519315187e+03 -4.742561464691454603e+03 6.967333949796664001e+02
4.446303337547317369e+02 -1.243145127272398440e+03 5.126992143838042466e+03
4.192755653320847159e+03 -3.861077236341463959e+03 2.033941809404000196e+03
1.533343281494182702e+04 3.467632424923571671e+04 3.411385834934097829e+02
5.030751616169973204e+03 -1.371504962330497801e+04 -2.675322620771039510e+03
3.493667306273001032e+03 -1.123220206622776095e+04 6.779655678362034450e+03
2.310616570747085916e+02 -5.919147250630439885e+03 4.301845928218362133e+03
3.604047976168115383e+03 -1.124832961097944099e+04 -3.817087029716269626e+03
-6.717330242986861322e+02 -9.603372046334327024e+03 3.437793374478073474e+03
7.472624225161519007e+02 -9.953916650241766547e+03 2.255181970872282818e+03
1.995773346184034381e+03 -1.311187403985216770e+04 -5.430340490774814270e+02
-1.987921895678704232e+02 -3.370536999815325544e+04 -9.094223174291217219e+03
5.918152494730449689e+03 -1.456320983613931639e+04 -3.502614912274904327e+03
-9.050445033754655742e+04 2.631282129928562881e+03 1.904507382998523462e+04
-6.292551961719545943e+02 8.533411578977519412e+02 4.062761814972972843e+03
-3.034295243885205764e+03 -8.421641362739121178e+03 5.496526292588506294e+03
-3.169757193161502528e+03 1.701404148118686635e+03 9.813364883838390597e+03
4.520730628508908922e+03 -1.300404400352947414e+04 6.599904936482483890e+02
3.855881264233697038e+03 -2.103319716639559192e+04 6.191936042524973800e+02
-5.641401430551228259e+04 -5.841952885337423140e+03 2.869257219420191177e+04
3.019696527361292738e+03 -1.132886063666819064e+04 5.330053593795183588e+03
-6.245600080887031072e+04 2.069386086273869296e+03 7.321291100437881141e+03
8.389216489910133987e+02 -1.185549356633212665e+04 4.907144593854137383e+03
-3.221824331813064646e+02 -6.759976439957151342e+03 5.535083844601787177e+02
-1.285689993080914428e+04 -2.027527091116802330e+04 1.111681527313319384e+04
6.025300414781978361e+03 -1.736804095711098489e+04 1.830846424344216211e+04
-1.942452139962618048e+03 -7.825180860832386315e+03 3.840141382084378165e+03
-3.068706510625792134e+02 -9.627476205701148501e+03 2.608469520358801674e+03
6.030587242292942392e+03 -1.601858027307614429e+04 -4.608201501293127876e+03
-3.610007519788195168e+03 -9.954912471761550478e+03 3.025650207449979007e+03
-1.143961073475928288e+03 -1.111879637301359980e+04 1.629841887261196916e+03
-7.381594218593412506e+02 -1.004646853404060857e+04 3.428074140059084129e+03
3.810155707788190966e+02 -9.343050699174687907e+03 2.886129003041217402e+03
7.892095372622424293e+03 -1.446385825710636345e+04 -9.522640366566311059e+03
-2.157499768655400658e+03 -8.642884479878111961e+03 5.087313417707851841e+03
-1.940003015838352894e+03 -8.410610898981756691e+03 2.691976924043773124e+03
-8.360545696119543209e+02 -1.022767639194922776e+04 3.375078757999554455e+03
-2.717236236941569587e+03 -1.316016946403343900e+04 8.367363291106728411e+02
-2.409517850663086847e+03 -7.181803630545741726e+03 -1.184554252395731055e+03
1.282162220550197890e+04 -1.032688321475538942e+04 -1.239279788204917622e+03
-5.176738558224167264e+02 -1.050963370632341685e+04 2.497646952607795356e+03
2.613587171049964127e+03 -1.305839587669435787e+04 -4.319782590443875961e+03
1.836996124741704989e+04 -9.084120769477185604e+03 1.043367692687657654e+04
-2.072199925777183580e+03 -6.250529509094039895e+03 7.625274259064090074e+03
-3.822227775179399760e+04 8.905367707735667864e+03 4.611086803237917775e+04
2.631762614233722161e+03 -1.322567288926252877e+04 5.371766288705583065e+03
-1.480729993649756580e+02 -1.008531281410170595e+04 1.375678353647218273e+03
-1.163879482075040187e+03 -1.021005651957453847e+04 4.932595024594878851e+03
-1.540856250415911063e+03 -1.117033610803659576e+04 1.934885786716489520e+03
-1.614465381956805231e+03 -5.177249750236926047e+03 5.814803136829942787e+02
-3.773371497466957862e+03 -3.439523327497280206e+03 9.787031325289761298e+03
4.990279462359430909e+03 -1.579677024472672929e+04 1.280300488175964529e+04
-2.812428305320954314e+04 -3.026421840821525257e+04 4.962981063801887103e+03
-1.039223729471542356e+03 -9.579552171989067574e+03 3.763034730114912236e+03
3.223250890208322289e+03 -1.503956560046074082e+04 9.906546826220735511e+02
5.290301199341998654e+03 -2.651831131515239395e+04 5.861411293208539973e+03
-6.812672231325603889e+01 -8.959485227171653605e+03 4.864613605191112583e+03
1.743792579007825680e+03 -1.156044858858549560e+04 2.955573550442964461e+03
-6.261906062278058926e+03 -8.972764359591779794e+03 2.156020609053617227e+04
-1.243524239917953992e+03 -1.176528572411684945e+04 2.128525293744629380e+03
1.383769192701118754e+03 -2.971893563364019428e+03 4.553279331889092646e+03
-1.207145400577000373e+03 -1.203205345160388424e+04 2.974330963846532995e+03
1.477487619638441902e+04 -1.489682241808884328e+03 2.558118002338370843e+03
-7.357087049320381084e+03 -4.524909828356774597e+03 8.955357669744422310e+03
7.407307982491582516e+04 3.893612195230619545e+04 4.123098601615338339e+02
3.119224381363122120e+03 -2.643634004194745557e+03 2.045019152208530613e+03
1.577302728830536353e+03 -1.132662182260543523e+04 5.001714316159475857e+03
-8.409978896382096991e+02 -1.392992847837519548e+04 -1.383624455333537526e+03
2.142447719793666693e+03 -1.482087595483072619e+04 6.277640933329803374e+03
5.519357678080312326e+03 -5.499137670592995164e+03 -4.409588614104735598e+02
-4.127561821392670390e+04 -2.281514086621449678e+04 3.050968214372596049e+04
-4.350386326073189412e+04 -9.958573649816697070e+03 4.230755724604592251e+04
9.312212968362007359e+02 -1.018593610314624675e+04 2.240121248899120928e+03
-2.073270778726361186e+03 -1.068478493423075270e+04 -6.441306674816320310e+02
-3.766115831236630584e+03 -1.038186654607138553e+04 1.468612608342537169e+04
2.957376375085099426e+03 -1.293465271582311652e+04 2.465174955104073888e+03
2.581251094522991480e+03 -1.114836370685256588e+04 2.787171594421039117e+03
-1.167180984817960507e+03 -1.068303255777905542e+04 -3.270055619605367383e+02
5.567678903354248177e+03 -9.571938722709141075e+03 -3.691062005787036469e+03
-1.678411021386150423e+02 -9.538367247299063820e+03 2.432366745179731879e+03
3.324603377473104956e+03 -8.037065525625171176e+03 3.348790766993814941e+03
-8.811240720280937239e+03 -1.488045692287081692e+03 2.138529904906879892e+03
4.869129972209780135e+03 -1.946040854919241247e+04 1.359471734819297671e+04
-3.529606816518929918e+03 -1.364994960338201054e+04 2.620386602097909872e+03
-9.260715395290335437e+03 -4.574212843744609813e+02 2.498435058193516397e+03
-3.121484745638975255e+03 -1.585572729054674892e+04 1.950884761604664163e+04
2.843061041667649988e+03 4.105473314547773043e+03 1.888230369931080304e+03
-2.117310349851048522e+04 -1.877947851730646653e+04 -2.214930282699829331e+04
-1.394929931595683684e+03 -1.096297943176717308e+04 1.395659268008177378e+03
4.099076085750170932e+03 -7.546036083453415813e+03 3.862316128797157944e+03
-1.633707124563210982e+03 -9.507730537014147558e+03 2.491860558451309316e+03
2.483303826563409530e+03 2.583667819798480923e+04 8.978786958489062897e+01
-1.152266849471672458e+03 -1.665107645963659161e+04 2.533736833716807269e+03
1.236534036502010713e+04 -2.049824637251089734e+04 1.408857304872426357e+04
-9.101276628959814843e+03 -2.385269991111662239e+04 -1.594016973418239286e+04
-1.575834509050933775e+03 -1.044188216652975098e+04 3.735978294713671403e+03
1.135801628984647323e+03 -1.403078492049261695e+04 1.165660426786649623e+03
-2.661094618955049100e+03 -2.027045024531899344e+03 3.405977918684121960e+03
-1.388017795942892008e+04 -2.268530920462955692e+04 4.087494107369896665e+04
8.656762479071288908e+03 -2.107737231551095829e+04 2.596596385536122852e+03
-5.532822274071288575e+02 -9.026633619930313216e+03 3.090033043277422621e+03
-3.050779830485555067e+03 -9.896138782722639007e+03 7.193307471142175018e+02
8.132681856170453329e+02 -6.607600263234435261e+03 7.298756280980836891e+03
-4.615038511620432473e+03 -2.830425806320769698e+04 -9.690424482438568248e+02
1.830675809631182119e+03 -1.040610436419701728e+04 1.639192361032753752e+03
1.449507926856872473e+03 -1.189375833062562742e+04 6.062054337002628017e+03
-1.062371546210923725e+03 -9.380561666252337091e+03 2.894688664845336007e+03
5.926617390157854970e+03 -6.937181961746327033e+03 5.647726407675778319e+03
1.690955379245920994e+03 -9.570508025151397305e+03 3.004397706939555519e+03
-1.523670160787680288e+03 9.006755676102588041e+03 1.568885401991327171e+03
4.069540178198352578e+02 -2.218328035507645950e+02 6.228251633363167912e+02
9.929114716812577171e+03 -1.194337802896409812e+04 -1.266904847038264052e+03
1.458187914445624301e+04 2.630690946510060894e+04 6.642390604607874593e+03
-4.185862664700322057e+03 -1.624704826439038334e+04 -7.877813007248491886e+03
2.227924292861385766e+03 -1.359491201260006164e+04 1.998303279266729987e+03
-5.531589671010942766e+02 -9.362174709562455973e+03 1.936535754632224325e+03
1.614694559973414107e+04 -1.491505625138977121e+04 1.469645644879889915e+04
3.352122676681446478e+02 -9.614453416565324005e+03 2.836456695292655240e+03
6.583460678015323992e+02 -5.490305487633450866e+03 -1.186340367646643426e+04
-2.483528502425898751e+03 -9.462342369311074435e+03 7.373790347769732762e+03
-1.866148465029140880e+03 -6.781512126541666476e+03 -4.268871667271174374e+03
3.177266748020797968e+04 -4.190821875996638482e+03 -1.945764993594771295e+04
-6.628393407618255878e+03 -1.133210796178481723e+04 5.916773177397883046e+03
-2.879116194511656431e+03 -1.128811277164070998e+04 3.073179666232952059e+03
2.505942135478541331e+03 -1.453120114792982349e+04 3.116894611848294517e+03
-1.222548516442911750e+04 -1.454533336663302907e+04 2.086559901189927405e+04
-2.898323171024255203e+02 -3.716205080775213446e+03 -7.186758112886011531e+02
2.072589218912108845e+04 4.431044725204864517e+04 3.124721292232341511e+04
-1.923526116374704088e+03 -1.137089279152862218e+04 9.312830872969681195e+02
-5.709941316537787498e+04 -2.545274815472737828e+04 -7.903496657985855563e+03
-2.047695554161685550e+03 -9.498049908084070921e+03 3.035925952075886016e+03
-7.225606937638049203e+03 -1.305880812393137057e+04 4.534384689178761619e+03
-1.423873932941026396e+03 -1.188849791518438542e+04 -3.168969241386632802e+02
-1.268356100822641110e+03 -9.558907000058237827e+03 -4.041237341327004060e+02
-1.596268702352394257e+03 -9.896087510538569404e+03 -1.527931535000057920e+03
3.848718331487551723e+02 -1.022197945660734877e+04 9.428203861491045927e+02
1.156085812782817356e+03 -9.885750951188769250e+03 4.134208809396502147e+03
-5.664842758147711720e+03 1.689534387123730266e+04 -1.497509937894324321e+04
-2.049953539003471178e+03 -9.074863339734292822e+03 5.714704302006786747e+03
1.475137322023114621e+03 -7.721896355966963711e+03 3.892747820700478769e+03
-2.029073445310574698e+03 -9.224412814724260897e+03 3.847844613422501880e+03
6.217574310530018920e+03 -1.112333212972004731e+04 -2.133058366889861645e+03
-2.576052462955377678e+02 -1.038878796630256875e+04 2.721328008183009842e+03
8.832284549064188184e+01 -1.580376783597104350e+03 2.925281451245587959e+04
1.062950640639660014e+04 -8.739231895082402843e+03 1.947183821059952970e+04
-2.712757438631876994e+03 -1.193335651722224975e+04 1.576835070012879260e+04
3.193180470504223194e+04 -1.131728484190620838e+04 -3.249285995247920800e+04
1.075352620423950611e+04 -9.672088964710339496e+03 7.003407682436738469e+03
-1.621021496262139010e+02 -9.004069069687535375e+03 8.472441859233227888e+02
-1.182224309942319906e+03 -1.069235405583576539e+04 4.567523698913988483e+03
8.067375586425991060e+03 -8.022696329793460791e+03 3.550032537879348524e+02
-4.831896318826326933e+03 -1.146392831639488941e+04 4.745529178377870267e+03
6.560632159087878790e+03 -4.922357492938692303e+03 -1.238065285643698417e+03
2.281612979332722716e+03 -1.129907437715464221e+04 -5.332360575368921900e+02
7.101539936407840514e+02 -1.038482043347531362e+04 9.047124472297634838e+02
3.291918732036186157e+03 -1.906896514178951293e+03 4.613081396325039350e+03
7.226123212898494785e+03 1.633548429431869863e+03 -2.265388429319907118e+03
1.305361225196323858e+02 5.606460574409056790e+02 -3.453812604149676190e+03
-5.546045723410554729e+01 -1.026335948782427295e+04 2.252216605991724464e+03
-3.678209854064368301e+03 9.263054997387610001e+02 2.473444151714448253e+03
5.990436574344136716e+03 -2.082652289541325081e+04 -9.385585654688811701e+03
6.086213332768132204e+03 -6.218510332167556953e+03 1.874787905079512257e+03
2.392619447905245579e+03 -5.797859018921455572e+03 2.466519144833266637e+03
-6.648789375153560286e+02 -1.333263667341321707e+04 3.539620543096774327e+03
-5.469277329445933901e+03 1.280458654950287564e+04 8.368264861295259834e+03
5.061993738495930302e+03 -8.739631729499322319e+03 -1.190230342421525347e+04
-1.920406988952432584e+03 -7.545142345323269183e+03 -6.558753307214053621e+02
5.275236193685130274e+03 -9.472201267286511211e+03 -4.473032877986924177e+03
-9.940637582624916831e+03 -3.926281985464811441e+00 5.562243088812499082e+03
9.535667252077158992e+03 3.097726489781959026e+04 5.417618958930383997e+03
-4.329929295531435400e+02 -1.002308903691083287e+04 1.717636444997231592e+03
2.177327005465152524e+03 -1.125766872351374514e+04 4.434239286275077575e+03
1.927332174148404874e+03 1.422890436700954160e+04 6.826999013656588886e+02
4.074829563389138002e+03 -1.547536211934564744e+04 1.981974456555770530e+03
1.143702397438942535e+04 -3.621551242533503228e+03 4.919592127482826982e+03
3.894616179789101125e+02 -8.359544302385646006e+03 3.719026814724508768e+03
-2.159242272183162640e+03 -8.130721477602060077e+03 3.876872121751395753e+03
1.086710037570792565e+03 -2.736803029597485420e+03 -1.417035340912990614e+04
6.090145316148490906e+01 -2.548142834486685024e+04 1.064154596975334243e+04
-1.721553142391513120e+03 1.051146340245948340e+04 -2.902648093292702470e+03
-5.539103219521092797e+03 -1.057378702774492194e+04 5.560524189560695959e+03
7.116680646782544500e+03 1.746764767516058419e+04 -5.487454314793874801e+03
1.651507226989391484e+03 -1.426430529812255008e+04 -8.494970238972445031e+02
1.287267740496063561e+04 -1.605309601250948253e+04 5.104729990103337514e+03
-2.248669719205753665e+02 -1.078434464717967603e+04 1.858436469927479948e+03
4.542138304762828739e+03 -4.104956803459833282e+03 -2.343152189902910777e+03
5.361906936802488417e+02 -8.352132464116619303e+03 3.368467339776163044e+03
2.281744017803719998e+03 -1.151958726638376720e+04 9.257595087191465382e+02
1.555648849099714880e+03 -1.213532777246229125e+04 1.491642674412473207e+04
2.085223762743569296e+03 -8.687108178839953325e+03 6.360885153895335407e+02
2.222496430566395702e+02 -1.012076931174230049e+04 2.694558236289939032e+03
-1.619755052011807948e+02 -9.798660907529423639e+03 3.164425484745963786e+03
