6.862502099614520148e+02 -1.276446325984773648e+04 1.134554482483669744e+04
1.295376164271546077e+04 -6.227142310353349785e+03 5.931261368069031960e+03
1.746088997824572743e+03 -1.314865748184993026e+04 2.539098295081916604e+03
3.895183882484996502e+03 -5.416888555823360548e+03 8.917798154387020986e+03
-6.327027774984211419e+02 -8.178963027156786666e+03 3.783069710726850872e+02
-2.642493097909758717e+02 -1.610025673200717756e+04 1.510687140246301851e+03
2.068355057058778038e+04 6.585037559432362286e+03 2.963750621422261611e+04
-6.057270233009736330e+03 -3.849388117387978127e+03 3.107511161777794314e+03
4.652811214229113830e+03 -2.868818073766989255e+04 5.586662574498074719e+03
-1.052075152337586951e+04 -6.974958696933967985e+03 -5.030819141930252044e+03
-1.849574182462869067e+04 -1.542826491014338353e+04 3.492625407222489594e+04
2.433489855139451720e+03 -2.859851302273469264e+04 3.497649057614899903e+03
1.152350292362629625e+04 1.532032257746569849e+04 8.258731446739939202e+03
2.031883876906377282e+03 -1.197440200769067087e+04 2.881376521892567325e+03
-3.477760903369996299e+02 -1.512313208363977174e+04 6.027822161666385000e+03
1.982848842569619592e+02 -1.074544054043015058e+04 1.862227687856332295e+03
2.156111982772806005e+04 -8.847063365747018906e+03 -3.140118971898461950e+02
3.315576675150059600e+04 -5.266826564132426574e+04 -4.818005406873239735e+03
-1.859224747066403324e+03 -1.055004421166787506e+04 3.549655074619084303e+02
2.604982684590235294e+03 -1.753607215563627688e+04 1.256922878836707423e+04
1.396217519468076034e+03 -9.703979214807233802e+03 -1.042503667449937666e+03
-2.191726425411866046e+02 -1.148592009835974568e+04 2.364165678583068257e+03
-7.667587267800987547e+02 -6.932142176040902086e+03 4.209643012752537288e+03
-6.300252880644339939e+02 -7.778668117862909639e+03 6.268336536761216848e+02
-9.973124423848086735e+03 5.840964255936309200e+03 -1.616684172276956633e+04
-2.113427864421274535e+03 -9.751310317760731778e+03 5.320331939569532551e+03
2.220458615128585734e+03 -1.327942309036001825e+04 2.368512864619277934e+03
-9.171359932101631784e+03 -2.040799215637910311e+04 1.768001288424021914e+04
-7.060857871663102742e+03 3.072412363671370713e+03 -5.540607197467710648e+03
-1.117899248862500144e+03 -1.392586731634002172e+04 3.604774319168926922e+03
-1.487589925576850192e+03 1.261767157901934297e+03 1.208944577607327301e+04
-1.562967142477376456e+03 -8.994053009616707641e+03 2.219889740598584922e+03
1.616693999104267641e+04 -1.822406367705859157e+04 1.029086442285615340e+04
-3.612861916304374063e+03 -8.633068710672329189e+02 3.856752573330330051e+03
1.221483040275961503e+04 -2.381222569950907564e+04 -1.431164786139320859e+04
4.807322528261110710e+04 -6.463746925412494602e+04 -1.658879128343909906e+04
-2.073737301335148459e+03 -1.538084884708450954e+04 3.212265750426889554e+03
1.399353559894082764e+03 -9.977312300093364684e+03 2.664278500908575552e+03
2.020321034714767165e+03 -4.063465692689977004e+03 5.642575750547023745e+03
-4.376093455812701723e+04 -3.471570594545815402e+04 3.143819465253334056e+04
1.856942515862619075e+03 -8.095444798102334062e+03 -1.046357894173292834e+03
-2.118032334155854187e+03 -1.058413715921518997e+04 2.914104885512003875e+03
1.276264814385178397e+04 1.127592669133078016e+04 -2.768519000174439498e+04
-1.942423553037350530e+03 -1.030107270953176885e+04 5.073666958576845900e+03
-5.369538128299574055e+03 -2.459148822366916283e+04 2.790850142701154982e+04
6.594435820921505638e+02 -1.068525300999712090e+04 1.985369122214072831e+03
-1.822725382016469666e+03 -7.291330392078304612e+03 4.298422820975995819e+03
-1.583204564309266971e+02 -2.168885721776439368e+02 6.445395762182980434e+03
-1.021771160364740354e+04 -3.400210149183538306e+03 -1.600644573348860104e+04
-1.284574690171071961e+04 -5.276090615853620875e+03 -1.148948964687148646e+03
-7.036744262356064610e+03 -1.222164298738873185e+04 2.602711247325453769e+03
2.437432000940894795e+04 -1.584022434254364271e+03 2.302186694311063548e+03
-7.867091363346101389e+03 -6.080612655567063484e+03 -9.434041641389794677e+03
-6.453604133955781208e+02 -9.089228053267259384e+03 1.013502177029814447e+03
-4.152577372427200544e+02 -1.115025459754560870e+04 3.165828457699732553e+03
4.223155816443027675e+02 -9.806529164824392865e+03 2.004049184405776032e+03
6.268448788771461295e+02 -9.705930425372613172e+03 1.787199480778363295e+03
1.417202498944613126e+03 -1.087366916041428158e+04 1.598417889483058161e+03
2.554729786073838568e+03 -1.432305548451831237e+04 -6.021753038045943867e+03
-8.024734815654132035e+03 -1.488147321079501353e+03 6.134497634316287531e+02
-3.756507418704316478e+03 -1.282670840720071828e+04 9.494299620277024587e+03
2.065551841979154233e+03 -8.769802130867141386e+03 2.237475563941664859e+03
3.607454319366778691e+03 -2.066553059265107731e+04 1.115838853769837806e+04
9.437943508450422087e+03 -6.454072290188908482e+03 3.328191971876402931e+03
-5.944754861698546847e+03 -1.279600866293023319e+04 4.538020387917774315e+03
1.356362564994258719e+03 -7.055320857524476196e+03 1.767345553594505418e+03
-1.182142693046233035e+03 -1.293938134240071304e+04 -8.353203529792461950e+02
5.468747246682673904e+02 -1.564604765796337961e+04 3.536227541071085398e+03
1.297403326127136552e+03 -9.470228020224514694e+03 5.375674722570144695e+03
3.911191929794684711e+03 -9.788933305801405368e+03 -7.555016486669104779e+03
-5.447246733341718937e+04 -8.572426368842314696e+04 2.094358564545965783e+04
1.701399672582624135e+03 -1.083647253255396754e+04 1.918435803249015862e+03
1.241949782690279244e+04 -1.066996384818323168e+04 -7.566259749109514814e+03
5.220141478295909110e+01 -1.083144427590368650e+04 -3.557520817399641828e+02
-4.986571725872890056e+03 -4.444080593024616064e+03 3.317049112132335267e+03
8.942155038925443478e+01 -1.078312524066943843e+04 1.781447543087826944e+03
2.316621680537264183e+03 -8.924890231174746077e+03 -5.058721823354339335e+02
-2.519784448484048426e+03 -1.435823972047306597e+04 2.229576496827632582e+03
9.205998928221966707e+03 -9.203567723724223470e+03 -2.104189424783359755e+03
-3.783965279781327354e+03 -7.743217143912273968e+03 1.083527785572172797e+04
2.335471405467103068e+03 -1.703524383435632626e+04 -2.634874875834475461e+03
-9.810565389536901421e+03 -5.317973795904735198e+03 3.197780326179416079e+04
1.308991907615669561e+03 -1.872132673560843978e+04 6.653423180897890234e+03
9.111050430489633527e+02 -4.052647995271263881e+03 6.444631593106978471e+03
9.703608125630607901e+03 2.483412700785165725e+03 1.910773042455389805e+04
-3.104327173690387099e+03 -2.138736278778738051e+04 -1.234950730634007232e+04
-4.546429848545373534e+04 -1.001302349188460939e+05 4.460840936610706558e+04
1.997306415592738631e+04 -5.346944883477872281e+03 1.218549102983025296e+04
1.028908184084539243e+03 -9.264684528273874093e+03 3.669284646584020265e+03
-1.713462687759816254e+04 -1.261858274884642378e+04 -2.442070955000689082e+03
-5.980933451029055504e+03 -1.105396418516573794e+04 -4.637827222454410503e+02
1.129452013918907687e+04 -1.625639454566107634e+04 -4.108136062563547966e+03
-2.868245432871916819e+03 -1.663578060396235014e+04 9.112298567878477115e+03
3.673118134625142829e+03 1.709126933429026394e+03 -8.754555670746491160e+03
4.427299196511857008e+04 -5.792935542543267366e+04 -4.722986510006706453e+02
-1.361467582210111323e+04 -1.172505120009300845e+04 -2.560228834249897318e+03
1.249976232860871278e+03 -1.001128861059285191e+04 3.945738746375247956e+03
3.075226513780706227e+03 -1.092137904121506472e+04 9.102619951766087979e+03
-2.659896029496037045e+03 -1.305122369425186662e+04 2.485224369056098112e+03
7.602232491706523433e+03 -5.499363782357397213e+03 1.310699848495250762e+03
1.234836186333689056e+03 -1.412905465754249963e+04 6.882070551927036831e+03
-1.914637439884745618e+04 -4.850561123323028733e+04 -4.243582625728046696e+04
-5.076566746802101989e+03 -1.424232148793877968e+04 3.763780786358733167e+03
9.593800623149827516e+03 -2.218719083919335390e+04 8.609859494488053315e+03
5.138956166366194793e+02 -1.034674513251531425e+04 3.526630796991799798e+03
-3.993905891057020654e+03 1.979821959169595630e+03 -5.768294071993207581e+03
1.232341709533489666e+04 -2.461914014041087739e+03 5.326918451550386635e+03
-1.340086229740196359e+03 -1.076743572986607433e+04 3.415161730419028117e+03
-1.164699810634375808e+03 -8.795770464171264393e+03 6.346915328147319997e+03
-6.529889931451293705e+02 -1.276962680231611375e+04 -4.802605504641104744e+03
2.105333272899834355e+03 -1.196943667581038972e+04 7.910565958524586677e+03
1.746052152128730540e+03 1.545748206009778187e+03 5.857590616102048443e+03
5.417431737777871604e+03 -1.541322934801605516e+04 5.394285919975583056e+03
1.108521226517899777e+04 -9.507415784035612887e+03 1.362420804294886875e+04
4.797941149720147678e+02 -1.150072031534645248e+04 1.984635705004425290e+03
3.975480439412094711e+03 -1.385437629077783095e+04 -7.370605692179543666e+02
-2.941905861730647757e+03 -9.894126905781980895e+03 3.263959398972332110e+03
9.685257118949081132e+02 -1.631265783580967582e+04 -3.769507195791093181e+02
-5.448860416937552145e+03 -7.024939000325168308e+03 8.761298181012336499e+03
-3.021697005775263278e+03 -9.654426469433221428e+03 1.886389652385002410e+04
4.917410895493893577e+02 -9.862042852400983975e+03 2.113346867028220913e+03
2.176630770265965111e+03 -9.914893190565986515e+03 -9.675387077532113835e+02
-4.627168927255118433e+03 -1.339967343286218920e+03 3.262880209353355667e+02
-1.505652014458982421e+03 -1.160518512867389290e+04 1.009208522092958265e+04
3.927134627561898014e+03 1.755074925260229793e+04 5.429273358289140742e+04
4.658783747573635083e+03 -1.270650126208078109e+04 4.542150125714534624e+03
-4.721752472384942848e+03 -7.113894912579426091e+02 -2.642581219479508263e+02
2.346960131744722275e+03 -1.329114194306472382e+04 4.001597005565927248e+02
-1.166414838893471995e+02 -9.196832369083855156e+03 3.905126907855946229e+03
1.513903967991196259e+04 -1.253900838098110580e+04 1.693861562872437844e+03
-1.841978108516887369e+04 8.671761180531895661e+03 1.035118718900863132e+04
-2.297742227379509586e+03 -8.385821149660730953e+03 5.171920104515191269e+03
-3.263250261761388060e+01 -4.498116233801270937e+03 1.665796592280840116e+02
7.006815407122951001e+03 3.022937859051484338e+03 1.016870998561079796e+04
7.695270166945123492e+03 -1.688204670253894074e+04 -3.584811548911429782e+03
-8.264741626176626141e+02 -3.883064125720578886e+03 9.871302339813677463e+03
3.103905603424941546e+03 -1.783788616750865913e+04 -3.567091437543724055e+02
7.184200024629874406e+02 -1.113308421723047104e+04 1.089075610290619352e+03
-4.963603871006343411e+02 -1.069867808347563005e+04 2.804549091277062871e+03
-3.299022338081312000e+02 -9.798066156572243926e+03 1.819871888037720055e+03
-7.191466280094213289e+03 -4.010617724851149978e+04 -2.403850898035225327e+03
-5.925508408062118178e+03 -1.771086199110127154e+03 5.259781031070623612e+03
-7.073271750425222990e+02 -1.022279136089982239e+04 1.880199089560076345e+03
-2.965532231515698186e+03 -1.126151307579516833e+04 1.002011562235394194e+04
1.210951520523135969e+03 -2.369548261245666436e+04 7.676038380805481211e+03
-2.691328827280375435e+02 -1.046534864917947925e+04 9.928455904577513138e+02
9.224872068750811422e+02 -8.535938452333211899e+03 4.088122402912615144e+03
2.252640621447851572e+03 -9.779695834255287991e+03 5.799269334383926434e+03
-6.655726525676307119e+02 -1.208840725089550324e+04 -8.558746942912173949e+01
5.650157413615620499e+02 -1.497106383987987647e+04 6.741252730422840614e+03
-6.258003879528288280e+02 -1.158938808549388887e+04 1.469673399115750726e+03
1.789777893841069954e+03 -1.156198596622597506e+04 1.005390181830416736e+03
-6.137781383214181915e+03 -1.096200040183793863e+04 6.475354713824708597e+03
1.370850035760346327e+04 -3.880616347389828297e+04 -2.314949733358448793e+04
-7.997138958272939817e+02 -1.053407198535163297e+04 2.868832136584246655e+03
2.007608847763594213e+03 -1.340235844136896048e+04 1.364935394476264719e+03
-2.617932541279052748e+04 -1.856607643403269321e+04 1.888856912732158162e+04
7.122118225627646098e+02 -9.503071062935003283e+03 1.286064527244459350e+04
1.514705263717038633e+03 -1.103499253523655898e+04 3.316700402825613310e+03
7.639819162340049843e+03 -1.317766786060478626e+04 3.578375125529722936e+03
-2.515089634057863350e+03 -7.078157043362295553e+03 3.679268654395814792e+03
3.597782915708856763e+03 -7.077448800076019324e+03 -3.008339379275367946e+02
-4.261738096326871528e+03 2.923300183144577659e+03 1.081092811196553521e+04
4.411769328513444179e+02 -1.080765713361411326e+04 3.169036727297766447e+03
9.658715766295501908e+02 -1.204802789494443095e+04 4.466715103180169535e+03
-2.580126514241994664e+04 -3.822245031655961066e+04 2.881201314482321777e+03
1.968094081747894734e+03 -1.349768591966876011e+04 4.995005799493745144e+03
1.124408486466350723e+03 -1.016203620126088754e+04 3.976243472676261263e+03
-8.860812120451573719e+02 -1.183622448914313281e+04 5.139411229886745787e+02
9.975012097002489099e+03 -8.995967156180149686e+03 -6.449681411514637830e+02
-3.814896080228206847e+04 -8.539198910555600014e+04 2.228122881725975094e+04
2.947867931511441839e+03 -1.102195581047728047e+04 3.639929694692801604e+03
1.873781687760818386e+03 -1.052970886838855040e+04 2.313486128306424234e+03
2.316657713628972033e+03 -1.219491407696601891e+04 -2.262516851628408403e+03
-3.358515796616440639e+03 -3.662771111943429787e+02 -1.001806366108739894e+04
3.570970069174106902e+04 -4.933867646699833858e+04 -2.184880186009118552e+04
1.062720792271788696e+03 9.724341067791267506e+02 4.297948718968299545e+03
1.536068423073953227e+03 -1.161471146090167713e+04 2.111014609231845952e+03
3.926955397621711654e+03 -1.253927847133666728e+04 1.071587259489120925e+03
-2.146060446002596564e+03 -8.440608525641750020e+03 4.687182598282847721e+03
8.373995116105706984e+03 -6.755823471903079280e+02 3.808566749372164395e+03
8.688467624549246011e+02 -8.262878136525145237e+03 2.950082711981076045e+03
-1.769497369176499433e+03 -1.421492553134398986e+04 5.832407862611522432e+03
-3.165965907856070316e+03 -1.158436662194051132e+04 2.555962982721560365e+03
-1.563970158333839890e+03 -5.824446697838635373e+03 2.507001176717200906e+03
1.732854969466136936e+03 -1.136464742569536429e+04 1.251235816798965061e+03
1.483158589547135989e+03 -9.567015161587774855e+03 -1.867850992128915823e+04
4.750541076420664467e+03 -4.354584334529587068e+03 4.751231332204814680e+04
-3.322400973936449736e+04 -2.506959442335183121e+04 5.597124944861551194e+04
-1.243045235200684829e+03 -2.268104468685532629e+04 -5.436488370605216915e+03
8.884505380619282278e+01 -1.131290569387721916e+04 2.620746750797782624e+03
5.542478741041549256e+03 -1.090922715158838946e+04 -5.773500583055629249e+03
3.286694342690385383e+03 -1.668834043639226365e+04 8.146780967235183198e+03
8.185354641825563249e+01 -8.887953868637432606e+03 3.058725560536711782e+03
-2.069092644692877366e+04 5.725118366657071419e+03 7.964809706407887461e+03
1.182703261593055004e+03 -9.535162103669581484e+03 2.941905941321721912e+03
3.551247604966907602e+03 -1.244826102759924470e+04 4.161057550959762011e+03
2.916038217281295601e+02 -1.549730973569893831e+04 -1.113323027282443400e+04
3.583391171697176105e+03 -1.395435398911910488e+04 -3.324483562914118465e+03
3.273159654000133014e+04 -2.249274362829347228e+04 -1.820775845105648841e+04
1.319545682038447694e+03 -1.156519624365519121e+04 2.283569533432465050e+03
2.103814200471918957e+04 -3.289875496155563451e+04 -4.611572938698239159e+04
6.274113148785661451e+02 -1.839129788781642128e+04 -1.737170692851219883e+03
-1.337253518297388837e+02 -8.362477322042337619e+03 2.899391059278601006e+03
-3.742881253424275201e+02 -9.912105982406574185e+03 2.356013040471387740e+03
-2.471068346389437920e+03 -2.267978877983034181e+04 -1.578743314262293552e+03
-6.090079556083819625e+03 -2.815775627281743073e+04 -6.427168412973608611e+03
-3.664523641599352231e+03 3.751577737487882587e+02 -1.839394483032018343e+03
-7.245144527607798409e+03 -8.021848139133327641e+04 9.544257470753907910e+03
-1.124397887307923384e+03 -8.687713048726129273e+03 2.382492318100631110e+03
4.698983246070320092e+03 -5.040926160633670406e+03 5.269494672721769348e+03
-1.593111874846520186e+04 -9.183876310367930273e+03 2.743718996630657784e+03
-1.145461804023303557e+03 -1.313314895023221652e+04 2.421089449809942380e+03
-4.518959758642006818e+03 -1.910683910879824339e+02 2.896151853946878987e+02
-6.970382905340435400e+02 -1.068712057443341291e+04 1.700429870737582860e+03
-4.094162160486971061e+03 1.097971844384943978e+02 5.176418304635347340e+03
1.827395631282736304e+03 -1.008565535597229973e+04 4.766836025283857907e+02
1.075250967472578623e+03 -9.861375319110862620e+03 1.807203590216473458e+03
7.199382549296889920e+03 -1.579801303627010748e+04 7.006814769467349834e+03
8.515642224645441729e+02 -1.333627486023447818e+04 3.033743905239247852e+03
-1.917706667636075963e+03 -1.067371279225041326e+04 9.611042236396317548e+02
3.436745891557084178e+03 -6.412224812831584131e+03 4.998280637449359347e+03
-2.412035174209385787e+03 1.182021000911277952e+03 3.816556992453828570e+03
1.189422781286796862e+03 -1.018368041347024518e+04 2.821886991003007097e+03
7.880168112696136632e+03 3.159070614854407177e+04 -2.745727143062066261e+03
-2.858709501816381362e+02 -1.088328517690092485e+04 2.485167399117065088e+03
5.354553635038623725e+02 -1.184970661214790562e+04 6.603638500420368473e+03
-3.529269818446532554e+02 -1.595578121336746153e+04 1.449727039615682088e+03
4.994610027966080565e+02 -9.335420375687861451e+03 1.325164163398511164e+03
-2.976445133520259787e+03 -1.062942793739314948e+04 2.335449519336610592e+03
-4.839814814940039014e+02 -1.079691892291984186e+04 2.483756272730711771e+03
4.975715486279676043e+03 -1.483719759284784959e+04 3.446427459997667938e+03
7.689195531423391003e+03 3.772983782458148198e+03 -2.502633186101610590e+03
3.679077343983469746e+03 -1.338722703860222100e+04 1.228569651359656291e+03
1.371554581546441841e+04 2.592869113935637506e+04 5.497026001052920037e+04
8.983868125670878726e+03 -4.880720738770709431e+03 -6.930728852792202815e+03
1.925089605149181807e+03 -1.005166982608028411e+04 4.688355899224450241e+02
2.431907792203357531e+03 -1.648670008772036454e+04 -1.412038037082873416e+04
-5.023987400808607617e+01 -8.231660285186006149e+03 2.762162069484101266e+03
-9.394735652400063373e+02 -1.179042286698019961e+04 1.435711140949523269e+03
-6.663727865424020820e+02 -1.138063672835717625e+04 2.726206458278832542e+03
1.368342329420885562e+03 -4.417165814165448865e+03 4.829546316108428982e+03
-3.764156985899097663e+02 -1.158529283046718956e+04 2.153662342615094076e+03
7.067020702737107968e+03 -9.709199165717753203e+03 2.443051109190063471e+03
-4.387104433281242564e+03 -1.175588298756158838e+04 5.257068109433148493e+03
-5.512856946165547924e+02 -1.140036040360988591e+04 5.997307056892681430e+03
2.454396598428430298e+04 -3.529663976361989626e+04 2.367451502649232134e+04
-1.275409780328721581e+03 -2.015947186312489430e+04 6.621986161488485777e+03
-2.374141583119284860e+03 -1.456685697196334695e+04 4.929406215460423482e+03
-9.422960005281206577e+02 -1.407116448234094787e+04 -1.038062478918697934e+03
1.021936906877341244e+04 -2.224046618113197474e+04 -1.307558467481742991e+04
2.736542518165646470e+03 -1.137068728875076158e+04 -1.359843121512230937e+03
-1.141066385643166996e+03 -1.077100573633573731e+04 2.180158140677074698e+03
1.743562765255752311e+03 -1.141325759538393868e+04 -4.554343397514476237e+03
2.080432186267146335e+03 -1.223748381093665012e+04 6.937081921936148319e+03
3.941354311792634689e+03 -7.559831293811858814e+03 -1.842836983282827077e+03
-4.744772272158178339e+02 -8.484920976535471709e+03 2.917193493471686907e+03
-6.981194758581469273e+01 -1.564234507813966775e+04 2.985872095881259156e+04
5.110916528559969265e+03 -1.960751259034245231e+04 8.003372077511493444e+03
3.215349827715315769e+03 -1.365992871520346853e+04 7.664066757344498910e+03
4.636724386390677864e+03 -1.179646783365027659e+04 1.238475779340518102e+03
-8.199094208264838244e+02 -9.705585883771131193e+03 1.743329158026987670e+03
1.924988059284934252e+03 -1.584456153552455726e+04 4.804401006891465840e+03
-8.098954048150659446e+01 -1.062081244332919596e+04 1.206413310888281558e+03
2.191195982601245305e+03 -1.126326406698031496e+04 6.157391849527629347e+03
3.441856455932799145e+04 -1.461077011353995840e+04 2.175528872175026481e+04
-6.812305786885183352e+02 -1.107047368542928416e+04 -1.290763249051831963e+03
1.844062950789469824e+03 -1.143603372951898564e+04 4.721990571763961270e+03
1.323485863870358799e+02 -8.595212141519714351e+03 2.439129919300335132e+03
-5.843861226195389463e+03 9.597139312060557131e+03 -1.250880302937391025e+04
-8.464303391908398771e+04 1.483326536351008508e+04 4.787639284484957898e+04
3.388877794606095790e+02 -1.117347139506207714e+04 2.166372992709705159e+03
-2.316657595101595462e+02 -1.042232218863211710e+04 2.099047224028416622e+03
6.569437760422184510e+03 -2.314657934263793868e+04 1.333468440323089453e+04
-1.271057272904568435e+03 -1.390483501826744032e+04 1.886317409844081567e+03
-1.032116229980954995e+04 9.639851399805165784e+03 1.259651293357389250e+03
-9.223180803535648010e+03 -2.798721846867085333e+04 4.081730662883417972e+04
5.123154482035761248e+03 -9.259036943211609469e+03 5.096155197748681530e+03
1.350258578865925083e+05 1.952599045496359468e+05 -1.373173119813920493e+03
-6.037817344240049806e+02 -9.990849681192621574e+03 2.356147385581726667e+03
-1.277923540001934271e+03 -9.766437574696121374e+03 2.446575070497813613e+03
6.201123273911683782e+02 -9.999072484819516831e+03 1.554904187164720270e+03
8.796376274112895771e+03 -1.291317865331456414e+04 3.626976106886540492e+03
-2.918313952814093500e+04 -1.790685532381587473e+04 3.348228817346999858e+04
1.632461366845958992e+03 -1.189208441523429974e+04 1.383212279854442158e+03
-1.083001953828199248e+03 -1.057043783691051249e+04 3.357731873423935667e+03
1.233757962739824961e+03 -1.260450748577041668e+04 8.571011963750526093e+02
9.601964986354789289e+03 1.172008416350369043e+04 5.130876605478956481e+04
7.954669359038061884e+02 -1.556518374516198855e+04 -1.126697337642660614e+03
4.041691192012242482e+02 -1.123972592629047540e+04 2.916129345238763563e+03
2.127360603003398501e+04 4.445097042200691067e+04 4.582349838402699970e+04
1.867334054637798317e+02 -1.123348442963392336e+04 4.058902027057330997e+03
2.418139172231721386e+04 3.573558859989615303e+04 1.413040330770623041e+04
5.996543538314693251e+03 -1.275870330472566638e+04 -5.061560026268110960e+03
-1.649643338546790346e+03 -1.230945458714977212e+04 7.785011605589951614e+03
-1.097595883346495157e+03 -1.143687238976000845e+04 2.651102603243571139e+03
2.018467756538385584e+04 -3.542098067021840961e+03 2.346346271833648279e+04
-6.917468166167217532e+03 -3.989858378024280228e+02 -1.976583690400488649e+03
-1.048066453303802155e+04 -5.197030498406485094e+03 1.158656792213123708e+03
1.523404903473923468e+03 -5.248917359582972495e+03 -6.777113322921331928e+02
-1.107826880964628799e+03 -1.080339895943709234e+04 3.762074614257940084e+03
2.052386184349235009e+03 -1.628318129103185493e+04 1.074159182529660029e+04
-1.942936134426143781e+03 -9.325953623099541801e+03 2.389477231227544507e+03
-7.284569364419881822e+03 -2.433864725412662665e+04 3.080756217851088513e+04
1.549502205738249813e+03 -9.688473389503458748e+03 5.121179017588810893e+03
1.096898707043351169e+04 1.696167543731427577e+04 -2.234807579353366600e+04
3.038307423564684200e+02 -1.008311464026659814e+04 2.396711119695484740e+03
8.381949004932258731e+02 -1.154390017763718060e+04 2.487652482593318382e+03
-1.642271610124145582e+03 -1.081949260597301327e+04 2.934525161001094148e+03
-1.556396733445013751e+03 -9.415928011635645817e+03 3.163241641072657330e+03
-7.636493058147293596e+03 -1.108506094091940322e+05 3.078956320419686745e+04
-1.766065056336927955e+04 -1.107604237842983639e+04 1.105595083788120792e+04
-1.461526826455190985e+03 -7.756307324605186295e+03 4.682525499102393042e+03
1.804212391394149017e+04 1.274210339367375491e+04 2.626572848202556543e+03
-8.557018361830574577e+03 -3.372678888940774868e+03 4.551772533461511557e+03
-8.482130875139479258e+02 -9.938387394813802530e+03 2.455861554333620916e+03
-9.203888218860648749e+02 -1.029645226895189990e+04 2.549168360694314288e+03
7.367161810208854149e+02 -1.433740953156269461e+04 7.995685903520454758e+02
-3.167912275234780736e+03 1.550001179054375098e+04 1.650406441544876725e+04
-6.312204429587638515e+03 -4.249247577609615837e+04 -1.934954240472666243e+03
1.319146756109502576e+03 -1.042042399705782555e+04 2.758344300581815787e+03
4.743482864928357230e+03 -1.470346071592896078e+04 -1.574416593508417463e+03
6.496723969107291850e+03 -2.104052369029381953e+04 1.291054564210069475e+04
-3.491503390848637991e+03 -1.011156400316341751e+04 9.647428844264505869e+02
-3.919028072330085251e+03 6.225280986368378535e+02 2.100227667707094952e+03
2.270661658335989614e+03 -1.077480778743249539e+04 8.609746369065956969e+03
-7.571044182882843415e+03 -1.048850961595249464e+04 -4.744648050440860061e+03
-5.096919371624624546e+03 -1.576557982019795054e+04 -1.788512138058061100e+04
1.008129600004444364e+04 -1.191360653400020783e+04 -3.958855412526151213e+03
-3.491150964406930598e+03 -1.091276171735130265e+04 4.391371272323807716e+03
-6.558975826957780555e+03 -1.687432650457457930e+04 -1.806005814459566864e+03
-1.352281605786999171e+04 -6.336579038195038265e+03 6.922069173584905002e+03
-7.860600552407746022e+01 -1.260112011165645890e+04 1.052020563796034912e+04
-1.959221172113232342e+03 -9.803372421304389718e+03 1.009001380364848774e+04
-1.061842241213478701e+03 -1.240764945004633228e+04 1.331782046674188132e+04
1.801719030849284081e+03 -1.161181164594971233e+04 4.746373356347125991e+03
-3.971377288661854436e+03 -7.673382084670419863e+04 -8.471684339900889427e+02
-8.129897247751212490e+03 -7.712460511677871182e+03 8.077672067777090888e+03
-2.153372883037847714e+03 -8.684501028373948429e+03 4.683367867683220538e+03
2.524097985984552452e+03 -1.578818994958680560e+04 -1.973387804816825337e+02
5.227533108686369815e+03 -8.845214025115219556e+03 -5.331492655713597060e+02
1.002592787192133301e+03 -1.102547652079322143e+04 3.449675152049124335e+03
2.036006895051591528e+02 -1.119527311504845966e+04 2.635283724341386460e+03
-1.627313498878962719e+03 -7.960583310649493797e+03 4.690242244920784287e+03
2.634374791660285155e+03 -1.313731991724492036e+04 6.740232445382559945e+02
2.623920580533393149e+03 -4.455545014307232123e+03 -1.436513549982635413e+04
-1.858948453431246526e+04 -5.765416625971806207e+04 1.427884356737760208e+04
-5.608446223035900402e+03 -1.256974216788496233e+04 3.335672956688936210e+03
-1.258660324504272467e+03 -8.792989012846639525e+03 3.227057405434608881e+03
2.201159515297952112e+02 -9.468169911054083059e+03 2.049690577003068483e+02
-3.270359992605016032e+03 -1.303852425401518849e+04 1.109444568340092519e+04
-1.467654700913703527e+04 2.944600127982368940e+04 2.488817969467641524e+04
-5.691518627855555678e+03 -3.363142385543666023e+03 -1.361669272325932525e+03
-9.148181865465249984e+02 -1.306361545950405525e+04 5.575303831972878470e+03
-1.149997773496152149e+03 -9.206874140105248443e+03 1.189723298180985466e+03
-2.644709883794339476e+02 -9.037221841492551903e+03 1.454421381068167648e+03
-8.837581085524725495e+02 -1.307196512198357050e+04 -6.614595962300843439e+02
-2.287099737441758407e+02 -9.900371554092669612e+03 2.527351782703195568e+03
-3.601362423361422316e+03 -9.213471344610046799e+03 4.837488237331789605e+03
4.024448765225754983e+02 -9.252115432391001377e+03 4.266172036646972629e+03
2.573532661817092503e+03 -1.501634914798616410e+04 -1.131724399510011153e+03
-1.272596433972199338e+04 1.437527957892914856e+04 1.974610141753821881e+04
-1.135271096255294196e+02 -9.759002369483183429e+03 2.996585270625518206e+03
-5.070330114994906580e+03 -1.410113250990624874e+04 -7.339402040702588238e+03
-5.850955283760160455e+03 -3.446322320055637829e+04 2.212828890807440985e+04
7.694950523175857961e+04 -9.932757096819287108e+04 4.737525295415265646e+03
-2.294784348457418673e+03 -1.001442648666787863e+04 4.549180347251460262e+03
-1.946626107142274486e+04 -7.372131521700103804e+03 2.578495818632800365e+04
-1.344124564252773416e+04 -2.747813350947466097e+04 -1.373209685773623096e+04
-1.744526285263810337e+02 -1.013758856962624304e+04 2.811177263287265305e+03
1.662170523169473381e+04 2.140040500785551558e+04 2.249010642615595134e+04
4.384230691775997570e+02 -1.119612479770865866e+04 2.624161992737165292e+02
-1.159807256931188704e+03 -1.075325662452797951e+04 3.878060158759612932e+03
4.638242006121283339e+03 -4.421552942082585105e+03 -2.147634484182630786e+03
4.396249939014309348e+03 -7.007296693512723323e+03 1.414805296159749560e+03
1.707454903032982656e+03 -6.821600236149824923e+03 2.700677658135030470e+03
-4.294701354224988791e+03 4.587326402964097724e+03 -2.279761352863342472e+04
-8.946996709746205170e+02 -1.301902318208217730e+04 3.983876048694423389e+03
6.058252365519785599e+03 -8.734247789916717011e+03 -1.349880086411593584e+04
5.649464717361158250e+01 -1.025789914482216045e+04 2.843715963705994000e+03
6.867865989793858716e+01 -1.365154822890364994e+04 3.567597956535281810e+03
1.242452122759996746e+04 -1.427328672293621457e+04 -6.484507867181481743e+03
-6.979922924223939845e+03 -1.422127211641005488e+04 2.184956516797732911e+04
2.737703063176436626e+04 -8.060254248385407845e+04 1.044441759602658567e+04
-8.488874695909526054e+02 -8.944439793443221788e+03 4.879757340976757405e+03
-3.263652073336301100e+02 -1.006847284519286768e+04 1.542054670296308132e+03
-1.300879279941792902e+03 -4.371518543586222222e+03 -1.805195638428693201e+03
1.874760022976988012e+03 -1.402067548685105066e+04 4.912905777800009673e+03
1.569804665279914389e+02 -1.090174611664467375e+04 1.438297855283627996e+03
2.534534332348204089e+02 -7.255637069121433342e+03 7.975301576915357145e+03
6.149767155703859316e+03 1.533532255894216632e+03 8.568397222063889785e+03
3.803819692157423106e+03 -8.413942628523753228e+03 2.599304870796982414e+03
-2.560956246777369870e+03 -1.299304682059803781e+04 2.602222677313330905e+02
-2.171379468864038245e+03 -8.579016908418678213e+03 5.468568648162701720e+03
-4.322887572978793287e+03 -1.377868264327346878e+04 7.746873882133298139e+03
-1.013441317808487156e+03 -1.281851037232762974e+04 6.465956468770213178e+03
-6.809934230239540739e+03 8.707311306556446652e+03 2.083934146048014100e+03
-4.771097730505467780e+02 -1.049428775293711442e+04 2.968322210731565065e+03
-9.173213675832374065e+03 -7.627987885215901770e+03 7.735072039505240355e+03
-8.476326882245013621e+03 -6.575839569352874241e+04 1.826406975841644817e+04
1.182719282091673449e+03 -1.370583610012725512e+04 5.222800192434515338e+03
1.563033223428166366e+03 -2.501395320564975555e+04 2.586903061802576758e+03
-2.984578172181160335e+04 -7.153770438123659915e+03 2.456506908061535432e+04
-3.499103324030281783e+03 -9.714771823060687893e+03 4.455937126220287610e+03
-2.070074009532987930e+03 1.112211838256243755e+04 3.290831370458105084e+03
-3.802886245413274537e+03 -6.047641136335123520e+03 2.044153568741910021e+03
4.959257018766211331e+02 -1.094426513711441839e+04 3.379919433903012759e+03
-5.242044625290561271e+03 -1.101484324926670342e+04 1.214659709820921307e+04
-1.581197569864895513e+03 -9.110918903015857722e+03 8.926002090857289659e+03
9.826660587996288086e+03 -6.321346647555614618e+04 -1.741040865554042102e+04
3.427102295664217672e+04 -1.188378647708288336e+05 8.947551807036963510e+03
1.125860824257036438e+04 -1.199186584843531091e+04 -1.007865903349925247e+04
-7.746598366218286174e+02 -1.131712458545899062e+04 6.201254022570265079e+02
-1.379691678927546855e+04 -3.354458298242995079e+04 2.943491714603180753e+03
-1.714648024972280211e+02 -1.187881363761995453e+04 2.472467361990843074e+03
1.489202247410668178e+03 -8.258181523659002778e+03 1.037137833666871302e+03
-4.788879011113675915e+03 -3.653477110811561579e+04 2.129748880480824300e+04
1.871429916124651982e+03 -9.127992860091409966e+03 -3.734879493158755395e+02
-5.531090497545608741e+03 -2.197619032826502371e+04 -2.829031451831374397e+03
9.393382964367801833e+03 -5.738275857810239359e+03 -3.599058868436264220e+03
-2.138536807472259170e+03 -9.764390725927025414e+03 6.006969042617326522e+03
4.474795394608406696e+01 -1.052799343449278058e+04 2.176400979983163325e+03
2.464363913659560239e+03 -1.134394165984251003e+03 5.698242112903362795e+02
1.500403761587495865e+03 -1.038128114920311964e+04 3.034091286773979732e+02
3.343456104775927088e+03 -2.753294029238089570e+04 5.968594974073313097e+03
1.612993526857376594e+02 -1.058800694271508473e+04 1.335522906533265996e+04
2.512737628262797443e+04 1.305581315403147073e+03 -7.238614953692303061e+03
-2.264685068712641169e+03 -8.975487321107215394e+03 9.798569428860751941e+03
2.120645035986782659e+03 -1.207893995204948624e+04 1.962996617040771298e+03
2.030043219689697708e+03 -1.437761213671186488e+04 3.327662096091817148e+03
-4.846889286774100583e+03 -1.684584236104328966e+03 9.788807399359471674e+03
3.753856794019237896e+03 -1.256493224292616287e+04 -1.542692686488974459e+03
5.579900976572444051e+02 -9.859533055758909541e+03 2.226286873698273666e+03
-2.912356120474994896e+03 -1.414294608737521412e+04 4.286701883692264346e+03
2.101445309785714528e+02 -1.294823564507115407e+04 1.072678345205406185e+04
-1.121304081064347520e+04 -1.008056390353586903e+04 8.891376319911112660e+03
-1.762148228546027440e+03 -8.500257096782550434e+03 2.101182360198328752e+03
6.735885685330310935e+02 -1.017280110959179729e+04 2.857837942162692343e+03
2.167950542203206510e+02 -1.224434371176142122e+04 1.854304053520867683e+03
-2.399363076631232161e+03 -7.155980104964281054e+03 5.906211516524468607e+03
1.652117061794808933e+03 -1.509017043193308018e+04 7.713312503831432878e+03
-1.634785006963536489e+03 -9.381116304380451766e+03 4.271468627394075156e+03
-2.560361615265685941e+03 -8.717496021364317130e+03 7.115028718503454911e+03
-1.618000628494394277e+02 -1.025397940325584386e+04 -1.154244659533417462e+03
2.985464204670588970e+03 -1.664361310958988179e+04 1.691002987088314512e+03
3.085391755946381636e+03 -1.261304206659371994e+04 2.781260604505257106e+03
5.044447721538006590e+03 -1.937571148205251347e+03 3.006358387030287759e+03
5.693990962786098862e+03 -5.176260473229891431e+03 7.326738987813253516e+03
7.530273461451211006e+02 -1.135387989698290039e+04 2.050594105838913038e+03
-3.879186103784450097e+03 -5.255971780692210814e+03 -2.248850939890693917e+04
4.934213638246387745e+01 -1.027880555449760141e+04 7.617478793346973589e+02
-5.200350267377321870e+03 1.586202282816474053e+03 -7.282838068793771527e+03
8.293390238705534330e+02 -2.404203778569572751e+04 7.824221848025742474e+03
2.592658899476247825e+03 -1.102551314822642235e+04 7.558602917771533612e+03
-1.150807937877602490e+04 -1.986745572542936134e+04 -2.869738704546459121e+04
1.627320529029904037e+03 -1.018715571932910098e+04 1.652147957127859399e+03
3.815911491380762754e+02 -2.829350997241486039e+04 -2.062760691166284960e+04
3.284448088834768896e+03 -1.280952320519462774e+04 8.601243656672559155e+02
2.228527560771502522e+03 -1.087485342107122051e+04 5.934921085938589385e+03
-3.106404266627099787e+03 -1.438753049938411459e+04 -1.273792152686067129e+04
-1.222677290665141925e+02 -1.445938574589497875e+04 3.897659642119739601e+03
-8.928521444385152790e+03 -2.102542208886517619e+04 -2.526904283580298397e+03
1.230356893617078867e+03 -1.216357404950648197e+04 -5.777637955797949871e+03
-4.810580999199461985e+03 -3.662744114606304720e+03 2.820466971458350145e+03
2.511712645506397621e+03 -1.099375063285883880e+04 2.328122338774701348e+03
-1.120073403793053330e+03 -7.186203650346949871e+03 3.299461198242816863e+03
5.147594118914025785e+02 -1.270988329610501569e+04 1.944205503596627068e+03
1.290591967919366834e+04 -1.117096979005872890e+04 4.873101439595128795e+03
4.550628447348727605e+03 -2.391912416490565192e+03 3.071029383162092472e+03
1.198388209213616847e+03 -1.036619881417198849e+04 1.057638237577244126e+03
-3.135115707714706332e+03 -1.051398746349981411e+04 4.426390431461910339e+03
1.648531682799128362e+02 -5.939901974295528817e+03 4.342670396982997772e+04
5.255405698342957294e+03 -1.204061112147827953e+04 -1.485388689723971220e+04
1.896636502344246765e+04 -4.334501364662412016e+03 -2.460656320685292303e+04
-2.033047341399536162e+04 3.266423574195933179e+04 3.887059930572468875e+04
-5.755025097216745280e+02 -1.005092076725311199e+04 5.098302511999766466e+03
5.543774929058595262e+03 -1.205100341708358792e+04 -4.335798422788744233e+02
-1.479802110074753273e+03 -1.167897105601255134e+04 -2.450910888096805593e+03
4.217102098670920896e+03 -9.619650222180373021e+03 -2.134068175983606125e+03
-2.657655640685802155e+03 -3.188301622530579334e+04 9.696245222494560949e+03
7.747800530867061752e+03 -4.606341368301350485e+03 5.311756954170697327e+02
9.818165970842546812e+03 1.040238464091138303e+04 1.260377594043632962e+04
7.690606813658933788e+03 -7.204656013397438073e+03 -1.044621403146869397e+03
-1.422651497003625082e+04 -8.120835415333994024e+04 2.413001989600868910e+04
-3.979629462586162390e+03 -3.153365781818583400e+03 -3.076142279043389408e+03
5.027918252101382677e+03 -1.269255921268277916e+03 2.531571226997560643e+03
5.327796812062974823e+02 -2.156090918923210120e+04 1.179991287694120001e+04
7.289449809086302139e+02 -9.747640358538483270e+03 5.797319529703389890e+03
2.226953087139033414e+03 -7.739815911513080209e+03 -3.394301719972217597e+03
8.542615624692416532e+01 -1.040630386329405701e+04 2.875332683968844321e+03
6.557315726348700764e+02 -1.310637179039637886e+04 1.817689946853480023e+03
-6.912951652548922254e+01 -1.073212686882080743e+04 2.555763680954007214e+03
6.902673614392806485e+03 -5.519927812236317550e+03 1.611101773651601434e+03
3.509472787357946345e+03 -1.152218941263235683e+04 4.798417502112021793e+03
2.017541875076667111e+03 -3.305663350232071025e+03 6.322299491103241962e+03
2.954296008078632667e+02 -1.528408104678589734e+04 4.906473699285256771e+03
1.909813280877219768e+03 -1.391830296260620162e+04 2.280651410481131279e+03
-3.215349602311511717e+03 -6.107775536089112393e+03 1.447316813713365264e+04
-1.194086331498042227e+03 -1.145584197026808033e+04 8.652540641414119591e+02
1.392381504155859875e+04 1.043466855851816763e+04 -7.059830440729335351e+03
7.803155992934656751e+03 1.421920757440087618e+04 -8.166801589665632491e+03
-1.332811551803739803e+03 -1.066949438296387234e+04 1.882853015877115922e+03
-6.383186913872693822e+02 -1.136654401841938306e+04 2.474276687576892982e+03
-3.068079882650923901e+04 -9.678799280514365819e+03 4.222954066070212866e+04
2.205165596794103476e+04 -2.308995269249243574e+04 -1.004915447768094236e+04
1.905589479151861269e+03 -1.041586668636127615e+04 3.102506241421909181e+03
-8.643850582953655248e+01 -1.050200103949129334e+04 1.489268110887263447e+03
8.227354375981594785e+03 -8.734270241575088221e+03 -2.604062331151454600e+03
-4.350489616974217643e+04 -2.638799528213220401e+04 2.575414802032332227e+04
-2.096462697800623573e+03 -8.683213669009084697e+03 1.607824927038007900e+03
1.699618582568418219e+02 -9.567473756776613300e+03 6.061820249496256565e+02
-5.603521836846810402e+03 -1.118809084486470238e+04 5.015242208455960281e+03
-1.074573233902358879e+03 -9.759077900732952912e+03 8.202182678943972860e+03
2.643429256107332549e+03 -7.760102726296725450e+03 -3.791353518359142640e+02
1.401413337914374779e+03 -1.224352328930908152e+04 6.875548460949138644e+03
8.038499636649699823e+03 -1.242755348003902691e+04 3.090483603246292660e+03
1.301976841502410753e+04 -1.373950480367153614e+04 8.123775799824912838e+02
4.233728022095211827e+02 -1.059199177786540167e+04 3.383430920334093116e+03
-6.347194100446708035e+03 -1.446796042319570188e+04 -3.601787104518581145e+03
9.926846341661413362e+02 -1.088409002404896637e+04 7.316094167311181991e+03
2.449144352867137059e+03 -1.124287540749523396e+04 -1.251555614448794131e+03
-2.934231061330734747e+02 -1.310780298625939577e+04 4.956500815104050162e+03
2.137516608176263617e+03 -1.347688988540391983e+04 -2.601850037483202414e+03
7.546136487564794152e+03 -1.405287934331064025e+04 1.185851496805124771e+04
2.078933387499165292e+03 -1.224626279842550139e+04 3.208446052096562653e+02
3.343733621163417865e+03 -7.632754986481705600e+03 -3.117218989980373863e+03
5.336657806209028649e+02 -1.199612129523472868e+04 2.276173111750340013e+03
-6.471947787323932971e+03 -1.038083704848735761e+04 5.790024138168996615e+03
1.088462001056248312e+02 -7.451323509387955710e+03 2.756026014371223937e+03
1.824769856276794235e+04 -3.203142037276955307e+04 -1.486035208355602845e+04
-4.475350152640256965e+03 -1.218783113112165847e+04 4.339375861664754666e+03
-1.185493948691108926e+03 -1.123817461321514202e+04 3.845398612062486791e+03
-4.146252414754970960e+04 -1.169741640214473591e+04 -6.247229354255745420e+03
-2.771809734683408806e+02 -8.217899997144095323e+03 1.195982419379961357e+03
4.345228209980253268e+03 -1.124493190406895337e+04 2.742876370682573906e+03
3.890136102886268873e+03 -2.500607831970072766e+03 -3.515018609429464505e+03
1.027707827673575230e+04 -3.462309752819152345e+04 -3.392284045257441903e+03
1.754257911248980122e+02 -8.379363298979762476e+03 9.606942467437487721e+03
4.902522793763144364e+03 -8.489186945844479851e+03 5.343586660877295799e+03
1.271968169651012067e+04 -1.547760166142494018e+04 -1.899780684304665556e+03
5.651491508105345929e+01 -1.017384916678030640e+04 2.945048414540625345e+03
-4.555982908648137709e+03 7.646590367277112819e+03 3.075092872274398815e+03
8.870760295678435341e+02 -9.897842031109554227e+03 8.775608817316194745e+02
4.679547244941435338e+02 -7.318846058388023266e+03 4.912682728462155865e+03
7.945046024274182628e+01 -1.019499498691124427e+04 3.916616728728437010e+03
3.447117438431706660e+02 -9.434006396566088370e+03 1.111024293574886087e+03
-4.662872405442246418e+03 -1.023142419103627799e+04 -2.504288038012965444e+03
2.280012307195735502e+03 -8.299906086891027371e+03 -2.040481204481614441e+03
2.221669716674965093e+04 -2.554486562631741253e+04 8.875419228340260815e+03
-1.954472735799288785e+03 -9.117887087800296285e+03 4.396857126985629293e+03
-6.385260241823065144e+02 -1.027691402062668931e+04 1.501680271905657946e+03
1.624989422490939432e+03 -1.636790673510604938e+04 6.020155843404675579e+03
-2.894038058530648868e+03 -1.202741246909224537e+04 2.072574945753576685e+03
1.649257224901363315e+03 -1.309519542702181025e+04 3.239501298211684571e+03
-1.712521326537969344e+03 -1.081768830105619236e+04 2.340450832184564206e+03
3.264183562294266721e+03 -1.379938106449983388e+04 6.388095985642805772e+02
4.409550709341258880e+03 -9.191310263663848673e+03 -1.811899646634100236e+03
1.674000393992281715e+03 7.940296147839641890e+03 1.074401191446322264e+04
7.100710209397618655e+02 -1.125787429399533539e+04 2.625678926312259136e+03
-1.888707472212576022e+03 -1.178910720640785439e+04 7.795201190747567352e+02
2.154244043343276644e+04 -1.851568949457851340e+04 9.709546656777129101e+03
3.374561202226429032e+03 -1.740007615274528143e+04 2.828951514118476189e+04
6.415688493490559267e+03 -7.307935500578987558e+03 6.992307255751017692e+03
5.597464124757749460e+01 -1.427435540090085851e+04 5.716931738332365967e+03
-2.189667063806015904e+03 -2.485088167646086004e+04 3.018880151724764573e+02
-1.136703441092941102e+04 -2.757790913067747533e+04 1.318087128449401234e+03
-5.183970311304351526e+02 -1.472330458219974753e+04 1.077235565333700833e+03
3.162143177914151238e+03 -5.181695076713436720e+03 -2.173616084316070919e+04
3.550046613716696356e+03 -8.778364956785642789e+03 3.006952984608599877e+02
-5.684749141651659556e+03 -8.353716135947108341e+03 6.141392802679890337e+03
-2.194826495070965393e+03 -1.147901601998005390e+04 -3.393447918908880183e+03
3.527787889092428668e+04 -2.267374114609104072e+04 -1.577016235169188440e+04
-6.534353491094443598e+02 -9.896393141191736504e+03 2.382148077599941644e+03
-7.709843834039951616e+03 -4.089497212562920140e+03 1.065466013110292079e+04
1.329911533332054751e+04 -2.937718592357105081e+04 2.414216123921559119e+04
-8.695154371090655331e+03 -3.936264154555249115e+04 3.312316575894454581e+04
-3.730820371427900682e+03 -3.945608931573502559e+03 5.757795404631382553e+03
-2.484709542071944270e+03 -1.102347439359882082e+04 2.787201545565887955e+03
9.138881083900534577e+03 -1.732174708085944076e+04 3.894296898673048418e+03
8.123849070701201526e+03 -1.426930339213953812e+04 5.823714112239608767e+03
4.412935601542735640e+02 -1.061531878565830448e+04 1.685050084263596318e+03
-9.734450485619134270e+03 -2.254613189767175209e+04 2.758793031821654949e+04
3.576019236563458435e+03 -1.016687175870789906e+04 3.138012026010237150e+03
8.775131903130187538e+02 -1.073867024926559316e+04 3.844908764743244774e+03
1.642571705298339293e+04 -1.604514833477334105e+04 -1.443714908514144497e+02
2.005052885986999399e+03 -6.017346749239536621e+03 9.673977148859172303e+03
1.338483662572164974e+02 -1.271094173961540764e+04 7.082792591712744070e+03
4.754595163547226548e+03 2.629301282256109698e+04 1.038493566931026180e+03
2.286923824348868948e+03 -9.061507845644435292e+03 4.729517254606656934e+03
3.528403262171298138e+02 -8.989973404641968955e+03 2.689752319952274775e+03
1.427019306431062887e+03 -1.502170925916960914e+04 1.601721850443080712e+03
3.200441130839235484e+02 -1.219978921921807523e+04 2.232655458389030628e+03
1.689317382587521206e+04 -2.286325353841996184e+04 -5.152042220253742926e+03
-1.092913997220648525e+00 -8.303447654341511225e+03 7.870799532330912371e+03
-7.363732715748386909e+03 -1.050913474961249449e+04 7.394557950178614192e+03
1.174931352813049671e+04 1.475953168657417564e+03 5.344438109029626503e+03
2.682259514827947555e+02 -1.415115476580933500e+04 2.608801249504302632e+03
-2.094856436049395597e+03 -1.341872159765503420e+04 6.285071546969847077e+03
1.041352826801773062e+03 -1.104802586476073157e+04 1.764975327848142342e+03
-2.218290852229636585e+03 -1.525193754624846952e+04 -1.371582305250305944e+04
4.226557300010142171e+03 -5.531260140720072741e+03 1.029516457142108629e+04
3.655571651655241567e+03 -1.211036534241605295e+04 4.353661290425424340e+03
5.429812692394074247e+02 -8.477846831159513386e+03 5.683446389164965694e+03
-3.611334197362206169e+02 -1.462485448009572792e+04 4.271984785362239563e+03
-1.375549476413218326e+04 -2.022613328737885604e+04 3.214902728361177651e+04
-5.219889383324584742e+03 -4.783724111837106648e+03 3.226680875271897094e+03
6.044271821524275765e+03 -7.214680672156405308e+03 -5.192003805171353633e+03
-3.321975486353610904e+04 -3.961052606477973313e+04 3.298282143927117431e+04
1.674166789173966390e+04 -2.152708360891057600e+04 3.009979073703683753e+03
2.986796840125504332e+03 -1.241810803396859592e+04 7.318595248045841117e+02
-1.012139133087172382e+02 -1.137923957084607173e+04 2.073160070565799742e+03
6.455885476242377763e+02 -8.840679152780243385e+03 2.472089284128710460e+03
-4.544180076648565773e+03 -7.222780577391064980e+03 -3.384320400134241481e+03
-7.952771220046895451e+02 -1.343923802052762221e+04 1.739825515746992096e+04
1.935695270431815061e+03 1.677383172047629341e+04 3.564589040688020759e+03
-1.544400337993978610e+03 -1.425043959390165583e+04 -3.306901604975721057e+03
1.336608407197602901e+04 -1.671966172915603966e+04 6.977388556186419009e+03
2.569633445537936041e+02 -1.366667051624976375e+04 6.696920221971686260e+03
-2.809944756099350343e+03 -5.301811228842281707e+03 5.414828073983898321e+03
-3.461174983100358077e+03 -5.825430195608818167e+02 -1.423994790994677260e+02
-1.357421786506490389e+04 -7.548178430168715749e+03 1.196667917626843337e+04
-2.406486675768150008e+00 -1.168358029969444578e+04 2.635854375617958567e+02
2.896006641573897582e+02 -1.313966339634759242e+04 3.914428192798966847e+03
1.439103563699972256e+03 -1.122760652896681313e+04 2.265285163555427516e+03
5.479811627627932467e+02 -1.009450450555619318e+04 3.228158837396159015e+03
1.774781879322274472e+04 -4.727405171314734616e+04 -5.365042226660269080e+04
-8.781377659169661456e+02 -9.926573545442972318e+03 -1.271245443296295434e+02
-3.410552758104364557e+01 -1.029735235989711146e+04 2.593260554290416621e+03
-1.425270337243023960e+03 -7.721468787290650653e+03 1.560212622436241190e+03
2.205261715741886655e+04 2.989324019398337259e+04 -1.618893035122302354e+04
5.399019164411807878e+02 -1.945857250438767369e+04 2.119256990141166534e+04
1.261936348963299679e+04 -1.694899027192591166e+04 -1.401877978337636478e+03
1.297240285239348168e+03 -1.589473295813463665e+04 4.887466635825976482e+03
1.044714431107359133e+03 -1.052142406366146497e+04 2.984346348903975013e+03
2.472765227595273245e+04 7.803051549605927721e+04 -8.075148061614956532e+04
-2.088119293211104377e+03 -1.553790483285534356e+04 1.412700462346972245e+03
1.015473178660363192e+04 -4.434544238428741664e+03 -4.242257841154975608e+02
-1.518509056402233000e+03 -1.115816917391764400e+04 6.005250111840112368e+03
-9.679241767059174890e+03 3.243940316700391577e+03 -1.866508544870623155e+03
-1.200367883559560596e+03 -9.183306082073739162e+03 3.815440808348261044e+02
-3.722479997875161644e+03 -6.656263667744430677e+03 3.174302571408148196e+03
5.260668728759069381e+03 -5.149945887904992560e+03 8.245021479080642166e+03
-4.700735142572679251e+03 -9.778579648405155240e+03 -5.174434041984784017e+03
1.039954811044954840e+04 -1.839091737499482770e+04 -7.842759741319579007e+03
9.724853178704777747e+03 4.259818108476440830e+04 -6.534337478104524052e+03
9.159034654930170291e+03 -9.560583671763206439e+03 4.884485050227644933e+03
-1.080344078228630224e+03 -9.920427543000670994e+03 3.117763393612686286e+03
-1.781400648986339547e+03 -1.025161780980276853e+04 7.814506685473929792e+02
2.129821707341764704e+04 -1.191665324617552142e+04 1.251730641735780046e+04
8.604227254244540745e+03 2.242281152236021626e+03 1.938162055250894264e+04
-4.576614688735650816e+03 -1.246132780119210111e+04 4.648162586320564515e+03
1.243534007576913427e+04 -1.554391557092814401e+04 -1.994772341438851527e+03
7.600929608066057881e+02 -1.473129714587915259e+04 2.509605144162645956e+03
-2.779324736448721524e+03 -1.496710711738542705e+04 -5.529245116324163973e+02
-5.066616619414677189e+03 -1.657796752845705851e+04 2.812798383638521045e+04
7.668148550640696158e+03 -1.238522009979091490e+04 1.848741906972748984e+04
7.709345763989369971e+02 -1.593243306354360175e+04 6.431990148577307991e+03
-3.454357072546704330e+03 -5.462763639214686009e+03 1.252234226614378940e+03
-6.118816006996195938e+03 -1.741104775379440980e+04 4.416492457213455964e+03
7.725933604705611287e+03 -2.039571324602011009e+04 1.456580194786703942e+04
1.857641257451365163e+03 -5.298878304317125185e+03 1.422443580822737431e+03
-1.691698205831650739e+03 -3.363153252088615409e+04 7.871674889050580532e+03
-1.331661879436017080e+04 -7.212642076490431009e+02 4.330202083801173285e+04
-4.734308742083904508e+04 7.216565465722840599e+03 3.525418902270235412e+04
-6.059205162956884124e+03 -8.498917073926406374e+03 3.401082421663942114e+03
1.557198767115965893e+04 -8.294238479523244678e+03 8.580286925595673893e+03
-2.901979717294727379e+03 -1.624400770209905568e+04 2.491116304027488241e+03
1.137824281814636834e+03 -1.176786768141782341e+04 1.630466827644882869e+03
-1.155063828834694141e+04 -2.908702413369273563e+04 3.642468149102737243e+03
2.497876659184311211e+04 -2.372672381821800445e+04 4.806005315749789588e+03
-1.925992290194439875e+03 -7.398847134771604942e+03 4.472609939235907405e+03
8.597459218339556173e+03 -8.117129749664230985e+03 9.600780942402941946e+03
-1.280435836224133027e+03 -1.027324558791411800e+04 7.156813585844482077e+03
-4.666322286456124289e+02 -7.848941140086078121e+03 1.045586159501820703e+03
6.461133149516267440e+04 2.462117402398736522e+04 -2.513704662807159184e+04
1.118140253343002087e+03 -6.898851025310014847e+03 3.446022066411444030e+03
1.089189195033367696e+03 -1.119432600140704017e+04 2.732383832217763938e+03
-5.084796011907421303e+02 -9.983936850752223108e+03 8.744288572188361286e+03
-8.932263924624301580e+03 -4.348423071529028675e+03 4.888717349273662876e+03
-1.096642599227158826e+03 -2.428786522886853618e+03 1.767071689145950131e+03
-6.665424304278664067e+02 -1.018614421002820745e+04 4.484401257728312885e+03
-1.118804837128172803e+05 4.326873910495325254e+04 -5.865601950525267966e+03
5.184217610778434391e+03 4.726324014839232177e+02 -7.171328235994013994e+03
5.463723063083260058e+03 -1.153810099460230049e+04 4.887053314422922085e+03
1.204173031750993505e+04 -5.315567508945714508e+03 2.706104357823375267e+03
1.400453667020936882e+04 -2.218217929824728708e+04 1.798290593760194270e+03
-2.647891873531097644e+03 -7.468831737649244133e+03 2.047853540407679247e+03
1.348387523925946880e+03 -6.327269833924848172e+03 2.918352034801664558e+03
1.026628216769189930e+04 -1.194797013599569618e+04 -1.306593643373675332e+04
1.523633313572536281e+03 -1.097847590522520113e+04 2.472337704383612163e+03
-1.709104276418667041e+03 -9.307504022002965939e+03 2.965083188358898951e+03
1.996292135612940683e+03 -1.095238823617365233e+04 -3.323495374359891912e+02
2.423931024659756304e+02 -7.809717585703599070e+03 3.715436067139802162e+03
-1.259619333865973886e+03 -1.172796667750157576e+04 2.993785921007496199e+03
-4.761882320571796299e+04 2.949082452926502447e+04 5.773297862036090373e+04
-2.375100484055809375e+03 -1.005851186331320059e+04 2.257835577536064648e+03
2.014135830558859379e+04 -1.675965992125882622e+04 4.311986088520400699e+03
2.489546147965587807e+03 8.419732998474399892e+02 -7.666238993375842256e+03
1.735032771271866295e+04 1.590511488030772671e+04 -2.092360917695875833e+04
-7.614841124290677726e+03 -9.209230401267031993e+03 2.946690503874705973e+04
-1.273060895714787148e+04 -2.498416955292312559e+04 1.064458643212554853e+04
3.775433888938678137e+02 2.228101173595042201e+04 4.240665706780734581e+03
3.515268262556807258e+03 -3.945570838400718003e+03 4.718333569067664030e+03
-4.626277251849523600e+04 -3.186996793973505919e+04 -1.894506154438180602e+04
6.646103198992306716e+04 2.367148429430672695e+04 3.705298925353146842e+03
6.321535037911735344e+03 -1.029887030923783641e+04 -2.065022154116869206e+04
2.675900867752977774e+02 -7.080997608530039543e+03 5.282479693695008791e+03
-3.834807389408912286e+02 -1.036458906269903309e+04 2.437540724050822064e+03
9.825604645957428147e+03 2.397818548865152115e+04 3.423220140089160850e+03
-5.977566734259407895e+03 -2.049090315064520473e+04 1.735328305041261774e+04
2.121563613382730296e+02 -9.760887872025110482e+03 1.565651885407800592e+03
2.019952415673221140e+03 -7.760715059317152736e+03 -2.663080424856985246e+03
-1.164742013818234227e+04 -2.241923391944622927e+04 7.633683284952226131e+03
1.179276744061328827e+04 -3.627485982013039575e+03 9.333361995068851684e+03
1.970679399786800104e+03 -2.991476044808075312e+04 2.705650214275781764e+04
4.866697830474007060e+04 1.098877605642837807e+04 -5.426318864014942847e+03
4.528696934116031116e+03 -8.612889352053423863e+03 -5.266940526719678928e+03
2.779174006315033239e+03 5.555315392888198858e+02 -2.237818213027824459e+04
-1.804333682509152368e+03 -1.492959642713920584e+04 1.410420874404642291e+03
-1.175445640148059283e+03 -8.108604721212082040e+03 2.281076506676377903e+03
-2.355240275193489651e+03 5.223812593910869509e+03 4.175741730122893387e+03
-8.252079780158701396e+02 -8.997030945855549362e+03 7.708402202326558381e+02
4.029924548734494692e+03 -8.214686311227440456e+03 1.062885669864047031e+02
7.231607158518913820e+02 -1.058851732931665720e+04 3.512710174737211673e+03
-6.117168923546780661e+02 -1.057146542538221183e+04 2.453138705517255858e+03
-3.017972549189813435e+04 -1.427825781553754314e+04 2.080464609035103058e+04
-2.139222374491634582e+03 -4.042432665327226914e+03 8.326367339380878548e+03
5.227895764691867953e+03 -1.763635659740249321e+04 7.713112060731056772e+03
9.325117550663324437e+03 -6.301465570562763787e+02 4.790077634653151108e+03
6.858849272260909856e+03 -2.192525971142517665e+04 -7.390500265986387603e+03
1.643424159769114794e+03 -9.782999918268331385e+03 6.406915147856352633e+03
-5.199723652468559294e+02 -9.313977505980639762e+03 1.997338642617602545e+03
4.683399959315760498e+03 2.657428601396710292e+03 -1.689829010477001793e+04
3.948261633384287961e+03 -1.349975979891868701e+04 -1.795298669744046038e+03
-4.576309205281632603e+04 -5.843578210675507762e+03 -7.830994068543524190e+04
-1.586774274480871827e+04 -1.871463882405471668e+04 3.041720178918071906e+04
3.823008602238794992e+04 -8.305990416563712643e+03 1.465126740112021071e+04
9.200183248923227438e+03 -1.513478546803980134e+04 1.730191590145182545e+03
-3.813765919109850802e+04 -9.095853857654450621e+03 -1.350282189361663040e+04
1.300505646282627481e+02 1.978652271608765204e+03 5.773644784867035014e+03
1.027951729672456850e+03 -1.564646731607406036e+04 -2.268524727942960908e+03
2.657604912059085223e+02 -1.317417698805692453e+04 1.321223005364173105e+03
5.915251719012541798e+03 -8.977117389018390895e+03 9.325789136677800343e+03
3.703477321647285407e+03 -1.038760608871528530e+04 3.784881091046311212e+03
-8.190008809083366032e+03 -9.936467181193664146e+03 2.474482618265496058e+04
1.739306352603831692e+04 -4.223469135800759432e+03 2.940014858428194657e+03
5.943504755446001582e+02 -1.119241633042969988e+04 2.287479070532700007e+03
-9.151830517480229901e+02 -9.014855423866627461e+03 2.471371911365407868e+03
-9.666408990387741142e+03 -7.937442011231690412e+04 -7.387020498813719314e+04
-1.100343847108757927e+03 -1.071710413934396820e+04 1.077377282853146880e+02
4.610411489742841695e+03 -2.451447527390924961e+02 1.273845397496595615e+04
-2.810372336830916538e+04 2.130593531991148666e+03 3.209698394455457310e+04
8.801105139614272048e+03 -2.821784987470164651e+03 2.825318696463733886e+03
3.686957839610866358e+03 -7.237309852764398784e+03 7.355277686454227478e+03
-2.728021816015180593e+04 -3.463462285463921035e+03 -8.128976450322088567e+03
-4.843570918205137423e+04 -1.004645269040276253e+04 -8.108774483972250891e+04
-3.444209485371306073e+03 -8.946230392661800579e+03 2.818642739622670888e+03
4.740749748138241557e+03 -1.442805984513441399e+04 8.700267864211809865e+03
7.887067660445696674e+03 -4.755537412428733660e+03 6.156733268449012940e+03
5.945786031637007000e+03 -1.241807627726259670e+04 2.538277101082969239e+03
2.649925905555466215e+03 -1.526902403109125407e+04 4.053657634953489151e+02
-5.311676777174411836e+04 -2.237426506105361477e+04 3.214059155534528691e+04
-4.096770907269655436e+04 -3.808064441934127535e+04 1.760132021172823443e+04
4.512541453984800683e+03 -9.097729766896731235e+03 -3.081624054651781989e+03
1.650321447344077387e+04 -1.535364863961993433e+04 -3.442055675652247828e+03
-2.971372891398210868e+03 1.259274237953392185e+04 6.178421664329578562e+03
7.463591291360339710e+02 -1.011915559875402505e+04 7.702816863322077552e+02
2.738869332535004105e+03 8.782748025380875333e+03 -1.655694693545099653e+04
-1.384861458403861889e+03 -1.374960738986935212e+04 -3.610596301149332135e+02
2.917625831663803183e+03 -7.345443753158880099e+03 6.373257766093687678e+03
1.012751133549972735e+02 -1.149627975602203151e+04 2.278950763506300518e+03
-2.121554059568218690e+03 -6.965493427129569682e+03 5.113253937198459766e+02
-8.540775634747968070e+03 -9.926004869521580986e+03 1.261720961832234252e+03
5.691899964490117782e+03 -5.355783587560154047e+03 3.008471282351644732e+03
7.137459798288126876e+03 -6.537168921038145527e+03 8.503402915827513425e+03
-4.579940938216356881e+04 -4.294179996451581246e+04 -2.360290872776776450e+04
-1.605699602614972537e+04 -4.451022260708383692e+04 -1.887951515497294895e+04
-1.264465710473801482e+04 -1.166064331098138427e+04 -1.641299361051101869e+03
-1.272892586818216841e+03 -9.095968685414893116e+03 5.170506294089959738e+03
2.563305048798985354e+03 -1.243549402675704732e+04 7.274018260323263348e+03
3.131436706167870625e+02 -6.760802064727686229e+03 5.237086904367688476e+03
1.801711153037304598e+02 -9.546194652358732128e+03 4.550399749116607381e+03
4.066228021368533518e+03 -1.775631884225571048e+04 -3.674824532451126743e+03
-1.826727155473754010e+03 -1.081176898359783627e+04 2.481887360134334358e+03
-4.120639693782242102e+04 -4.021629498096073803e+04 -9.432322758655168582e+04
-1.086433103297478283e+03 -6.892856701665825312e+03 1.065555989679973754e+04
3.017261080124209002e+03 -7.388505624254020404e+03 4.914834794807387880e+03
1.901397616219127940e+03 -1.163255941589367285e+04 2.660101992321042871e+03
3.995825990465833002e+03 -2.355316575529727743e+03 -4.408737193070577632e+03
-3.736724639790867059e+03 -1.453221373545386268e+04 1.100278454172043894e+03
-6.460186091551125173e+03 -8.325732711462549560e+03 -1.402508725361982215e+03
1.040446131224836427e+04 -7.233875494671998240e+03 -7.143992565242928094e+02
-1.497393606065275162e+04 -4.507484808969399455e+04 -4.107768182278834865e+04
1.080592468374890086e+04 6.082678630879676348e+03 -2.963245512687314113e+04
1.029755535800765756e+04 1.443949840318076713e+04 -4.569748988459607062e+04
8.794097129866508112e+03 -1.584850225044282070e+03 7.994739081068451014e+03
1.298175658228143220e+03 -9.859836444025153469e+03 1.488545938325153838e+04
-2.630220327538045240e+03 -7.713783880699004840e+03 1.522925540593367077e+04
-6.721218582182285900e+03 4.655064523347184877e+04 5.269125168568546360e+04
1.002167737718323951e+04 -5.167804283576915623e+03 -1.354132689843023854e+03
9.568549358754743253e+02 -1.053849439981519390e+04 5.898062904246864491e+03
-3.528545725357943866e+03 -1.095896648550132159e+04 -1.704925363994682812e+03
-5.035950827823980944e+03 -1.139677851683805238e+04 -5.163270489136778451e+03
-4.453603009481395929e+03 -9.330989129477258757e+03 9.037323003292078283e+03
-1.162968605776376717e+04 -1.465361508460712867e+04 1.551182508362614681e+04
5.145802875035978104e+03 -9.303540419601406029e+03 2.589253783510239373e+02
-1.969890758809292311e+04 -4.520761280282640655e+04 2.823177771443028905e+04
8.173351484622838143e+03 -7.402886382041338948e+03 -3.002793948038879535e+03
-5.444112422841664738e+03 -1.012552133384480294e+04 4.150245870997978272e+03
-1.985072277994807337e+03 1.732177642985266175e+03 1.087025063406846857e+04
8.022250852227410860e+02 -5.496866562339148004e+03 6.009668090553472211e+03
9.822249810411956332e+02 -7.220754574362592393e+03 3.522045646708621916e+03
5.449800974239323068e+02 -4.106285235893794379e+03 1.502198959999907856e+03
1.733247296294917396e+04 4.169197146068383154e+04 3.329057343385672993e+02
1.211582106931435874e+03 -1.190822377116926873e+04 1.575290547505418999e+03
2.931128934284687375e+02 -1.119431161853734375e+04 5.664858424568643386e+03
-3.382474546288873171e+03 -6.956293509830345101e+03 4.721331275564000862e+03
-2.758262151216270013e+03 -1.187506119750472863e+04 -3.959398338460018749e+03
9.003089745704394886e+01 -9.648087944920913287e+03 3.256886417947169775e+03
-2.313672038204888395e+03 -1.478120540578089640e+04 1.094880404279315553e+04
6.204143024324626822e+03 -5.249513547430788094e+03 1.554091746550697962e+03
1.044735629785732726e+03 -3.601519305626946880e+04 -1.073666988589231369e+04
5.170240945402458237e+03 -1.327493716249527461e+04 -1.749815437491914963e+03
-9.991894211097019434e+04 3.395132841948774512e+03 2.140710895411914680e+04
-3.082378006298361925e+03 -5.010980604470173603e+03 4.616062443591224110e+03
1.464047470005438981e+03 -1.292622977596176315e+04 6.663539460142322923e+01
-6.622195595399224658e+03 9.921407243695869056e+02 1.111683860587289928e+04
8.782147336050515150e+03 -1.693516034445328114e+04 -1.383999539929821594e+03
8.097893029807125458e+03 -1.690897883565910524e+04 -1.338850777093760598e+03
-6.102960454158576613e+04 -5.868256311603440736e+03 3.208037194146107140e+04
2.244009740826475991e+03 -1.297359831830361145e+04 -3.804672518888297077e+02
-6.792948367661188240e+04 2.718415715075280332e+03 8.564210794470027395e+03
1.632888075388445941e+03 -1.250300082708703485e+04 2.137679464050295337e+03
-1.109360722950378886e+02 -1.382848968676834374e+04 5.785940680169443112e+03
-1.026201115042325910e+04 -2.167543513432785039e+04 8.904581557948105910e+03
4.668486871631579561e+03 -2.019651797262781110e+04 2.182402608084539679e+04
5.210958427582867444e+03 -1.362774654225986160e+04 1.103348060422665867e+03
3.601759614582277322e+02 -1.086747179004710779e+04 2.314504414376096975e+03
8.988596440741615879e+03 -1.598375555184961559e+04 -7.073175411768575941e+03
-6.102592405716632129e+03 -9.963850675617766683e+03 3.121566401967803813e+03
2.436372137112156452e+03 -7.870080260512777386e+03 7.690816854756511020e+03
6.801269239644367190e+03 -8.014495314621392026e+03 4.245822327870287154e+03
-4.261517304097720853e+02 -1.020915410272837653e+04 2.616506348420588893e+03
7.220551479307745467e+03 -1.103505606252794860e+04 -7.943775272845178733e+03
2.996528274867299842e+03 -1.095522816137976406e+04 2.423965993043126218e+03
2.699591373610672690e+03 -1.412251749373219354e+04 2.040658773386265693e+03
-5.010513451344306759e+02 -9.520332885617548527e+03 2.547008267238629287e+03
1.085738428272855344e+03 -9.638169802847731262e+03 3.431195904644786424e+03
4.366766006996208489e+03 -1.297934274171992001e+04 6.330843758774886737e+03
1.274684874193314317e+04 -9.048290111719057677e+03 -1.497606583453198255e+03
-9.293564044703487070e+02 -1.195251064081599725e+04 1.509683886412557058e+03
3.196547132690960098e+03 -7.721241471417184584e+03 -5.466059497464608285e+03
2.288610939365607919e+04 -9.498581636010363582e+03 1.304558159987773979e+04
-3.138516922774095974e+02 -1.231288573169435222e+04 6.277947738695621638e+02
-4.190716819381382811e+04 9.427606838423520458e+03 5.056475962288078881e+04
-1.386946354819416229e+03 -9.424356529213680915e+03 1.226191123565750786e+03
-1.444289285304871100e+03 -3.664534386935067232e+03 7.455348927727059163e+03
-3.455984807317514651e+02 -1.062787474032897626e+04 6.832097185945890487e+02
2.382416086066913067e+03 -8.056974676944693783e+03 4.312978998717830109e+03
-7.316435810575812866e+03 -9.451268887892134444e+03 5.310565606216146989e+03
-6.673351239148346394e+03 -7.505562445800260321e+03 7.803002335014699383e+03
9.738132569552847144e+02 -1.436661232998035302e+04 8.806150467458555795e+03
-2.802558100918594937e+04 -3.289598101562742522e+04 5.728023368302830931e+03
-1.372888011770206276e+03 -1.027266529477159202e+04 2.648977701979283665e+03
2.475574525317113057e+03 -1.134362505356852671e+04 -4.419487395972240620e+02
6.612968804474150602e+03 -2.444373377564918701e+04 4.326619515756897272e+03
1.165307455957573893e+03 -6.701186446831898138e+03 6.271267573983341208e+03
-4.851497015048167327e+01 -1.159100468556984924e+04 1.687413300601373749e+03
-5.933252214415642811e+03 -1.076122711140978026e+04 1.905840171315149200e+04
5.290823598808485258e+03 -4.758428636074093447e+03 1.023452742006987251e+03
-8.504964408439203680e+02 -4.476243129255723943e+03 4.858757687118903959e+03
2.741149365952086100e+03 -7.217124035240147350e+03 1.640668032266036789e+03
1.691260803039881648e+04 -9.013054425587314711e+01 4.483275419061948014e+03
-7.397994224192158981e+03 -8.949215987924444562e+03 5.836441999226301050e+03
8.210266939887503395e+04 4.368704521842649410e+04 7.181406541881631256e+02
5.536718626939331216e+02 -4.210730300079467270e+03 4.685212838037046822e+03
-5.989230972650741478e+02 -1.101445071655319043e+04 3.495507587817212425e+01
4.099558048961636814e+03 -1.225609615062059675e+04 5.216157642232003582e+02
4.293679798373129415e+03 -1.563468292282949369e+04 3.621450779690233503e+03
3.777773691640478319e+03 -2.861628592779789415e+03 2.547978245052898274e+03
-4.383505662298864627e+04 -2.455332526001404040e+04 3.327609482517882861e+04
-4.698972556445034570e+04 -1.063207408383313486e+04 4.735787020620404655e+04
-4.381773873793244093e+03 -8.898241893491256633e+03 4.507396536323518376e+03
4.796639166995380947e+03 -6.658162535795214353e+03 9.571662047666910439e+03
-2.888026964391184265e+03 -1.179559882418533198e+04 8.527320295568772053e+03
8.845411341278935652e+03 -1.279260171689177332e+04 7.736541418759732096e+02
-5.946481751495333810e+03 -7.889691454692519073e+03 -4.489129765988686245e+02
5.501264544124676831e+03 -8.304874921015649306e+03 7.668683827196656239e+03
2.190815381472100853e+03 -9.154187381500887568e+03 1.592605827020223387e+03
6.848733198064853696e+02 -1.495502296730146918e+04 2.232894657868804643e+03
-1.308403256536309527e+03 -4.985738862716494623e+03 4.498747287404593408e+03
-1.167369331662369586e+04 1.276401362937414433e+03 2.226088895428320484e+03
2.780000884209920514e+03 -2.396453310245297325e+04 1.671818673537788345e+04
4.612501531450826405e+03 -1.439126328015192848e+04 1.780821008924622902e+03
-1.292942540329782423e+04 -1.944956084661574096e+03 3.382816899406544053e+03
-5.263218376973654813e+02 -1.556220374321569579e+04 1.716527021190189407e+04
-2.220255660569023348e+00 1.158702734762550335e+03 2.329073956164882020e+03
-2.400873224522055898e+04 -2.063766734974733845e+04 -2.457204012095958387e+04
2.837486280459267164e+03 -1.020100077543112093e+04 3.296551568679838965e+03
-8.655101541654839821e+03 -1.412974555160772070e+04 -2.327347298331559614e+03
4.771363943057527308e+02 -9.903489925990246775e+03 4.764842565503106925e+03
1.592957647750235083e+03 3.032181857148142444e+04 6.209226606744814490e+02
-4.205847845312660866e+03 -1.970818381471259272e+04 2.452769088898272685e+02
1.320614671564083437e+04 -2.101719642116511386e+04 1.504047723518869134e+04
-1.092650010115405166e+04 -2.655707032828142837e+04 -1.714820863946286408e+04
7.792811088799330719e+03 -1.449288673072259553e+04 3.483415188458311150e+03
4.095240885933313166e+03 -2.129623737426148728e+04 -3.806948982649548270e+03
-1.301442380611153112e+03 -1.163433906718182698e+04 3.786274935985784850e+03
-1.356193182342880027e+04 -2.439866859570596716e+04 4.431681068002171378e+04
1.288732983155789043e+04 -2.658349022666183373e+04 2.865071342869731325e+03
4.802836850779947326e+02 -1.090432715733349869e+04 1.187927922051580083e+02
-8.824013903900806326e+03 -7.724134749382063092e+03 2.429418991686417485e+03
-1.078143851292944873e+03 -3.587740307241262599e+03 9.273954055931711991e+03
-1.275318247313571192e+03 -2.794483712544606169e+04 -2.114814425784511513e+03
-1.671168089211102597e+03 -9.739020053140131495e+03 3.255397519561522586e+03
-8.193774533338291803e+02 -8.701671009297535420e+03 1.224522006879611808e+03
-1.136472185952861196e+02 -1.567200796071871082e+04 3.140619268645967281e+02
9.590735154908028562e+03 -3.186476689312843519e+03 6.770279460471719176e+03
7.871279879475692951e+02 -1.067782529118685125e+04 2.684393655060772744e+03
-2.887729005478101499e+03 7.486526270473672412e+03 2.801761558687001980e+03
-2.813045861097529610e+02 -7.465098676139965391e+03 4.592278054998392690e+03
1.154044310155103994e+04 -1.199211983027775022e+04 -1.873512428256973408e+03
1.598441160136090912e+04 3.154615738732454338e+04 8.605620557939759237e+03
-6.532327061475428309e+03 -1.773251869925797655e+04 -9.834973290504831311e+03
-1.153239584103272591e+03 -1.069997766264861821e+04 4.185371802979614586e+03
-2.769775569678596412e+02 -8.563264953775013055e+03 1.707239153953113600e+03
1.670522817383700749e+04 -1.601042600940626289e+04 1.553591977599684287e+04
-5.654934919408165115e+02 -1.080053102239590771e+04 2.844674889659929249e+03
5.914893496898999956e+02 -4.963452181425631352e+03 -1.192643426643833482e+04
1.571237701241141622e+03 -1.233181226698057435e+04 8.275579497094870476e+02
-5.305332920919066055e+03 -5.197725835264326633e+03 -7.134737202033344374e+02
3.637204740980901988e+04 -3.261222216772326192e+03 -2.240394614229231229e+04
4.181515444229860350e+02 -9.218910257102244941e+03 5.577102350795908933e+03
3.656707674477780984e+03 -1.006326176603823478e+04 1.679733494560382269e+03
5.006752458070795001e+03 -1.417687205528053710e+04 4.746684252630254377e+03
-1.138768828895965635e+04 -1.636024229815347280e+04 1.914327761262554850e+04
-3.518160489512416916e+03 -4.741061934973669850e+03 5.758365789270796995e+02
2.247904216174229441e+04 4.882333351610315731e+04 3.469306136405314464e+04
3.031854585792044873e+03 -1.164573839468503320e+04 4.048547868466250293e+03
-6.266949585362123617e+04 -2.735526636433638851e+04 -7.948597658649218829e+03
-6.018062118079609490e+02 -1.180951892585824135e+04 1.524305917802834529e+03
-2.471994453253648317e+03 -1.622459331442982693e+04 2.319774947460330623e+03
2.771198157814183105e+03 -6.777445587025185887e+03 4.589391411679766861e+03
-1.852385862008645290e+03 -6.763093830052011072e+03 9.500835656386450410e+02
3.691886072789336595e+03 -1.352592639122507717e+04 6.950870763914718736e+03
-2.429292874277987835e+02 -1.199803911618988423e+04 5.003533488956320980e+03
1.765661727220599460e+03 -1.244937470568823483e+04 -3.623688920072067958e+02
-7.006556658167380192e+03 1.978664619090071210e+04 -1.596010145135682251e+04
-5.724179005655130368e+02 -9.042685318737259877e+03 9.450398326925494985e+03
-1.647397095261583218e+03 -1.239472136908806351e+04 -2.129897571703054837e+03
2.406586523993860737e+03 -1.164612871943364371e+04 3.313901793703390013e+03
4.231189900177992968e+03 -7.267360334402977060e+03 -9.903926942517915677e+02
1.038605511495256906e+03 -9.730671209224303311e+03 2.591409820434512312e+03
-1.151638251153091801e+02 -3.379564413896907354e+03 3.019284893267498774e+04
1.137775090458367231e+04 -6.520033985409124398e+03 2.167442601651814766e+04
-5.638249261134617882e+03 -1.641312949411357113e+04 1.836236014267023347e+04
3.640447183915551432e+04 -1.143801208311454684e+04 -3.856639156427868875e+04
1.141357323037597234e+04 -9.396681625278077263e+03 1.162225554546768035e+04
5.008228700262012580e+02 -1.409864788450814558e+04 7.509679092506044981e+03
8.636645079467386950e+02 -7.562192734724922047e+03 1.676365313601872685e+03
-1.892563524087624955e+02 -8.622597582171236354e+03 2.221970549072948415e+03
-1.369345249847950981e+03 -6.009607637265251469e+03 1.718869601305024162e+02
7.803706210864819695e+03 -4.278903176226047549e+02 2.480090421645000788e+03
-1.886593904066185587e+03 -1.063953198655647248e+04 4.296556162424091781e+03
-1.018693759421875029e+03 -1.067162206062801306e+04 4.843059547073666181e+03
9.159788459421940843e+01 -3.514226902379097282e+03 8.911629157795863648e+03
9.106954906688324627e+03 3.413290293447170825e+03 -2.924394848165181429e+03
-1.146982487709870838e+03 -3.595652870724673448e+03 1.443062106882725402e+03
-4.242058795919852514e+02 -7.326943215055906876e+03 6.438348863093188811e+03
-5.022146545851552219e+03 -4.812021876644359509e+03 2.785068544989231668e+03
6.198944944117123669e+03 -2.390664439250921714e+04 -1.068287404804002108e+04
2.351651123001806809e+03 -5.612724522206723123e+03 2.533823391030658968e+03
1.312535001983644406e+03 -9.182578977241786561e+03 6.703369140319080543e+03
4.294658718756732014e+03 -1.521893167420632199e+04 1.950655934084808223e+03
-7.429404889847743107e+03 1.351636062193588987e+04 9.052725721448594413e+03
3.981347781859095903e+03 -9.757020576071567120e+03 -1.380062701196822491e+04
-3.270774920353482230e+03 -4.292145524147443211e+03 4.003143233775064800e+03
9.014968685795447527e+03 -9.567849118018264562e+03 -9.106648148371165007e+03
-1.095765864884876282e+04 -2.823116653007627065e+03 4.721247691850885531e+03
1.049283073248736036e+04 3.686492975296297664e+04 7.109923264887616824e+03
-4.022217259203409867e+03 -7.533419325854515591e+03 2.784051538699787216e+03
-1.696445645364948177e+03 -8.427348083426404628e+03 4.122269201401531973e+03
4.032467043330102570e+02 1.690872788266237330e+04 1.500000316805840839e+03
2.225957342569514822e+03 -1.283703269455500958e+04 1.790824619218511316e+03
1.233073750251570709e+04 -1.120258970484929250e+03 8.660283319834068607e+03
3.537081678665554591e+03 -1.126619254029744843e+04 4.961463974383295295e+01
9.969933631785845591e+02 -1.127533935895767536e+04 2.366581347337223633e+03
5.852828055061524992e+02 -1.299733739814200590e+03 -1.577757963943445429e+04
1.193567393812694945e+03 -2.411045181399897410e+04 1.080296352655292685e+04
-1.976394801721138947e+03 6.921754506266115641e+03 -4.457610914229037917e+03
1.879884333427512502e+03 -9.927711379018715888e+03 7.175908826069166935e+01
7.046108300623677678e+03 2.037125119821439876e+04 -5.016911907014295139e+03
4.475317532035414843e+02 -1.627593510279457405e+04 -9.971611105337947265e+02
1.432424862587146163e+04 -1.234593822483853910e+04 3.268879235968780449e+03
3.911660450975298318e+02 -4.698993439177125765e+03 3.048245960768401801e+03
9.118762423789353306e+02 -5.450240608236251319e+03 1.936439763149294777e+03
1.265282371633205003e+03 -1.559471470215179033e+04 1.911514258656359061e+03
-2.931835050477677214e+03 -9.855782999297915012e+03 5.010483711079827117e+03
2.778316633308653309e+03 -1.560626606206603719e+04 1.420636401725524411e+04
-5.553012792801068827e+02 -6.279266587201253060e+03 3.191817242686799545e+03
-3.865459939662267743e+02 -1.003659572431499873e+04 2.762727847313034545e+03
5.132431866378525456e+02 -1.110894668786382681e+04 2.015199110752179195e+03
