3.929035710100575329e+02 -1.264784313955198559e+04 3.553656393294325426e+03
1.385223313564089221e+04 -6.943245252555618208e+03 6.334940262654088656e+03
-1.973742461613374189e+03 -1.122981886200894951e+04 3.658784917221394153e+03
7.984056343397087403e+03 -5.259888971660622701e+03 8.333746427913582011e+03
9.794556412792001083e+02 -1.390080399423090603e+04 3.803912452205485806e+03
7.971612276575083342e+02 -1.391807182183237092e+04 3.379031113735758936e+03
2.272188871943515551e+04 7.419249339307317314e+03 3.218530224733542855e+04
-2.382022712522272741e+03 -8.708658622238508542e+03 5.244399160407294403e+03
3.956623976540407966e+03 -3.156385315170831018e+04 4.474401549959809017e+03
-1.182771523446447645e+04 -9.797310539958809386e+03 -3.756035674041750099e+03
-2.088605967937269816e+04 -1.649907300688458781e+04 3.935782223468665325e+04
2.478843880318905576e+03 -2.849562217494928336e+04 6.271871594012151945e+03
1.305180652322542119e+04 1.878531163344984088e+04 9.523917633761899197e+03
-4.195213226094030688e+03 -9.866575484772163691e+03 4.302431242250476316e+03
1.080190801546261355e+03 -1.549737543118527356e+04 4.655814989798816896e+03
4.610380592635406174e+03 -1.657587409041077262e+04 -2.885707528319260746e+03
2.658580838417611085e+04 -8.843112471909384112e+03 -1.248343221576906444e+03
3.588165769435854600e+04 -5.524417126474067481e+04 -4.983225757906544459e+03
1.552317835947063941e+03 -1.280502446837338175e+04 2.817736679003313839e+03
2.503342610493858956e+03 -1.396089735983311584e+04 9.762825596517848680e+03
9.823508392549922519e+02 -9.685047856750514256e+03 5.292141308786027366e+03
2.078023667827775398e+02 -9.539549154233774971e+03 2.447018253729297612e+03
6.140156368361759633e+03 -4.292725710432691812e+03 4.935687388954233938e+03
-5.749852294027388098e+02 -1.322311551371770656e+04 6.148029025378665210e+03
-1.350637090368691679e+04 1.059823248863227855e+04 -2.172796276431204751e+04
-1.902901102407418648e+03 -1.476563651367394959e+04 9.292406234486124958e+03
6.361704274253060021e+02 -1.372295256194614012e+04 -4.780447212158564071e+03
-5.050841035673940496e+03 -2.051867340108858116e+04 1.741912546737794764e+04
-6.484133840482852975e+03 1.686378997162763426e+03 -3.864765539742825240e+03
4.376577966173624645e+01 -8.636768514654280807e+03 4.596834639227636217e+03
2.915966229521194464e+01 -1.353139936187055582e+03 9.592980637631431819e+03
4.287013894055389756e+02 -1.136383761790739845e+04 3.638512806224291126e+03
1.734773391505670952e+04 -1.881460345331269491e+04 1.095933158912654108e+04
-4.967706659392149959e+03 3.019660053355089691e+00 6.810500049544087233e+03
1.386041973651668013e+04 -2.709343931363444426e+04 -1.593019339820045934e+04
5.204335458131998166e+04 -6.899327094942310941e+04 -1.802691653427196070e+04
1.167138036758930184e+03 -1.706965097073337165e+04 3.957383873521758687e+03
-3.056750873971031524e+03 -1.338789005050006199e+04 2.377238760261651350e+03
5.415091087246384632e+03 -1.052118995200251811e+04 8.702282722592020946e+03
-4.526762998380193312e+04 -3.675484130005053885e+04 3.385120078429947898e+04
3.398421561373083932e-01 -1.161364342760169711e+04 4.661053812926656974e+03
-6.892341577827599394e+03 -9.987108871121510674e+03 4.739332576726065781e+03
1.354988395145313916e+04 1.347728990293691459e+04 -3.020015467547054868e+04
1.116997316652448262e+03 -1.283237501665279706e+04 2.723201528817084181e+03
-5.047666010838571310e+03 -2.565169062423494688e+04 2.967262113216363650e+04
3.101168672604272842e+02 -1.109911243994896358e+04 2.380734815357463503e+03
5.691212480995222904e+03 -6.903661407717915608e+03 7.029676321523796105e+03
1.204329876294952783e+03 -5.058005418961158284e+03 3.077855629011821748e+03
-1.186677228184173691e+04 -1.661240470761735196e+03 -1.751344270168401272e+04
-1.699542498137086659e+04 -4.117006379623897374e+03 -1.034967285300434696e+03
-1.974702302370728830e+02 -1.208360611776290170e+04 2.520674668587557790e+03
3.373992665416967066e+04 8.285660073402564194e+02 2.425981389284771012e+03
-9.478309835643643964e+03 -6.444287240467097035e+03 -1.213277645616587506e+04
-1.642416087663662438e+03 -9.864854616726544918e+03 8.772593841112695372e+03
1.665193781743886063e+02 -1.098657627880017390e+04 4.231626147344731180e+03
5.813996641253163489e+01 -1.192259818111206187e+04 2.853006003556504766e+03
8.146881191181627173e+02 -6.911229219826513145e+03 -4.714774776405038210e+03
9.738478467191630443e+02 -1.224604509163253351e+04 1.628694351296607465e+03
2.573788633649352846e+02 -1.158346036286232447e+04 -2.767013483723749687e+03
-5.877793014713006414e+03 -5.337952190110152515e+03 2.283668610507763333e+03
-2.020222767816198939e+03 -1.006537076548645382e+04 7.451411554959479872e+03
-3.987505580528338214e+03 -1.645048801254984210e+04 4.006669253266134547e+03
3.298780195481489045e+03 -1.794103554754314973e+04 8.433257785529134708e+03
1.262132539563084720e+04 -8.277166013643931365e+03 1.591898851652860913e+03
-3.693846733353175296e+03 -1.919070969184915884e+04 6.762882539164722402e+03
-1.426078110027033745e+03 -1.285293431766254253e+04 2.345153731846289702e+03
-2.834030831871563123e+02 -9.058037987941828760e+03 4.169501943581419255e+03
2.105781211687944960e+03 -1.012745587586323927e+04 1.546563266786976101e+03
1.725022088175466934e+03 -1.312158747828232117e+04 1.106329649114730728e+03
2.274327638537382427e+03 -1.114299750408618092e+04 -4.125767333688861981e+03
-5.894022010642457462e+04 -9.230962872564877034e+04 2.271760408646066207e+04
-1.744812287052733382e+03 -8.260446474520074844e+03 8.259016686211513161e+02
1.026382022033788962e+04 -1.212355877597302242e+04 -5.541335594236359611e+03
1.173388855502378192e+03 -1.043296251412280617e+04 4.452278113501549342e+03
1.645193897158310392e+01 -1.001855050237087016e+04 3.563213483068405822e+03
-1.832208852881215080e+03 -9.700573784344416708e+03 4.353415541325447521e+03
-1.363241268920471612e+03 -1.251250749932701365e+04 6.424636980446570306e+03
1.539850070288590132e+03 -9.381208020996860796e+03 3.691436913269782053e+03
6.954783553734813722e+03 -8.533874963676311381e+03 -2.254357724928476728e+03
-1.071793856107120973e+03 -1.187021997894406013e+04 9.431510626092016537e+03
1.292165662407033778e+03 -1.771821983599547821e+04 -4.723820431486652524e+03
-1.004806050464013970e+04 -4.943249701381746490e+03 3.402858024187286355e+04
2.927493860540039350e+02 -2.109898452411783728e+04 9.422723871268617586e+03
9.199095381402393059e+02 2.256304405203672559e+03 6.689415372045683398e+03
1.068372908153465505e+04 2.313039615331533696e+03 1.873410079028838663e+04
-3.385475597406682027e+03 -2.325662430083841173e+04 -1.317029273195006499e+04
-4.925473774209451949e+04 -1.082272108742437122e+05 4.854201862552031525e+04
3.051489699400889003e+04 -2.761844237610050186e+03 1.665836498788379322e+04
-2.289179226345142695e+02 -5.411405352753276020e+03 4.968522485013761525e+02
-2.304211784909783455e+04 -1.402118294161688755e+04 -3.764763433423564038e+03
-3.282434675602054540e+03 -1.308472662344445234e+04 2.048360878019308075e+03
1.271155048011130384e+04 -1.810347289064832876e+04 -4.508071790354438235e+03
-5.225745326357584418e+03 -1.817126341770375439e+04 1.154641939429563536e+04
1.715379332924180972e+03 2.307542755725706229e+03 -9.632328717247608438e+03
4.802076767069786001e+04 -6.130884927070460253e+04 -4.665814385833668325e+02
-1.509065813892648475e+04 -1.183629596498021601e+04 -2.110677958476607728e+03
4.219996511336474896e+02 -6.987123522468427836e+03 3.498343349399499402e+02
5.241004304990538913e+03 -1.314845955300198329e+04 9.198345346979034730e+03
-1.543423958516878429e+03 -7.717840719470191289e+03 6.777519582318196626e+03
3.995203158862547753e+03 -6.054589612930903968e+03 1.306877654235009686e+03
1.530122206697736601e+03 -1.047598746502134782e+04 2.449118574324272231e+03
-2.057240451187833969e+04 -5.126792582497466356e+04 -4.581659388590388699e+04
-1.435945624739514642e+03 -1.304450136576914701e+04 3.315779425076846564e+03
1.023332782134395893e+04 -2.600705708559490085e+04 9.136527707502928024e+03
1.411762804681746275e+03 -1.007948152023858165e+04 2.717133615054790880e+03
-6.050227075330124535e+03 3.144630310437515845e+02 -6.523863337707907704e+03
1.112838679641417002e+04 -1.973856940874407883e+03 6.176321694254129397e+03
1.940810191840241259e+03 -1.221646262372182900e+04 1.105406093152400217e+03
1.762998451849853154e+03 -1.003240972907765718e+04 1.812708328714546724e+02
-3.358009444401360270e+03 -1.231786168988534155e+04 -4.989976799929188019e+03
-2.384679799984306555e+03 -6.614797704020046694e+03 1.052126963172547039e+04
1.456306634773314727e+03 2.989409141265524795e+03 6.031576242481328336e+03
1.152035993272232190e+04 -2.118944865566650697e+04 7.278398286411707886e+03
1.870696445787590710e+04 -8.726369222783270743e+03 2.039377514121807690e+04
-1.903510891796135638e+03 -1.076347181998255110e+04 4.191785255794954537e+03
-2.760067493712310352e+03 -1.324952283704697584e+04 2.828197276960349882e+03
-1.147852449359728325e+03 -9.928221685494110716e+03 5.042365292919452259e+03
8.032389253454216487e+02 -1.323531889845288060e+04 -1.271263843924062940e+03
-5.740993761209036165e+03 -7.480986461026174766e+03 9.921544493601686554e+03
-2.856919746153774213e+03 -1.040085678148524312e+04 2.265627770970836718e+04
-1.290611033438109189e+03 -1.200068108929174014e+04 4.002263959973155124e+03
-2.137708723410084076e+03 -1.337947561130092618e+04 8.361466232232249240e+03
-8.739483736470612712e+03 5.436551145072003237e+02 2.446293699758066396e+03
-2.697362438720109367e+03 -1.416849907431414977e+04 1.789039084796180396e+04
4.715642057701691556e+03 2.057689145580619879e+04 6.129596223728587211e+04
9.991955763641277372e+03 -1.493598405597757483e+04 6.335474532170323982e+03
-5.068190230879690716e+03 -4.929361925215873157e+02 2.125305932826659500e+03
3.134745608344592256e+03 -1.043560025142815175e+04 1.524704237099101874e+03
-2.050692712050537239e+02 -9.535689759050690554e+03 3.215769706878329998e+03
1.406555721047651969e+04 -1.271551897044540601e+04 1.310956485741826555e+03
-2.252717848060693723e+04 1.233009824410507827e+04 1.233085820515100568e+04
-2.320944407029890954e+03 -1.030614999327143414e+04 6.178248953493991394e+03
5.085159864485323737e+02 -1.259531757187834955e+04 3.031112442531373290e+03
1.139970423801035213e+04 1.074151834637642605e+04 1.466922302512748865e+04
6.960131771364303859e+03 -1.756068208164844327e+04 -4.199827128306439590e+03
-1.391054491714198775e+03 1.378110641573091243e+03 9.887449210235117789e+03
1.151524913642831507e+03 -1.174991887827951541e+04 3.063823849393524142e+03
1.864573196315659970e+03 -1.215918099682149114e+04 1.766231525106376466e+03
9.009219302557087303e+02 -1.015738881524752105e+04 2.760955426939393874e+03
-1.460062627827074380e+02 -1.238320805615374775e+04 6.954513389374027611e+03
-7.940121155318380261e+03 -4.524953690943814581e+04 -2.710384291921594013e+03
-5.915288758010815400e+03 -3.943044536385483752e+03 7.572820872476459954e+03
9.670980083710842337e+02 -1.140554743363991656e+04 3.204047176182148178e+03
-1.452742586348225132e+03 -1.488007533218293429e+04 7.916663693276417689e+03
2.649907015977598803e+02 -2.604178137261997472e+04 6.628623211163595442e+03
1.703044301295778951e+03 -1.029466490441175483e+04 5.940814939588031848e+03
3.051927303837567706e+03 -9.656172478959548243e+03 -1.744781151883844132e+03
-6.971339315450117056e+02 -1.061761113032125650e+04 1.097082821023229826e+03
7.983495233630759458e+02 -9.958633977822040833e+03 3.458119793589612527e+03
3.397761725670251963e+03 -1.691365751166460541e+04 8.215919870970077682e+03
-1.295423606014777988e+03 -1.034500947723960599e+04 2.810053412872751778e+03
-1.887676141472836207e+03 -1.140956766710819647e+04 4.947243528812796285e+03
-8.805641282642382066e+02 -7.512611345013402570e+03 1.556541800043083640e+03
1.599998354118950192e+04 -4.271970163462524943e+04 -2.665071403887869383e+04
2.935023021868287742e+03 -9.255285421971953838e+03 -7.889796467142364236e+02
2.007199121158033677e+02 -1.049783233556132836e+04 2.421738549389788204e+03
-2.809329207293152649e+04 -2.111877125652606992e+04 2.121894224739694619e+04
2.573279579839203961e+03 -9.506539161521379356e+03 1.592158991823861288e+04
-9.958276644383687426e+02 -1.106245277602574970e+04 3.352145642382390179e+03
5.670717168840317754e+03 -1.258713271714740767e+04 2.537215517687138799e+03
-3.004574683830002414e+03 -7.730843579948320439e+03 4.860907727544394220e+03
7.133357702972683910e+03 -4.835011228858460527e+03 -3.721450744919715817e+03
-4.698592672712166859e+03 3.571611930537892931e+03 1.103274448441252935e+04
-4.628354339761348456e+03 -5.374593574945582077e+03 -4.734088061257028812e+02
-4.830335680269823229e+02 -8.797813894695629642e+03 6.921505098338027437e+02
-2.646410143810623413e+04 -3.890286705357152096e+04 3.141059169476531679e+03
-1.333272721133861978e+03 -9.083544962032154217e+03 8.826668969583624857e+03
-1.355216645437151328e+03 -9.895293412996317784e+03 1.902831257720436270e+03
1.136603971139470559e+03 -1.039865049309299866e+04 4.490771076561184600e+03
7.784847386685767560e+03 -8.804187704165278774e+03 -1.266279569101169955e+03
-4.128449164286375162e+04 -9.212367638335055381e+04 2.419186460546918170e+04
-4.385920383914312879e+03 -1.158263239223305027e+04 3.962911624143389872e+03
1.740977723630113132e+03 -1.137000041235267781e+04 2.450151134791052300e+03
5.496145775043694812e+03 -1.317506715556281779e+04 5.264244253227186164e+03
-1.650578316150960745e+03 8.862443498596684321e+02 -9.013340290720476332e+03
3.870248784390597575e+04 -5.199797808025258564e+04 -2.362649524271557311e+04
2.714655199852072656e+02 -1.385789864452352049e+03 2.463163370274284262e+03
1.605054032803818245e+03 -9.771978103628349345e+03 4.147149715970708712e+03
2.778074070578606097e+03 -7.569194090855230570e+03 5.096865720082022563e+03
-1.119705518204596956e+03 -1.051511768723255409e+04 2.306774571248950906e+03
6.086445854330629118e+03 -4.897760830135762262e+03 2.346672405394750967e+03
-3.024579114993807707e+03 -1.758136394769339313e+04 1.793075888710697200e+03
2.420217452656697787e+02 -1.915088162833975366e+04 3.577101724667459166e+03
2.249809763900302187e+03 -1.122138544099716273e+04 5.970927911773642336e+03
3.446136764875204790e+03 -8.979902948881494012e+03 5.483237884001934617e+03
-3.327201262352269623e+03 -1.018718441514044389e+04 4.281059252206699966e+03
9.955236086818722470e+02 -9.108860451202106560e+03 -1.933415327161171444e+04
5.598231064033710936e+03 -4.012910086872423562e+03 5.279954260676268314e+04
-3.732735618870573671e+04 -2.729796162280656063e+04 6.331113859447208961e+04
-1.972893207946319535e+03 -2.611221622006818143e+04 -7.140008652621854708e+03
4.448103009894422939e+03 -9.961873361264253617e+03 -3.574632979246023751e+03
1.835979454473095757e+03 -1.249355160483689724e+04 -7.515510652967500391e+03
1.624372839454066025e+03 -1.368650524391767976e+04 3.365169002090582580e+03
3.356740173648549899e+02 -1.243703200344738798e+04 2.290725918366458245e+03
-1.924364560682560477e+04 5.880398555539980407e+03 6.806715721836985722e+03
-1.565227899668437658e+03 -1.452326151113357628e+04 4.313574400398214834e+02
5.722567606470274768e+02 -1.201604549136272362e+04 9.625002074404355881e+02
4.726953229438376525e+02 -1.451354951969464491e+04 -8.281994407932610557e+03
-2.146283056614188354e+03 -1.247198796321873851e+04 1.182592275744807921e+03
3.376822320487042452e+04 -2.259184937852972143e+04 -1.885390252938535559e+04
-2.822736783425679278e+03 -8.616374836446837435e+03 3.839639438505832004e+03
2.370008024051826942e+04 -3.596013112208157690e+04 -5.208805111414675775e+04
3.380925688369280806e+02 -9.464938262832947657e+03 3.311997506549606442e+03
2.942914558590281558e+03 -1.415706940496733478e+04 9.416009983998415009e+02
-6.430102954889190414e+02 -1.011657847087512346e+04 2.742724062471315392e+03
-3.162463065366573574e+03 -2.449676972298907276e+04 -3.532783042975290755e+02
-7.922823786713392110e+03 -3.386739304093159444e+04 -9.241284308634587433e+03
-7.013780492323542603e+03 -2.362184738016121059e+02 1.026710417326195738e+03
-7.507562608304756395e+03 -8.628619735486798163e+04 1.024591597758767784e+04
-3.111701878857482484e+02 -1.284045077976126595e+04 -1.715557730061457278e+02
7.255397054825836676e+03 -3.879295790952208790e+03 2.546268519489653045e+03
-1.801184059267443081e+04 -1.030122099596127555e+04 4.486542880762127425e+03
1.401380301637358571e+03 -7.968855230138420666e+03 -1.155074586408442201e+02
-2.857307347538438989e+03 -4.952467776398376373e+03 3.139614559932740576e+03
-1.137026224858076830e+03 -1.054131628787245972e+04 2.087213571581230553e+03
-5.066908688481420540e+03 -1.013161057804985830e+03 7.992091782722740390e+03
1.119539018003029923e+03 -1.015839434132577844e+04 6.155492210345909371e+03
1.505979282039593727e+03 -9.997211335124109610e+03 3.418264160653982344e+03
1.476494287552121750e+04 -2.166746768736595186e+04 1.038113751964595758e+04
5.278824427248728171e+02 -8.730500330762974045e+03 1.219484770208721898e+02
-2.914169046280681528e+02 -7.477157727118506955e+03 -5.301369736149495111e+02
4.302445958707035970e+03 -5.633598107595881629e+03 1.770008005133571942e+03
-1.897633842363363783e+03 9.161718896777565533e+02 3.155385080125553031e+03
7.531350510806871625e+02 -1.211037243994043092e+04 4.184237311587032309e+03
8.879135884856998018e+03 3.781899331330340647e+04 -3.226365796892906019e+03
3.101650190743521307e+01 -1.155046839246560012e+04 2.486065901928042877e+03
1.192742652030049442e+02 -1.755276168929293272e+04 8.503143919065973023e+03
1.491249614751284753e+03 -1.444759315809507098e+04 -7.808899504729156433e+02
1.620948500147064522e+02 -9.571516925748237554e+03 2.310278715800957343e+03
4.250838545936836454e+03 -1.081965480961042704e+04 2.390617045130176848e+03
-9.742105897438802913e+02 -1.533907635119556107e+04 3.548565588586503054e+03
7.080610855364351664e+03 -1.781720613840475562e+04 1.412860517487466495e+03
3.883741789965837143e+03 2.003059754691088983e+03 -1.265821546317135471e+03
6.779810656328183541e+03 -1.586948953615940445e+04 -3.799138961985969217e+03
1.582914196960862319e+04 3.037570819654150546e+04 6.212025792374843149e+04
7.357979927623848198e+03 -4.858836318367967579e+03 -5.212010468197808223e+03
5.583468653670753156e+03 -1.570476169989070331e+04 -5.716167429721281223e+03
2.765437107183461649e+03 -1.748476586995178877e+04 -1.795604495346731346e+04
3.637053291126318527e+03 -1.353363598734356674e+04 2.162900760356430965e+03
-2.242308547891323087e+02 -1.159651056704024268e+04 2.454313914216810645e+03
-3.602447617556995738e+03 -1.641479530875267301e+04 -1.766721298661494529e+03
1.415887929187673308e+03 -7.225321882560522681e+03 2.821473096000838723e+03
8.557942177544296101e+02 -1.184796364376793827e+04 2.215316329422513263e+03
7.743851880495555633e+03 -1.096547965567037318e+04 1.632348392567078463e+03
1.208472152370619369e+03 -8.375752737321299719e+03 3.777486361520832816e+03
2.087798305936601992e+03 -1.552066404691504613e+04 8.841504825208285183e+03
2.728094268946320153e+04 -3.923933006776798720e+04 2.658782551001569300e+04
-9.183016691999655450e+02 -2.391276376619738221e+04 7.940085223321831108e+03
1.057635482094752888e+03 -8.639752551562276494e+03 6.060130399231483125e+02
-5.114742840482917359e+02 -1.352396055903027991e+04 1.350671748615274282e+03
1.139263873041583611e+04 -2.346793334161118037e+04 -1.478465465374050473e+04
-5.059682931953871048e+02 -1.098733624887160840e+04 6.109558914790894050e+03
-3.331704669915768591e+02 -1.179895829414558648e+04 1.538335170008089335e+03
2.346082644932623680e+03 -1.041160375329071030e+04 -9.547268011210915574e+03
-1.338853824280972503e+03 -9.270593427168698327e+03 1.656381376808255936e+02
5.082343035750368472e+03 -6.664819838054141655e+03 -2.406127521730029457e+03
-1.245945881343400146e+02 -1.295974445287526396e+04 4.556760909918963307e+02
9.258100497062554268e+01 -1.596256681188257971e+04 3.099326130313390604e+04
7.265083613472209436e+03 -2.126818714730087231e+04 8.365238578753449474e+03
3.209940537454256173e+03 -1.468266744921540521e+04 4.341601931446739400e+03
7.099106395951038166e+02 -1.341723784642143983e+04 -2.282553413695407585e+01
-5.786884999533947394e+02 -1.042641455538532318e+04 1.667203541281362050e+03
9.083752202630739703e+02 -1.639468417681483697e+04 5.490978983175410804e+02
1.132467024055895308e+03 -1.219640570328885588e+04 3.066049060253605603e+03
2.482409774915986418e+03 -1.687572286048159367e+04 5.492972519016783735e+03
3.883671539622292039e+04 -1.587680632018081815e+04 2.407750214668668923e+04
4.546656435430511465e+02 -1.066639143684687406e+04 3.585332169236254231e+03
-3.504423527727428336e+03 -1.112544908517874319e+04 -1.758676716269564793e+02
2.200041329573471558e+03 -1.389535589264766168e+04 1.729185844347756301e+03
-6.157124286615689925e+03 1.076516029362320296e+04 -1.221582889830354543e+04
-9.148786538882876630e+04 1.675373893567113191e+04 5.177906227057816432e+04
2.377655964221904128e+02 -1.096444583359589706e+04 3.393185432308665895e+03
1.026363363734667246e+03 -1.107911912923994896e+04 3.243548346826419674e+03
6.937270577885645253e+03 -2.360904651131531500e+04 1.413971254416858756e+04
3.143114469299545817e+03 -1.506833475182117218e+04 3.884162523092541960e+03
-9.507369121722453201e+03 9.513771592449469608e+03 5.575700718781474734e+02
-9.987363105780386832e+03 -3.093048283482136685e+04 4.594860789213504177e+04
1.708238423393060884e+03 -1.099819542768169231e+04 2.206101012189403264e+03
1.430434714898660604e+05 2.068319011931483401e+05 -7.991189793288592682e+02
1.000586122149999710e+03 -9.206378524396295688e+03 2.462473398488602470e+03
1.510869803204810182e+02 -1.172133850883349078e+04 5.928323161192028010e+02
-1.764596277394033166e+02 -1.030285258155803058e+04 1.151681793454446733e+03
9.899624209498897471e+03 -1.245665609239208970e+04 2.309084617369161151e+03
-3.132273981687362902e+04 -1.916016121881486470e+04 3.640530339047598682e+04
-1.618033193407551948e+02 -1.154292601817181821e+04 4.655718774330466658e+03
2.295917049936107617e+02 -9.555384387067881107e+03 3.401818620746128545e+03
-2.651825504502138301e+03 -8.640653195352400871e+03 3.703382480132822820e+03
1.097010400971888703e+04 1.398822653951303982e+04 5.755925180149524385e+04
-3.418107709524256848e+02 -1.262662431843403101e+04 -1.360226674356303647e+03
2.925906615355069675e+02 -1.086086357111283360e+04 3.327512831377728162e+03
2.420453470947081223e+04 5.139703302457960672e+04 5.191359031567419879e+04
6.259011130446721154e+02 -1.194233338955251020e+04 4.670631812608816290e+03
2.738806769097245706e+04 4.067850870815653616e+04 1.558127212627620065e+04
6.115149518201135834e+03 -1.453275308689295889e+04 -6.762147609681490394e+03
1.002014977309176970e+03 -1.345551736723220893e+04 8.763369389163515734e+03
1.144696655665006801e+03 -9.641468390062835169e+03 2.506608398892252353e+03
2.150101396703442515e+04 -4.066284223560725877e+03 2.453302765243074100e+04
-8.421792197772645522e+03 -1.136391154322231841e+03 9.885906841907813032e+02
-1.148553457535784037e+04 -5.273214239934479338e+03 2.907779665292815025e+03
1.915122049923924124e+03 -7.558634493692393335e+02 -5.978743384980366500e+03
1.571610054720389371e+01 -1.111883130499962317e+04 3.857078683386743251e+03
-3.035321836420941963e+02 -1.743239508241674775e+04 1.261957642046556248e+04
4.242618076366863534e+03 -1.243115613247946749e+04 3.874990869301613202e+03
-6.299237199387967848e+03 -2.452767301576244427e+04 3.088074103837960138e+04
8.299899476065672843e+02 -9.726788909578088351e+03 3.698645311610167937e+03
1.102409737694643991e+04 1.852005916339187388e+04 -2.305948803948476780e+04
-3.605400240712347113e+02 -1.182664746070548244e+04 2.662455094211191863e+03
1.061589115411339890e+03 -1.098146304820949081e+04 2.283695922861913004e+03
-9.913629453212248336e+03 -6.836203297610086338e+03 6.849253797660592681e+03
7.921312508948398090e+02 -1.069870567484357889e+04 1.183238470063643490e+03
-8.201970114931446005e+03 -1.195950961466798617e+05 3.344923592304479098e+04
-1.672241456090789870e+04 -1.049688603197727389e+04 1.037080553747457998e+04
1.084124091268358825e+03 -1.329426460026693894e+04 9.667721874347944322e+02
2.464037369157762078e+04 2.095258566893015814e+04 2.560573626919393519e+03
-1.903106332526339429e+03 -5.005702166369578663e+03 3.184771277415431996e+03
-5.063518885680740595e+02 -9.631163140885139001e+03 2.048174784262848334e+03
-1.552209066722801253e+03 -1.107573842595419774e+04 -3.269141485295490384e+02
5.986572158347019013e+02 -9.806321012814623828e+03 2.783730803812036356e+03
-2.934082983420341861e+03 1.649166449244706382e+04 1.754101394713991249e+04
-6.561288234428348005e+03 -4.342239599786449253e+04 -1.936245413093244906e+03
2.218067243005943965e+02 -9.765600374765383094e+03 3.439465801056860528e+03
3.068657540404180963e+02 -1.076397589458233779e+04 1.490598448143482528e+03
5.575797750144272868e+03 -2.188587221342471457e+04 1.679233916546871478e+04
3.917121885916748852e+03 -1.200235520909583101e+04 2.956106482553846035e+03
-7.404874117964560355e+03 -3.935826978154460676e+01 5.389010223761943962e+03
2.512210355220221572e+03 -1.155413344302647965e+04 3.795835725280564475e+03
-7.309880049570459050e+03 -1.321882065416578553e+04 -4.701196457709874039e+02
-6.673533556843046426e+03 -1.846537070237502849e+04 -1.874115781442894149e+04
6.364076703296266714e+03 -1.465513296611859187e+04 -3.670813695589070903e+03
2.475654240421432405e+03 -9.599923386509275588e+03 -2.791301512989379034e+02
-8.908596564155743181e+03 -1.919042673887005003e+04 -1.684015166290098705e+03
-1.031892688930663826e+04 -7.613303642597677026e+03 6.230650248089506022e+03
1.152445766114614344e+03 -1.325562294081383880e+04 8.587204031579520233e+03
9.180300008541919397e+02 -1.117267680464934529e+04 5.740760836320098406e+02
-4.586434724056007894e+02 -1.285389269073445212e+04 1.255846422006585271e+04
-5.192681779673549158e+01 -1.659286016118719272e+04 6.070064215353836516e+03
-4.187236515509401215e+03 -8.176442573629476829e+04 -8.701497467525555294e+02
-5.128555126969577941e+03 -1.014867551399219155e+04 8.705794976948389376e+03
-4.124294182092667143e+03 -1.149082634333478927e+04 2.598687878903081128e+03
1.673281914057847189e+03 -1.329974003957282730e+04 -3.987653336212632439e+03
7.619192388915174888e+03 -8.423671431163036686e+03 -3.166262917224234116e+03
1.625767855279984133e+03 -1.041787355955853673e+04 3.011105494988863029e+03
7.412895684070012976e+02 -1.056194085213549624e+04 1.758544544985578341e+03
1.446389573330287703e+03 -1.236408689876614335e+04 -2.831659209045926673e+01
-1.728476219919298842e+02 -1.069472505222362088e+04 8.717436595502038017e+02
8.067483807380958751e+02 -2.838100990782825193e+03 -1.600380950816890072e+04
-1.990730325693482519e+04 -6.119606048781552818e+04 1.533869342043847792e+04
2.666309623634604577e+03 -9.660277981358018224e+03 1.865462267336980403e+03
3.023053686421613747e+03 -9.553159728746170003e+03 8.932147823786394838e+02
-3.683751174278171675e+03 -2.939851257310088840e+03 9.922721522905397933e+02
-6.913597379975803051e+03 -1.203848404156720244e+04 1.243781441861170242e+04
-1.781908287922072486e+04 3.675562641451992386e+04 2.946225175628014404e+04
-8.481345203182729165e+03 -2.214613849915879655e+03 7.481098279036480108e+02
1.587193530782269363e+03 -1.565518797288166206e+04 5.765549046111093048e+03
3.254129933487577546e+03 -1.244421036866985924e+04 4.673742673237717099e+03
1.791458976628738355e+02 -1.212150329586349835e+04 3.835068127029867810e+03
2.535547006259383124e+03 -7.567048039368444734e+03 5.455163179194641089e+03
-1.447214206823337236e+03 -9.422573386198466324e+03 7.609257861069292630e+03
8.851774447986771293e+02 -1.094414586201338898e+04 1.581023807752505945e+03
-1.705843938025511306e+03 -6.052328181467332797e+03 -1.815844608327959577e+03
2.200471549674063226e+03 -1.399652815732450472e+04 -4.615673299531077646e+03
-1.516941331850736606e+04 1.831224702053899091e+04 2.319282339748862796e+04
2.018205589699207394e+02 -1.057756328903004214e+04 2.201408901175967912e+03
-5.201174753356342080e+03 -1.333418672210326986e+04 -6.034237795618713790e+03
-5.257730728376605839e+03 -3.727822570188717509e+04 2.429030764871722931e+04
8.421521886730738333e+04 -1.075803304223400046e+05 5.113996424394048518e+03
3.112422081022197290e+03 -1.149976339529589313e+04 -5.154617215329899409e+02
-2.123445219162955254e+04 -7.584744078291848382e+03 2.706786626342467207e+04
-1.447240370971139237e+04 -2.920623450537093595e+04 -1.429904188935807360e+04
1.730536817007282934e+03 -1.416168366334432903e+04 1.181379729498536108e+03
1.855826357960471069e+04 2.550927767047754605e+04 2.549025590947545425e+04
7.612155635033022918e+02 -9.648844675535407077e+03 4.031184291370989285e+03
-4.550985766089686990e+02 -9.681366524756302169e+03 2.291911153885965177e+03
7.068327707028945042e+03 -1.435855697274866088e+03 -6.878298677329350539e+03
7.181435163830889906e+03 -7.039727908074356492e+03 -2.831335221385977547e+03
-6.832397649454810562e+01 -1.311244541666678560e+04 1.736111715487291349e+03
-5.997320618331480546e+03 9.525243502781468123e+03 -3.149525314197597982e+04
-9.176782885823015476e+02 -7.451331657077707860e+03 5.539339554105300749e+02
8.393323817976472128e+03 -8.880697179174072517e+03 -2.108511724200811659e+04
6.686475847443836074e+02 -1.177302882780570690e+04 5.232886385949297619e+03
-4.882325984008548403e+02 -6.581739087451202067e+03 1.406636539429567620e+03
1.566130070946126216e+04 -1.507994202278120247e+04 -9.980879264360692105e+03
-6.531096704466218398e+03 -1.345653373887690395e+04 2.137281142639632890e+04
2.945890398395234297e+04 -8.627734162120922701e+04 1.126647789681205722e+04
-4.895142219350357777e+02 -3.988887021086897221e+03 1.127922873591294228e+04
-1.547387784463766593e+03 -1.016414339516799191e+04 1.114324428743829003e+03
-1.354355492230048412e+03 -4.324049217369445614e+03 2.352590346904334183e+03
2.884974230602103489e+03 -1.113951575881591998e+04 2.521322931470781441e+03
1.177926614931842778e+03 -1.168340074575716426e+04 1.739071474314211400e+03
2.015531567191952036e+03 -1.097403651848909976e+04 7.860330053647792738e+03
6.578107843509576924e+03 1.371099974294074173e+03 8.543474907110588902e+03
-1.157505470926398630e+03 -1.197463994494608232e+04 2.876674311961040985e+03
2.996329481319216484e+03 -8.472848054623422286e+03 4.869186274064202735e+03
2.745925245352977072e+03 -1.241653737861510490e+04 5.286313303705762792e+02
-4.348577051415503774e+03 -1.244224664616462178e+04 1.044172865966438803e+04
3.177166831308795736e+03 -1.328700278859742320e+04 5.308310067380349210e+03
-5.720785648905914059e+03 8.290513372557934417e+03 1.039441602277754782e+03
-2.429763461597618061e+03 -1.294253244955150149e+04 1.159285468496427939e+03
-5.504568049733918997e+03 -1.146112614560329894e+04 7.039782136800681656e+03
-9.664326247305885772e+03 -7.291071304914905340e+04 2.069368654736709141e+04
2.570079974054265222e+03 -1.553607634285548556e+04 -5.027564231061012379e+02
-1.964442288757439030e+02 -2.703468309303243586e+04 1.055253541623877481e+03
-3.298405152866031858e+04 -6.912663224627958698e+03 2.664449329741445399e+04
8.681075373767791916e+02 -6.209202149773560450e+03 8.450419558025005244e+03
-1.722311807845214389e+03 1.252898155916860924e+04 2.276347074218700527e+03
-4.490796684717329299e+03 -8.113998307365346591e+03 7.933318705986410350e+03
3.980406920659114576e+02 -1.008399183409992474e+04 2.471431520269195062e+03
-3.319085691880231479e+03 -1.152638710045769403e+04 1.118316063411871983e+04
-5.055683037080283384e+02 -1.024989301252517726e+04 1.728383658963535481e+03
1.087865662503445310e+04 -6.700136455212844885e+04 -1.879931824827927630e+04
3.759257822116440366e+04 -1.290246605693770252e+05 9.681029491800927644e+03
1.129727075538089957e+04 -1.247438456530168150e+04 -6.880209146943727319e+03
1.066359368003909367e+03 -1.099412320962989725e+04 2.817006149641673346e+03
-1.378849942104142428e+04 -3.239111011746351141e+04 3.168973330343058024e+03
-1.767530041029248196e+02 -1.115867816727345780e+04 3.199464730205681462e+03
-1.091976361508119908e+03 -1.206423812756557345e+04 5.116706378602992118e+03
-5.399285548749357986e+03 -3.828364795659419178e+04 2.323131322060488674e+04
-3.534188178449551287e+02 -1.174353632191733413e+04 5.051705586863230565e+03
-8.321761564242815439e+03 -2.233378234271967449e+04 -4.596696319170110655e+03
7.193450545161308582e+03 -1.059516560076047244e+04 -2.500550240386839505e+03
3.136062467373746586e+03 -1.288380334037632201e+04 -1.243437488915652693e+03
-5.673948259932640212e+02 -1.173036089729386367e+04 3.961589687845878416e+03
-4.711000290048423835e+02 -4.715249662961476133e+03 3.297725199877095747e+03
-1.235225418430444279e+03 -1.306855651394228698e+04 8.028388953714497802e+03
2.653912675879176277e+03 -2.640964964192385378e+04 5.544238756927687064e+03
7.942544177123156715e+02 -1.113602092896428803e+04 1.274898259109230094e+04
2.985233425409607298e+04 2.583816438855509205e+03 -8.729426418121342067e+03
1.903556188400140400e+03 -6.601728063525787547e+03 1.009253933286851679e+04
3.057228411147720180e+03 -1.362618929409529119e+04 8.811191986291619287e+02
-9.659979453268153975e+02 -8.474607401307166583e+03 2.399614447529836525e+03
-5.008404363222450229e+03 -4.092821658480750102e+03 1.117456376782766529e+04
-3.571017988178657561e+02 -1.167776277882380236e+04 1.355186961051729895e+03
-2.309810664709926186e+03 -1.173691409679734716e+04 4.089556483839003704e+03
2.480661166740665522e+03 -7.727538175634864274e+03 2.330530679918840178e+03
2.067427339479148941e+03 -1.313374905736749861e+04 1.001034349236411435e+04
-1.426742674348326727e+04 -1.266851067913382212e+04 1.120410072718497395e+04
-6.207578189085428676e+03 -4.622483492796071005e+03 1.668815185403258056e+03
1.031787805735383017e+03 -1.039883716306593851e+04 1.900857027749396366e+03
7.864100698569335464e+02 -1.194233443740166331e+04 2.632874750571692402e+03
-2.486607598086910457e+03 -7.178490134100591604e+03 4.920741537410472120e+03
2.584645312575918524e+03 -1.578381022604453028e+04 4.871687666296291354e+03
9.163880937964310078e+02 -9.953611924230988734e+03 1.530411317683666311e+03
-4.702614493613443301e+03 -1.053869725403350822e+04 1.132609956615735609e+04
2.499970907740748771e+03 -1.217207688685132234e+04 6.836466403540417559e+03
-4.504538376139335583e+02 -1.806123310301429228e+04 2.973342292253933010e+03
6.672130660455790348e+03 -1.502683086709845884e+04 -9.015584945945256550e+02
4.293986296387888615e+03 -3.817037336737684655e+03 4.177045248873819219e+03
7.244849467924837882e+03 -3.304797437089652249e+03 7.515677693134510264e+03
-4.738396984924565913e+02 -9.893344968007248099e+03 3.163820729904640302e+03
-4.995503479369476736e+03 -4.322844048227613712e+03 -2.393790319666857977e+04
-7.970159646187033786e+01 -1.123739067953638914e+04 1.152861322351309354e+03
-6.724116878541955884e+03 2.560148481549153530e+03 -7.753567522028474741e+03
1.522326950659722570e+03 -2.109191128657510853e+04 6.610857451575074265e+03
3.589498542569849633e+03 -1.628475639920393587e+04 6.875448490106427016e+03
-1.284857730986718343e+04 -2.122262898904635585e+04 -3.187572675664260532e+04
1.502673159604190914e+03 -1.042799551958547090e+04 1.871404776548958580e+03
2.117513018397373514e+02 -3.195434224894617728e+04 -2.452490457063279973e+04
-1.399448839715432769e+03 -1.082905594960609415e+04 5.395674743731765375e+03
-1.442339125622319216e+03 -1.132422459287052334e+04 2.006199281047716113e+03
-2.853656209593764743e+03 -1.391853735922297528e+04 -1.054744532912422437e+04
-8.353475562793280460e+02 -8.084572473758847082e+03 3.214811656218321787e+03
-7.220065005002266844e+03 -1.954969974368506155e+04 -8.098166423060330317e+02
4.072913223699581067e+03 -1.498674578042806570e+04 -1.373269864272029281e+03
-7.338130190563929318e+03 -1.639762115026855099e+03 4.211524318424501871e+03
4.218660034597019148e+03 -1.335244095165665749e+04 2.476884150215572845e+03
-3.063785255921816315e+03 -1.243033982217717312e+04 8.084554511911263717e+02
-2.987217027898544984e+03 -9.917739956230794633e+03 3.211342473784432514e+03
1.260742182864152892e+04 -1.191012558699194778e+04 3.902986097646307371e+03
1.800988703986143719e+03 -9.956237542470787957e+03 1.692054330844758169e+03
-5.078013977315974898e+02 -1.092317616464177991e+04 4.789416950075663408e+03
3.625642970423043607e+02 -1.036991841613343786e+04 2.380889964973574934e+03
3.883339232136435157e+02 -6.004260623903711348e+03 4.769612617372367095e+04
4.707321308498360850e+03 -1.222955708627442255e+04 -1.574479073997900559e+04
1.925557109143668640e+04 -4.934286905575840137e+03 -2.413422027245603749e+04
-2.288300001465901005e+04 3.731962369654658687e+04 4.392852364866279822e+04
-1.178006432392208353e+03 -9.484863593170159220e+03 -2.068426673187950655e+02
-2.564439221352497043e+03 -1.127864524395451008e+04 3.262255642822358823e+03
-1.553263912248218503e+03 -1.166930717768940849e+04 3.871109538391234537e+02
4.013106193950927263e+03 -8.850934221721023277e+03 -3.836345041583434977e+03
-4.581947892081398095e+03 -3.288499850190053985e+04 1.092507839122026962e+04
1.173385018132968980e+04 -2.720737834199484041e+03 -6.828139964608690207e+02
1.094142479950843153e+04 1.014415183490246818e+04 1.240923810905421124e+04
2.429217710072523914e+03 -1.116990892867920411e+04 1.584863354550587019e+03
-1.533286818398756441e+04 -8.667798140227292606e+04 2.596341307662827239e+04
-2.087486199052738357e+03 -7.548384035105050316e+03 1.368411085880630253e+03
6.346876521667387351e+03 -1.882464308204562258e+03 1.735664771158705207e+03
-2.888994410343312211e+03 -2.057397446730168667e+04 1.319594792674723976e+04
8.940436634078668021e+01 -1.253613549937774769e+04 8.745784136366089569e+02
4.668332353882875395e+03 -7.077443040872724850e+03 -8.114988769645334287e+03
-5.129340297720129911e+02 -1.027575612132612332e+04 4.218451179183313798e+03
-1.269081036238424076e+03 -1.015266674023134510e+04 1.474981189231823919e+03
7.936708421145367538e+02 -1.088179674589980459e+04 2.259202314452437804e+03
3.633358991934442656e+03 -6.367723065646770010e+03 7.509335867841709842e+02
-5.976633860148129315e+03 -1.097934196013370092e+04 3.366235974398268809e+02
5.084331269493301079e+03 -3.965098128392847912e+02 7.350209881475315342e+03
-2.644957639411200944e+03 -1.022552819591125080e+04 4.415209009197944397e+03
-2.905158833458636764e+03 -8.203114761215831095e+03 3.789524710078991120e+03
-2.808554214658438923e+03 -6.953906187205411698e+03 1.355192552363455980e+04
-2.876137225815219153e+03 -6.418711189525762165e+03 6.540746409126752951e+03
1.524567448995272753e+04 1.106413591533746330e+04 -8.161952624537119846e+03
7.857826215035207497e+03 1.511744742009804213e+04 -7.390240988615417336e+03
6.106689840920996176e+03 -1.114488637242902405e+04 4.191253568205069314e+03
5.539444363574609270e+03 -8.499035530864992324e+03 7.222540078086824451e+02
-3.159079326005505573e+04 -1.007266857183229877e+04 4.584542344789589697e+04
2.332774994562974462e+04 -2.320497634352818568e+04 -1.089729648615083897e+04
-3.708809162482856664e+03 -1.029062214475471592e+04 1.126984131561918275e+03
-1.296435527142094486e+02 -1.132008200372634747e+04 1.626114221407034847e+03
3.266285911104691877e+03 -8.487283218628341274e+03 -1.038045653530841150e+02
-4.556473417212523054e+04 -2.770123309220144438e+04 2.793816416422435213e+04
3.984863107439050509e+03 -1.691112540292309495e+04 1.974153661849846003e+03
-2.440491788536278932e+02 -9.250069514938493739e+03 6.731942850224105314e+03
2.964630517648728528e+03 -1.061885555141266923e+04 1.731585328179984117e+03
-9.176814566590923050e+02 -1.073876636176819557e+04 6.665671441545825473e+03
-1.997762293192795369e+03 -1.317166437892056456e+04 5.546750360082535735e+03
2.456538367003083749e+02 -1.126168084332631042e+04 4.719761987307166237e+03
7.062101730035245964e+03 -1.030544997390232129e+04 -1.987166087436002044e+03
1.527254220635577076e+04 -1.335023110321384229e+04 -2.554750600894776653e+02
6.981744350973519886e+02 -1.063588228419540428e+04 4.071739336043023286e+03
-5.247506616686202506e+03 -1.199574104388387786e+04 -1.596676878895401842e+03
-1.171019572822681027e+02 -1.012116756832824649e+04 -2.082106352814767888e+03
3.760561560657254176e+03 -8.516773805697002899e+03 -2.085278166359512852e+03
-2.791850866773098687e+02 -9.199661907398571202e+03 -3.690471212924501287e+01
1.117649956838657317e+03 -1.452876767418618329e+04 -6.507828781188451103e+03
6.429341245685721333e+03 -1.639868585607417481e+04 9.426050593728397871e+03
-2.624171551333123261e+03 -8.367062914702113630e+03 6.410450788220508002e+03
4.339439688135627875e+03 -2.388833198785730474e+03 -2.261532450050192438e+02
-3.794601350612751958e+02 -1.156306300511976951e+04 3.098389130337803181e+03
-6.465930252925379591e+02 -1.182570684371599782e+04 3.661415899371927480e+03
-2.121943552264885682e+02 -1.830349901649948151e+04 -6.637226179769502323e+02
2.008743219251933988e+04 -3.449556883092794305e+04 -1.712252784176106434e+04
-3.465323180731826369e+02 -1.605576949408944529e+04 2.964452639171777719e+03
-1.912547046694494611e+03 -1.675861356624775726e+04 6.875280225195743697e+03
-4.293485932449169923e+04 -1.199334826209957464e+04 -5.649720225973465858e+03
8.662998503410540252e+01 -1.446750824381673556e+04 5.782779340011146815e+03
2.828798298606725439e+03 -8.222348631278064204e+03 -1.559702527920195053e+03
5.160595167274590494e+03 9.530810852248962419e+02 -1.126329516202122477e+03
1.265919721956268768e+04 -3.480978628843078332e+04 -4.571155042599090848e+03
3.064678754946195568e+03 -7.473307293113075502e+03 9.953359816312375187e+03
-2.706039510856838206e+03 -1.177540401330342320e+04 1.384893794818348852e+03
1.157223881195686590e+04 -1.301805050195617696e+04 -2.164987488666841728e+03
3.129827326702624759e+03 -1.177121355683187539e+04 4.077647865322985581e+03
-6.097653688698465885e+03 1.200112841350726194e+04 4.059195680251830709e+03
-9.991720535183665106e+02 -1.252637778553252792e+04 5.620139094303601269e+03
8.544873168285491261e+00 -7.849633763138965151e+03 6.527900938464074898e+03
-9.370359288268684850e+02 -1.037518739434556119e+04 3.257521990864203872e+03
9.169973069084895769e+02 -1.088552931014336536e+04 1.633167690437647707e+03
-2.482528723597962198e+03 -1.121155193048921683e+04 4.460666401836016121e+03
3.424463172559992472e+03 -8.535122802214065814e+03 -2.068282580053689344e+03
2.387379654180735088e+04 -2.554003158913847074e+04 7.981019315777912198e+03
2.761335036257876709e+03 -1.693105438388036055e+04 1.862084230391126312e+03
-3.129738329989452836e+02 -9.032751234411834957e+03 6.006324744644782641e+02
4.841028595432218026e+03 -1.401294818485777796e+04 4.566655415318502492e+03
-2.315751879404578631e+03 -1.286099864689272363e+04 -1.552552226365613251e+03
8.667111737296532738e+03 -9.632930584626010386e+03 2.906899652998847159e+03
-3.417730940691803426e+03 -1.015387940743196305e+04 -1.304024055465155016e+03
-4.176297056708136211e+02 -1.343710503131885343e+04 8.159670937122689338e+02
4.641386473476982246e+03 -6.582498641801908889e+03 -2.097946727580942024e+03
-8.828204213804278311e+01 6.953508043243866268e+03 1.029457507422459639e+04
4.266481760058385362e+02 -1.137594435222221546e+04 4.213153122277041803e+03
-7.103168216423887316e+03 -1.670307245862253330e+04 -3.013310591694474169e+03
2.405887493458931203e+04 -1.923468962870718315e+04 1.057660796433467658e+04
5.612760230999961095e+03 -1.749623196456555524e+04 2.838174282140698415e+04
4.487891063249207946e+03 -9.917557414586088271e+03 9.120099747176467645e+03
1.733368294953336999e+03 -1.554651877454355417e+04 2.644064723031961421e+03
-2.709751819715591864e+03 -2.641705284018018210e+04 -7.940873578134369382e+02
-8.457688196492388670e+03 -2.726814981138945222e+04 1.692340347956409914e+03
2.422103283310855204e+03 -1.426276704484644870e+04 1.563284396580896555e+03
2.625021452476061768e+03 -4.649949185239048347e+03 -2.313408581964233963e+04
-2.617155737323881567e+03 -1.445381604919366873e+04 6.326905051433095650e+03
-4.312196781235606068e+03 -9.162404817341457601e+03 4.159121830122329811e+03
-3.740554340279509688e+03 -7.992440793919195130e+03 2.264171765712350407e+03
3.911680232492811047e+04 -2.401236519230224803e+04 -1.780897523348091636e+04
-1.402744372256673159e+03 -1.184074184877633525e+04 1.399935316594435790e+03
-9.940510482058034540e+03 -3.033142014554442085e+03 1.298075047967649698e+04
1.552099321734045589e+04 -3.026390157091980291e+04 2.433633036422274381e+04
-7.674437839492037710e+03 -4.202486967352953798e+04 3.555953509972920438e+04
-6.855033082898205976e+03 -3.157457112230493749e+03 5.278541876926434270e+03
2.744238733149753898e+03 -9.053432145966962707e+03 2.812217769364050582e+03
1.195506942693357996e+04 -1.278863897650807667e+04 4.059251155483452749e+03
8.383220406983737121e+03 -1.514977951363689681e+04 5.856356828235608191e+03
5.147788845359564220e+02 -1.116163371107979037e+04 2.413431514723835335e+03
-8.267793320592918462e+03 -2.309072850153244508e+04 2.786971030124066601e+04
4.485539678525859927e+03 -1.176651414986052441e+04 -1.621862970454951437e+03
7.024581760311618837e+02 -1.505320182567797747e+04 4.230846400805559824e+03
1.775527940656384089e+04 -1.244307618369845295e+04 -6.700256085751967703e+02
2.159034694393386417e+03 -9.463621038082868836e+03 8.789937429812182017e+03
6.714286734084429327e+02 -1.374117267230335710e+04 5.950421428206129349e+03
4.310294646485263002e+03 2.944229871630623893e+04 1.656585354023328136e+03
-5.563492673257262595e+02 -1.303735872556357936e+04 5.791731144858749758e+02
1.475037315622779033e+03 -1.222523375413690883e+04 1.399918889155268971e+03
-2.331415856935353531e+03 -1.001903453522363270e+04 4.369451863764820700e+03
-2.584090067228732437e+02 -1.232336811609784672e+04 3.438482679526591710e+03
1.801600330518540795e+04 -2.285202818130820378e+04 -4.692406083092102563e+03
-2.581230652757843018e+03 -1.075143967632412932e+04 9.440744387750473834e+02
-1.203993294156947013e+04 -1.267806149459196786e+04 1.066029384334938914e+04
1.316326722978374528e+04 5.922613859058635626e+02 6.428426087641398226e+03
-1.808733105757124576e+03 -8.305902812177229862e+03 3.180722913949008216e+03
6.845566102443633554e+02 -1.580746062564351450e+04 8.291161058832381968e+03
-3.510524701717447442e+03 -1.133593538335706398e+04 3.808864555104389638e+02
-5.012828895139612541e+03 -1.575880510785980914e+04 -1.443544482469642935e+04
3.519313603932538172e+03 -3.027346800520988836e+03 1.153513971849142763e+04
1.581416914459595091e+03 -1.121348202397744717e+04 3.674619559703709456e+03
6.090270189083034893e+02 -1.432862707022829454e+04 8.683520831887411987e+03
-3.591077239337057108e+03 -2.024071018260780329e+04 6.793237956828668302e+02
-1.274165318625400323e+04 -2.116355562740139067e+04 3.317216684476952651e+04
-2.484955476867542529e+03 -1.276902444943661430e+04 3.918971368406479542e+03
4.102571456613409282e+03 -5.987486711005618417e+03 -6.159583757600347781e+03
-3.452783834834869776e+04 -4.236541740141125047e+04 3.592710410869572661e+04
1.883003828989886460e+04 -1.922433759552210176e+04 2.128677585539175652e+03
1.570936236743317295e+03 -1.564198686106121204e+04 -1.859155273683814130e+03
-2.816179476650514175e+02 -1.103821668350800428e+04 2.647892668596536168e+03
1.505618438608041288e+03 -1.201204431992073296e+04 7.447230619409843939e+02
-4.409988646679358681e+03 -6.851266376230637434e+03 -4.667488158285603276e+03
7.595967533930478055e+01 -1.514409877793001579e+04 2.081406199233106599e+04
2.271419561083685949e+03 2.452643978376811719e+04 4.446902273418341792e+03
3.515952863559177786e+03 -1.280846255156099505e+04 -6.661644136646929155e+02
1.498411169976629571e+04 -1.776968427692500700e+04 7.486732768619998751e+03
2.817099597644093137e+03 -1.219996651128811209e+04 5.955293970200278636e+03
-3.347772125059605969e+03 -7.767747676084844898e+03 5.813165942333412204e+03
-5.205493570939585879e+03 3.149455376490315757e+03 -1.508543000242717653e+03
-1.605780924243883419e+04 -7.390452614390122108e+03 1.390103936051949131e+04
6.532802282397768749e+02 -1.133711988041008226e+04 6.272547650072290708e+03
-1.041109835351804122e+03 -7.307046547717372050e+03 1.557704486811845300e+03
2.490517739338425827e+02 -9.660247703621022083e+03 4.323162945407202642e+03
-8.116475268614157130e+02 -6.685699380740479683e+03 8.099228591598592175e+03
1.955347744287853129e+04 -5.067767364696338336e+04 -5.737674577610769484e+04
-4.451484408565346712e+03 -7.594129518963853116e+03 5.507371497405940772e+02
1.657458301017522672e+03 -1.276979819527778818e+04 6.238467885244195713e+03
5.551766313278565576e+03 -1.249826187546380243e+04 3.371180344122977658e+03
2.412525482398633176e+04 3.439607143091173202e+04 -1.774336637870167397e+04
-1.447768413133101831e+03 -2.213962222480012497e+04 2.320974321158469684e+04
1.402848543616955067e+04 -1.588279204242501510e+04 -2.717098883212529472e+03
6.695298084623493196e+03 -2.055205900294218009e+04 3.356850576503301454e+03
2.077574010806224862e+02 -9.827971934071469150e+03 6.976186682798414040e+03
2.678405902622224312e+04 8.554260820221719041e+04 -8.761233972556913795e+04
1.184859155106460548e+03 -6.406931625296736456e+03 3.405040495630754322e+03
6.352063489304209725e+03 -1.598453314773551028e+03 -3.990774397352604410e+02
9.123026500795118636e+02 -1.133975951062997046e+04 1.235280054433066880e+03
-9.024684647759555446e+03 2.415055678985806026e+03 -1.736212448147591658e+03
1.245784762089168908e+03 -7.963542522613977781e+03 9.826915455365073285e+03
9.887044987983332476e+02 -1.160107244714783519e+04 2.663633696155093730e+03
3.950957562085452082e+03 -3.339617411577134135e+03 1.029753046425204411e+04
-2.683744339203546588e+03 -7.690252317422028682e+03 -2.947749051814385894e+03
1.480203199430323002e+04 -2.203107416759873740e+04 -1.282857204022933365e+04
1.033611106041735184e+04 4.894297075671661150e+04 -6.985139365634505339e+03
5.435999759000416816e+03 -1.033166594201511543e+04 3.860444087448363916e+03
-9.042600901002887213e+02 -9.933182120630046484e+03 3.266900657850620519e+03
8.547958380237140545e+02 -1.193670657191395367e+04 1.259910668140769076e+03
1.932491057387671754e+04 -1.293194131653073782e+04 1.213457502815008229e+04
7.034991751638708593e+03 2.222466145659861922e+03 2.048811734566954328e+04
-2.195379542090495306e+03 -9.925717364090034607e+03 4.013384023708781115e+03
1.346338699652200194e+04 -1.416386588412989659e+04 -3.134050495047272307e+03
3.169345611770426331e+03 -1.554438217083588825e+04 1.739342626511301830e+02
-1.202704268015572552e+03 -1.496691153443296207e+04 -4.383730818908250512e+03
-2.957153132844696756e+03 -1.644179880521056111e+04 2.865450040934390199e+04
5.644195042885151452e+03 -1.406817955653801437e+04 1.604196638017057921e+04
2.663461216271041394e+03 -1.379736005543576175e+04 2.806934866910682558e+03
6.570651127515278631e+02 -1.042281109328370258e+04 3.835432247378778357e+03
-7.130399056429911980e+03 -1.702465959062085676e+04 4.462041057617670958e+03
6.860653946707065188e+03 -2.344615507045603226e+04 1.823374511509751392e+04
-1.227767179323474238e+03 -9.369205213897315843e+03 4.242150070811093428e+03
1.332938401124265511e+03 -3.478237583576913312e+04 7.826267648859512519e+03
-1.414717031759205929e+04 -1.356532179330596364e+03 4.538025304076377506e+04
-4.994662773491998087e+04 7.915505674600754901e+03 3.824476040324865608e+04
-1.747805422124856932e+03 -1.100249935706522774e+04 7.690653255984394491e+03
1.630137705812856439e+04 -7.004363389417971121e+03 7.590525082108090828e+03
-2.496357552858374220e+03 -1.017399756390200855e+04 5.061761253211889198e+03
1.150657493524343636e+03 -1.182178037976099040e+04 1.604616123522434236e+03
-1.274670411348467860e+04 -2.998225330626339564e+04 2.199793436536205263e+03
2.676368097003554067e+04 -2.349054312471084631e+04 3.751087380575118459e+03
-1.374083508679254919e+02 -1.520105393801195532e+04 2.366998163733695037e+03
7.500775244019700949e+03 -6.493027636518413601e+03 1.043916635633994156e+04
5.291861819958726301e+02 -9.142862721275872900e+03 -9.798132011082969939e+01
2.976294111607795116e+02 -1.319526954594090421e+04 1.637369359175962472e+03
6.875894139927008655e+04 2.726732416832899980e+04 -2.696623334947078547e+04
-2.877633496965843733e+03 -1.462640260254514214e+04 3.582502986031460296e+03
-2.688835199228799411e+01 -1.070607669707895911e+04 1.579592007327673173e+03
2.013532590774331766e+03 -1.472677645106732962e+04 3.713863824368657333e+03
-4.633106873216998792e+03 -6.568028693923010906e+03 8.282165375530135861e+03
-3.523361096835131320e+03 5.890485519385501902e+02 1.159550987458826285e+03
1.670107436396661342e+03 -1.180385652238752118e+04 -4.256862400182545798e+02
-1.217345262045863783e+05 4.769354290629303432e+04 -6.247917366142516585e+03
9.346896695601482179e+02 -1.541333152252581385e+03 -4.562693626930016762e+03
7.763665524763830945e+03 -1.312174270796992460e+04 7.704168616638149615e+03
1.341148895902243203e+04 -4.575975884014927942e+03 2.396607256010160654e+03
1.764064524218389488e+04 -2.545592132970604143e+04 1.081741153720185366e+03
-1.139232663709758526e+03 -1.448828899380794246e+04 4.630477459264203389e+03
4.978977960247727310e+02 -1.362159870770187990e+04 2.775306780707730923e+03
1.367370636584987551e+04 -1.264241366327448486e+04 -1.849482056807440313e+04
-9.321470299931004320e+02 -9.177350712683737584e+03 3.219566566724181939e+03
1.964329726315979542e+03 -1.213955902578808855e+04 1.162694802750002509e+03
-3.496987890449123370e+03 -1.224292836049509060e+04 8.949740660196943281e+03
5.441337705733585608e+02 -1.611546077985344527e+04 3.422435547526300184e+02
2.678007861914235491e+03 -9.293847270996140651e+03 1.973194099560786981e+03
-5.159780335611034388e+04 3.197873290444541635e+04 6.279420404347262956e+04
2.006111789669992731e+03 -9.452039434979644284e+03 2.524044504016530027e+03
2.205761883967031463e+04 -1.673234018965622454e+04 3.292837002020386990e+03
2.265540618274719691e+03 4.419126035598491171e+02 -6.581016967581141216e+03
1.914988204995413980e+04 1.997026115520474559e+04 -2.403976757222880042e+04
-5.832562155242867448e+03 -1.001329270497455764e+04 2.954433317169185466e+04
-1.029105445306255751e+04 -2.658195331691659521e+04 9.136040416131267193e+03
-2.801330891160107512e+02 2.423425018411509154e+04 5.279977091920949533e+03
2.860620761933018912e+03 -5.116107422086516635e+03 5.442237448056148423e+03
-4.940844734983750823e+04 -3.385397763176749868e+04 -1.961727651466006864e+04
7.201381214522056689e+04 2.587984063258448077e+04 4.345425442126009330e+03
5.066896978478902383e+03 -1.068758502693096307e+04 -2.171336551768610661e+04
5.188366822382200780e+02 -7.628952405608469235e+03 3.826875156334331223e+03
5.695546994025385175e+02 -1.115029100662604105e+04 2.003011490933341747e+03
9.754990605781056729e+03 2.670810552029243991e+04 4.213530806312499408e+03
-6.521695312875574018e+03 -2.468518706716331872e+04 1.835450467783518980e+04
1.185630281933122660e+03 -9.993368527473816357e+03 1.522022292825530030e+03
1.452330627808395093e+03 -6.404029641316167726e+03 -4.029386489110228013e+03
-8.566269661222699142e+03 -2.365279214202864750e+04 5.593718219147660420e+03
9.164384211018352289e+03 -4.454594221749114695e+03 1.083279757060503289e+04
3.980184630794631175e+03 -3.061812266536711468e+04 2.781351916534324846e+04
5.478779062172205158e+04 1.376401082096811297e+04 -6.412592189133825741e+03
4.434912212937806544e+03 -6.929454241920722779e+03 -2.473829575104107789e+03
2.268963177084669042e+03 5.276863256989992124e+02 -2.276249458536338352e+04
-2.770960501861978628e+03 -1.433545679078880312e+04 5.927472381179122749e+03
2.948566603471651888e+03 -7.454048198386363765e+03 1.430374936870631473e+03
-3.257715665865403935e+03 1.777016664623651650e+03 4.121993543907423373e+03
-5.641026184421970356e+03 -1.009642767171654305e+04 2.611602747627223835e+03
4.509476862416827316e+03 -9.056071676382713122e+03 -2.798481527346926214e+03
1.852936330351530387e+03 -7.238291117984525954e+03 1.218500430117512769e+04
-9.914300667836370167e+02 -1.034808801107890213e+04 2.861818522961727467e+03
-2.996150811595963751e+04 -1.474118996261275242e+04 2.237012542448475506e+04
-2.866061156400216078e+03 -5.985210596885742234e+03 6.368612202631358741e+03
8.068301663822064256e+03 -2.111635358500798247e+04 8.293527867635728398e+03
9.680233818926246386e+03 2.647637954745612205e+03 7.821007919010600745e+03
8.886553560851234579e+03 -1.884804865798474930e+04 -7.950606064275203607e+03
-5.061416493420447296e+02 -9.914176074919125313e+03 -2.810763168288055112e+03
-1.918361539490406813e+03 -1.096210084584743527e+04 7.540760596976688248e+03
4.670772153817511025e+03 3.053646757513973171e+03 -1.610347176792894970e+04
-1.325004513622855029e+01 -1.175372455447453649e+04 -2.474153938894914972e+01
-4.946684800488555629e+04 -5.718305044826091944e+03 -8.458499807067471556e+04
-1.475137371464976422e+04 -1.901821283339407819e+04 3.177581696941609698e+04
3.996801590901166492e+04 -9.354331675974359314e+03 1.563513604455895620e+04
4.262886498037791171e+03 -1.163760160335415276e+04 2.244087653634328035e+03
-3.933229043538348924e+04 -9.463005633482565827e+03 -1.340169860231534403e+04
-3.650053791412303326e+03 3.023823868781518740e+03 8.378550200843301354e+03
2.322065622068779248e+03 -1.451086046820968841e+04 -6.453707269389979047e+02
-1.468063848134788032e+03 -9.210822134583251682e+03 5.277727997272989342e+03
2.280186006260038994e+03 -9.729358514688710784e+03 5.903484668647955914e+03
-9.309785723604699115e+02 -1.285369991579437556e+04 -1.303639874827271115e+03
-5.627809341796668377e+03 -1.043332727408249048e+04 2.431690899261539016e+04
1.651281397030646258e+04 -3.455551742731409831e+03 4.486131265964280828e+03
1.076944579370156589e+03 -1.162821282744054588e+04 2.468293323820395472e+03
2.681107254501959233e+03 -1.540128638674672584e+04 2.235874150453309994e+03
-9.796311003505192275e+03 -8.329149487235197739e+04 -7.877456288498207869e+04
5.279063775832038345e+02 -9.457583092348762875e+03 5.361443867090951244e+03
3.797851182861612870e+03 -1.944285589921562860e+03 1.185989227710229898e+04
-2.987708137182679275e+04 1.539105534629120484e+03 3.363655043793150253e+04
5.414755780646200947e+03 -1.046635943498646384e+03 6.598761054052209147e+03
6.637733005001566198e+03 -6.606949161492439089e+03 9.854371603731118739e+03
-2.894468865202353481e+04 -3.527848268211574123e+03 -9.719764660285913124e+03
-5.205990231366848457e+04 -1.045567993922332425e+04 -8.770521157843447872e+04
-9.758719199511263014e+02 -1.197593989719308229e+04 3.221326088604822871e+03
8.248153204056989125e+03 -1.752411179167007867e+04 1.395876873853395773e+04
4.655863134225145586e+03 -7.037164375803877192e+03 3.824345695841951056e+03
9.463993408747675858e+03 -1.591302474774963594e+04 -1.925234842332617973e+03
-1.708373384426079610e+03 -7.969445812973263855e+03 3.584179884798997591e+03
-5.648498743936399842e+04 -2.370235436895487510e+04 3.522535596116105444e+04
-4.309213201239782211e+04 -4.027867738234982244e+04 1.961284189167371005e+04
-1.157132126494909244e+03 -1.166069625481498770e+04 4.202613056984633658e+03
1.731173335515494546e+04 -1.476018393036931593e+04 -4.145751483339553488e+03
-4.349238634776225808e+03 1.203604972227385042e+04 7.118705716756510810e+03
-9.351847566727742560e+02 -1.212995934260539616e+04 2.764901400866252061e+03
2.178118284739455703e+03 9.534093015764981828e+03 -1.658595397289156244e+04
6.047545614800367730e+03 -1.139655015628653200e+04 -9.307422430973912242e+01
-1.302196068565882115e+03 -7.538373980337344619e+03 9.278242963374934334e+03
-1.504761673836638920e+03 -1.060002468773600231e+04 4.118366971975526212e+03
-1.218384479379754794e+03 -1.339184674200863810e+04 5.804270057918064595e+03
-1.060916645864455131e+04 -1.096899496161637762e+04 -2.428736176771242754e+03
3.208075166580809764e+03 -3.487479297254521043e+03 2.597391230867470767e+03
8.320669119981344920e+03 -7.441378929941038223e+03 5.860179642006024551e+03
-4.907033157017549820e+04 -4.586003752235056163e+04 -2.485877400157360535e+04
-1.842245850949819214e+04 -4.968593683408910874e+04 -2.134936164763759371e+04
-1.455769937057769857e+04 -1.301148162940537259e+04 -1.561819399051518758e+03
2.877251216639954691e+03 -1.133764798805398823e+04 -3.308198933686338023e+03
9.076666688497674841e+03 -1.222452823274328330e+04 7.248251294157529628e+03
-1.442131946052317062e+02 -1.343384401140893533e+04 1.445318780171033040e+03
1.162127005036853006e+03 -1.834534687683576703e+04 3.889147869141127558e+03
6.482483195858128965e+03 -1.239295849525609083e+04 -3.970545496010837724e+03
1.480229279360352621e+03 -9.520204062841392442e+03 3.086694452841127713e+03
-4.469173513048535824e+04 -4.320012313603045186e+04 -1.024830860594238475e+05
-2.470331130627486800e+03 -8.011924123536574371e+03 7.243839568549350588e+03
-2.009313374253965549e+03 -1.408915366848624944e+04 1.146184359120590443e+03
4.856072106585334950e+03 -5.341548271599808686e+03 3.758996814210669072e+03
1.492720172731211733e+03 -3.063893536654212312e+03 2.192272910791692993e+03
3.979858922920553596e+03 -1.259361067665930568e+04 8.440361102068045511e+02
-4.703626784713132110e+03 -8.022649919379685343e+03 9.111116173811496992e+02
9.855627409244087175e+03 -4.853832470347872004e+03 -1.128726683547963148e+03
-1.495259488891443470e+04 -4.591816993187981279e+04 -4.306075140719277988e+04
1.170489449592992423e+04 7.759882776575574098e+03 -3.198487862037592276e+04
1.084611159380016034e+04 1.714400990151557926e+04 -5.146337220751020504e+04
7.708875033992845601e+03 9.802143697094338677e+02 1.176303148062575201e+04
-7.921877762064918898e+02 -1.258340021851123856e+04 9.969204780416999711e+03
1.258589115740131092e+03 -7.780024384184616792e+03 1.132144591278347616e+04
-6.722551402415799203e+03 4.962324162289227388e+04 5.479294258576923312e+04
8.473624843394985874e+03 -1.280338795605684936e+03 1.849280170786289773e+03
1.807318238919502846e+02 -1.086947887407522285e+04 3.197293096813482407e+03
8.168174014256486544e+02 -8.466564925460448649e+03 3.922566511198684566e+03
-4.289184709323230891e+03 -1.252117797182013965e+04 -2.555842271265585623e+03
-7.402830919997280944e+03 -1.375768550800412049e+04 6.598536002209028084e+03
-1.351779963207008586e+04 -1.861469107604589954e+04 1.586862115869746231e+04
7.487112106346829023e+03 -1.197065865834863325e+04 -3.673922864177623524e+03
-1.967847469771288161e+04 -4.866812243106856477e+04 3.058539205273929110e+04
4.676769135268109494e+03 -6.592057724693575437e+03 4.264214903006806026e+02
-9.601681363175027855e+02 -1.418173477909600297e+04 6.346743346416496024e+03
-5.010322230462908919e+03 8.514574706774316155e+02 1.134866337312797441e+04
-2.632209203896513372e+03 -1.109411786237383058e+04 7.238692261843832966e+03
-2.855324835623358013e+03 -1.848804774524289314e+04 9.940294625435274156e+01
-2.272082490732625047e+03 -1.076988610064055138e+04 2.584095865515307196e+03
1.908180711228060318e+04 4.785931863113401050e+04 3.331084060955602695e+02
-5.151198658920690832e+03 -3.871040411381302874e+03 5.900459227954424932e+03
3.189295124997411676e+03 -1.019964253019053649e+04 -1.638433552837231673e+03
8.923943798708039594e+02 -1.241574144307839379e+04 1.928613838504028990e+03
-6.487628358111587659e+03 -1.159228847009028686e+04 3.968140320331696103e+02
-2.553902421206989288e+02 -1.024888856999175187e+04 2.759725262344039947e+03
-4.377133436189407803e+03 -1.653952427588698993e+04 1.460234750633438853e+04
6.304093153151105980e+03 -4.095116103873252200e+02 4.715665518133987462e+03
2.158512925563030876e+03 -3.765939595795883361e+04 -1.198540701834732863e+04
-1.964659346260316852e+03 -1.012718775310181991e+04 3.935520973078905172e+03
-1.083487663599593798e+05 4.076435622234506809e+03 2.352552918291235983e+04
-7.520132141438880353e+02 -1.401466057358375656e+04 2.849167587468858528e+03
-1.666422542395893515e+03 -1.663643555281651425e+04 2.324294693385822939e+02
-9.051632372824478807e+03 -7.253827167182516860e+02 1.145821336277366026e+04
1.054317182393440271e+04 -1.880632410438616716e+04 -2.299250660158265418e+03
1.005925583458054825e+04 -1.155246889110779193e+04 -2.175752194944458097e+03
-6.509398822700529854e+04 -5.900307525432792318e+03 3.508915445474927401e+04
-2.459831806296323521e+03 -9.431719045193800412e+03 1.280733874715665934e+03
-7.276477765321367770e+04 3.284311641157809390e+03 9.676999844586853214e+03
-2.076282274985928780e+03 -8.890865159850030977e+03 6.489975126292260938e+03
2.793896340706899991e+03 -1.730762751249165012e+04 3.374478520384813692e+03
-7.082076632285721644e+03 -2.205342742417443878e+04 6.462511826746906081e+03
3.261338043666623889e+03 -2.237070637681685912e+04 2.426118204038401745e+04
4.204751892150067761e+03 -1.791299349816124595e+04 -1.451651501159054078e+03
-1.839991094640063238e+02 -1.049346750960166355e+04 3.539011044364544887e+03
1.058465022810383925e+04 -1.515366130438301661e+04 -7.962171570157910537e+03
1.940580028916806441e+02 -1.055453285528735614e+04 2.904335263777923956e+03
9.663826730427796292e+02 -9.368160478647565469e+03 8.207324788705602259e+03
8.003134813730099268e+03 -8.342076196925419936e+03 2.459480836386971987e+03
3.480944094497468768e+02 -9.936339888935350245e+03 2.517215638265137841e+03
5.478369947344284810e+03 -7.899363271254035681e+03 -4.634564161536888605e+03
1.219704197955491736e+03 -1.008343472497084258e+04 5.440465732862528967e+03
3.937604387778562796e+03 -1.014062217916295958e+04 2.834430923235378941e+03
1.398714462315311494e+03 -9.422857541441138892e+03 3.161295543379944320e+03
-3.321423254856259973e+03 -1.132989489137512646e+04 5.559714043167280579e+03
1.080827785094429055e+04 -1.404602016316497429e+04 8.299451987492238914e+03
1.072332004537250214e+04 -8.125744160367982658e+03 -1.117042283678471222e+03
8.567439217685690664e+02 -1.002068193908102876e+04 2.999281270389779365e+03
2.712955224874239320e+03 -3.953790040184353074e+03 -3.099732579953304139e+03
2.633126904599940099e+04 -9.900678528894157353e+03 1.510848211939032262e+04
7.160685267177505011e+03 -1.096319486710754245e+04 -2.625795236464908839e+02
-4.515882458476537431e+04 9.866375732023914679e+03 5.450075635454333678e+04
3.678352851987101985e+03 -1.311774993801788332e+04 3.172060985893279394e+03
-1.344098306305676715e+03 -2.861327910144819270e+03 1.095607622416683262e+04
-2.053869812090704272e+03 -1.137049538206340731e+04 4.393358220083279775e+03
3.204891687386179910e+00 -1.267628313155432079e+04 8.612094948669562200e+02
-8.086989928163316108e+03 -1.448596836914817504e+04 8.573855261111344589e+03
-6.336375617638453150e+03 -1.221267431782413041e+04 3.944480101884400938e+03
-9.454551788269607187e+02 -9.558115179399503177e+03 5.502814473002210889e+02
-2.768861432776346192e+04 -3.507300110060848237e+04 6.396623641504286752e+03
7.350943123098813885e+02 -1.183901535095321378e+04 1.979599966813019364e+03
-2.067360964713263002e+03 -1.232196233626550747e+04 7.153699309988298410e+03
7.183064291957817659e+03 -2.120826630973052306e+04 2.816782673764575975e+03
-3.977565005477524096e+01 -1.318994485180713127e+04 1.036184984713314407e+03
1.505629921191766016e+03 -1.108464525227433842e+04 1.616627777371051252e+03
-5.181908227210416044e+03 -1.235013379385304142e+04 1.565406266587551545e+04
7.741615782998202121e+03 -2.105492960160630446e+03 3.197557059023401052e+03
-3.047013131935721049e+02 -1.234489696312167143e+04 2.381201908403696962e+03
-1.793651183348181121e+03 -8.583780605005471443e+03 3.307672836991839176e+03
1.794265863834499760e+04 6.166089127221708850e+02 6.136967376087419325e+03
-3.126830538765482288e+03 -1.318848723177718603e+04 1.724923674391233817e+03
8.928910526252331329e+04 4.793662698329125851e+04 9.945298146535545811e+02
-1.709056060046704943e+03 -1.153083004125067237e+04 4.453308322394776042e+03
2.203141949244321950e+03 -1.417925100798502717e+04 1.313138359586553179e+03
7.139131487305429573e+02 -8.618064869854368226e+03 5.139031039167548442e+03
1.830004978901736649e+03 -1.128058532796352301e+04 5.276396133381994105e+02
4.664956539311604047e+02 -4.075203547171742230e+03 5.467969562323326500e+03
-4.602108251016079885e+04 -2.607984292786831065e+04 3.568887157543300418e+04
-5.004781128938971960e+04 -1.124028569848080406e+04 5.182860728166464105e+04
1.309140959792685408e+03 -1.112942913047606453e+04 1.989178572565889226e+03
8.691988866232797591e+03 -2.943547806178270548e+03 1.555198215284694015e+04
2.908270283568750529e+03 -9.228668924106661507e+03 2.305899686067044172e+02
1.036163686782860714e+04 -1.145435481895611520e+04 -1.010744856242000509e+02
-7.790342967190572381e+03 -7.512122953004287410e+03 -2.465084546944573503e+03
1.150215036249419063e+04 -6.185783841108535853e+03 1.260529228548601350e+04
-4.903245107527515756e+03 -1.496753712603482018e+04 2.608011999268137970e+03
-9.124886297871437364e+02 -7.913715072865932598e+03 1.597800633965947554e+03
-4.406987238320604774e+03 -8.867835920165984135e+03 3.460725260214956961e+03
-1.319268548958958854e+04 2.793018695932531500e+03 2.370715442226143296e+03
7.493270556216507430e+02 -2.730927002389387053e+04 1.878810358799557434e+04
7.965150582168722394e+03 -9.898428351974313046e+03 1.683604393012878063e+03
-1.490435966055207973e+04 -4.089707872861238229e+03 4.134508475123249809e+03
1.875485129884494881e+03 -1.475871364386039022e+04 1.357842794708508700e+04
-2.495398854478562043e+03 -4.023147897608317180e+03 2.885772903327907443e+03
-2.637021135933348705e+04 -2.223347760860409471e+04 -2.654319614579475819e+04
-3.486592240599356501e+03 -1.014552630358155511e+04 2.609382974371916134e+03
-2.010320789134316874e+04 -1.892126805375830736e+04 -9.135953374320612056e+03
2.958507520791687966e+03 -1.226427804016883238e+04 9.713356899095324479e+02
7.860840408282438148e+02 3.408767458786442148e+04 1.117321817385757186e+03
-5.642611415671456598e+03 -1.971791960098499112e+04 -1.176601501002090799e+03
1.339700563192654772e+04 -2.102285375900728468e+04 1.535222386410948275e+04
-1.235274173919308305e+04 -2.869418219574230170e+04 -1.786699159646601038e+04
1.235731256542083429e+04 -1.502142855242170845e+04 1.604960279686937611e+03
6.157952242780223060e+03 -2.573773490065503574e+04 -7.139227884329936387e+03
5.651789626304765989e+03 -1.460734886183684648e+04 -1.215487850257592527e+03
-1.321276093971576847e+04 -2.587505663896988699e+04 4.721970302442115644e+04
1.610086241122898173e+04 -3.074868700960507340e+04 3.098729098423582855e+03
1.360012682172709901e+02 -1.073363172508982279e+04 1.821365706371261695e+03
-1.007163009997723384e+04 -6.645990951328887604e+03 4.488830562685569930e+03
-2.406501839170454787e+03 -3.460890247368016389e+03 8.435884277681760068e+03
1.849864400532377203e+03 -2.655789555034712976e+04 -2.839452794354418529e+03
-9.301590177548101224e+01 -8.970339071927033729e+03 3.530074495569554983e+03
7.556687021166078466e+02 -1.232325021540465241e+04 3.316946273195963840e+03
2.633444311845238644e+03 -1.282358344523127380e+04 1.673602907747276731e+03
1.110317477573511133e+04 -1.088604417915838894e+03 6.949101487014639133e+03
-8.631871283673166317e+01 -1.166932889915978558e+04 1.995734489230355393e+03
-3.919709262972200577e+03 4.982577532975693430e+03 3.917365911692350437e+03
3.287810633932500650e+02 -1.717042899167770156e+04 7.085760502938121590e+02
1.080515233082242776e+04 -1.174335148700132413e+04 -1.580975679730544016e+03
1.716398401220414235e+04 3.605720636331642163e+04 1.034058095968762245e+04
-8.001970021784373785e+03 -1.840088007652192391e+04 -1.048064690797511139e+04
5.132942088788586261e+02 -1.080068942775133110e+04 2.290617188890388206e+03
8.710202788527043367e+02 -1.231449170835766017e+04 2.846553419993682610e+02
1.657069532832307959e+04 -1.677329923836017406e+04 1.577851789427008407e+04
-2.011510641172442888e+02 -1.113582540996182433e+04 3.235534497965787523e+03
5.471704149841394837e+02 -4.996314499911060921e+03 -1.059389058822481275e+04
9.161510314218893427e+02 -6.749588215326515638e+03 -1.133583726486358728e+03
-5.674425504312216617e+03 -6.248704673668670694e+03 4.475954284552163699e+03
4.033057162616918504e+04 -2.459751151701531853e+03 -2.493010409598886326e+04
3.858836734889986474e+03 -1.121366237193281813e+04 -1.854010610208133585e+03
-3.024317783191810122e+03 -9.679282652262114425e+03 4.028262591895808328e+03
1.754317007367050792e+03 -1.028851830466156935e+04 3.480402544889145702e+03
-1.012930459746431006e+04 -1.774900588790310576e+04 1.693696229654974013e+04
-3.299738611327279614e+03 -9.997464683341680939e+03 3.644217260442315819e+03
2.402742523084972345e+04 5.280803495815450151e+04 3.775272219858846074e+04
-5.327932996610468308e+02 -1.202051046832618886e+04 1.192153544914342774e+03
-6.758553971467027441e+04 -2.904170512038042943e+04 -7.970447410190767187e+03
9.650205449927609607e+02 -8.214010233278064334e+03 4.381276099729592715e+03
3.993806731018203209e+03 -1.322450094075540255e+04 8.246470079276983824e+02
2.958201999295447422e+03 -6.400027960226409050e+03 3.676486172319088837e+03
9.987132055018279289e+02 -1.360662766827241649e+04 2.348678410464099215e+03
7.055442536952838054e+03 -1.806170405825440685e+04 9.212047999445574533e+03
4.233066648201015028e+02 -8.186043295668071551e+03 4.422072167713847080e+02
1.140831739695382794e+02 -9.633708362540572125e+03 5.254946424684051635e+03
-8.139621366876775028e+03 2.211808513550063799e+04 -1.667143381865296033e+04
1.453112617791673301e+03 -1.024491297459119960e+04 6.810845799692990113e+03
1.892253101320042106e+02 -1.079412467235470285e+04 -2.159345232641437178e+03
-1.367583685752512338e+03 -8.659838594725189978e+03 2.103182936360919939e+03
-1.117003109310453965e+03 -7.859262113351551307e+03 3.393472418224082958e+03
1.292750519778801390e+03 -1.059464255451300960e+04 2.859410992851688206e+03
-2.963326116535652091e+02 -5.137093484014548267e+03 3.054654538329540082e+04
1.165108716009756245e+04 -4.653234302828027467e+03 2.297232080168094762e+04
-7.855700440014989908e+03 -2.004679077672064523e+04 1.961696047591810930e+04
4.033160805552361853e+04 -1.154363788518244837e+04 -4.391995766721168911e+04
1.062939749101381312e+04 -9.246201449965190477e+03 1.468560922437186855e+04
9.494351126940890708e+02 -1.626494066454131098e+04 5.508962877876071616e+03
1.278082130457279618e+03 -1.231483953337537423e+04 1.574400270775480294e+03
-2.557438299828523668e+03 -1.747611629665207511e+04 5.094151941825186441e+03
5.061454038464017685e+03 -6.420772903851036062e+03 -9.784215228869893508e+02
7.516749783903209391e+03 1.818951560792599821e+03 6.015052295281028819e+03
3.523942544177477885e+03 -1.116606708032852475e+04 5.557938279338411576e+02
1.966229606272136152e+03 -1.117511080474244591e+04 2.439496904033194369e+02
-2.863640432045024681e+03 -7.581386234439860345e+03 1.040014611996824715e+04
1.015358938129968192e+04 3.984907166021871035e+03 -3.078690314928849148e+03
-6.735592401197266099e+02 -1.291618459567642458e+04 5.298551431361651339e+03
8.294744599216787719e+02 -1.267554292849735793e+04 2.844881535947085922e+02
-1.792618248816139840e+03 -1.302379901549058741e+04 3.148696786360480019e+03
6.110130496075205883e+03 -2.599508795616682619e+04 -1.117831692515297073e+04
-1.826692768316801676e+03 -1.315376903932629284e+04 3.075214179056515150e+03
-1.563330212968349770e+03 -1.370955015387174899e+04 2.174113887999340477e+03
4.255843360213983942e+03 -1.122409746352319416e+04 9.026378155428549235e+02
-8.990122560225554480e+03 1.358624959469684109e+04 9.495111961793876617e+03
2.760278990310080189e+03 -1.073528772773668243e+04 -1.423151092273019640e+04
-1.890874163891637181e+03 -6.140363636972290806e+03 7.751709664343596160e+03
1.134398314415693858e+04 -9.795823866500961230e+03 -1.176848941375264803e+04
-1.020790260897871849e+04 -6.387217670342392012e+03 3.691249359284842285e+03
1.131291898767097700e+04 4.197450613677316142e+04 8.614206472772222696e+03
1.488404871280338739e+03 -1.181851404409944007e+04 2.657952776001124676e+03
8.976786734518083222e+02 -1.173046216792344239e+04 2.133386443389157193e+03
-9.748116896200640440e+02 1.875887608752350934e+04 2.271365177984483580e+03
-3.856119856128129868e+03 -7.388513349523927900e+03 5.411578211187914349e+03
1.203924777636192266e+04 3.226347183501910081e+02 1.149811337251457189e+04
3.728116504248943329e+03 -1.039511062094510271e+04 1.167140886738473910e+03
3.147655893411480974e+03 -1.296382939606230320e+04 6.048003234043682824e+03
1.406479962435233233e+02 -4.093101374387173337e+02 -1.640221204116353329e+04
2.158271075269309677e+03 -2.163055987157965137e+04 1.019638459757590863e+04
-2.082816438328804907e+03 2.715771358986440646e+03 -5.409804666151048878e+03
5.310691380248707901e+03 -8.561374219882647594e+03 -7.979158024799684426e+03
6.892118152732045928e+03 2.260401954673942964e+04 -4.481196054700012610e+03
-1.765431208204577445e+02 -1.184229639344023417e+04 2.462614814849160666e+03
1.390694352257511309e+04 -8.765927479986989056e+03 1.485845127459098649e+03
5.822708993065524510e+02 -7.893081377220572904e+03 5.079714113910148626e+03
-1.589625789953021240e+03 -1.407693869971820823e+04 4.403483681770229850e+03
1.721871079307065202e+03 -1.146617974566329212e+04 2.554694139155914854e+03
3.519258210839996991e+03 -1.161372381962426334e+04 -1.213453450528146504e+02
3.443050944874462857e+03 -1.788917408930666352e+04 1.167610809452356989e+04
-1.268948297765202824e+02 -1.330503201162851474e+04 2.913481336532062414e+03
-1.085448655495249142e+02 -1.048481026357679548e+04 2.940844299024234260e+03
1.172451142893338101e+03 -1.160326310492517405e+04 1.615952697543934164e+03
