6.620671915331516175e+03 -3.890125780826577284e+03 -6.359227708260549662e+03
8.834852105864161786e+03 -1.073686990485755632e+04 4.862032424394114969e+03
3.758270030952813613e+03 -1.160328298633855957e+04 -2.975712755601963408e+02
1.033011646268230106e+04 -9.935663323021124597e+03 1.949144031571032428e+03
1.285763413930854767e+03 -1.380788866461183898e+04 4.720618233320573381e+03
4.157865994058680371e+03 -1.249977443239044624e+04 5.241351722680599778e+03
2.738181079649064850e+04 9.108685088129703217e+03 3.796958156122567743e+04
5.662349001895007859e+03 -1.368105707462516330e+04 -8.073056674451435356e+03
1.691649934527843698e+03 -3.533092697881483764e+04 1.452355604809171382e+03
-8.184600498315186087e+03 -1.688935018421502537e+04 2.438602960627332322e+03
-2.651964785345406563e+04 -1.913265856299794177e+04 4.989092799925411236e+04
2.116789586784758740e+03 -2.337112095422638595e+04 1.186813393283822006e+04
1.636965350434973880e+04 2.630518198167939045e+04 1.242988951513242318e+04
3.846649004626823626e+03 -1.232329240029887478e+04 -1.239042642209092037e+03
2.958458935294272123e+03 -1.027337450385265947e+04 -3.311526900709073288e+03
8.437558408086290001e+03 -2.060909445228008190e+04 -4.253455957316772583e+03
3.720471633828809718e+04 -9.046684299684977304e+03 -3.296842542986310946e+03
4.250529862185057573e+04 -6.139968108157737151e+04 -5.333871597190064676e+03
1.774252021008900556e+03 -1.200680699156091941e+04 -3.513801954445851834e+02
3.447823032753186112e+02 -1.740421774716610526e+04 -7.710880144764277247e+03
1.105527163505446424e+02 -1.432027221360357908e+04 4.311187787254859245e+02
4.337847311476421964e+03 -1.644168592821142738e+04 1.564800767907927593e+03
1.559168014766783745e+04 -6.812288760362211178e+03 3.331923940567587579e+03
-4.325450110841007927e+02 -1.015999862367259993e+04 9.300572414265261614e+02
-2.202328444250922985e+04 2.202757880581111021e+04 -3.509842088487527508e+04
3.409469531487289714e+03 -1.782706454231569296e+04 4.550699830338501670e+03
-2.273513106152974160e+03 -9.465610552369467769e+03 -6.343404538036064878e+03
6.285412963662593029e+03 -1.807020209480079939e+04 1.244508106795456843e+04
-1.332244338033558961e+03 -7.929905116981150059e+03 3.041269113325809940e+03
1.497519949867034711e+03 -1.125795519757435250e+04 4.090444355090475710e+03
-2.083314771601679240e+03 -2.450148970322537207e+04 -6.536086182301933150e+03
4.375580082591892278e+03 -1.288193419004511816e+04 4.481022914130351637e+03
1.713649907829350559e+04 -1.884149736458577172e+04 1.095500062801311833e+04
-4.927600270690005345e+03 -4.478114476382414978e+03 1.116010439076064722e+04
1.710880087025478861e+04 -3.424493834245899052e+04 -1.869934097095665129e+04
6.200880012517076830e+04 -7.992222195884045504e+04 -2.162988602514683589e+04
-3.445068899526567748e+03 -1.311471896921546613e+04 -1.130935764755547098e+03
9.068949646191716738e+02 -1.430904398062457403e+04 -1.561850889184756852e+01
5.045438043820452549e+03 -2.547191634908838387e+04 5.924079039004633159e+03
-4.875331519253886654e+04 -4.175506050988569041e+04 3.977799758399034181e+04
3.322727141506092721e+03 -6.598613686642942412e+03 6.586437392078141784e+03
2.192940907134907320e+03 -1.166164657712660664e+04 2.615877286310163981e+03
1.528379631873925791e+04 1.857318865234724217e+04 -3.590881072360234248e+04
5.809820417129643602e+02 -1.014845878150582757e+04 1.631938033157969130e+03
-3.928209129648168982e+03 -2.749898101561004296e+04 3.266738377278606640e+04
-3.019092110515936156e+02 -1.199168046270539526e+04 9.269881377064492654e+02
1.495593845819151284e+04 -1.305540321340971968e+04 5.718486585250101598e+03
-1.956902097283685634e+03 -1.978568466648191679e+04 9.142358176730020205e+03
-1.483539640400650569e+04 1.895401512312158957e+03 -1.950193258935885387e+04
-2.403141966947271067e+04 -2.427485047234060858e+03 4.352661080066703647e+01
6.230956785407157440e+03 -8.114309560163305832e+03 -1.955268094301008887e+03
5.650264063827853533e+04 6.581905606117590651e+03 2.759304007362936773e+03
-1.118704485918917453e+04 -8.307721719288641907e+03 -1.564069120695400488e+04
2.908184598493447993e+03 -1.675302682211090723e+04 7.092673605738678816e+03
3.812432758753244798e+03 -1.258454949460851458e+04 3.666398743986922454e+03
1.631934648704180972e+03 -1.254558024737230335e+04 1.591523780755284747e+02
1.273492708096511024e+03 -8.715725455931225952e+03 -5.919907862106160792e+03
1.670065752239671156e+03 -1.162291707124946515e+04 -3.585863226826531331e+02
7.371788576808035941e+03 -1.854599362833358828e+04 7.356942475974293302e+03
7.327031397556007505e+03 -1.298839400563612799e+04 -5.317991932079801700e+03
2.920760353563382978e+03 -1.985512989857352659e+04 3.963373009481125564e+01
-5.958789495097094914e+03 -2.356149297584340093e+04 7.399510906165596680e+03
-1.007342994679412755e+03 -8.272691151485132650e+03 -7.725908602860635256e+03
1.162343686434510892e+04 -1.442831307019518317e+04 -1.919275094010262819e+03
6.046468791121201320e+03 -2.630141317656404499e+04 8.102070441005805151e+03
2.426687501015612725e+03 -1.684997357775136334e+04 1.062073191630646988e+03
-9.272293201636763115e+03 -4.927883574118755860e+03 7.604068738641692107e+03
1.433663919405562638e+03 -1.578655322544935188e+04 3.547929928945008669e+03
1.623656863867858192e+03 -1.321338031207816675e+04 -1.577617824090252043e+03
2.217629939717533034e+03 -7.580077699139862489e+03 1.510919886622438571e+04
-7.025623036547974334e+04 -1.090006610366903624e+05 2.721857129811900086e+04
1.185783796171982431e+03 -1.365205944490215734e+04 8.202995999843665231e+00
-1.271468213174497123e+03 -6.746197432729233697e+03 1.640666882385311055e+03
3.432855894491650815e+03 -1.146975921900599496e+04 2.498404568731647487e+03
5.570505626580486933e+03 -1.713505571878756018e+04 -9.398230393591784377e+03
4.384963405093469078e+02 -1.081091256668212191e+04 8.304844480621671892e+02
6.325238998831647223e+03 -1.457108545507524104e+04 1.085591614610508077e+04
2.369836188202836638e+03 -1.339427963031486979e+04 3.137678928540025481e+03
1.052203081519799525e+03 -2.020050127401954887e+04 7.635773777830177096e+03
9.219234922156152834e+02 -7.286644583034738389e+03 -2.280329432265308242e+03
3.984430944007416656e+03 -1.089250487162097306e+04 3.940046983695111976e+03
-1.017148007130496080e+04 -4.306927545684762663e+03 3.787139842296990537e+04
-1.678048912560485405e+03 -1.980058361313329806e+04 1.120645637378781794e+04
6.603673845900152628e+02 1.197465856806855663e+04 5.523159101241377357e+03
1.175419956918796561e+04 5.829441423043172676e+01 1.555944717252480405e+04
-3.255938211853329449e+03 -2.571797959759845980e+04 -1.237389438386699476e+04
-5.888619161966891988e+04 -1.288099617877778364e+05 5.854206105984869646e+04
5.630770973494606733e+04 3.535142065655659280e+03 2.755863896819752699e+04
1.008460348527449787e+04 -1.239370065080883069e+04 4.115316320638452453e+03
-3.587600305387132539e+04 -1.730302446730829979e+04 -6.515626663824697062e+03
3.458193973037882188e+03 -8.239739610606284259e+03 -3.818696320583253055e+03
1.140167353246448147e+04 -1.953421368313804851e+04 -2.738679721177951706e+03
-7.166266752908727540e+03 -1.766718769532668011e+04 1.228779010584838215e+04
-3.189261419919530908e+03 3.250595613761003619e+02 -8.637598727202732334e+03
5.734033518417734740e+04 -6.967302042613139201e+04 -4.353774314081135230e+02
-1.349165025467746455e+04 -1.187331729341506070e+04 5.819536847218865887e+02
6.348833623176957190e+03 -1.006902993463598250e+04 3.709314278204715720e+03
1.060600472062444055e+01 -7.565113080468384396e+03 5.342164626029863257e+02
7.022073202421401220e+03 -8.763061573688206408e+03 8.224270500520979112e+02
5.466343902792460540e+03 -2.153213192794299903e+04 3.189627452051748605e+03
-2.288454557332302556e+03 -1.435629572355854361e+04 5.358415194455237724e+02
-2.408592697357830548e+04 -5.808444549103694590e+04 -5.416166457406325935e+04
3.468580759993412357e+03 -9.988925067102087269e+03 -1.171091729176989475e+03
9.867819287214884753e+03 -3.241266347329376003e+04 9.122136081650038250e+03
-9.699515022457794657e+02 -1.432567537804505628e+04 -1.879574516427003573e+03
-8.224511390391973691e+03 -7.709039273083569242e+03 -4.856191472122005507e+03
2.652389403713788397e+03 -6.282826189676704416e+03 5.701058833809272983e+03
1.607322059152924112e+03 -1.195405497278609073e+04 8.738064759031084350e+02
1.128285762539060670e+03 -1.077041049222769834e+04 5.383830238033333444e+03
4.800493117442142648e+03 -1.215203789337721355e+04 4.895889710961901073e+03
-1.042529413944944827e+04 1.697220352666089866e+03 7.516541509026653330e+03
4.390614322138810621e+02 -3.467110830169703490e+02 4.970816698178513434e+03
2.342375049886558554e+04 -3.250856519065030807e+04 1.054545140835746679e+04
3.660327537122998183e+04 -6.918234993400321400e+03 3.615406421330327430e+04
1.224406017806780937e+03 -1.128654001172481185e+04 3.809067317827217266e+03
1.010376629148934398e+03 -1.502919949292021101e+03 8.467742919932563382e+03
-1.220621643778318230e+03 -1.274515254242991250e+04 -1.899731579495878350e+03
1.082196284174951870e+03 -1.519064965696756917e+04 2.159880077792569864e+03
3.069451212741472773e+03 -1.273491998429013074e+04 -1.253026405412273107e+03
-1.870951002374159089e+03 -1.244308027122202839e+04 2.885238515380442914e+04
1.264807151845448743e+03 -1.035025826942128333e+04 1.681327946548843556e+03
-2.462491857882896966e+03 -1.999563275270618033e+04 1.647095863164944240e+04
-1.499072949757354036e+04 6.292271907894619289e+02 7.928343504438385025e+03
-4.690752776249393719e+03 -1.968260894497807385e+04 3.284444740520451160e+04
6.703911792670965951e+03 2.812803616122285894e+04 7.884588650274190877e+04
1.485866086370613630e+04 -1.699556326639905819e+04 7.263173473943812496e+03
-1.081945337506859687e+03 -8.916600925905831900e+03 7.522825893514001109e+03
-3.054620775875260961e+02 -1.828067723839647442e+04 1.098846902658087402e+03
1.299594451165892679e+03 -1.475454008935804268e+04 1.659667662088773795e+03
-2.354143295577383469e+03 -1.148251153564144261e+04 1.060663797889556236e+03
-3.209517938571631748e+04 2.077749749663729017e+04 1.701720676583413660e+04
2.578086302531736692e+03 -1.156362007268459638e+04 -8.176475075410297677e+02
-1.679215828612853329e+03 -2.052923635062695030e+04 1.038656027482052559e+04
2.181860087665156971e+04 2.886258482554004149e+04 2.527339215452453936e+04
5.982679075655768202e+02 -7.089673067908687699e+03 4.493492366645252332e+03
-2.051963421174912583e+03 9.268635383275704953e+03 6.870596777794959962e+03
-1.000494061412443625e+04 -1.283323850252590773e+03 -2.392246786412113124e+02
3.881910736579099193e+03 -1.477745864889583390e+04 -1.613627095606032299e+03
-9.887458266993492089e+02 -1.120464013821638946e+04 1.566104806636905096e+03
-3.113831635539224862e+02 -7.201728899480503969e+03 -4.400976238397829547e+03
-9.547859607590771702e+03 -5.718086062845406559e+04 -3.297187865871667782e+03
2.488360077696224835e+03 -1.582188071034587847e+04 4.149676860829267753e+03
1.814144977985625701e+03 -1.080526410746714282e+04 -1.026862027468515862e+03
1.197919947368916155e+03 -7.448793516214851479e+03 2.095129841529723308e+03
-1.721993290276662492e+03 -2.591096195374564559e+04 2.664620634889327903e+03
1.877459144626524676e+03 -1.185743114786965998e+04 1.048592809601401996e+03
3.729667514450534327e+03 -8.119376813080108150e+03 3.938953664248323548e+03
1.257965734715117378e+03 -1.007127139899429312e+04 2.987812485531395851e+03
4.078235052783179981e+03 -9.119834433386517048e+03 -1.272631276194972401e+02
-1.005428377056387035e+03 -1.165258404241825519e+04 -1.458102043320293433e+03
2.289283483780678580e+03 -1.052394123852104349e+04 7.652608382730182939e+02
8.428062353328703466e+03 -1.348990243533706234e+04 -1.038702013061921207e+04
1.023131543560769751e+04 -1.882413077695180255e+04 9.810949062837502765e+01
2.158896078466120161e+04 -5.216396664379371941e+04 -3.508213289318436728e+04
-2.385543363656311158e+02 -1.606509064481923087e+04 7.193015002248730525e+03
-3.975761564315568194e+03 -4.199184534136363254e+03 4.125680409932572729e+03
-3.194226126550048502e+04 -2.725359742887729954e+04 2.653960427789608366e+04
5.868690736385993659e+03 -1.032818601800036959e+04 1.639615180386645807e+04
-3.318738116551707208e+03 -1.291230609522381928e+04 -4.569778457818385391e+02
3.342475393400356097e+03 -1.260799686879198089e+04 9.658135429105554977e+02
-8.826198724761305812e+02 -1.247655141551761335e+04 5.677936825589377804e+03
9.917846858294027697e+03 -5.453139353855152876e+03 -6.292156467342102587e+03
-4.200790234769560811e+03 8.580014061479112115e+02 9.078287824270468263e+03
-6.668701522663513060e+03 -5.146972471602130099e+03 -2.300114463682308269e+03
2.587278730057832036e+03 -1.292932767878337472e+04 -2.410740966485198896e+03
-2.733681710481288974e+04 -3.981901056552396767e+04 3.801223652003850020e+03
-4.508705019174590234e+03 -4.399921799947006548e+03 1.732219296892053762e+03
8.414656878541173910e+02 -1.197362836450169925e+04 -1.281029713768563397e+03
1.924040726980745148e+03 -1.409750862801782205e+04 1.573169640741655485e+03
3.410336031104350241e+02 -1.953953934676654171e+04 8.580972523263921175e+03
-4.920413663839688525e+04 -1.091463533899254980e+05 2.902812050676763465e+04
2.482693994653664959e+03 -1.235100917145031781e+04 5.961132763770495330e+03
4.883346379197624628e+03 -1.493728416444931099e+04 2.594388403291777649e+02
-9.056638390302294965e+02 -1.018156670961736745e+04 1.497739096323505146e+04
3.295194936997985678e+03 -2.460631258806883181e+02 -2.738046945408365445e+03
4.606074771290174976e+04 -5.848047507444077928e+04 -2.797112866760567704e+04
9.084379459142921405e+03 -1.528041735968019930e+04 4.623413282215979052e+03
2.423416308087733796e+03 -1.020194317168958696e+04 4.400844986881862496e+03
-6.939451198066316465e+03 -1.254851466191745385e+04 2.895037503626165289e+03
2.180184221976518529e+03 -1.210977961189876260e+04 -1.809971446399208617e+01
-8.862699331037414595e+03 -2.034335975663383942e+04 9.205109916193750905e+03
-2.091617292734925741e+03 -2.628779870368092816e+04 -3.863078889733632877e+03
4.087555678660765807e+03 -1.289857153366454986e+04 -1.376718150966804387e+03
5.319130940460169086e+02 -1.470042132787287119e+04 3.540261524251985065e+03
-1.115279847220451984e+03 -1.247222908002527765e+04 -1.775191037275521694e+03
1.382138534762572999e+04 -1.663950334128944814e+04 -8.303137295423979594e+03
-1.458222494872240134e+02 -8.263902721610302251e+03 -1.759429305565823597e+04
7.691690643802738123e+03 -3.232637960987143288e+03 6.565308149792930635e+04
-4.764467253541647369e+04 -3.291795195347134722e+04 8.178965257745247800e+04
-3.099481509796553382e+03 -3.127771920666929145e+04 -9.124080487276187341e+03
1.069664443364887802e+03 -1.255898871184743439e+04 1.807717689583971605e+03
-4.890599732658164612e+03 -1.403913472625155373e+04 5.475116349517001026e+02
6.810679960849008694e+02 -4.490531437805687347e+03 3.197235916594424907e+02
6.110898643711212571e+03 -1.492640785648448764e+04 8.375378807003785369e+02
-1.355716768707514348e+04 4.580472895304489612e+03 3.533460220405847394e+03
5.890913445284375484e+03 -1.526294312966135476e+04 -3.573126047718921654e+03
1.695466325683504920e+03 -1.214632224789534484e+04 -1.163276944126102080e+03
3.113442805593133471e+03 -1.370454814779206208e+04 8.072380722568424062e+03
5.179435363429844074e+03 -3.478334648169268803e+03 1.378054621927755943e+04
3.555044319652806735e+04 -2.255670086627840647e+04 -1.994108867985453253e+04
7.501311647006124304e+02 -1.135678950584137056e+04 9.455773827584786204e+02
3.035558169512069071e+04 -4.362105278816979262e+04 -6.699306222094173427e+04
-5.586864306984790346e+03 -2.192433854814642018e+03 1.405550937363625417e+04
6.842404732286529907e+03 -9.129820576992771748e+03 -1.255851192963649510e+02
3.739765746108767871e+03 -1.191660223082726588e+04 -5.776696057488688893e+02
-2.661402285515524909e+03 -2.219083512714932658e+04 3.817496384031775506e+03
-1.195332716110569163e+04 -4.677886936726462591e+04 -1.553695255676891247e+04
-1.046762310154083025e+04 -7.488142602377854018e+03 8.883331363964884076e+03
-8.147775532248027048e+03 -1.014868952798828977e+05 1.201011374257318130e+04
1.587295535573647157e+03 -9.080594005195629506e+03 7.691574984964795476e+02
4.109634375252619975e+03 -1.090584139045884331e+04 -2.319854994443949181e+03
-1.908836339912038966e+04 -1.317341575703895978e+04 8.503663672271570249e+03
1.050778956651796307e+03 -1.271635813979743762e+04 -9.946402846646417402e+02
7.758433576650822943e+03 -1.918445069514892748e+04 -5.641596107464433771e+03
1.313563449994912617e+03 -1.019287439548287693e+04 3.454889797854311837e+03
-3.200103443090889868e+03 -1.033162570815347317e+04 1.024527166598639997e+04
-1.111196210682619949e+03 -1.582382157026025561e+04 7.252552894983109582e+02
1.287113213860556300e+02 -1.211813807957574136e+04 5.373315202396997847e+02
3.145372915090709284e+04 -3.466585188512725290e+04 1.754685940454167212e+04
-4.676442812129008075e+02 -8.120931457986410351e+03 2.218315868508498625e+03
-1.155743302201909501e+03 -1.410180300847920989e+04 -1.532986976520443704e+03
3.521105970609054111e+03 -1.426093902300958507e+04 7.098518019058851678e+03
1.750420636391369953e+03 -1.237357346689114092e+04 1.054968925383290980e+03
-8.164287028404478406e+02 -1.272033732858633084e+04 -2.878496468245834876e+03
1.131427018086889984e+04 5.304908222938622930e+04 -4.353081050290230451e+03
1.109140880022828242e+03 -1.120789001031864973e+04 2.393602172154772234e+03
1.841655601811102656e+02 -1.952656727408706138e+04 3.502934309591505553e+03
-2.684838429262579211e+03 -1.637855021001289242e+04 6.988547144275327810e+03
1.938055222854713293e+03 -1.174353028641992023e+04 2.447808301214226958e+03
2.881156383122201532e+03 -1.630451207606523531e+04 1.209947735319171670e+03
3.705864689918111253e+03 -1.374000543493539953e+04 2.424608462496349603e+03
1.743419421134301501e+03 -1.286485107695050465e+04 -2.607155813752644917e+02
-4.861428260901421709e+03 -1.157419819728520633e+04 3.822050726420325191e+03
7.400203976448126923e+03 -1.620515004631471311e+04 -8.561602889536512521e+03
2.116074897591459376e+04 4.156102682772513072e+04 8.013109391904402582e+04
3.933773676817804699e+02 -1.786187100307556102e+04 2.851059153947278901e+03
9.943978478487109896e+03 -2.571318186531406900e+04 -1.293676773581165071e+04
3.381705310031053614e+03 -1.907106888032361167e+04 -2.472258336373768907e+04
1.551443556639217604e+03 -1.536343158692691395e+04 2.987739615572352250e+03
1.083744806445143013e+03 -1.141786848915494738e+04 -2.635307922442199470e+03
-6.187072799635429874e+02 -1.645010850435414250e+04 -2.977513420425944332e+03
5.258688031051188773e+03 -1.818010401883278610e+04 4.306646301124153069e+03
7.055061906213763905e+02 -1.501281711507710861e+04 -1.400099153565119877e+03
-4.367960361439249027e+03 -9.932146897740665736e+03 6.082574987063399931e+03
-4.976012004032938307e+02 -1.476014559372778240e+04 2.321853490726032305e+03
2.237766992045869756e+03 -1.240724925229082328e+04 2.844442080300531188e+02
3.379857536696705938e+04 -4.880635667645051581e+04 3.360859782103986799e+04
7.738840103716573822e+02 -2.705556929444973503e+04 8.742268515870682677e+03
6.366158620334524130e+03 -1.750660667815361376e+04 3.814453388561556039e+03
4.178603345563941730e+03 -1.650687092833781207e+04 1.810030015861689435e+03
1.315534913328608673e+04 -2.511516887270381631e+04 -1.705113139112385761e+04
1.108698770801110641e+03 -1.148442902252566637e+04 -8.043366117282274672e+02
2.006720665632666851e+03 -1.190439970688036556e+04 1.845107687169609335e+03
3.102219481731670385e+03 -8.430127468946757290e+03 -1.366143452067892576e+04
4.563050893981738227e+03 -1.499821740748417142e+04 -7.137472208503131696e+03
-2.190939004338280029e+03 -2.162334752591276265e+04 1.472119117390999691e+03
6.068909128326720293e+02 -1.034029968281534093e+04 7.250575051535101920e+03
4.913073555398945018e+02 -1.646463260846369667e+04 3.182069582464806808e+04
8.520655992768663054e+03 -1.953074950399789668e+04 5.931751113204876674e+03
1.066934197308110242e+03 -9.136709777778780335e+03 7.745028552742292959e+03
5.710196478826876501e+02 -1.388357851859586481e+04 -7.071784434342837358e+02
1.631301675798716360e+03 -1.260733117826243142e+04 -1.431272351646944571e+03
3.853332052301948352e+03 -1.071778418846156274e+04 8.158051066803344838e+03
4.939029438548800499e+00 -1.151631228788778753e+04 1.825214575031368668e+03
3.133480990000087786e+03 -1.024189203145064130e+04 3.143009755195057551e+03
4.936499249790103931e+04 -1.901006452835512027e+04 2.958787805213683896e+04
4.847284026955482659e+03 -1.144703534528532509e+04 6.534973336655384628e+03
4.739061893338126538e+03 -1.209281199416915115e+04 2.641705698829549419e+03
-1.124708585184307231e+04 -8.188184743420903033e+03 8.979333548927088486e+03
-6.338951258717017481e+03 1.192947048492745671e+04 -1.022952898174724214e+04
-1.088429080774487520e+05 2.161883371519388311e+04 6.168131135955692298e+04
1.493355297565434739e+03 -1.289869764427126393e+04 2.644596710244852147e+03
3.034300040758747855e+03 -1.213314755894735936e+04 -2.609115472513240093e+02
6.151496580090087264e+03 -2.146494673271413194e+04 1.300347077374287255e+04
-2.362288964296005361e+03 -1.526978602117565970e+04 -1.647601019484873859e+03
-5.954906507153324128e+03 6.231215920332630049e+03 -7.987522627755705571e+02
-1.178915525320311099e+04 -3.815169126992433303e+04 5.841072417029492499e+04
-6.258112608318822822e+03 -1.519243170972210464e+04 -4.662559930271882536e+01
1.635176090793856711e+05 2.363813640243388363e+05 6.682689999096197653e+02
3.274692182622266955e+03 -1.084816214326964473e+04 -3.245992971982298059e+01
3.066268641428364390e+03 -1.258541657221752030e+04 1.342316872036003588e+02
1.942653408855271209e+03 -1.219570046144454136e+04 1.140670053415209168e+03
2.639353747481072787e+02 -1.526905190517290794e+04 3.751780082717747064e+03
-3.626048879417674470e+04 -2.223182319327195000e+04 4.331788096223190951e+04
1.471222403005937167e+03 -1.189170551758239344e+04 1.573740146495642421e+03
-1.347341444229133685e+03 -1.097519925514669376e+04 1.090480117381857326e+03
9.413340916017219797e+02 -1.192816255348153391e+04 6.939906727910735071e+02
1.438422186093400705e+04 1.959843132766495182e+04 7.311457241413331940e+04
1.161706645196096360e+03 -8.609322391167317619e+03 2.567684798140006933e+03
1.842785936523023338e+03 -1.221095836839225376e+04 1.328534151160211422e+03
3.161803275221912918e+04 6.895263662743258465e+04 6.732241706811418408e+04
5.634287076600760884e+03 -1.632112270375134722e+04 8.719660503044085544e+02
3.534792061352516612e+04 5.288612708619043406e+04 1.917520791441849724e+04
1.408313744991785370e+03 -1.343632011925049665e+04 6.207654988681370014e+02
-7.693392252621855732e+03 -1.260068446207383749e+04 -3.520236174805529117e+03
1.470197539993749615e+03 -1.259482090648031226e+04 -2.410224393938306548e+03
2.365092779910596437e+04 -5.781120717024998157e+03 2.600820669436257958e+04
-6.258751683663604126e+03 -8.364954414630034080e+03 8.865399253459763713e+03
-6.222586804989217853e+03 -8.522252800700973239e+03 6.930813591458669180e+03
2.388361873489759546e+03 5.459637546189252134e+03 -1.503539464297133054e+04
4.893340899294266819e+03 -2.105923227925633546e+04 -1.262328277107605345e+03
-4.613529962932641865e+03 -1.531564824256340762e+04 9.176582614044877118e+03
-8.269687399486174399e+02 -1.129981155543052773e+04 -1.213274249859971860e+03
-3.419897114551211871e+03 -2.424946315069610864e+04 2.951667731228561752e+04
2.863934798377719744e+03 -1.200771934673108990e+04 1.736688076747193463e+03
1.089842422614733005e+04 2.171688470272365885e+04 -2.419270568537452345e+04
-1.241269257553609805e+03 -1.415860313846376630e+04 1.926703844717400443e+03
1.266110299477124045e+03 -1.157674185537470294e+04 -9.020645809833931708e+02
-2.237227550035655804e+04 8.095455408115717546e+02 1.382921898134107505e+04
1.510222199607952007e+03 -1.127573602571474112e+04 2.084322993179612240e+03
-9.637677203704304702e+03 -1.418023590809763118e+05 4.020679952852202405e+04
-9.796388115338806529e+03 -9.220400875176163026e+03 6.796227583295407385e+03
-2.826725471366378315e+02 -1.203907073627504724e+04 2.540303281161037830e+03
4.089482490895161754e+04 4.117202323117826745e+04 2.400120727476660250e+03
3.198517994509458731e+03 -2.360706234051419960e+04 -7.645269299998024337e+01
1.662274954779881909e+03 -1.259495586540389741e+04 1.965357335499506917e+02
1.364432449611532502e+04 -1.343147782294093849e+04 2.681330601851339907e+03
-1.047689291305466668e+03 -1.683102532235403851e+04 2.815996304583038182e+03
-2.130725577952891399e+03 1.752711202318231153e+04 1.933654276416360153e+04
-6.847226491335844912e+03 -4.428731863168188283e+04 -1.713799625612828777e+03
2.981567299176906999e+03 -1.313459508214201924e+04 1.272908083873754549e+03
-1.484025655902649987e+03 -1.115071371457979512e+04 1.402302130398091867e+04
2.186138676353615210e+03 -2.166973798072993304e+04 2.340049946389542310e+04
2.152254878696212472e+03 -7.991481887926272975e+03 9.323205856336760917e+03
-1.164677552087633740e+04 -6.868092614966423753e+03 1.184833857771860676e+04
-3.767365257129540169e+03 -1.106540177947174743e+04 -5.985569938491461244e+02
7.155273373409342639e+03 -1.266155883185858875e+04 7.678970791593959802e+03
-9.725735291031447559e+03 -2.441743432624203342e+04 -1.848580458419714341e+04
-1.508535080118150745e+03 -8.257480135806259568e+03 7.426586701634294513e+03
4.277272089921790212e+03 -1.287199975938652460e+04 2.418868092842903025e+03
-9.069521528534831305e+03 -2.044662804692785357e+04 8.908800160157445589e+02
4.520456300134967023e+03 -1.533153486945654913e+04 -6.160470330081422617e+03
-1.159797061862250530e+03 -7.925276239031979458e+03 -4.694181060742424052e+03
-1.397407047749697085e+03 -8.246324641555944254e+03 -9.535436718674058056e+02
4.125765989046147297e+03 -1.308942425385376555e+04 -6.398528475120535404e+03
6.029108224976423116e+03 -1.181008272420190769e+04 1.554246830829325745e+03
-4.717082377607261151e+03 -9.426585103294717555e+04 -9.097932417351996719e+02
-2.840850394688158644e+02 -1.013541573083360527e+04 -5.765924015364632396e+03
3.400968364011249832e+03 -6.385467902637434236e+03 6.085877071546830848e+03
1.869898003210747447e+03 -1.241664848542224536e+04 6.669991084575419336e+03
-2.132039961823104477e+02 -1.252061485686374363e+04 2.353590469434916940e+03
3.425402216312992095e+03 -1.144251046846795907e+04 2.070822510610003519e+03
-8.011597834262136075e+01 -1.235991589177758033e+04 1.607047615100399071e+03
1.647032767101513855e+03 -1.196808983649008951e+04 6.585556136547781989e+02
4.724743494695900154e+03 -1.565890647682999406e+04 5.212417332664967034e+03
-3.618027001203644431e+03 -2.279431062943341431e+02 -1.685075616841740339e+04
-2.306789366810428328e+04 -6.973220250084495638e+04 1.792508715644890617e+04
2.943729432854016522e+03 -1.007528125671715679e+04 -3.135702196610353667e+02
4.687934825931435626e+03 -2.014490627394194235e+04 7.511432332357552468e+02
-8.144762102927293199e+03 2.538610579265306569e+03 6.710811556751448734e+03
-1.041022182845538009e+04 -8.907175084985132344e+03 9.377533156566358230e+03
-2.568289887975240345e+04 5.502144640916060598e+04 4.092034193802918162e+04
-9.411613152582263865e+03 -4.482044908354955624e+03 7.258631082389800213e+03
-2.944635031255333161e+03 -1.035913598673552042e+04 2.686110365499023374e+03
1.106179606718683317e+03 -1.723375562948534935e+04 2.912082164795397603e+03
2.505453488025329989e+03 -1.529120436419176804e+04 5.102978831726368298e+02
4.382843642938881203e+03 -1.049085088794005605e+04 2.737459668096396854e+03
-1.186997349598744904e+03 -1.143295182177444804e+04 2.219884215423770911e+03
1.987428463744141254e+03 -1.371291111955051565e+04 -9.388014186151153808e+02
3.519839445882620339e+02 -1.318418030753375751e+04 -2.992722562320344878e+03
3.152696821291513515e+03 -1.551063118611451500e+04 5.180644923318913243e+03
-2.097061447674910596e+04 2.758540011350033819e+04 3.144070506049760297e+04
1.865999814039284274e+03 -1.167936015726207552e+04 1.849666419796040373e+03
7.646463343513872132e+03 -1.391492959335264823e+04 2.958477795966557096e+03
-3.518250584316585901e+03 -4.337797381054524158e+04 2.895899711676057268e+04
1.027094660770081391e+05 -1.285864281206507876e+05 6.074061298917743443e+03
4.507964590666699223e+03 -1.651466328510601306e+04 3.356228246122212113e+03
-2.470293767560237757e+04 -8.315077882032759589e+03 2.923516822071826755e+04
-1.606936276488137992e+04 -3.242136128756909602e+04 -1.462737628838161254e+04
2.241203260362690799e+03 -1.024057827694112893e+04 -1.373655614613472267e+02
2.320341600899553305e+04 3.540656392395293369e+04 3.276671158397409818e+04
6.235577708824544061e+03 -1.098131921899846202e+04 1.035759494480509147e+03
1.885149185927974941e+03 -1.090746792683831518e+04 8.889889132476126861e+02
1.075455889889434911e+04 2.338582973742396007e+03 -1.511624144396102929e+04
4.375554939859788647e+03 -1.280533172453336738e+04 -4.352849146739126809e+03
-2.656985310840314014e+02 -1.236825525478483905e+04 1.688354108591214299e+03
-1.017320358691176261e+04 2.166634150302556009e+04 -5.291039438789127598e+04
7.411336174442798438e+03 -1.192589378500144448e+04 -5.157922522568081149e+03
1.366063708782271169e+04 -9.427253809114799878e+03 -3.826013842885790655e+04
1.456337330010107962e+03 -1.151867692151061783e+04 2.898632407002027321e+03
5.466722151963092983e+03 -1.342322517583092667e+04 2.262608679449549072e+03
2.118147792786611899e+04 -1.641540167236799243e+04 -1.649942419099792460e+04
-3.842837329967579535e+03 -1.118614108988819135e+04 1.622331651637822506e+04
3.467888752832503087e+04 -1.005237068006428162e+05 1.333846586007125552e+04
1.260164050346463227e+03 2.460338282190087739e+03 1.969892200361721552e+04
-5.656824846847462140e+02 -1.349013675236383460e+04 2.613281998888944599e+02
3.448513046433537511e+03 -1.987836928907681431e+04 2.898887046984505560e+03
4.427639641449952251e+03 -1.112243586740530918e+04 -5.427608357246888318e+02
1.042511427513898752e+03 -1.147714088496879049e+04 1.973230875546002153e+03
1.474066757591076566e+03 -6.900708724487854852e+03 2.821599629252010573e+02
4.662268764535460832e+03 -5.310284968871295860e+03 5.391344052789789203e+03
3.184457821773052274e+03 -1.040694110773584180e+04 8.241134142567223535e+03
9.206557890386964573e+03 -1.345525724848345635e+04 6.334606994130024304e+01
-1.506295977236695398e+04 -1.215741848939921283e+03 1.069796072699358956e+04
2.769857516001147815e+03 -9.154832909150141859e+03 2.954191757774673988e+03
-2.086284593871054767e+03 -1.383161798315211854e+04 5.616388156201198399e+03
-1.727470148102810754e+03 3.227008172653832844e+03 -1.089982113535906137e+03
-5.009716299372873891e+02 -1.233124449623870350e+04 1.969017730021011403e+03
4.002461789076201057e+03 -7.477369233996294497e+03 -4.844069079719111869e+03
-1.263948808214601013e+04 -9.080380209055569139e+04 2.679327304228778667e+04
1.606424170020166457e+03 -1.269715576071376745e+04 5.785464909527328928e+03
-4.048608597580661808e+03 -2.655083409245619259e+04 -2.017606747024047991e+03
-4.020765782107524865e+04 -6.414158166333941153e+03 3.141830715593503555e+04
9.812447201682034574e+03 -7.909249942508253298e+03 5.589306215651889943e+03
-5.682959666880369696e+02 1.322514365336662740e+04 -1.816792641220763471e+02
3.525877918505298112e+03 -1.721811201226662160e+04 9.757612437103200136e+03
4.596128204994085991e+02 -1.007231392217924986e+04 7.680002640487784902e+02
1.426558844448126365e+03 -1.460365993171137961e+04 -1.121969479645952379e+04
6.298033425247357627e+03 -1.673935957823596254e+04 6.080708995298510672e+03
1.348564261619180616e+04 -7.623711806876344781e+04 -2.217781928889761912e+04
4.604461558539071120e+04 -1.549436377204879827e+05 1.154899627129535111e+04
7.119202907490894177e+02 -1.239247042207668528e+04 4.638931229498638459e+03
4.158314799218516782e+03 -1.183315805071519208e+04 -2.801808341620834426e+02
-1.214933014815201022e+04 -2.727292419510144828e+04 3.692442382146355158e+03
2.903285271542348255e+03 -1.158636434681158244e+04 -1.114464128073217580e+03
8.918483010639872646e+02 -1.094439132303513907e+04 -8.684671806067573243e+02
-6.706210850912357273e+03 -4.162469195122870588e+04 2.735248846672860236e+04
1.667626937535114394e+03 -1.216778836198373574e+04 -1.021957393460315188e+03
-1.213154183463127811e+04 -1.976740938509959960e+04 -6.514686451197365386e+03
-5.298825119633952454e+03 -8.891862960158940041e+03 7.785033117503791800e+03
3.963666779145497912e+03 -7.146288533637371074e+03 -5.190655318792554681e+03
1.432055699914908928e+03 -1.561438260907054610e+04 1.771703855690386263e+03
4.604586459153955730e+03 -2.188698269988339234e+04 -4.879512485617100879e+02
3.039973322212480070e+03 -1.392826725271053328e+04 3.238446843459608772e+03
4.261298431723395765e+02 -1.542551390210265527e+04 2.769723383800113879e+03
3.671736829285873682e+03 -1.248761742255970967e+04 -9.392699773391519557e+03
4.074267722489513108e+04 5.312210607579629141e+03 -1.208155810399058100e+04
7.081069386689992825e+03 -9.269810785391353420e+03 -3.034335737000030804e+02
6.526892935537440508e+02 -1.107845939799922780e+04 4.410454487383146443e+03
-5.491354006958760010e+02 -1.400200217479310777e+04 1.018773326407157583e+04
3.847188799107459545e+01 -1.470724963516129901e+04 5.561953754743080935e+03
6.671575686793546083e+03 -6.356090316816109407e+03 1.040768366157827040e+04
5.282317296923336471e+03 -1.087918072675378789e+04 2.186162848737802506e+03
4.025069653537466365e+03 -1.411704184580909350e+04 -5.207034868858615482e+03
-6.913130151613921953e+03 -1.369737422304935717e+04 -1.061621955858052752e+04
-1.800616678997280542e+04 -1.863714784089542445e+04 1.490269992942906720e+04
-7.610805413631205738e+03 -3.706603626106127194e+03 2.893754139483960444e+03
2.277534848242947191e+03 -1.140545485654996992e+04 9.504070617401060872e+02
1.629881012602352939e+03 -1.037759815309724581e+04 -5.057792476274179307e+02
9.666587189243960893e+03 -1.887244045829119932e+04 -2.984439755446178424e+02
-3.437159819236830572e+03 -1.370624932769994757e+03 5.444504198962358714e+03
1.638277815889087833e+03 -1.204220716650508621e+04 4.849815599799676420e+02
-3.731687739248610342e+03 -1.512519753894401583e+04 1.155064497467752517e+04
-7.223721602481790569e+02 -9.534029090874731992e+03 3.571892714749897664e+02
4.271084449957933430e+03 -7.780641734952570005e+03 4.473990112067634186e+02
4.411279467100359852e+02 -1.133724446151959455e+04 2.409926319459264050e+03
3.413374061446090309e+03 -1.840085407232435318e+04 -7.496025336792308735e+03
4.990751522945720353e+03 -6.006417394193696055e+03 3.542802257897690652e+03
4.266388674374585207e+03 -1.337740089716924558e+04 5.292601322182844342e+03
-7.307714285997228217e+03 -2.449553670060883633e+03 -2.565338290125417188e+04
-2.991391229603381817e+03 -1.856258398323217261e+04 -3.549186392261296533e+03
-8.686135499666341275e+03 1.916517740628985848e+03 -6.431581668152034581e+03
-7.644906505272701907e+02 -7.448385855602891752e+03 -6.184340563184265193e+03
9.647140129689840933e+02 -1.047779007647534672e+04 -4.889877375383621256e+02
-1.586397229750390579e+04 -2.438983784318705875e+04 -3.898926917127400520e+04
1.287052317459788355e+03 -1.494583935434626619e+04 -1.593207070053930920e+03
-1.868735784921400125e+02 -4.047156791935369256e+04 -3.340713667715030169e+04
2.139307000983654689e+03 -1.175764298199341829e+04 -6.036167310660318890e+02
2.590391573978349243e+03 -1.177962615006314263e+04 -7.453030165234350761e+02
5.949624359417428423e+03 -1.229437789423164395e+04 4.565754987082122170e+03
-3.858902654456891469e+03 -1.209242657320514445e+04 9.410598013299862941e+03
7.050081935319011791e+03 -8.669253977692489570e+03 -1.091663236294883745e+03
-2.385004469349741157e+03 -8.139162916333819339e+03 8.275434677566850951e+03
-8.015171902430724003e+03 -3.014037547287623056e+03 6.641350813746658787e+03
1.284461041087933609e+03 -1.135446346084419747e+04 7.558413873311077396e+02
4.948163262658943040e+02 -9.349656749117444633e+03 7.425458345198931056e+02
9.345520290814622513e+02 -1.329160800537917567e+04 1.734466246302118861e+03
-2.749545004822697592e+03 -1.110561261225130693e+04 1.505604302867377328e+03
-6.653124663273439182e+03 -2.574679522281935351e+04 4.343065050591502768e+03
1.388989125178366749e+03 -1.150683282564689944e+04 2.225544186653401539e+03
4.898994602673260488e+03 -6.139834339098075361e+03 3.624050117688676437e+03
9.530842136013782238e+02 -6.268063505776137390e+03 5.776658319886052777e+04
2.573244315122391072e+03 -1.243567545239042920e+04 -1.335657609335584129e+04
1.903625423929307726e+04 -6.776603173337926819e+03 -2.158135562070458764e+04
-2.927153869108362414e+04 4.894222354465059470e+04 5.662460637669346033e+04
5.026675248422957338e+03 -1.582384531815575065e+04 -1.018829436962344062e+03
-8.687988112173757145e+02 -4.511095531087285053e+02 1.310590745948975564e+04
8.947521761719855931e+03 -1.025339692004105200e+04 5.066916525406643814e+03
4.250897736349530533e+03 -1.966956595383321473e+04 5.717488925266098704e+03
-8.745260762447513116e+03 -3.290090098771999328e+04 1.308447867902344115e+04
1.661633323577128613e+04 -1.818964850603921604e+03 -2.149945010798580370e+03
1.266905605870024556e+04 7.247416421345442359e+03 1.089317047043775710e+04
-5.357578317162634448e+03 -9.958383715060768736e+03 5.292057265805810857e+03
-1.810732844217042293e+04 -1.003945995082807203e+05 3.057040048741435385e+04
1.322719898433441267e+04 -2.476873857095162384e+04 -2.246588816954991216e+03
-2.059153597104291293e+03 -1.467391883399040489e+04 1.411715174550751044e+03
-9.146250003649394785e+03 -1.419779304923230484e+04 1.190939017980517383e+04
3.699635896317430479e+02 -1.334740827502721004e+04 -1.277912258597086065e+03
8.126026411439683216e+03 -8.289791166126356984e+03 -1.209913545153384257e+04
4.131738837769594852e+02 -6.455060426557247411e+03 6.235238929245151667e+03
-1.774011063047278185e+02 -1.121284251034487170e+04 3.173259124304479997e+02
2.342045643119696251e+03 -1.289361486874092952e+04 9.206283160854135303e+02
6.804793960293435703e+03 -1.869870871527260169e+04 5.704216983454128240e+03
-1.957750659761554562e+04 -1.497728688249733932e+04 2.115038501598215134e+03
9.654987911264532158e+03 -9.519029286103159393e+01 6.826950756314952741e+03
7.041485547721231342e+03 -1.366906467936917397e+04 -1.634254079445730440e+03
1.299046160238986431e+03 -1.435251431535435222e+04 4.034425914362984713e+03
3.476239487144619943e+03 -1.283104439440479655e+04 -2.660540133898476597e+03
4.142649127348481670e+03 -7.306520239201520781e+03 1.073639184798026145e+04
1.753939263009099886e+04 1.111316058063481978e+04 -1.017910163714450391e+04
7.485238681485646339e+03 1.556984394683458595e+04 -4.699449945689794731e+03
2.228774649539649090e+03 -1.311408579477633248e+04 -4.132742134571380120e+03
-7.535265599651877437e+02 -2.042346434918881641e+04 8.283333305368770425e+02
-3.355294229509794241e+04 -1.109866202221719141e+04 5.458869436775154463e+04
2.496222009137146597e+04 -2.264483139084051072e+04 -1.208054816438160742e+04
1.036735129497516482e+03 -1.425355136329611742e+04 -2.263855777448028675e+03
1.077379695992183997e+03 -1.331625558422786162e+04 2.914255063224121614e+02
1.913920580536295574e+03 -2.134401877951471397e+04 5.623580806183786081e+03
-5.033247392956718249e+04 -3.087779687432302308e+04 3.326265928334162891e+04
4.791308117057229538e+03 -2.119725868450756388e+04 -1.190589143171981277e+03
3.103926103810064433e+03 -8.165077850283128100e+03 9.280316751005282185e+02
-5.381140030944653518e+03 -1.130018477785703180e+04 5.411074560256339510e+02
1.804701779932258069e+04 -1.682955196252532551e+04 -1.838790337877585989e+04
5.389237459367964220e+03 -2.280079432238645677e+04 1.020449244920638012e+04
6.533455539041538032e+02 -1.070890804675281652e+04 2.917398067836415976e+01
-4.267719732212019153e+03 -9.344756463913448897e+03 -1.962479699432131383e+03
1.435646240703984404e+04 -1.159347449825452168e+04 -1.710592128749862695e+03
1.155915245117235600e+03 -1.268828609931466963e+04 -1.000294754753469192e+03
9.505707671212858259e+03 -1.856494804008330175e+04 2.166111787865198039e+03
2.175338843338704464e+03 -1.911368584967989364e+03 -5.640024599714829492e+03
6.082412750478896442e+02 -2.153161914717485706e+04 9.175007872166854668e+02
6.280224376503277199e+03 -9.704547256598574677e+03 2.063675910362329660e+02
-1.636481109033672396e+02 -1.245336293002441926e+04 -1.954707841278034493e+03
8.754582467004338469e+02 -8.007767456383829085e+03 -8.059576119825034084e+02
4.572448782138913884e+03 -1.359161165757211165e+04 -6.139670029745113425e+03
3.234929944744040313e+03 9.099343497971558463e+02 9.483729255145435673e+03
-7.904059094597849366e+01 -1.341492412506686378e+04 3.626641787109397683e+03
1.059080069186572473e+03 -1.176150107512318573e+04 3.052025522272921989e+03
3.865181968351391788e+02 -2.933051021898917679e+04 -7.576522141574598209e+03
2.412138554130382545e+04 -3.996250512530934066e+04 -2.220384290425299696e+04
-1.132838033876209465e+03 -9.166377165544945456e+03 1.584484848730892736e+03
2.606249854499035791e+03 -1.285427566457616558e+04 1.626481447450858923e+03
-4.582892261148975376e+04 -1.273358682556636268e+04 -3.952633510504080732e+03
-7.060795749625262943e+02 -1.591829423137208141e+04 9.935978566632789807e+03
3.059129807403826817e+03 -1.549673478979514221e+04 4.994555352036636577e+03
6.016815708969408661e+03 2.931935362326682480e+03 6.645515553385857856e+03
1.773599896749057734e+04 -3.338943967040230928e+04 -6.951792158217626820e+03
-2.025612663789665930e+03 -1.476855580287293014e+04 1.187801007826555804e+02
7.311942282546785918e+02 -2.340823409753718079e+04 -5.021956657970275955e+03
-1.823667426124429539e+03 -1.258606983703660444e+04 2.630093731573483183e+03
1.770864295479035491e+03 -1.094416553595978803e+04 2.402764946812807921e+03
-9.265431905023737272e+03 2.061123500928212525e+04 6.411472990254457727e+03
2.164402020956711112e+03 -1.669379907754107626e+04 2.177991514636620650e+03
8.380555736919171977e+03 -1.030842111769276016e+04 -3.367931085022280058e+03
1.570977141346022790e+03 -1.456105840964956769e+04 -2.454003960676199313e+03
2.090287116156296179e+03 -1.250581610154906048e+04 -3.771616600317323673e+02
1.288477416470880962e+04 -1.156447133756365292e+04 2.494197216619356368e+03
-9.104538700213652191e+03 -1.706008507755355822e+04 7.364637807961667022e+03
2.621034987902537250e+04 -2.439169455135082899e+04 5.282939914871134533e+03
8.925277595601590292e+03 -1.596369378658962523e+04 -4.830554212391568399e+03
4.564400291177676650e+02 -1.481694647985371193e+04 6.206005306771651249e+02
-4.469528377778509821e+03 -1.468568776827823785e+04 1.490965878961708086e+03
-3.806053273461234767e+03 -1.417576102158903632e+04 8.544162716851344157e+03
1.167595156060342197e+04 -3.345824979653107221e+03 6.126937231920389877e+02
2.483981798618317498e+03 -2.004442147427320378e+04 1.082155226973931894e+04
7.088596420053822840e+03 -1.192653847061280248e+04 2.568283009986497746e+03
1.828276152203045285e+03 -1.876294067390995406e+04 1.499964903481777810e+03
-4.160748014281847645e+03 1.273807302786812556e+02 7.330453594679777780e+03
-5.533447020345982992e+02 -1.279748424391868502e+04 2.571375765066214626e+03
-1.337786346368071463e+04 -2.421955666350360116e+04 -7.533546720829921469e+03
2.830772751446701659e+04 -2.033954727750716120e+04 1.202549426522935391e+04
1.074108922200068082e+04 -1.721260999578702103e+04 2.638317583039508827e+04
-9.479703291137063843e+02 -1.334439859211938892e+04 -3.376996527899466855e+03
1.633757006480439941e+03 -1.567265297057991120e+04 3.887035167898200143e+03
-2.645295780653917063e+03 -2.476452010168518245e+04 -2.106489032286287056e+03
1.324363050731111343e+03 -2.140194681556331125e+04 2.763283286320626758e+03
2.473534433792629898e+03 -1.448443310060040858e+04 2.160827551782434966e+03
1.155635948356248036e+03 -3.858215224581088023e+03 -2.440011037591403147e+04
-9.075556240490701612e+02 -2.423078378819176942e+04 1.286918692007054415e+04
1.224447343139424447e+03 -1.296093070511759834e+04 1.496992652951183118e+03
7.061911180176068228e+03 -1.270391519934106873e+04 1.247825861166343748e+04
4.821887797829560441e+04 -2.720011418898235570e+04 -2.264182983593828612e+04
1.388600764287594529e+03 -8.399948051977213254e+03 3.978355734863034741e+03
-1.228363769285727540e+04 -2.669612649657826751e+03 1.564542937087848622e+04
2.040160155126080645e+04 -3.155915374875756606e+04 2.376226883760762212e+04
-4.928759348204539492e+03 -4.824181473642404308e+04 4.118414967893555149e+04
-7.017008088879916613e+03 -7.985266168057280993e+03 2.224845495262335135e+03
5.954966032628445646e+03 -1.069073264751229362e+04 2.829825032805840124e+02
1.021947767588063289e+04 -1.567931278764216131e+03 2.985947235256925069e+03
-2.916149729450394261e+02 -8.029306052917406305e+03 -6.198542548997194899e+03
1.559229062009117342e+03 -1.248150119532394820e+04 1.335276143922796564e+03
-3.898979951930578864e+03 -2.361024940644540402e+04 2.684374266119777167e+04
5.924950104720072886e+03 -1.093203237488850937e+04 5.727650723746173753e+03
4.894794629460561737e+03 -7.844325697371235947e+03 4.238470656125121423e+03
1.596999153986625242e+04 -3.508535958127191407e+03 -1.047181453591909985e+03
4.024622630838913665e+03 -6.802133841781581395e+03 -3.878735542401417661e+03
2.134083136795991777e+03 1.371142964134554632e+02 -1.260063039560229481e+04
3.090229102473633247e+03 3.643993710779719549e+04 3.266694391980596720e+03
4.764552270553221206e+03 -1.661671421100970474e+04 4.639083952173372154e+02
6.896116375569672527e+02 -1.278891452828940419e+04 1.032800182306704755e+03
2.936203673701551452e+03 -9.556940264484293948e+03 -1.500367595393512602e+03
4.137527747611330597e+03 -1.490701782161331357e+04 -5.409434846681961062e+02
1.808751031390195567e+04 -2.091859137390226897e+04 -2.434072238373002165e+03
8.723370020124495568e+03 -1.406866824126564279e+04 2.449349752715156683e+03
-1.904028579839351733e+04 -1.742142919357332721e+04 1.604086735349088849e+04
1.264537711652586768e+04 -5.145235415520349306e+03 7.800703143688129785e+03
2.911905152031815760e+03 -9.199273364356924503e+03 -2.051839997067101649e+03
-2.817989693010866176e+03 -1.296928953312885642e+04 2.802692508964563558e+02
1.150070415267891349e+03 -1.404649941190426762e+04 -2.225446881467077674e+03
-1.043787323933928747e+04 -1.597578855883706092e+04 -1.239703509012734685e+04
-2.967417007348421976e+01 -2.882038317086043662e+03 8.167371943845916576e+03
2.268972185676673234e+02 -1.214183448736500577e+04 -3.008146741088162344e+02
9.411937590757813723e+02 -1.617139285812111848e+04 -3.368836082012779798e+02
-7.193342608434295471e+03 -2.489961781207086460e+04 -6.328264842385428892e+03
-9.576774749692742262e+03 -2.313098680195803536e+04 3.449265100481979607e+04
1.341368308216316836e+04 -1.344131038981575148e+04 -2.052005363417899389e+03
-5.227261744940481094e+02 -1.214174174985102036e+04 2.588037345342417211e+03
-3.754729620407527545e+04 -4.910191379842768220e+04 4.314564042326491472e+04
2.024289726495271680e+04 -1.194887661996581119e+04 -3.785056741418941328e+00
8.437503538150756867e+03 -9.682375409593565564e+03 2.436448196335427838e+03
1.797774736519746739e+03 -1.175741902085706897e+04 2.186769745097198211e+03
-2.492355596951979351e+03 -1.196007868452864750e+04 -3.125391449820177172e+02
3.660349571629918046e+03 -1.529891191817764411e+04 3.263901371258371455e+03
2.304246501070697832e+03 -1.859109916472607438e+04 2.553434379140142846e+04
3.080585422264419321e+03 4.310709863128283905e+04 6.632643399303820843e+03
-6.151654001734950725e+03 -1.065189555082121115e+04 5.677801245982147520e+03
1.435703198991364297e+04 -1.817490012824841688e+04 7.026190092638634269e+03
1.701768763494439099e+03 -1.475391264834139110e+04 2.839291182072000083e+03
5.012976893185562403e+03 -1.034822985738443276e+04 -1.811211731483137100e+03
-7.660379712743256277e+03 7.830212944621843235e+03 -3.305686680893280482e+03
-1.943193994774927341e+04 -7.594341450664705008e+03 1.688820463930309052e+04
-4.246956496696799150e+03 -1.244733152030440579e+04 3.620340269971325597e+03
5.178759442392761230e+03 -1.459253393505964050e+04 -1.530969504127396931e+03
1.899692317563067718e+03 -1.182842981546953706e+04 1.078132903644312819e+03
5.814160581347978223e+02 -1.273675956341745041e+04 1.276331302247264375e+03
2.408475691828056006e+04 -5.920175588890580548e+04 -6.663542124487005640e+04
6.044707442331587117e+03 -1.563291512745729233e+04 9.505175934801724225e+02
3.574000292200080366e+03 -1.125301480284050194e+04 -5.722067893503527785e+02
7.644748085691571760e+01 -1.200485499551794783e+04 4.518426673984376407e+02
2.916751499665871597e+04 4.542801960069975758e+04 -2.149354577715454798e+04
-6.211463250039614650e+03 -2.758424855817137723e+04 2.598772991129503862e+04
1.114620116320780107e+04 -1.133917648346629903e+04 -3.411459739240692215e+03
1.535875075305048631e+04 -2.457362025035716943e+04 -1.110038346704983269e+03
6.459110280885258362e+03 -1.351290521520486618e+04 3.057664449672039609e+03
3.201985902580051697e+04 1.046676218691757240e+05 -1.050775502160758915e+05
-1.380011147371341622e+03 1.128941217929797745e+02 4.779438796234248002e+03
-6.020385965195185236e+03 -3.563182372185458007e+03 2.188041529117765094e+03
2.135153285052157116e+03 -1.458983742869039088e+04 -2.946892807387685025e+03
-3.854963914154312079e+03 -4.431684535376462009e+03 3.896780049710231424e+02
6.433873790181653931e+03 -1.369376742442435716e+04 2.093799937806705566e+04
8.170470263486826298e+03 -1.475351908090794313e+04 -5.425437586986417045e+03
-1.569435715260483448e+03 -5.715651746643961815e+03 8.386830303861821449e+03
3.821886219471266486e+03 -2.110583793820610663e+04 4.850480114890892764e+03
2.454864020218246151e+04 -3.010338510621888418e+04 -2.385417598198820633e+04
1.182887486794278630e+04 6.469732133282146970e+04 -8.054156975734375010e+03
-1.756250238204688139e+04 -1.721981349178153323e+04 -6.206679609906091173e+03
1.568058588930578253e+03 -1.165287101516925031e+04 7.520102555697093294e+02
2.225382456163642019e+03 -1.342284979770515019e+04 6.818298503660871575e+02
1.053839833575749981e+04 -1.500485299927672713e+04 8.974064057245193908e+03
2.299985717620952073e+03 3.993721415980514848e+02 2.081350044400446131e+04
3.724210359345530833e+03 -9.574531063332413396e+03 4.574605093657688144e+02
8.721186665338336752e+03 -9.787445294762066624e+03 -2.591678554597596303e+03
-7.901982897731355479e+03 -1.199333828508953775e+04 1.302472200844626605e+04
6.041177163063049420e+02 -1.278597455431115304e+04 4.790509222602299815e+03
2.623661010290782542e+03 -1.567287019623504966e+04 2.762253405300498707e+04
-9.696255276671690808e+02 -1.444266551308339695e+04 5.204944421865579898e+02
-3.911548660457355709e+03 -1.180881457730400871e+04 8.260368497065343036e+03
2.320362805503308209e+03 -1.284631416135065956e+04 -3.719524963699302134e+03
4.560569191991378830e+03 -1.280038611492261953e+04 -1.222884117792292727e+03
3.711619287747240833e+03 -2.922296729971550303e+04 2.510403083993767359e+04
5.561522656471247501e+03 -1.100559779823096687e+04 -1.600268629165526590e+03
8.833483551558332692e+03 -3.494797710704019119e+04 7.136265949824320160e+03
-1.600440745850305029e+04 -3.161669157283056848e+03 4.991886468889455864e+04
-5.626102051926500280e+04 9.569404209148748123e+03 4.565274219095757144e+04
6.205961257227311762e+03 -1.347318285932010986e+04 -3.376209086886483874e+03
1.289629064898052638e+04 -5.355308737360895975e+03 3.491795459499254321e+03
9.732283379771368345e+03 -8.603819435098188478e+03 -2.954156210049564379e+03
1.391482968709522538e+03 -1.213478485205437755e+04 1.485800593906160202e+03
-1.399108066040823360e+04 -2.989146920856737779e+04 -1.316806868985846677e+03
2.941351333564008382e+04 -2.202242903794106678e+04 1.005361223025684808e+03
9.255314114001295138e+02 -9.923232735326493639e+03 1.891797284913940075e+03
-7.863255198313715937e+02 -8.070262911928363792e+03 4.267975302583191478e+03
3.671370237201271266e+03 -1.988710141828264750e+04 -1.294714198704258251e+03
2.363554276829595437e+03 -1.210873447348509035e+04 -2.143788894572398931e+03
7.914278486303889076e+04 3.390917044208502193e+04 -3.154620497778342178e+04
4.534059091881020322e+03 -1.408298471334118040e+04 -1.506988642296147873e+03
7.027698808387557392e+02 -1.196520501095662621e+04 -7.148315810131941817e+02
1.908401394494498504e+02 -6.788269614643027126e+03 -1.252970737698060702e+03
8.881750879718238139e+03 -1.715976897733887381e+04 2.262171078153747658e+03
-6.893731570921925595e+03 5.593588957687674110e+02 9.758410413049780345e+02
-4.011568213203078699e+02 -1.083718671524151614e+04 1.895719127137472242e+03
-1.468277504334494006e+05 5.895833575608527462e+04 -7.217805569101023139e+03
-4.575352605610873979e+03 -1.562675684770855878e+04 6.991045519063599386e+03
1.884744066925289417e+03 -1.353318044200203258e+04 4.569579214506698918e+03
1.015526215854891961e+04 -6.287885891216845266e+03 1.690428379747509780e+03
2.469231428613130265e+04 -3.183722574683605490e+04 -5.220777380031205439e+02
1.522738586733959437e+03 -9.866809516792782233e+03 -7.196980827971468671e+02
7.524307647299159726e+03 -1.623693076097674202e+04 2.453280745910544738e+03
2.113146274288206405e+04 -1.426362285035773311e+04 -3.028933014968973293e+04
-5.467017220661276724e+02 -5.469490763336771124e+03 8.986925983364422791e+03
1.338115991366065373e+03 -1.178057783540783385e+04 -3.938211357921416948e+03
-6.000774661490052495e+03 -1.686288274669402745e+04 1.723036058819800746e+04
-2.627392642652030190e+03 -1.416822800838729927e+04 -1.208596796526080880e+03
2.230520011041989164e+03 -1.271478926229233912e+04 4.258772034680639081e+03
-6.163505586168300215e+04 3.822831584992302669e+04 7.557906568963124300e+04
-7.500058321014041667e+02 -1.319288706516851380e+04 1.440203082361785164e+03
2.366785663641276551e+04 -1.586936736312251014e+04 6.262384345297543859e+02
1.253952393965781766e+03 -7.806412465360680471e+03 9.231998645038538598e+02
2.340082626080571208e+04 2.978423388575446006e+04 -3.150388395081544149e+04
-8.034365838179016919e+02 -1.219315820026268557e+04 2.746844721368723185e+04
-1.890254608179086517e+03 -2.712071088731677810e+04 4.078142158555860533e+03
-1.879493674151283813e+03 2.788504937470801815e+04 7.803851705865144140e+03
6.260753046490721317e+03 -1.231612063922774360e+04 -1.559493414187182225e+03
-5.702369527583836316e+04 -3.873475254397184472e+04 -2.114619412542360442e+04
8.595195169618421642e+04 3.139604237084453780e+04 5.975390152972627220e+03
1.518846972383717002e+03 -1.169274391530653884e+04 -2.166520181414249964e+04
-7.415093602844277711e+02 -1.268189802156460610e+04 1.329462441181244458e+03
-6.016107918991295946e+02 -1.070206454875159943e+04 -4.198469587603350419e+02
9.295533736054008841e+03 3.258369329196140461e+04 6.175161063851213839e+03
-6.883482960142398952e+03 -3.335574730581844051e+04 1.883235803713234054e+04
-3.362650312115488305e+01 -9.603101141123841444e+03 2.940797934656211510e+03
5.470240777106930182e+03 -1.853957773995994648e+04 1.601790717922387330e+03
2.660078293373460838e+03 -2.068823323435203201e+04 -2.598251053355188560e+02
-1.859784385125966764e+03 -1.074638966396907927e+04 7.656504774814151460e+03
8.846643862311204430e+03 -3.134897063625395458e+04 2.842025063490650791e+04
6.999868434924354369e+04 2.066254968823542731e+04 -8.859359538867867741e+03
-1.802616239982291518e+03 -2.056742605428546449e+04 3.051632882015509495e+03
9.063334310427784430e+02 -4.827321212529224681e+02 -2.168556304787485715e+04
5.089794472284201220e+03 -9.287265493411174248e+03 -1.772476205478791599e+03
-1.957950374409175311e+03 -8.460251130073509557e+03 1.984524198251262533e+03
1.195975126991069146e+03 -1.604437113974140630e+04 1.858188431776986363e+03
5.845530891769183654e+03 -1.238966557149229266e+04 -7.496226729851373420e+02
5.117222115378182934e+03 -1.076420633426208042e+04 5.630417240831407980e+03
2.492049250438856689e+03 -2.454714691684039281e+03 2.355007278572834548e+04
2.309119918151205638e+03 -1.257606874971092839e+04 1.957801490001961611e+02
-2.831386427158122024e+04 -1.579816458136517940e+04 2.568416037672013408e+04
9.922286369903495142e+03 -1.250266943864132190e+04 1.690354414478382068e+03
1.143466592201058666e+04 -2.483694625772756990e+04 7.021425346865828942e+03
8.141264947198744267e+03 7.106943133026814394e+03 1.393554746932294620e+04
9.676100080125554086e+03 -8.580016214698076510e+03 -4.207291304999173008e+03
3.042729344389382277e+03 -8.616017849112453405e+03 -8.674485719325653918e+03
2.712776007016119820e+03 -1.289326616582088536e+04 1.211923386558835773e+03
4.138721066672566849e+03 2.118287773524422846e+03 -1.167999356727051781e+04
9.840226754582476133e+03 -9.655733643922123520e+03 1.676053855375503917e+04
-5.884308297138068883e+04 -5.408022041371921659e+03 -1.004667566163434676e+05
-1.117909980647241719e+04 -1.945944020942833959e+04 3.390954378439745778e+04
4.342713776886139385e+04 -1.206787575748948620e+04 1.782166381616594299e+04
-9.370479256340131542e+03 -1.745372174659031225e+04 3.817674863266450302e+03
-4.151228218886355171e+04 -1.043680944982312212e+04 -1.279550168707533521e+04
-1.149424393413271355e+04 7.687556279860044697e+02 1.276580798956696890e+04
-1.437311131531421415e+04 1.482266865117860107e+03 1.259313091251165861e+04
5.744682646555504562e+02 -1.346904047653557791e+04 8.316318790419200013e+02
5.513578457106829774e+03 -1.936164039297304407e+04 -8.873211084414466313e+03
1.070046129740443803e+03 -1.031053001893327200e+04 6.297769990166210846e+03
1.685841516413878480e+03 -1.185378040492323998e+04 1.984225793961824456e+04
9.463830372666185212e+03 -4.136491604090835608e+03 7.431405941908416935e+03
1.268519609240992850e+03 -1.103256003356227666e+04 3.238949966183188849e+02
2.620353787752978405e+03 -1.352729677651826205e+04 5.356264246193645704e+03
-1.011332480331122679e+04 -9.319948539220244857e+04 -9.119098865978576941e+04
2.524752134221970664e+03 -1.184146960546172704e+04 2.220076368115488549e+03
1.221562610149441980e+03 -1.357468962640778591e+04 -3.468042705657167062e+02
-3.382451063453222741e+04 -2.172529395110249197e+02 3.699616365218842111e+04
-5.399708594086631820e+03 -3.968716586358621953e+03 1.239824816230768374e+04
7.257238643371662874e+03 -9.305570180304874157e+03 8.178841841333413868e+03
-3.183528720897289531e+04 -4.020281008011470021e+03 -1.319772918329476670e+04
-6.123822357071436272e+04 -1.150272820180912458e+04 -1.044731179703752132e+05
4.812342350611507754e+03 -1.280364513856342273e+04 2.165490986634298224e+03
1.431920659104931838e+04 -2.310302840229167123e+04 2.321482086804659048e+04
3.060501879467483377e+02 -2.191336386988795493e+04 4.397918817774105264e+03
1.065718615868399866e+04 -2.007711978047445882e+04 -9.141259905892169627e+03
6.182521454859598634e+03 -1.327140057200920273e+04 -2.558055348114541630e+03
-6.474300661199233582e+04 -2.702122027647310097e+04 4.291761424464790616e+04
-4.806177862735316739e+04 -4.558434856434053654e+04 2.458800258464251965e+04
-5.418147329141130513e+02 -2.159141207514541748e+04 3.274002591744864731e+03
1.456326065180601290e+04 -1.240636871392967441e+04 -3.918752693988738883e+03
-7.132614599866889876e+03 7.743976624308880673e+03 8.902503923292137188e+03
-6.672555527444071686e+02 -1.473259069320155322e+04 1.619526603495859717e+03
6.832453764353670067e+02 9.851889142817344691e+03 -1.520029509430327744e+04
6.526902132136059663e+03 -5.813853290987161927e+03 7.008501934029091899e+03
-4.863088393993063619e+03 -1.409949234050374980e+04 2.022330009052946934e+03
2.618652559047000068e+03 -1.302403897920749841e+04 2.136292981699190477e+03
9.023547213223178915e+03 -1.502271088921698902e+04 1.380607681294905206e+03
-8.318482303880537074e+03 -1.349506590189211965e+04 -7.852012428364118932e+03
5.163221171356564128e+02 -1.683386674255741309e+04 1.501634298622180040e+03
-2.028386438860240560e+03 -1.325099527843537726e+04 5.155688947180806281e+03
-5.712851386190814083e+04 -5.310935795352762216e+04 -2.790118307990719404e+04
-2.419827153612311668e+04 -6.237524000545107265e+04 -2.732716187073814945e+04
-1.395762383061056789e+04 -1.557368833295920194e+04 9.168245623038252745e+01
7.118694762090490258e+03 -9.469928998686478735e+03 -8.908196441615515141e+03
1.545147342855558418e+04 -1.053717793670082574e+04 1.902131888936931546e+03
1.165239084992766720e+03 -1.144525991235448782e+04 1.257542655539470616e+03
2.048909666265095893e+03 -2.248885924693788547e+04 -2.122846066204105682e+03
2.904527087842436686e+03 -1.944926379999599249e+03 4.515673334489503759e+03
3.628722590937025416e+03 -1.186496881987255074e+04 3.395805496291920349e+02
-5.354997487075281242e+04 -5.078951604181295988e+04 -1.232212655609829089e+05
9.660290282044774358e+03 -1.458268796860116163e+04 3.650207765562549866e+03
5.239316113133194449e+03 -1.996320759004601496e+04 2.548568260208905031e+03
1.211686417119774660e+03 -3.725901079522592681e+03 3.129316493388079834e+03
-4.258997654447702189e+03 -1.765547511227127688e+04 1.395990182251700389e+04
7.327251465313752306e+02 -5.097571892289571224e+03 5.505109745197956727e+03
3.864026164502757638e+03 -1.710838233562865571e+04 -4.347736001541898077e+03
1.088613397049856758e+03 -6.774128457860503659e+03 1.155504810178790649e+03
-1.476203428185389748e+04 -4.777630499695189792e+04 -4.773290613145758834e+04
1.372624393511745075e+04 1.157274182061206920e+04 -3.712055702055724396e+04
1.217862190753982213e+04 2.384933200259921432e+04 -6.579289650291924772e+04
2.977705865156553955e+03 3.904643103854006313e+03 1.837316050784976687e+04
7.626965601568764214e+03 -7.999284764022028867e+03 -5.718697961540334290e+03
-1.101089463178553160e+03 -1.661140147664455071e+04 -4.536325657330260583e+03
-6.695762107250197914e+03 5.725441076665758737e+04 5.997765755761334003e+04
3.440446392212883779e+02 1.890422397106224253e+03 9.864871300694156162e+03
-1.609533028543208275e+03 -1.091142902963996494e+04 5.855638196527293076e+03
4.148346355626980767e+03 -2.049536137508969114e+04 3.868938115589487097e+03
1.190655341121115998e+04 -7.153874037669920654e+03 -1.288231992561005654e+02
-3.232890530950374341e+03 -1.956624969938597133e+04 -3.099799949638585076e+03
-1.592995790821090486e+04 -2.731482082554815497e+04 1.477334394471891574e+04
3.305519152884693995e+03 -1.574841496321908926e+04 -2.733576223953688441e+03
-1.936669742513795063e+04 -5.700189443337737612e+04 3.623941127880175191e+04
-2.791543658743956712e+03 -2.275606616266154742e+04 2.787634021253267747e+03
5.490853074074739197e+02 -1.017364029374288839e+04 -2.035862083452699835e+03
-9.910956811185011247e+03 -5.778620866732770992e+03 8.960277677571477398e+03
3.706543039357201906e+03 -1.531633860743720106e+04 -3.288623711739800456e+03
-9.220201283786447675e+03 -3.461490177076918189e+04 -4.600727675378761887e+03
1.044236819685441333e+04 -1.551674993679013824e+04 2.119504403986869875e+03
2.341143205384129760e+04 6.317391269745310274e+04 3.604014035824606594e+02
-1.230675443985106904e+04 6.712346556245497595e+03 1.075169648980222883e+04
-9.442319506800972704e+02 -1.049521636084426063e+04 -7.627004448880003338e+02
2.796287068316237765e+03 -8.246824939873029507e+03 1.008596932581591545e+03
8.874377111571416208e+02 -1.010056910407132091e+04 1.201432966253593077e+04
3.917116232280454824e+02 -1.195946815028799756e+04 1.347389626796164066e+03
-7.119662857269041524e+03 -1.835910112125009982e+04 1.827297555597208338e+04
3.180480080869003359e+03 4.785561283016148082e+03 1.118170553204138014e+04
4.915914702639830466e+03 -4.026483156549643900e+04 -1.429072618121602318e+04
-2.224474715809010013e+04 -5.759349575267353430e+03 1.436675752371176168e+04
-1.297472045238278224e+05 5.797001238110153281e+03 2.891348060888501277e+04
1.156085474523364246e+04 -1.238078562179204891e+04 -3.103271910095717431e+03
5.770551868414667297e+03 -9.915050877580455563e+03 -4.580064335382169247e+02
-1.137228538034692065e+04 -8.162079080911475103e+03 9.194016139989700605e+03
9.032850504282190741e+03 -1.844330632021346901e+04 -1.774488560012492599e+03
5.852353207273913540e+03 -1.692439907899682794e+02 3.488035845604742917e+02
-7.517480764422149514e+04 -6.010110929303893499e+03 4.263421915734079812e+04
6.320196995407441136e+03 -1.370840721555860546e+04 9.492175330401623796e+03
-8.480831147398267058e+04 4.667399971844284664e+03 1.249649317000945848e+04
1.385947706055230356e+03 -1.047920602705543570e+04 -2.355233027177326676e+03
1.253985977767565601e+03 -1.460467690109800060e+04 3.572925144120838922e+03
4.720494389285947364e+03 -1.285763423904178489e+04 -6.764701774120742357e+02
-5.926499313886369009e+02 -2.667466490791638716e+04 2.820045176201395589e+04
-1.554086360830867307e+03 -1.433794745460906233e+04 2.415278815403409567e+02
2.897628831517971776e+03 -1.348234068224393559e+04 5.297172676914524345e+02
9.645680412232346498e+03 -1.152310950354294619e+04 -4.913535537181221116e+03
1.315019947041077103e+04 -1.810528053791586353e+04 -4.563027277391895950e+03
8.269013726668132222e+03 -1.132639050881926232e+04 -1.082706718836991286e+03
-1.209648745512205096e+03 -1.569086216065132976e+04 8.227821939513300094e+03
-1.883808880529654743e+02 -1.038413197464762197e+04 7.587869385737694756e+02
-3.394589471771186254e+03 -1.370712915140736368e+04 9.673806001187625952e+03
3.361678456083094716e+03 -1.177073551871941891e+04 3.863541252084708049e+03
3.173063637149801252e+03 -1.687157550794581039e+04 1.493225938055825964e+03
2.521051539559398861e+03 -1.184639448050429564e+04 2.988295345776897420e+02
6.038160438247433376e+03 -1.206528116205376682e+04 5.086240364819269416e+03
2.025407133552148662e+04 -1.477783042458671844e+04 9.336397746551889213e+03
-7.739851517401119736e+02 -1.785738314585424087e+04 1.993211728537071849e+03
-4.266489663580290653e+03 -1.884373555725673214e+04 2.277781814174579722e+03
-1.129173211822066349e+02 -6.695853768863464211e+03 8.091056548168634436e+03
3.337612303456322843e+04 -1.101045034136446156e+04 1.950687385738637386e+04
8.344423404217002826e+03 -8.033887854844132562e+03 4.180875581918496209e+03
-5.324645111287560576e+04 1.088493884316601543e+04 6.431023363711681304e+04
1.793062604780042420e+03 -1.158073664884185564e+04 4.806586458365933140e+03
2.552137428713676854e+02 -7.090620019533765117e+03 1.258007869818255131e+04
2.339961158287835133e+03 -1.126518218605789480e+04 2.789683422907973636e+03
5.135817851347737815e+03 -1.168046550194276642e+04 -2.785245203155587888e+02
-2.614576717032107354e+03 -2.343260749502406543e+04 1.176687774767176052e+04
9.153907715763720262e+03 -1.156012637453231400e+04 -3.140759623396729694e+02
1.231302546269225968e+04 -4.562543213702496359e+03 -7.073896159535603147e+03
-2.589423023662841661e+04 -3.982659468594987993e+04 7.993105388986135949e+03
2.479271445567134833e+03 -1.292478833273490091e+04 -1.794272374297673878e+03
1.433445744334911467e+02 -2.170648788953150506e+04 1.248740636888141853e+04
-3.802549143436044233e+03 -1.143767403102223761e+04 2.315590650823153283e+03
3.829060616280025442e+03 -3.056647882866475993e+04 -5.647311046818362229e+03
1.712524756021934309e+03 -1.143982578780350195e+04 1.308349494679355757e+03
3.484120463674289567e+03 -1.110772684608127020e+04 -1.610187202511802298e+03
8.065690744918470045e+03 -2.833476988851661645e+03 7.840264450346255217e+03
8.534610584733463838e+03 -1.047200527804202284e+04 -1.686551145396971151e+03
4.978742316246538394e+03 -1.029554622246049803e+04 -7.473755548838707909e+02
1.757811547468615390e+04 3.988951354635526627e+02 9.656005322194381733e+03
9.985056128451789846e+03 -5.932804377505833145e+03 4.040780751990102090e+03
1.075187913250404235e+05 5.870776183979004418e+04 1.703611681401692067e+03
7.814859288314293735e+03 -1.301150466421133206e+04 -3.937111298486232499e+03
2.612269630799456991e+03 -1.011753299123867873e+04 3.796772023996885764e+03
-5.782573472603419759e+03 -1.570021909586152833e+04 -7.569165280880702085e+02
1.374713831015613323e+03 -1.463459850810335411e+04 8.470688007423814270e+03
-1.607295041834249332e+03 -1.943594642468394159e+04 2.300649114548664329e+03
-5.119272979256994586e+04 -2.984538664980240355e+04 4.157436291774670099e+04
-5.759900873559662432e+04 -1.279926247592096843e+04 6.299694180013806908e+04
3.290967271174277812e+03 -7.381931575161290311e+03 3.746010786342580559e+03
1.649726350996898691e+04 4.547655519534441737e+03 2.739154442188332177e+04
1.420883576618340157e+04 -3.430593817545294769e+03 -1.907566616028656767e+02
1.640726131051042103e+02 -1.425597774260785445e+04 1.174500370769683968e+03
-1.878150040259205070e+03 -1.076343887567129059e+04 -9.168256340396395672e+02
2.305204883140796665e+04 -2.266431699629648847e+03 2.178065258384240224e+04
-4.057166585326494442e+03 -1.880448700143058159e+04 -3.972457056434249125e+02
6.807227838414358303e+03 -1.235348562012079310e+04 -2.758951922646369439e+03
6.268262948747950759e+03 -8.295021623173537591e+03 7.175571370753841620e+02
-1.405783846585297033e+04 3.826864063735358741e+03 2.882044099320972691e+03
-4.357678934972513161e+03 -3.373801186129106645e+04 2.211969215287175030e+04
7.628834155042528664e+02 -5.630012646148823478e+03 2.005614086338518746e+03
-1.489705136384223624e+04 -1.121937130310079010e+04 5.642881573967172699e+03
-3.928267022603459736e+03 -1.289272849166758169e+04 -2.982600819420883454e+03
8.567935815348146207e+03 -2.053588581701791190e+04 6.405318311189198539e+02
-3.175354697922568084e+04 -2.604963528878287252e+04 -3.089457718728922191e+04
-5.688866845082336567e+02 -1.103862502528890036e+04 1.054088665110408328e+03
-4.752872089400295226e+04 -3.046148476308527097e+04 -2.548612904452330986e+04
1.670606112886291157e+03 -1.332696294385708279e+04 1.147616017808590186e+03
-1.248544673688204966e+03 4.284801270794704760e+04 2.427500879347167484e+03
-7.728523674526408058e+02 -1.184789618605731084e+04 7.549779063052028505e+01
1.142026089850418794e+04 -1.917791855619525813e+04 1.361408476424090986e+04
-1.517540476762242179e+04 -3.309002234354305983e+04 -1.849249138690859036e+04
1.603653179376462685e+04 -1.374662633068490322e+04 -2.567019045629208449e+03
1.029456622453200907e+04 -3.385333095463563950e+04 -1.349838347714218980e+04
1.018617272478897576e+04 -1.084296591243209878e+04 -5.224445092063381708e+03
-1.212037432184558747e+04 -2.941807031530584209e+04 5.394280954771996767e+04
2.284527245468015099e+04 -3.946850631126391818e+04 3.654342284713786739e+03
3.710129740460776588e+02 -1.070730328633354293e+04 -2.450829142428932528e+02
-3.925817892292016495e+03 -7.531208527604684605e+03 7.644015018151977529e+03
4.821153651810716838e+03 -1.322984074400896498e+04 3.504486656513903142e+01
8.322310976535942245e+03 -1.691443907865973597e+04 -2.131203275432829741e+03
-1.654634469150478708e+03 -1.125669620821603894e+04 4.224839128518360667e+03
2.307845249145636899e+03 -1.551521542213231987e+04 2.039016514210285550e+03
3.744616861540549053e+03 -1.285565705346453615e+04 9.358382000763435826e+02
1.046282986725201408e+04 -8.456567557969559346e+01 5.584483124314006091e+03
3.507339333547092792e+02 -1.129598301281339627e+04 -7.120423742159905487e+02
-4.218722930473545603e+03 -7.618946640717129412e+03 5.934769377999427888e+03
4.155023286353112780e+03 -2.270750263433628061e+04 -9.856525425758130950e+03
-2.741320044805615908e+03 -1.490406266861189033e+04 1.220871856554623264e+03
1.994060827424559830e+04 4.695637984821462305e+04 1.465282117120999646e+04
-8.996496496512927479e+03 -1.804241077545281223e+04 -8.382245833343149570e+03
5.819451477352440634e+03 -1.671624226315464693e+04 -3.199694458385994949e+03
7.428827310877190939e+02 -1.311731880831470335e+04 1.526638211215581578e+03
1.352435734409018733e+04 -1.772615756576762578e+04 1.405883851685979062e+04
-1.322568408864113962e+02 -8.352494261935116810e+03 5.436588114995230399e+02
1.290725625021459791e+03 -1.059554571961011061e+04 1.194903998298198530e+03
1.447817365078825787e+03 -1.534753472290870741e+04 4.328398326943401116e+03
4.805777811234547698e+03 -1.602737021672186347e+04 9.107647368388737959e+03
4.986659964893390861e+04 -5.400924169204042755e+02 -3.098445033196322402e+04
-1.246906236741813927e+03 -1.522591791290829678e+04 -6.721553547438934402e+02
-6.600444433644537639e+03 -3.798191348757465221e+03 1.036554561523132907e+04
-9.850153232425815077e+03 -1.866398492751930098e+04 -2.993707103009322964e+03
-3.864606659221506561e+03 -1.913081608062559462e+04 7.753590945962569094e+03
9.969626845669281465e+03 -1.291984378982915769e+04 -2.850996619058706074e+03
2.788619738697077264e+04 6.272955988249650545e+04 4.542588062355508009e+04
1.116142666347664090e+02 -1.224614241976027552e+04 -2.165517469526746936e+03
-7.981381810058956034e+04 -3.326328528085129801e+04 -7.968447391259177493e+03
-8.460248105718083025e+02 -1.355297396132158974e+04 -3.526287357816305530e+02
-1.786406512451151229e+03 -5.208383924268666306e+03 3.863490254132453174e+03
3.289412079060545693e+03 -1.475781813106801201e+04 2.363718038625289410e+03
6.273715742901292742e+02 -1.513241875160929885e+04 3.200709333530880485e+03
1.050467934417730066e+04 -2.421557236478870618e+04 9.903347452731544763e+03
1.320418735739163139e+03 -1.159001600461932685e+04 1.534991644053459595e+03
-6.410710361446124352e+02 -1.036423775376752383e+04 3.238459789685794021e+02
-1.075389127491453837e+04 2.715215097540717397e+04 -1.793734281962423847e+04
-9.490806454495223079e+03 -1.817286261164787720e+04 -1.969263752919842591e+04
-8.960884482262461006e+02 -1.462692413558555563e+04 1.273409951245394495e+03
7.192228999362152990e+02 -1.102067425946585354e+04 -3.379669550334745622e+02
4.017854532147770783e+02 -2.309081812011676084e+04 4.807408758033133381e+03
3.403924757107502501e+03 -1.135430612464357728e+04 1.247552340711080433e+03
-7.005562076006488041e+02 -1.008449000556897045e+04 2.931768238145973010e+04
1.108744053114400413e+04 -6.885766673515055345e+02 2.390233459042176401e+04
-1.204598569208820845e+04 -2.775931124286409613e+04 2.025447970928536597e+04
5.006736584627058619e+04 -1.181138735841305788e+04 -5.724414480501019716e+04
5.286148360255862826e+03 -9.495466004463516583e+03 1.780609448849656110e+04
1.864714822880820293e+03 -5.176410128669298501e+03 6.251337039088896745e+03
1.315564320800614496e+03 -1.305110872533412112e+04 1.318023259554779543e+03
2.520506860300944027e+03 -2.580516994701756630e+04 6.652234232612478991e+03
7.419927299799006505e+03 -1.647265486324397716e+04 2.934184951305654067e+03
4.142041291820053630e+03 2.101126410013178429e+03 1.319856965898400449e+04
-2.995387306531396803e+02 -7.721838342925009783e+03 1.963807876542117128e+03
1.136537164537090348e+03 -1.295799302155056102e+04 2.411462869539322128e+03
-2.510578575765810456e+03 -1.913177657747656485e+04 1.962370254178918685e+03
1.044233780036630196e+04 1.667638162915691055e+03 -2.037133438216798140e+03
7.232627348931617234e+03 -2.718478997387453637e+04 -2.267935505825793825e+03
1.906985842654454700e+03 -1.192786789334569403e+04 2.888738469080200844e+02
1.349614972509630934e+04 -1.265638448405913368e+04 -4.748194828328481663e+02
5.067301414173482954e+03 -2.866462454410469581e+04 -1.010261030738568661e+04
7.772680365254753269e+03 -1.970328267191992563e+04 6.492462421353689024e+02
3.325698012343640585e+03 -1.217744602226622555e+04 4.438495979780135713e+03
9.487568702662197211e+02 -1.831258178569947268e+04 4.779369329479469343e+03
-1.207082773694593743e+04 1.171091673169892238e+04 1.002124691726072524e+04
-5.015293722258884372e+02 -1.318421033002365584e+04 -9.404404752868809737e+03
3.311630793493166493e+03 -1.557964080378907056e+04 -2.121911524333730995e+03
1.452216618816910704e+04 -1.072573676228391196e+04 -1.477718750984492908e+04
5.962285765872031334e+03 -1.430800703875977160e+04 9.399232940030268537e+02
1.329264718431744404e+04 5.444606570660851867e+04 1.238570408971658799e+04
3.372011946635722779e+03 -1.393108563731100003e+04 1.562640788506868830e+03
1.199621479744890166e+03 -1.445675614791052431e+04 3.531005673488328284e+03
-4.343294827912179244e+03 2.163920474520403513e+04 4.261750411276140767e+03
5.611631771558228365e+01 -1.182858696511401467e+04 6.140780938691053052e+03
8.644466925172520860e+03 1.246341894040152738e+03 1.632954959199285258e+04
-2.701157227857263933e+03 -1.586492011213788464e+04 1.949549772165713421e+03
5.966889820839098320e+03 -1.375469884183605427e+04 -7.713703664282954378e+03
-7.690988694505668946e+02 1.047042217722198814e+02 -1.502371841698191383e+04
4.879894796615893142e+02 -1.070755202866441869e+04 -2.453130011686337639e+03
3.138855576854547280e+01 -1.378724477093966198e+04 -2.273965237167240048e+03
1.064607309178659852e+04 -6.931738534050389717e+03 -2.024377144087336637e+04
6.247590240256715333e+03 2.697321469527186491e+04 -2.808208503226739140e+03
6.863911116477992437e+03 4.293196545660892298e+03 7.311610280394262190e+03
5.206882722229331193e+03 -2.836251874056750239e+03 -1.886278627548088252e+03
4.740576432289458353e+03 -1.071564740347938823e+04 -5.141632537561032223e+03
5.451468518346470773e+03 -2.034471272374588079e+04 -2.297694059542386640e+03
-3.455003688337796575e+03 -1.205505967452585537e+04 3.469779984987264015e+03
8.897930065017064408e+03 -1.601620707193326780e+04 -4.443671422462562987e+03
1.517808152477547537e+03 -1.240757747716166887e+04 -1.746235547378068532e+03
1.037553569048773625e+03 -1.416090187554946533e+04 1.265579717781343106e+03
1.189029738489033207e+03 -1.167745032351285772e+04 5.670885600562052105e+02
2.273021224276199518e+03 -1.272935364330983975e+04 1.090432794408417521e+03
