8.292917081766412593e+03 -4.986661784961217563e+03 -4.832981779304271186e+03
-2.281450083046902932e+01 -1.361590953739102588e+04 -7.009261499492099574e+03
-9.456322960282723216e+02 -1.765182805611288131e+04 5.530436252882240296e+03
-2.661172188223814373e+03 -1.445211452710770754e+04 -2.668884947430492502e+02
-2.657241917147160848e+02 -1.293489148024912720e+04 7.352304112762203658e+02
3.719674382136382519e+03 -1.060380431844092163e+04 4.578163619514672973e+03
3.078560599477976211e+04 1.014058112657754282e+04 4.213597673941073299e+04
3.774847836256212759e+03 -1.098416167952270189e+04 -7.773757432770650666e+03
-2.010648133176392207e+02 -3.494426298731011775e+04 -1.048044552558898658e+03
4.015907508014674022e+03 -1.794518711837985757e+04 5.808124089885731337e+03
-3.083351983109762295e+04 -2.123006885044437877e+04 5.800478741538355098e+04
1.548024274547994537e+03 -1.448413125419046810e+04 1.189493323491941374e+04
1.869415027476426621e+04 3.152519645100397247e+04 1.454951935466885880e+04
-1.757822450391532584e+03 -9.343172356919976664e+03 -7.884864881078536200e+03
4.148258758441910686e+03 -1.297203036076987337e+04 -9.589242575713830092e+02
4.335500825575467388e+03 -1.493959593737235264e+04 2.186867931503890645e+02
4.442785363921607495e+04 -9.375609943700919757e+03 -4.773756835939711891e+03
4.765704336095981853e+04 -6.609998665285133757e+04 -5.568539210457813169e+03
-1.067905903107221093e+03 -1.126505449188155217e+04 4.261334145884143823e+02
2.940023729517368338e+03 -2.420190147015408002e+04 -1.016014430380833073e+04
-1.188252893357128869e+03 -1.642436406891155275e+04 2.173498887137618112e+03
4.410856763145013247e+03 -1.442408972433968665e+04 -1.135026545584053792e+03
1.646627038467071907e+04 -1.210432778805349153e+04 7.182304276531569940e+02
3.388767364251922118e+03 -1.659991924868793285e+04 1.725991869871739709e+03
-2.875416433224425055e+04 3.103999176170400824e+04 -4.567137267461738520e+04
-3.164454700330823471e+03 -1.161482784451494445e+04 1.897139799113373556e+03
4.420266957119453764e+03 -1.493043124237531083e+04 3.348422306430511526e+03
1.238402965859811775e+04 -1.298613418964417178e+04 1.711953963132240006e+03
8.666863257530680130e+03 -2.193078642301235959e+04 -4.525626626861714612e+03
2.160553025214868740e+03 -1.433759730598330680e+04 -4.006019679500624079e+03
-1.074456588006837774e+04 -5.068729059050716023e+04 -2.300114417752879308e+04
1.084996847959973138e+03 -1.197097654616982800e+04 -5.262502271252196806e+02
1.316733064667874351e+04 -1.731299643532119808e+04 8.531018006355192483e+03
-1.318927687770181137e+03 -1.255819069187174682e+04 9.299931519288878917e+03
1.899005667251339037e+04 -3.902210946669573605e+04 -1.990632868131539726e+04
7.008326437855038967e+04 -8.877483083931790316e+04 -2.454557486853502996e+04
3.067654835130755146e+03 -9.035105828786674465e+03 -1.522620587201154194e+03
5.435942216856343293e+03 -9.908150718749815496e+03 -3.351668526542791369e+03
1.824911085054505520e+03 -3.072822692764115345e+04 -1.048268264887385044e+02
-5.131452272406215343e+04 -4.569657533864604193e+04 4.444714478527782194e+04
-7.680559611239548303e+02 -1.853861362083963468e+04 -1.178076221035711797e+03
2.480850529180551973e+02 -1.781803989043514594e+04 -1.109334877837072054e+04
1.650043203253854153e+04 2.230093333215950042e+04 -4.002674401647774357e+04
3.237556729329464815e+03 -1.098865741470927605e+04 1.362586797216960804e+03
-2.739443645006456336e+03 -2.827508486181581247e+04 3.368335755766733928e+04
5.431154002566084273e+03 -1.771488630487403134e+04 3.112953830739396381e+03
1.452644298774621893e+04 -1.822085031070289915e+04 1.444526999992979427e+03
-1.870637099562156436e+03 -1.960878538146986830e+04 1.148481266180987222e+04
-1.615108328883983268e+04 3.916268693265500588e+03 -1.971524434553051469e+04
-2.747191897118560519e+04 -1.901437674811295665e+03 1.217179167071552456e+03
-1.172495444013893575e+03 -1.825844295354571659e+04 2.163357442805869596e+03
7.467734881967051479e+04 1.111790174878564358e+04 3.030211633670867286e+03
-1.035975526999575595e+04 -1.053280158063423733e+04 -1.566000297425377903e+04
-2.536719474573271782e+02 -8.247214782291806841e+03 -2.701742601365822793e+03
1.268238994994517952e+03 -1.377329635201013116e+04 -3.587521866578225854e+03
2.140815672845919380e+03 -1.219105670791065677e+04 2.197190187238919634e+02
6.524101771103667033e+02 -1.847639204886327934e+04 1.108726497194194963e+04
-1.152969107795711352e+03 -1.144492339426679246e+04 8.407111971235973442e+02
8.605966913499934890e+03 -2.063669314913673225e+04 2.200390926194243548e+03
4.982161815657547777e+03 -1.069342555467726925e+04 -7.624154039433074104e+03
2.117665035924817857e+03 -1.407641593792061394e+04 2.561241496714595542e+03
-3.075800427850742381e+03 -2.347779257657809649e+04 7.332070671642685738e+03
-3.242910367147297848e+02 -9.178549789480330219e+03 -1.155713763589763403e+04
-6.329735915549891843e+02 -1.351503057092826930e+04 4.362046250672042333e+02
1.275887472226233331e+04 -2.617716114286699303e+04 6.332994307035484780e+03
1.479281746460217164e+02 -1.265427030413897955e+04 -6.705871289749311472e+02
-1.013853399330910906e+04 -6.713802275703661508e+03 6.874795725693842542e+03
1.005618701024927418e+03 -9.678223525918119776e+03 -2.361848070394188198e+03
2.883887799872872165e+03 -1.324012703296962536e+04 3.084410796958504761e+03
3.599260608023191253e+03 -5.157653892535044179e+03 2.145060829894579001e+04
-7.951892581525002606e+04 -1.226741779210203676e+05 3.090811847615378065e+04
4.586780040977721001e+03 -1.549872225179846646e+04 1.271049181625510755e+03
2.003694134942692244e+03 -8.155585094105324060e+03 -1.246626121936734535e+03
-2.955402504681002938e+03 -1.351240331983521901e+04 2.123544633343885835e+03
5.865544176298848470e+03 -1.529294335669352768e+04 -9.256648518412377598e+03
7.710945340495354685e+03 -2.063513446521504375e+04 5.753560043451642741e+03
7.509292854290902142e+03 -1.353764740805491056e+04 2.390865422167604265e+03
3.823228826751936595e+03 -7.439522212692351786e+03 1.608713433995032119e+03
5.624951521589811819e+03 -2.792028157821133937e+04 1.011645023102961386e+04
1.998027359187189631e+03 -1.485451288301321802e+04 2.407065122838661409e+03
8.274071557669991307e+03 -1.450385577080488110e+04 3.626409209469439702e+03
-9.865045120969192794e+03 -4.081686800096947536e+03 3.981551806814595329e+04
-7.088477914056717282e+02 -1.330715285813603259e+04 5.330435652766117528e+03
5.116240474067280957e+02 1.672516185675127053e+04 4.069012860883452959e+03
1.072293562423119511e+04 -4.017332071781059312e+03 1.038265961350289581e+04
-1.933672322644721589e+03 -2.487356523305933661e+04 -8.590487621412619774e+03
-6.679653508350535412e+04 -1.457226329741955560e+05 6.675805547274686978e+04
7.708612849541913602e+04 8.589453918164905190e+03 3.631857884516943886e+04
1.886982330655951228e+04 -1.021731974661959430e+04 5.104237644187075603e+03
-4.514779145479658473e+04 -1.984832789931217121e+04 -8.467937874751060008e+03
6.187746491474012146e+03 -1.401986140630301634e+04 3.358070200610314259e+03
9.133315139908177116e+02 -1.239630680763443343e+04 2.998087720991425158e+02
-4.307782223063995843e+03 -1.459897934147514752e+04 7.752940392484256336e+03
-5.433737230958698092e+03 -5.556002108140219207e+03 -4.449564349760806181e+03
6.480900621157405112e+04 -7.634557461068961129e+04 -3.999799856947873309e+02
-5.226881493851769847e+03 -1.208912763770653510e+04 3.245869444438011669e+03
1.426263732404548136e+03 -1.729956692519564604e+04 2.286776270758672126e+03
2.963893219986490749e+03 -1.559095398506073252e+04 -3.129816958649977323e+02
-1.565875964687335454e+03 -1.736857285888394472e+04 -1.078462604539682843e+03
1.109458043404368982e+04 -2.185025373482587747e+04 1.285920021452284345e+03
7.168020512053166385e+03 -1.142236047367278843e+04 -3.181180023423833518e+03
-2.686847934356987753e+04 -6.350393673622137430e+04 -6.079511572570107819e+04
-8.534056244622000804e+02 -1.906881721682856733e+04 5.416281737410787173e+03
8.248580817585527257e+03 -3.464982117236615886e+04 7.961444695324218628e+03
7.784881642702732279e+03 -1.253198691014641190e+04 -3.546105953368669816e+03
-1.896683719823925458e+03 -1.678256748465272176e+04 9.153045231087276079e+02
3.643096917326096786e+02 -1.888978685492291697e+04 -4.766007835753220206e+03
5.242379359667645076e+03 -1.584014853143326764e+04 9.825003520298149624e+02
2.864876596073795099e+03 -1.467171696510104084e+04 -5.672294920008643203e+03
1.400185809267042714e+04 -1.681899500824201095e+04 -9.564755321124480361e+02
-1.399176353022206422e+04 4.871815551538003092e+03 3.071947297663273730e+03
1.123988023379840570e+03 -1.326232949135108720e+04 3.278092729334593969e+02
3.167135786751202249e+04 -4.037939765262917354e+04 1.258004465248165070e+04
5.070063127267509844e+04 -5.520743367373330329e+03 4.851164725851912954e+04
1.610370691261572347e+03 -1.753790200226361412e+04 -3.159891804262806090e+03
7.364837093233734777e+03 4.948600478502688702e+02 7.409748824972631155e+03
2.569825115892480881e+03 -1.545253470773483059e+04 -1.359274162242617422e+03
1.532017421933689548e+03 -4.643623054430133379e+03 -1.895397896786232650e+03
5.942396351429927563e+03 -1.175189500425353981e+04 -1.765565473642413053e+04
-7.203478888530351014e+02 -1.418526033081229980e+04 3.144819128433184596e+04
4.242758321846266881e+03 -1.397696349391462172e+04 -4.588407771705171854e+02
-1.036503789103796862e+03 -2.273492336897541463e+04 1.756493240756140585e+04
-1.709679990159095541e+04 -1.695380615720167725e+03 1.166074493664442343e+04
-5.905588280182496419e+03 -2.380116885466867825e+04 4.318112912304733618e+04
8.327009347171710033e+03 3.423258954547966277e+04 9.308561661381664453e+04
1.237318348283056912e+04 -1.644222313788472457e+04 4.939613551511673904e+03
6.057154850058474949e+03 -1.989155894381783583e+04 -5.163191292539099777e+02
-1.168275653999512315e+03 -9.409044205380241692e+03 -5.124142865873394612e+02
1.313213252453795803e+03 2.856194129824629272e+03 -6.740984235103935134e+03
-1.601556717311831017e+04 -8.671547973535825804e+03 3.458323491678243045e+02
-3.940165231515318737e+04 2.717474977781476628e+04 2.063882943554429585e+04
-5.907616371828771662e+02 -1.776061917462918427e+04 6.114025759156971617e+03
-3.886648464908537335e+02 -1.929908700634834895e+04 8.655830155239667874e+03
3.007188018195001860e+04 4.313790417513195280e+04 3.363540630172020610e+04
7.988863678576349230e+02 2.582618419244854977e+03 9.786413193646954824e+03
-2.043563543266299575e+03 1.215551526735325024e+04 3.450474711037057205e+03
-1.330357137466742461e+04 7.152545744812373414e+02 -1.903068196720978904e+03
2.745153324601384156e+03 -1.340511956647793158e+04 -2.354255580753048889e+03
-1.349657763605712262e+03 -1.452793001975451261e+04 -4.861920699246069262e+02
4.467604964661669328e+03 -1.912640847927346113e+04 3.083966581017902627e+03
-1.064597999118537155e+04 -6.612076716981052596e+04 -3.666487482438750249e+03
6.894270389332440573e+03 -1.352734001306112623e+04 -9.101248491338314125e+03
3.108983915642369993e+03 -1.918180372488700596e+04 1.785094382728261962e+03
5.618442484745289221e+03 -1.410759359831659640e+04 -3.080029964868782372e+03
-8.066325536485759358e+02 -1.761440435876445918e+04 -1.244338515659684845e+03
-2.221023858191162788e+02 -1.070362082587337682e+04 -6.325472823297271134e+03
2.386823593732369318e+03 -1.411566415950972441e+04 -2.680527028194109789e+03
2.730791797778198998e+03 -1.380184917596538435e+04 7.991785797392933546e+02
-3.853081529019037589e+03 -2.057048909590506446e+04 7.397785026305774409e+03
1.550172741949554620e+03 -1.327879553757367830e+04 2.199499028233314561e+02
-6.424272105464131073e+02 -1.533515415570579717e+04 -2.473932662699976959e+02
1.071812761362960373e+04 -1.549837627214967142e+04 -1.361336362213381472e+04
6.863219720734033217e+03 -2.319303314918286560e+04 2.420714030798133535e+03
2.599174509944561942e+04 -5.952865135271754843e+04 -4.164259942550979031e+04
4.239599331551110481e+03 -1.299239957882047020e+04 -3.572820633734622334e+03
1.162196974622323751e+03 -1.181613921699680577e+04 2.119658710732133386e+03
-3.432543898068563431e+04 -3.197179024703888717e+04 3.039135638218310851e+04
6.693208153529629271e+03 -1.181571119511253892e+04 1.041055305263943592e+04
3.243598142306936552e+03 -1.212516905946916631e+04 -7.982570482960170466e+01
4.467491862134232179e+03 -1.541223790269879282e+04 -1.166352339226421918e+03
-2.281287114082251719e+03 -1.343388193779809808e+04 8.865424744781976187e+03
5.952174178109749846e+03 -1.174923862327198367e+04 -2.535443286007544884e+03
-1.507501794257176243e+03 -6.662154921584565272e+03 4.555798966427411870e+03
1.411126811562354987e+03 -1.268341501992014491e+04 1.691069680293112754e+02
8.693896279385882053e+02 -1.252804580110092320e+04 3.847927616268115798e+03
-2.718130863946446334e+04 -3.975195569777544006e+04 4.303292469617172173e+03
1.515804277428643218e+03 -1.156892375081412138e+04 -4.267344864224925914e+03
4.914636720797376256e+03 -1.725004580363393325e+04 -1.566348751891055372e+03
4.548675358510550723e+03 -1.458757573259501805e+04 8.798895554125956551e+02
3.999770241497276857e+03 -2.631344231654266696e+04 1.254964269272761339e+04
-5.566730536050081719e+04 -1.230588215631566418e+05 3.298290734281326149e+04
-1.777236010164181721e+02 -1.473233331743281087e+04 -6.767736916168580137e+03
3.022138231674892722e+03 -8.842714445703784804e+03 3.181149884615885640e+03
-6.449062343629306270e+03 -8.334758217252921895e+03 1.424915305105191328e+04
5.943759910240340105e+03 -9.717916795462455411e+03 4.408692164283126658e+03
5.187389263322910119e+04 -6.355840125986797648e+04 -3.138465306767268339e+04
1.725473891493644624e+04 -1.462830770846793894e+04 7.300890095352998287e+03
-1.145203316872549294e+03 -1.582105331928140367e+04 -6.489103610560875495e+03
1.009069783410037644e+02 -1.845644740392290623e+04 -2.419203692408893403e+03
2.298903597943943169e+03 -1.525082011977824914e+04 -1.245623488628709083e+03
-1.588042149711323509e+04 -2.695385224263641066e+04 1.636055304505240019e+04
9.723541145084424215e+02 -2.670761374471306408e+04 -5.873299514658096996e+03
-4.934914507422796305e+03 -1.186587054362967865e+04 5.139767364634929436e+03
3.672024778817791230e+03 -1.130706740353259374e+04 -3.660991459143583143e+03
5.661440039399043599e+03 -1.450065861046604186e+04 2.624763767535730040e+03
2.172740082601214817e+04 -2.055952760369984753e+04 -1.528134116098046979e+04
-4.672725572077517882e+02 -8.547024313738867932e+03 -1.172490321166094509e+04
9.366590213781499187e+03 -2.660881431707965021e+03 7.576760676721812342e+04
-5.604374232018891780e+04 -3.750625539162953646e+04 9.684754393230861751e+04
-3.171885784113464524e+03 -3.242392165338076666e+04 -8.921842745114770878e+03
-7.024243009651983812e+03 -2.558229666706621720e+04 2.268299551735374280e+03
4.628533790332161516e+03 -1.162151612919628678e+04 7.957552169560265611e+03
4.616555722099026752e+03 -1.977833611864105842e+04 -4.055289820614951623e+03
-2.154406696343506155e+03 -1.282308216385428568e+04 8.598048317547402348e+02
-6.534935302986623356e+03 9.867566274185019211e+02 6.919364955282688925e+02
9.930938196378742759e+02 -1.584199462472130472e+04 -1.415708481941108175e+03
-4.792611771297720225e+02 -8.386504985454814232e+03 1.773803009618303349e+03
3.151117678593781420e+03 -1.507114788938690435e+04 2.755612694866031234e+03
1.191098701657907441e+04 -5.732588940731304774e+02 1.671325263423553770e+04
3.608063375965592422e+04 -2.225451947472270695e+04 -2.024428115927788531e+04
1.638658522517306892e+03 -1.236704119966545295e+04 -1.108837461219762190e+03
3.573785112693672272e+04 -4.982204305303038564e+04 -7.902330850870918948e+04
-7.887664239893971171e+03 -9.607007852662324012e+02 1.767271420055815543e+04
2.173021504719305085e+03 -1.594338197292505356e+04 -6.299636555877486899e+02
1.019750026956803367e+03 -1.486094128387781348e+04 5.729090936520852892e+02
2.868065559599297103e+03 -1.073419571853215166e+04 2.419588274119897051e+03
-1.485905860664228749e+04 -5.638940952037394891e+04 -2.019963398808747661e+04
-7.644000102573474578e+03 -1.579544371106074141e+04 1.266778791939254188e+04
-8.652217205869121244e+03 -1.137835703088978189e+05 1.344350507349179497e+04
5.377428697682571510e+03 -1.612047976859909431e+04 -2.276221936376335179e+03
-2.117598704594626270e+03 -1.385678925700821674e+04 1.067968319555992639e+04
-1.641102738726574535e+04 -1.537261697879897292e+04 1.087043744911066278e+04
5.293687917945062509e+03 -1.322212435369670493e+04 -2.026573406459587659e+03
1.090195062324338323e+04 -1.884394158101657376e+04 -1.320711239103730986e+04
1.289152822038792692e+03 -1.067095409715890855e+04 6.647740984810081500e+03
3.427204434886145009e+03 -1.896111258910906690e+04 1.503855198294202410e+03
5.260928267945046173e+03 -1.022154854580327992e+04 -2.521630529489078071e+03
4.330285858857474523e+03 -9.826846380496501297e+03 -5.140852922248539016e+02
4.419192591360774531e+04 -4.461610567133114819e+04 2.290347439490614488e+04
2.735945054565224837e+03 -1.812532916422553535e+04 1.489675354472521121e+03
8.534176299046408531e+03 -1.164187125068880778e+04 7.725391167096247045e+03
5.893362908819675795e+03 -1.085315269996112329e+04 3.124065603062395439e+03
4.601348858755909532e+03 -2.009597556853695278e+04 -3.130087158860630552e+03
5.701271089293759360e+03 -1.293983830948892682e+04 2.879912724090309894e+03
1.325006919196233321e+04 6.513923581871858914e+04 -5.223420884112324529e+03
4.597936170281062914e+03 -1.291102548996857877e+04 1.531214496340440974e+03
1.877180238879542685e+03 -9.097446093039454354e+03 1.724541530750587754e+03
2.595678351161345745e+03 -1.651393342680964997e+04 -4.640806470725578947e+02
5.513867581964611418e+03 -1.579924258762000136e+04 2.835074075074453049e+03
4.436869697659899430e+03 -1.166095151681973584e+04 -4.510943946060156122e+02
-3.151254916776393202e+03 -9.954162854636228076e+03 -3.338294460620466452e+03
-1.964064580447987282e+03 -2.534096511099863164e+03 1.043992578397585930e+04
-4.478192617100288544e+02 -2.619960136561713807e+04 4.380210998048539295e+03
2.366757512836315527e+03 -1.256294365264950829e+04 -1.465735889941994628e+03
2.551474103138632563e+04 5.067028148247728677e+04 9.481733647608173487e+04
3.723313614506411795e+03 -2.850085518753697761e+04 -1.138141550483775973e+03
1.185850454423044903e+04 -3.123552523104480133e+04 -1.572533797839362160e+04
3.778133797406995200e+03 -1.972234290874165890e+04 -2.780254952758165746e+04
-2.943660657489379901e+03 -1.437756915898619991e+04 8.845380413611643462e+02
8.454150746863466338e+03 -1.544560756872521961e+04 8.345649300629756908e+03
6.406921239478786447e+03 -6.861629164323031546e+03 8.411707486667866760e+03
1.360683919712459829e+04 -3.031893865650566295e+04 1.071742718907374183e+04
5.377660979249779302e+03 -8.177339420073883957e+03 6.170651905018453931e+01
1.749985929146822627e+01 -1.073679776919366850e+04 4.290574297274481069e+03
6.132030006950241841e+03 -8.875119223931222223e+03 -3.112029472410928975e+03
3.729583424156838873e+02 -1.254002174564984489e+04 1.394078062935021990e+03
3.882920233519330213e+04 -5.631720491251214844e+04 3.907062565148787689e+04
2.642048747939621535e+03 -2.388042704589041386e+04 6.620279161113873670e+03
7.923901512265198107e+03 -1.765853387615049724e+04 1.208379353145029881e+03
2.848379409144692090e+03 -1.225686144714485272e+04 3.951049628843259143e+02
1.330473476093521094e+04 -2.498603104213072220e+04 -1.673195219509020171e+04
-2.235909377686984044e+03 -9.474240436273792511e+03 -2.577171539466188506e+02
-9.939912442319002821e+02 -1.193428749662840892e+04 -1.256104052702425179e+03
3.323044797728117828e+03 -8.612581068195861008e+03 -1.011626423830892054e+04
4.983930204045266692e+03 -1.315540473820799161e+04 -1.374620970868656332e+04
-4.096193302793976727e+03 -3.229467441379425509e+04 -5.748923435940512263e+02
6.149790359928988437e+03 -1.148110101896340893e+04 -1.554727625927129338e+03
8.294526738847830529e+02 -1.661969508048513308e+04 3.042962476331277139e+04
-1.435932013254327103e+03 -1.185067947518871551e+04 -2.976434879378564347e+03
3.496368696075599473e+03 -1.558712831960225594e+04 -2.085791471105757410e+03
3.176335837122582689e+03 -1.022416796039807377e+04 1.709512920007887260e+03
3.453313671522975710e+03 -1.789679514686368930e+04 -2.437532498290695912e+03
4.696631463245073064e+03 -1.766366444919955029e+04 5.339799779829040745e+03
2.316437319580684743e+03 -8.560486480182735249e+03 -9.639122799255881091e+02
6.257814335137864873e+03 -1.674215218181821547e+04 7.198969275063444911e+03
5.747864753673596715e+04 -2.151565942599462505e+04 3.380453838927290781e+04
7.380213744636721458e+02 -1.705380492269294336e+04 -6.703596351491567475e+03
4.711694659285571106e+03 -9.009213752392744937e+03 -7.767813671973962300e+03
-1.645364948744295179e+04 -8.238025920780166416e+03 1.321618709586751538e+04
-5.805023831081761273e+03 1.092325355797751945e+04 -7.561819596591990376e+03
-1.230665960967071442e+05 2.560229449822143579e+04 6.980214799424281227e+04
6.064668241691391813e+03 -1.579160431941653951e+04 -1.354868595723994986e+03
2.639167018408211334e+03 -1.872653076851248989e+04 -5.429163323803451249e+02
3.467461026219731593e+03 -1.581440314402403419e+04 6.623607410409733347e+03
2.388750853417617691e+03 -1.066606053938590048e+04 -5.988723756812632928e+02
-1.443932658013327455e+03 -3.625327544088966079e+02 -1.259162933293851665e+03
-1.317121235885068745e+04 -4.389697794268827420e+04 6.822271173819361138e+04
7.768833468206617908e+03 -1.214737910669772646e+04 -2.100508210329910526e+03
1.804173269660672231e+05 2.607707843044993060e+05 1.880610726906814534e+03
6.344317933497652120e+03 -1.043543747350664125e+04 -7.572423756011136220e+02
2.206571759405267130e+03 -9.858733330672434022e+03 -5.027551780542309643e+03
3.945815732162332097e+03 -1.519916217300198878e+04 2.108350087185289794e+03
-1.940506398308673852e+03 -1.053021750807109129e+04 -2.138584596898834661e+03
-3.991040180937319383e+04 -2.465741208123903925e+04 4.856130404450294736e+04
8.918876279129248132e+02 -1.016006801458294103e+04 1.869006853705955336e+03
1.110113079890519475e+04 -1.652925172990626015e+04 -2.438297998018102319e+01
2.912455319853165747e+02 -8.089633227783362599e+03 -2.496035589319904375e+03
1.714514827944106946e+04 2.409522903280520404e+04 8.565098693292238750e+04
3.862927144520851016e+03 -1.562647764170148730e+04 -2.536322193461092411e+03
1.281065181856245090e+03 -1.397392690215493349e+04 3.972992965412505782e+03
3.768730277724238113e+04 8.331202978452618117e+04 7.993637071734084748e+04
1.750112725630170644e+03 -1.259333421739214100e+04 7.737346377398246204e+02
4.174485054295649024e+04 6.264495124460841180e+04 2.205508602866802539e+04
3.511719616161331942e+03 -2.604916007438120687e+03 2.812908812296662745e+03
-1.361355118343604590e+04 -1.431085848335932315e+04 -6.180743782441726580e+03
5.381337622623970674e+03 -7.358069497767723988e+03 1.264311399602580241e+04
2.428392133522802033e+04 -7.530023560169240227e+03 2.600623683295621959e+04
1.958274131709340963e+03 -1.734502234403277180e+04 9.649466464562819965e+03
6.079874380589230896e+03 -1.470679302610838749e+04 2.476792775554577929e+03
2.678334237768597632e+03 8.102640345040224929e+03 -2.027268681134873259e+04
4.088584693936884378e+03 -1.479901169875111736e+04 5.730823526205931557e+02
1.557258084424152003e+03 -1.111133534572888129e+04 -2.139275667400637758e+03
6.706856643227270069e+03 -1.919995672527858551e+04 3.914645766919842572e+03
-7.103813101004168402e+02 -2.322215849012181570e+04 2.660001033190703311e+04
2.838889595512656797e+03 -1.311204353386193179e+04 -2.507218331984089218e+03
1.057316651527037175e+04 2.356075739116957629e+04 -2.450440261034452487e+04
6.632539636963367229e+03 -1.238136461829724976e+04 -3.757704840128728847e+03
3.731066691529782929e+03 -1.612191458479703579e+04 -3.557433325815149601e+03
-3.046688436195033501e+04 6.064548881922135479e+03 1.862137554784171880e+04
1.066232933081100555e+03 -1.277231846677700014e+04 -8.841925609666607215e+02
-1.081540613843811479e+04 -1.600309984903327131e+05 4.575514970748188352e+04
3.943205223170949921e+03 -1.191061559724514518e+04 -8.426349974525028301e+02
1.424398006936441379e+04 -1.311048528491823890e+04 -9.405290653697617017e+03
5.400480538201781019e+04 5.746408434350718017e+04 2.268065408910633778e+03
-1.254333271931646095e+03 -2.942519676768527279e+04 -1.045573977148335871e+03
-5.653421631560242986e+02 -1.088780149953874934e+04 4.594096034631340899e+02
1.876203678266717543e+04 -1.531787911721688215e+04 -5.880053417292941731e+01
3.163114826908574742e+02 -8.302634239368124327e+03 -5.942034286867467472e+02
-1.295504642204600486e+03 1.699959354876830548e+04 1.999841178503902847e+04
-6.635054244868551905e+03 -4.334165223914162198e+04 -1.345901644552010566e+03
2.725806618004306983e+03 -1.310384238139781337e+04 -3.477752436803513092e+00
3.847090670505488674e+02 -1.316148447967689390e+04 1.299359581193586564e+04
-8.672069850161909699e+02 -2.013707094144915391e+04 2.597825622971533085e+04
5.643076491023369272e+03 -1.000240149280422702e+04 8.591070684899183107e+03
-1.089093212423622026e+04 -1.443260003631153631e+04 1.402883273188799285e+04
8.517160170700837625e+03 -1.855094420878912570e+04 -3.774411270531324135e+03
1.596828698080611684e+04 -8.444148075702047208e+03 1.566423111204779843e+03
-1.105898775312720863e+04 -2.816677312218147199e+04 -1.617967707087179770e+04
4.001617484614239856e+03 -1.178558370468892690e+03 1.042427586059264650e+04
2.037991978376277075e+03 -1.225287990080707095e+04 3.028719395122255378e+02
-2.054167327694939559e+03 -1.634407443799906105e+04 3.200529704196143030e+03
5.372006077816171455e+03 -1.942198553496236855e+04 -1.886574932638241444e+04
4.329849297188677156e+03 -1.839320424396092494e+04 2.790053594234210777e+03
2.582715177035032070e+02 -1.003714272142455593e+04 -4.229864113861853184e+03
8.242484249540724704e+03 -1.551503338910497223e+04 -1.582039745587774269e+04
-4.245747601900651489e+02 -1.171045365039495300e+04 -2.900158582705612844e+03
-5.133538666721372465e+03 -1.042824873217619752e+05 -9.292110567035448412e+02
-5.002747343248719517e+03 -8.444697186022907772e+03 -6.080344292100602615e+03
8.880266310429781242e+02 -1.323586893992361001e+04 -1.564158128404905483e+03
5.634416572230022211e+03 -2.239859193037411751e+04 4.090798861654861412e+03
-1.442073724777903590e+04 -1.325519474318415814e+04 1.269646958518551583e+04
6.809990803675548705e+03 -1.155742312611451780e+04 -3.197897103561548647e+03
1.034465651711470400e+03 -1.061818671201414691e+04 -1.274717094003379088e+03
4.110452724659549858e+03 -1.480758030890162081e+04 -4.560406692311156576e+02
2.687533950170783100e+03 -1.394290531586116776e+04 2.410923220748526603e+02
-6.428643783122101013e+03 1.307323863959136645e+02 -1.475511759900448851e+04
-2.549105131841572438e+04 -7.633946363370562904e+04 1.994569703674600896e+04
1.797675754048672843e+03 -1.708818623678614313e+04 1.613853132835776705e+03
6.197824119979892203e+03 -1.543264539407882148e+04 -1.547971166520007728e+03
-8.978177488429913865e+03 2.490606130921507884e+03 1.054366851705425142e+04
-7.315303047002128551e+03 -7.551024534868043702e+03 2.967644108180048988e+03
-3.206789126217613011e+04 6.984127022426984331e+04 5.023250063725917425e+04
-4.677859517233761835e+03 -1.021561854777642839e+04 1.046972174508583703e+04
7.205986904533861889e+03 -1.554282995241834578e+04 -5.043340624323741395e+03
-1.739758219096684570e+03 -1.161798570234026010e+04 -1.959654038205578672e+03
2.262221014460623110e+02 -1.178784615090571606e+04 2.594494077911643672e+03
-5.337484774354041292e+03 -1.617621945005390262e+04 -5.048122148402103448e+03
9.489366805073665091e+03 -1.793285131011328485e+04 -1.361949213412225390e+03
1.756575188909213693e+03 -9.808271424817521620e+03 9.176409585949459142e+02
8.674365538892261611e+03 -4.143849447171587599e+03 1.424896627399672798e+04
6.111145855236859461e+03 -2.224185320160193078e+04 1.283627517824897950e+03
-2.546045593025060225e+04 3.471697165659541497e+04 3.786888210385154525e+04
4.810788718731146218e+03 -1.745280442808555745e+04 3.791140705833015545e+02
1.473686464269372118e+04 -1.974583204266089160e+04 -1.952020820552981377e+03
-1.938774597851597491e+03 -4.750402009821889806e+04 3.206728918297695054e+04
1.179258235860091809e+05 -1.458693293130513339e+05 6.864793937994339103e+03
5.405533863214569465e+03 -1.509308277936015111e+04 -2.936054341172135082e+03
-2.663422656589098187e+04 -9.078850771420047749e+03 3.007267275089885879e+04
-1.628981558517598569e+04 -3.387479102956160932e+04 -1.388380252096404911e+04
5.986764273803204560e+03 -1.957040231053622847e+04 3.079177376269410047e+02
2.682826189122466894e+04 4.313667148603415990e+04 3.848264104992461216e+04
1.869329707303568057e+03 -1.204167793014310882e+04 1.771235298341969155e+01
1.922741815316191150e+03 -1.955414092189577059e+04 2.027514597558736568e+03
1.248659354421583703e+04 3.319567937773497306e+03 -1.959633079422181981e+04
8.089141879813016658e+02 -9.726718409943678125e+03 8.374090408812357055e+03
-4.260427855054926113e+03 -1.968722121353917828e+04 -4.983974494465912358e+03
-1.352343765883882406e+04 3.142611387407430084e+04 -7.015977671833439672e+04
7.120275154068483062e+03 -9.321979528264295368e+03 -1.052382104389298911e+04
1.765375138296313162e+04 -9.968335985637804697e+03 -5.124471110849553224e+04
1.405382187009512791e+03 -1.199270236960671173e+04 -2.429104499457447446e+02
-2.484172886911554542e+03 -1.107154765101430348e+04 -1.913528034319822609e+03
2.375349272578341333e+04 -1.711203642610670431e+04 -2.004722226018977381e+04
6.602632539098713096e+02 -9.987627053638099824e+03 5.652761107141820503e+03
3.890579828559980524e+04 -1.120711500499559334e+05 1.502177869701816962e+04
2.807394533057795343e+03 5.424523580086738548e+03 2.363182330075481150e+04
-1.563256580455001767e+03 -1.454415872030636092e+04 2.825119241543608837e+02
6.161970021814608117e+03 -2.258322104854344070e+04 -7.228076691939380908e+03
-1.491846769249332965e+03 -1.316883505196402803e+04 -4.403211223066373350e+02
2.194597330864988635e+03 -1.248247898595798142e+04 3.109436219755175443e+03
2.725211007485944265e+03 -1.522916957679001098e+04 -3.869004481193579977e+03
3.260045116279010017e+03 -1.653053094560851969e+04 -6.151353064876901954e+03
-1.674262718208636898e+02 -1.554410399480553860e+04 -4.298984090458566243e+03
-7.092288467793836162e+02 -9.439531540469413812e+03 1.619267686892337224e+03
-2.667659885140752885e+04 6.640949461036065259e+03 1.733365859140215980e+04
1.402107305789598968e+00 -2.117483895665729142e+04 -5.599417588535795403e+03
4.717170308563207982e+03 -1.355915784208812875e+04 -2.755799159304815021e+03
2.787506815330343215e+03 -7.394420538421296442e+03 -1.589534021646416477e+03
2.314092429967666703e+03 -1.123650868303857351e+04 -8.747593475694543486e+00
1.074524293029686248e+02 -8.643137768318978488e+03 -2.666576846832925185e+03
-1.505069165121193328e+04 -1.052975876633204607e+05 3.174409301375003633e+04
4.662029290927627699e+03 -2.031730339025551802e+04 4.384280270406302407e+02
-4.529595286328390102e+03 -2.015418221291175723e+04 -2.951718172742479965e+03
-4.554030402515500464e+04 -6.104739223297278841e+03 3.493287988732294616e+04
6.209397411876763726e+03 -1.515193226231213521e+04 -2.696113670971129068e+03
6.034001035254303815e+02 1.105862940325557247e+04 -1.949214752615444013e+03
8.634682667924151247e+03 -1.915900062171365062e+04 -2.626045627147758523e+02
8.534712428708922744e+03 -1.267354259110733801e+04 1.440341262540153821e+03
4.616711006126000143e+02 -1.873486441434729932e+04 -2.894725015785478536e+04
4.410146517660116388e+02 -1.100449757898174175e+04 -3.424062771855192295e+03
1.556554627268994773e+04 -8.346530745931067213e+04 -2.481842126577119052e+04
5.299678273556182103e+04 -1.762609448801288381e+05 1.308612505263509593e+04
-1.271771299651636218e+04 -1.113476779507223364e+04 -1.202809130262241752e+03
1.073028704885014577e+03 -1.294554342655222172e+04 1.266916937125726577e+02
-7.883108816305045366e+03 -2.010405201885077258e+04 3.682135675962972527e+03
-1.932320350876270822e+02 -1.730670372216391843e+04 -8.764324018596119004e+02
4.053603863085181274e+03 -1.051943295786452472e+04 -2.621258896083416857e+03
-7.523961544454527029e+03 -4.340901086154167569e+04 2.997141095446196414e+04
-1.511209092307966628e+00 -1.572657772065663448e+04 -9.783996237437435411e+03
-1.112434667346426977e+04 -1.548353374817994336e+04 -5.620539941144747900e+03
-6.084524697558870685e+03 -1.613156716627648620e+03 1.010276691918387405e+04
1.246747643867670376e+03 -1.706812363815486606e+04 2.026410870781843869e+03
1.073792148804797989e+03 -1.403944821401134504e+04 -1.640422517237898319e+03
1.144067784930081507e+04 -2.226053635009489881e+04 -6.374620940922476620e+03
-9.771047023279144923e+03 -3.641844440132849741e+03 -1.234300730329646467e+04
8.435743829359089432e+03 -7.675819213279086398e+03 -1.092547497160737294e+04
9.206959201565941839e+03 -1.345966330009908779e+04 -3.192938299212706988e+04
4.886076086970303732e+04 7.169655938616056119e+03 -1.453956146327845636e+04
-2.206777866581059243e+03 -1.761557579898255062e+04 -1.303156712147888356e+03
4.485553245195551426e+03 -1.558899532042866122e+04 -1.414128056360409573e+04
4.104333123584947316e+03 -1.701268737358738144e+04 1.048352009716255907e+03
6.520936664505386943e+03 -1.009088615299493904e+04 -7.894048239424251733e+03
8.491418524063861696e+03 -8.623098246735951761e+03 7.203938302630893304e+03
3.055989030192624796e+03 -1.305785499527476532e+04 -1.858207883259192158e+03
6.449932937496762861e+03 -1.171103083121099735e+04 -4.780255063037509899e+03
-1.653469821052963744e+04 -1.668929746306017478e+04 -2.524723717596077768e+04
-1.851981492152901046e+04 -2.275761545479588312e+04 1.640178443627474917e+04
-1.639161259087916960e+03 -9.340845280047440610e+03 3.324011261522847235e+03
5.218444968269417359e+02 -1.540518213598453985e+04 2.449734635231858192e+03
5.116853004471439817e+03 -1.112836337609255133e+04 -2.808957687509598600e+03
9.078491053071407805e+03 -1.784232189519566236e+04 -8.007314257184024200e+02
-4.853440414609487561e+03 2.064740770667872766e+03 9.545141578758695687e+03
1.574175306501544128e+03 -1.219267113653113847e+04 1.315403984691388928e+02
2.191296841526972003e+03 -1.592144497015543493e+04 2.049401667899006952e+03
4.879594840747075068e+03 -1.710508778219427040e+04 -1.876376027928288067e+03
8.170581581002585153e+03 -1.684939577644162637e+04 -3.891909338838846452e+03
-4.630475201836767951e+02 -1.132893033963419657e+04 8.429434018080510214e+03
8.979581115334640344e+03 -2.120557550180103863e+04 -1.731705030456915847e+04
-4.278223817063686511e+03 -2.447631964226017226e+04 -6.945983720695310694e+03
3.284702654104016801e+02 -9.148210890810463752e+03 2.391758630124031242e+03
-8.560618911911351461e+03 -1.538155672161819666e+03 -2.523450743017991044e+04
1.673544546519877940e+03 -1.940372623289036710e+04 -3.457206087415758248e+03
-7.863401052664720737e+03 -1.843805488807425036e+03 -3.366861148147637323e+03
-1.177647614122526647e+03 -7.984520813761821955e+03 -1.221066324236342734e+04
5.800238385845514131e+03 -1.153092831378645133e+04 8.344278441750167985e+03
-1.798697174318040197e+04 -2.676161033778518322e+04 -4.401756554045322264e+04
4.973512007998397166e+03 -7.693349663150507695e+03 -5.140362005329942008e+01
-4.687100903546987070e+02 -4.687407686529102648e+04 -3.994282826728558575e+04
-4.872577085054173040e+03 -9.774774568318267484e+03 1.555516136631676545e+03
2.794383738443155380e+03 -1.507844920592878589e+04 -2.779485398758805786e+03
1.693282080297568973e+04 -1.506642622063260751e+04 8.206152523010421646e+03
2.577152199139709410e+03 -1.647831998280862899e+04 2.242253325146662064e+03
1.251230024065075486e+04 -8.508788373666006009e+03 -1.042443723801023953e+04
-6.376924268344041593e+03 -4.338421433672365310e+03 2.425082746811709058e+03
-3.389084627284975795e+03 -9.351221179598860545e+03 6.230335098793466386e+03
5.134856088582029770e+03 -1.067688014914343876e+04 8.020890442874624569e+03
5.994099322400723395e+03 -1.437345760965707450e+04 9.220409668194648702e+02
6.200643516244002740e+01 -1.219396891837898693e+04 8.156710611841276659e+02
-1.129942214705848710e+04 -7.007520357466497444e+03 3.149470242653463174e+03
-8.518734168873976159e+03 -3.067368871077075892e+04 5.788121692662961323e+03
3.965739229127725594e+02 -1.077597468275865867e+04 -1.609040928268522748e+03
1.272176473451379934e+04 4.466394507010714733e+03 7.224894140143455843e+03
1.417133524485200041e+03 -6.563464477976016497e+03 6.542106953147461172e+04
1.159968159316954143e+03 -1.272641317512965361e+04 -2.788227122734058867e+03
1.756404371682647979e+04 -8.744629497812409682e+03 -1.775841858107046573e+04
-3.444815795841394720e+04 5.834166184468824213e+04 6.693809252080028818e+04
1.431900401068062592e+03 -1.141598376722158537e+04 -5.101994174198382098e+03
2.999890793195407696e+03 3.464736431543888102e+03 1.590032781237234667e+04
-1.058504612997920958e+03 -1.564470337299410676e+04 -1.087750678106449186e+03
8.306129449722839126e+03 -2.464543403247554670e+04 4.605061754101941915e+03
-1.107347747799846002e+04 -3.068308797921685255e+04 1.372399812186386771e+04
1.645746339156268732e+04 -4.165187564798471612e+03 -2.281720476544756821e+03
1.265731465508336805e+04 2.380074518626053305e+03 8.498394684188599058e+03
4.932793091378880490e+03 -1.373855512857922622e+04 -1.864645448479516972e+03
-2.034936640993603214e+04 -1.114981783096503641e+05 3.430392888406820566e+04
2.106805512777647527e+04 -3.195206072727852006e+04 -7.990391345740877114e+03
-1.419513643943122042e+04 -1.727038542908296586e+04 1.641689963018372737e+03
-9.619670266230859852e+03 -7.773036752447802428e+03 6.293964569501912592e+03
2.986777167875400210e+03 -9.867961495782601560e+03 3.324435291319753560e+03
8.016864919258697228e+03 -1.144410332193513932e+04 -8.806991898443226091e+03
2.378298923977712093e+03 -1.808053251465188077e+04 -2.213728399841239479e+03
9.430655616369331256e+03 -1.413444660846364241e+04 -5.200141914691039347e+03
1.441486332256078811e+02 -1.036749525880037618e+04 -1.124556491225978789e+03
9.910925720745768558e+03 -1.640974990194225029e+04 2.544195750781491824e+03
-2.625523056770312178e+04 -1.780224489223875935e+04 3.864136810338326086e+03
9.889529819142866472e+03 -5.312211917595871455e+03 4.011957295727544533e+03
-7.434458531263527448e+02 -1.592969225178540546e+04 2.514089536946958560e+03
5.184523517128848198e+02 -9.376512990220795473e+03 -3.664181078824958149e+03
1.071661690675427963e+04 -1.318276311687928683e+04 -1.528162764726205023e+04
7.231208621402626704e+03 -1.372836782417722861e+04 3.658678429908317412e+03
1.838564984427598029e+04 9.620336822040941115e+03 -1.107777673554287867e+04
6.717096902744324325e+03 1.390120846610204353e+04 -1.961076517867788880e+03
5.375493541461214591e+03 -1.328528719294869006e+04 -7.007038693111687735e+02
1.164601151214063975e+03 -2.592904204899139222e+04 -7.382071259432489114e+02
-3.488312232783217769e+04 -1.196166144053722383e+04 6.137272691666528408e+04
2.446322219118014618e+04 -2.137187699202485237e+04 -1.197422599825745783e+04
4.811838294506455895e+03 -1.196602067233448179e+04 3.541111361206648780e+03
4.178599968922847438e+03 -1.699730216974925133e+04 7.350600006070230847e+02
6.311852782130516061e+03 -1.981415642037010548e+04 1.383600135084973317e+03
-5.383885706163154100e+04 -3.334714265140607313e+04 3.741952903894880001e+04
1.044036847404105174e+03 -7.250305163565798466e+03 1.049367411659483196e+03
2.556474805595392468e+02 -1.404749787908991129e+04 2.564372448666497803e+03
-1.190765875802158371e+04 -9.613429353980380256e+03 -6.143844958289752185e+02
3.342728237084969442e+04 -2.179711172355312010e+04 -3.534283027903543552e+04
1.000499784912270297e+04 -2.400725281740367791e+04 7.981529279646711075e+03
8.513790858939082682e+02 -1.011269067731014729e+04 -4.524780045678627175e+03
-1.177404894542608645e+03 -1.558482329426552496e+04 6.287238720848850789e+03
2.981403896706781779e+03 -1.180232605633537241e+04 -6.325840694268808875e+02
2.442859114541014605e+03 -1.399209520695199899e+04 1.379749775133630237e+03
1.080628754871252750e+04 -2.430551267922703119e+04 -2.932548088280874254e+03
4.189061600390522472e+03 -3.703829702026613631e+03 -2.087081916542704676e+03
3.372822080154470768e+03 -2.671165143968336633e+04 -3.732136391691531117e+03
2.683393265894151796e+02 -1.315464471877991309e+04 -1.974032299192154824e+03
1.320064847951392221e+04 -1.803666638559186686e+04 4.704734037656248802e+03
6.571518356188823418e+03 -4.710651384372316897e+03 3.929936174660778306e+03
1.016161609037763264e+04 -1.579531382669042068e+04 -2.231376977070076100e+04
1.293159063076634084e+03 -2.493773899148651253e+03 1.483139768646958146e+04
2.745521163567098483e+03 -1.472702698959489680e+04 -5.906998019570459292e+03
7.789449516573076835e+02 -6.473290809562609866e+03 1.089267515238566921e+04
1.333369493561584250e+03 -3.368264929478507838e+04 -1.067446348115729052e+04
2.687879239379224236e+04 -4.376254361029248685e+04 -2.578541881458090575e+04
6.549397779253066801e+03 -1.315778678093104645e+04 -1.557940526716241720e+03
-3.412365929275669714e+03 -1.143720159798725763e+04 -2.970354219640826159e+03
-4.737193218095901102e+04 -1.333988411681194339e+04 -2.430203553395589097e+03
2.382293586989892447e+03 -1.171560289846502747e+04 -2.278799975619583165e+03
1.017872702244995162e+04 -1.490314271890800774e+04 -1.091510072697616124e+03
5.101187821265533785e+03 -9.382157904406274156e+02 1.179900240905120882e+04
2.054169561331890873e+04 -3.034602523482328252e+04 -8.183119418256687823e+03
-6.784323215180505031e+03 -1.597186142691051646e+04 3.032449316453308256e+03
6.127093405286528650e+03 -2.413174030865028544e+04 -4.462895659174908360e+03
-3.191098189517837227e+02 -2.407311649791189120e+04 1.760527550382691743e+03
2.058103524940474472e+03 -1.623882356820361565e+04 -4.884538665700118145e+03
-1.133552206365570601e+04 2.612985589031669952e+04 8.160350195956214520e+03
6.808237139190403013e+02 -1.140999752195638212e+04 2.774682649092759675e+03
1.546566836211444297e+03 -1.405119943397840325e+04 8.565937116794652866e+02
2.772100120702246841e+03 -9.107560115056299765e+03 8.001281412414007718e+03
5.267165607634159642e+03 -1.824313569718519284e+04 -2.595341045213432153e+03
1.319553456879412261e+04 -1.286499974377695980e+04 -4.637365140608692855e+03
-1.424589739520248077e+04 -2.011402330819816780e+04 9.237727099848571015e+03
2.595187183437755812e+04 -2.236825545442270231e+04 2.684619932044212874e+03
3.017845715260540146e+03 -1.008945767996542963e+04 -1.051827000295847938e+03
8.470047981224828391e+02 -1.391928322449700318e+04 -8.497497401242045498e+02
5.031146179310041589e+03 -1.461260592326900041e+04 3.097953330156688025e+02
-4.270230260286663906e+03 -1.597556022887330982e+04 4.858519197687564883e+03
7.207405880539128702e+03 -4.110136721314829629e+03 -8.982826448397934200e+02
2.389627330301280836e+03 -2.621113850968217230e+04 1.496258671500425407e+04
1.935684706571065817e+03 -1.081227735279476110e+04 -8.042366100335168539e+02
6.589556124813044335e+03 -2.208886604286234069e+04 -3.705885633739778314e+03
-4.338767029280315910e+03 -1.138616486345047269e+04 2.194347981411884120e+03
-2.650318079374710578e+03 -1.289085007646552185e+04 1.435330311052254615e+02
-1.547588360991263653e+04 -2.814419435519825856e+04 -9.353773459065396310e+03
2.986755223581123209e+04 -2.067222132669757775e+04 1.245634972184641992e+04
1.404557751885707148e+04 -1.652297533441745691e+04 2.242087681638267895e+04
8.543539259728737306e+03 -9.812058794226797545e+03 -3.298643859740163862e+03
4.768983727207235006e+02 -1.318792959230002089e+04 1.545198026495068007e+02
1.153794634691083502e+03 -1.490995154501390789e+04 -6.170260443572334452e+02
3.998881716490888721e+03 -5.726963360892485071e+03 -1.716540229346757314e+03
-3.422162557845573701e+03 -9.646364944734303208e+03 -2.506710771994125480e+03
3.552183521419255641e+01 -3.957538273348341136e+03 -2.307135056187281589e+04
2.146163894497648016e+03 -2.730553980167202099e+04 1.355755533547589584e+04
3.131271434518975639e+03 -9.795838666760255364e+03 -3.293050261008542293e+03
1.342110723088464329e+04 -1.875064934087662550e+04 1.062568958165515869e+04
5.514133338764695509e+04 -2.964805109465329224e+04 -2.632532461492028597e+04
4.572851599630351302e+03 -1.631174191868805246e+04 -6.088573297757359796e+03
-1.172755085066168067e+04 -4.031371600828051214e+03 1.530230223565953384e+04
2.356142104130274674e+04 -3.174136710550056887e+04 2.228281843901622779e+04
-2.576403023114024563e+03 -5.287809732047267607e+04 4.529935941944763181e+04
1.055903517536266918e+04 -1.462458284947515676e+04 -6.978865437995887078e+02
-5.462360726045250203e+02 -1.351219104649218571e+04 -1.405273382399234379e+02
3.429171231766750225e+03 2.148456074496343263e+03 1.130323652456097079e+03
-1.450968103491696013e+02 -3.197376078765582406e+03 -1.648782838234026713e+04
4.650295616859724760e+03 -1.640389785824440332e+04 1.081148127832983619e+02
1.941668009080466675e+02 -2.310197834665067057e+04 2.397295368315719315e+04
5.979492812379688075e+03 -1.360545734900702337e+04 -1.827291889124773661e+03
2.869872645667186362e+01 -1.190041014884278047e+04 -6.539700767453779918e+03
9.650675751255435898e+03 9.562334933129639012e+02 -4.863350212067596203e+02
4.249959440285249002e+03 -1.208285623599745304e+04 8.874173152206235500e+02
3.862412584555910598e+03 8.028861263461835733e+03 -2.297727073122578804e+04
2.055744787992080091e+03 4.136796000742511387e+04 4.586078300604051037e+03
1.156327928628420381e+02 -1.361548628479871513e+04 -2.784661176449768391e+03
2.358788301846611375e+03 -1.230694327897974108e+04 -3.618555236008027350e+03
-1.954182153176406700e+03 -1.675319874990601193e+03 -5.642686302168917791e+03
-6.332974735980028527e+02 -1.480101235273285602e+04 1.616894379632944947e+03
1.368382756329660879e+04 -1.706683072888437164e+04 3.680362869077659980e+02
1.399066054950993930e+03 -1.094367373897856669e+04 4.620200719418569861e+03
-2.233608216151301531e+04 -2.078308795506184470e+04 1.887278778791160948e+04
6.450289375745934194e+03 -1.347300665220755036e+04 5.147515301140039810e+03
-2.761931020520792117e+02 -1.296473212392798632e+04 1.380879747523293872e+03
2.647477032787792268e+03 -1.416981185524888679e+04 1.620849607261156962e+03
6.890556213193862277e+03 -1.228324164848167493e+04 2.498723753256812756e+02
-1.189749969324185258e+04 -1.531248867626940046e+04 -7.250470151231290401e+03
-3.526759441445336734e+02 -1.219448235568152995e+04 -8.943844951786576303e+02
1.745958658805442610e+04 -1.702395136383956196e+04 1.005628512183012208e+04
1.203637079810933528e+03 -6.735625122232517242e+03 6.607311984158017367e+03
-6.958713781592635314e+03 -2.442540567446450950e+04 -9.450243415476892551e+03
-6.450803475058627555e+03 -2.432784264433384669e+04 3.422460147004840110e+04
1.514434797710091516e+04 -8.950818178622095729e+03 -5.233650696808444991e+03
1.064992534958942633e+04 -1.933747281904923148e+04 -5.697000041321928165e+02
-3.977563733388649416e+04 -5.440647954026256775e+04 4.883506799858598970e+04
1.635174549918649245e+04 -6.072172846045414190e+03 -1.494245662260035033e+03
8.688711466336721060e+03 -1.375520361954425061e+04 -2.129905073399636422e+03
5.288346039793679665e+03 -1.435274380767695766e+04 -3.739279306477085356e+02
3.156368190283727472e+03 -1.534603244710275249e+04 -1.186570107443797326e+02
1.550757461518995342e+03 -7.582811553457997434e+03 -2.118118958715968802e+03
3.987716015020130271e+03 -2.069085940215070150e+04 2.652392365908079228e+04
3.739056426322636980e+03 5.773862488440291054e+04 8.384541105433068878e+03
-7.109336657122583347e+03 -1.465933847442552724e+04 -2.293147502976915462e+02
7.503108621858345032e+03 -1.572760636276467085e+04 3.489932295034323943e+03
1.880756208748653080e+01 -1.080359607435378894e+04 -4.822858339033673474e+03
-5.643271417188335363e+03 -1.798507638897071229e+04 1.056761782204739575e+03
-8.233039050606981618e+03 8.556501480336888562e+03 -3.858146142666565083e+03
-1.999132959868832768e+04 -8.234418663786307661e+03 1.781132458052202492e+04
-1.337567236674872765e+04 -1.142128863454382554e+04 5.345675055379946571e+03
4.495903231243313712e+03 -8.850869012118448154e+03 -7.111103529139845705e+03
6.856762122968657422e+03 -1.639338053149721600e+04 -3.247036001036913149e+03
6.238627196723197812e+03 -1.080511388282942426e+04 2.141278261944981409e+02
2.775306767836651488e+04 -6.608748989344037545e+04 -7.405294094196063816e+04
6.230696895991327438e+03 -1.642548940850151848e+04 -9.487542876319956122e+03
-7.402531197083242660e+03 -1.841528218376715813e+04 6.050258318051487549e+03
-1.211980796931588884e+04 -1.768713794995721764e+04 -1.477078205883696910e+03
3.314061539488880226e+04 5.415686640231837373e+04 -2.442624312837610705e+04
-9.564164294952286582e+03 -3.091799519512030383e+04 2.655161490826753288e+04
-2.472971999781992508e+03 -1.428700079557635217e+04 1.284717737449313290e+03
1.858147633965699424e+04 -2.406694814589815724e+04 -4.231539021975757350e+03
5.014437081019909215e+02 -1.269260620039878449e+04 -5.434178436293686900e+03
3.632914181882559205e+04 1.204054071993479156e+05 -1.194489647430479527e+05
-1.735239264210849569e+03 -3.859733485940391347e+03 3.963462778442683884e+03
-1.112293768715294755e+04 -1.270388419565088589e+04 4.593950866781440709e+03
-4.456226814880576512e+02 -1.455019431467023060e+04 2.691122465201302930e+03
3.566291784922772422e+03 -1.591680602850947071e+04 -4.197035870768174391e+03
9.473087919949990464e+03 -1.844324823804395419e+04 2.524099600518195803e+04
-4.461307562993233660e+02 -1.199435605899446273e+04 1.888887886301343315e+03
-2.414061567205615120e+02 -1.506997639013489243e+04 -2.007684980763314798e+03
2.893206796663841487e+03 -2.930451079160083100e+04 1.019895788636539464e+02
3.174817378849117449e+04 -3.610340738473459351e+04 -3.200107804465671143e+04
1.301629689035528645e+04 7.735931755113042891e+04 -8.881755458733132400e+03
-3.119393535954757681e+04 -2.206551511166400087e+04 -1.275637288267696931e+04
-1.045865195098014055e+02 -8.810620548896435139e+03 -5.116988234334169192e+02
1.385047702638795727e+03 -1.265122876272985013e+04 -1.017080545195891659e+03
-1.477315900678268463e+03 -1.267741124935809785e+04 -2.872486845057836945e+03
-1.779347406304205379e+03 -2.866170882520824307e+03 1.826338142186115147e+04
4.071472651101658357e+03 -1.488104508974136843e+04 -1.776735909550744964e+03
-3.065599555389158468e+03 -1.831187516966264593e+04 1.641539786135441773e+03
-1.445992906937575208e+04 -1.453981599703330903e+04 2.211663670684822500e+04
-5.273096235719637662e+03 -1.888065042794906549e+04 2.413995681577294363e+03
7.051792907480119538e+03 -1.469981967291777619e+04 2.419846243015032451e+04
6.989116613185651659e+03 -4.857377709618478548e+03 -8.620988976153028489e+03
2.847721546192498408e+03 -1.553939303189283601e+04 5.429331789029503852e+03
-8.280658938269959890e+02 -1.538214382402566116e+04 1.109562648914277815e+04
3.025106127924532757e+03 -1.836479780074092196e+04 -4.036010218426989923e+03
7.791078561552906194e+02 -3.258427627941825267e+04 2.895320368952134959e+04
-2.252305483690723577e+03 -1.588617567281793526e+04 1.290097345876572035e+03
1.415335867596461321e+04 -3.221684899482837136e+04 5.874537566883123873e+03
-1.729383886679345596e+04 -4.801959954363080215e+03 5.296635199393294897e+04
-6.118955963283913297e+04 1.082166046266616286e+04 5.156238488966005389e+04
-2.494698736388753332e+03 -1.115021413569351535e+04 -3.717686302431107833e+03
2.627663775911835728e+03 -9.727492988791940661e+03 -1.273123281423729168e+03
8.666503725323182152e+03 -1.697891953241160081e+04 -5.312556472062371540e+03
1.133488895090815731e+03 -1.337658977681133547e+04 2.390712047605695261e+03
-1.287722843036890481e+04 -2.749270356758291746e+04 -3.830286645848437729e+03
2.952338675751001210e+04 -2.009246049789834797e+04 -1.244731289532499432e+03
2.256230912547767730e+03 -1.954603290456238392e+04 -1.613690572389392628e+03
5.834707415009243960e+03 -1.854393403342880629e+04 -5.007654481423329344e+03
6.251124181799701546e+03 -2.414374740223069239e+04 -5.439614421285456956e+03
-1.092391490072117904e+03 -1.631652940706318441e+04 2.028454051116123765e+03
8.753287595805748424e+04 3.928595407092246751e+04 -3.524758296064673050e+04
-2.927915927026407189e+03 -8.673800085312270312e+03 4.469853857501160746e+03
4.577686961371338839e+03 -1.516285638148692306e+04 -6.731725295300808511e+02
3.240938097822468990e+03 -1.664906450074891836e+04 2.800716871196253578e+03
9.431281183453791527e+03 -2.051280818948803790e+04 -9.717293639299778079e+03
-5.982057753423038776e+03 -5.191353577671542553e+03 1.460586767008903053e+03
2.853562783769502857e+02 -1.787763785517461656e+04 -2.297350857281909157e+03
-1.674835768397975189e+05 6.822867286456227885e+04 -8.013813245585308323e+03
1.311603288771477537e+03 -2.762955854218755849e+04 1.254280984025480029e+04
8.513878713954100022e+03 -8.521469454095249603e+03 -6.193419372470141752e+03
-3.653849719356908281e+03 -1.759263662445226510e+04 -3.900603607285489943e+03
2.886477328120515085e+04 -3.568345714005475020e+04 -1.704014740525514981e+03
5.024945721494623285e+01 -1.873534253270981208e+04 3.418956972811876767e+03
-7.741555936095243169e+02 -1.580542659661937250e+04 -1.325264239812044707e+03
2.651750690539741481e+04 -1.553266005621220029e+04 -3.874565331559029437e+04
2.647811861090034654e+03 -1.230319536227386197e+04 3.569768016939761765e+03
4.843618550079852866e+03 -1.507712014861658099e+04 -3.019213045621430865e+03
-5.370998247445985726e+03 -1.929448715328804610e+04 1.899082892104425628e+04
1.034783007027371059e+04 -1.253304712531745827e+04 1.045134342041734499e+03
4.222965265761845330e+03 -1.153369620340931579e+04 -2.471184128057522685e+03
-6.981912728216385585e+04 4.330379458218101354e+04 8.601658377681887941e+04
5.424840015746025529e+03 -1.280620802265922248e+04 -9.597242553382759525e+02
2.132954100564868713e+04 -1.458887610789390965e+04 -1.477967685201271252e+03
6.201783571013747860e+03 -2.516961915633274111e+04 -3.873115781753712781e+03
2.667151999407561016e+04 3.744098293405536242e+04 -3.730326508843958436e+04
3.600450747772087198e+03 -1.406547411887061571e+04 2.310785256913472404e+04
6.464010378733167272e+03 -2.075859226221066274e+04 -1.206937070063872397e+03
-3.093753630821744991e+03 2.973108583193454251e+04 9.717177532862282533e+03
-1.441771038855999450e+03 -1.507149910093503422e+04 -1.721228198601858367e+03
-6.293359913750467240e+04 -4.259782984938335721e+04 -2.225425705714959258e+04
9.725313412686635274e+04 3.584505866294096631e+04 7.312795415397424222e+03
-1.289692763021263318e+03 -1.259786669080304455e+04 -1.827826176255755854e+04
8.561572194295073132e+03 -1.022652141444034714e+04 1.115964910057653697e+03
3.421640273626734142e+03 -1.694147490855921933e+04 2.036757988072774651e+03
8.736953788049891955e+03 3.650536697131187975e+04 7.712636478675413855e+03
-6.436631746069465407e+03 -3.876518410406979092e+04 1.783401751617678383e+04
2.622778478540897140e+03 -2.403079696757213605e+04 -1.577471195320822517e+03
9.910991604024091430e+03 -2.222453104917462770e+04 -2.600571033098979569e+03
6.662196310227855065e+03 -6.944117793862336839e+03 -1.074058835750809521e+03
-3.687142259710164581e+03 -1.768892185807373244e+04 -5.782544821608405073e+03
1.245006792867477088e+04 -3.095783802824025770e+04 2.758660112079540704e+04
8.223575678983356920e+04 2.620694080999995276e+04 -1.082836675109185126e+04
-6.432609639351051101e+02 -2.847763031784485793e+04 -3.099803985324464520e+03
-9.399685318292236502e+01 -2.539404549724588833e+03 -1.838298014801470708e+04
7.900717817335088284e+02 -1.864275107552131522e+04 -2.290723521578492637e+03
3.357583755073847556e+02 -1.817800296838728173e+04 -5.279380785738771920e+02
1.473909855145764959e+04 -2.035822337939800491e+04 -4.938219911967570624e+03
1.508416567751443381e+03 -9.976414246055104741e+03 -9.421009550776301694e+03
-3.518893506424858060e+03 -1.523915277859783419e+04 -1.484528583861344259e+03
2.790359032871797353e+03 5.006515383411013431e+01 2.954545371506528681e+04
2.692106697078433172e+03 -1.090127185993001331e+04 -5.227160904281595322e+02
-2.591478247890101557e+04 -1.655545571071184168e+04 2.764893098335462855e+04
4.806302363799030900e+03 -1.191714517486686782e+04 4.479253224322858955e+02
1.056368201259239868e+04 -2.331614869219353568e+04 3.801458720113116215e+03
5.764721342854104478e+03 8.051235437917446689e+03 1.738049952245006716e+04
1.983400208449850197e+03 -5.893384610229978534e+03 4.096909036293131976e+03
3.954666731636512395e+03 -1.344529596303731705e+04 4.867707415054908324e+02
2.295978165456945135e+03 -1.466039089946993408e+04 1.447928570644173078e+03
3.201657028061735673e+03 -2.039803984105119525e+03 -5.134916541284233062e+03
1.641855742961711076e+04 -1.024363379981047729e+04 2.290046527082650209e+04
-6.651157086540889577e+04 -5.160916255788322815e+03 -1.134553829559824226e+05
-7.605382697029258452e+03 -1.953830108329830546e+04 3.425800668492736440e+04
4.535927848034999624e+04 -1.432141915380417959e+04 1.928133514142466811e+04
-7.974505238973449195e+03 -2.048419581719326743e+04 3.795737467225771070e+03
-4.243337925612559775e+04 -1.128401898137326862e+04 -1.198710149247349909e+04
-1.566933616735439136e+04 -3.707931794877590164e+03 1.438056190113359662e+04
-2.729340010993794567e+04 1.138790472674495322e+04 2.077797900143954030e+04
1.075485959379816222e+03 -1.687146885349405056e+04 -3.418776491316606098e+03
1.051987837539007342e+04 -2.159012795152967374e+04 -1.033887688449000052e+04
9.417850335209408513e+03 -1.455170788600773813e+04 -2.059751861854054368e+03
7.564515138669165935e+03 -1.316165309589653771e+04 1.129558597869433834e+04
-1.047243262881885585e+03 -1.046243824052335549e+04 5.047994426721630589e+03
-6.666856169738125573e+02 -1.347429405078737364e+04 -4.729547116412649643e+01
1.204042284766921512e+03 -1.303711748321616142e+04 -2.021342613779964381e+02
-1.036155046553864486e+04 -1.012921015005424415e+05 -1.013412946064462158e+05
-4.458827445276386925e+02 -1.569852017444120975e+04 -8.897089362521988733e+03
1.066812398138527533e+04 -1.330364572306854097e+04 -1.275901630423621100e+04
-3.655248469856168958e+04 -1.868685550490516562e+03 3.925391477837727871e+04
-1.205613099540978692e+04 -1.055608840400106419e+04 1.251970080833782595e+04
-3.226123053902956030e+02 -1.461680046273199878e+04 -6.379951370184572625e+03
-3.301654933335987153e+04 -4.724019241454656367e+03 -1.552925497725041714e+04
-6.874840358006415772e+04 -1.236905783060186513e+04 -1.182027097449789144e+05
4.239791389978796360e+03 -1.311233398877237414e+04 1.533773433179666483e+02
1.798249995556358044e+04 -2.661941322407091138e+04 2.872273345022783178e+04
4.194985416414201609e+03 -2.054572683535127726e+04 3.972614298730422433e+03
7.481373853134550700e+03 -1.983697478618890455e+04 -1.030459167634072219e+04
1.117009602444981101e+04 -1.139375303660282043e+04 -9.750681570339964310e+03
-7.127234967392169347e+04 -2.970018079584406951e+04 4.910205321415981598e+04
-5.176987603450736788e+04 -4.969942445245914132e+04 2.853341936333953345e+04
4.249494215656365668e+03 -1.279234244062507241e+04 -8.793120644795150156e+02
2.856928995460881197e+03 -1.150766505570369191e+04 -2.051086610451690717e+02
-8.196169624188423768e+03 1.245139946258309692e+03 9.380776457952944838e+03
5.602673265649154928e+03 -6.619257258081318469e+03 2.258299420758043652e+03
-4.539648125266735974e+02 8.218291896156451912e+03 -1.262986960207320408e+04
-7.755291151258584250e+02 -9.432226090217240198e+03 5.817035914291896006e+03
8.095745755007813386e+03 -1.189716749082668866e+04 -8.624584544469863658e+02
-4.165848397166891118e+03 -8.199577433138014385e+03 2.145307366639194697e+03
4.282664658447106376e+01 -1.063813335908369663e+04 -2.404306912663931143e+03
-6.677705203710945625e+01 -1.486040682447633480e+04 -6.437301414922457298e+03
1.158620316491628182e+04 -1.867048015557462713e+04 -5.582164261384964448e+02
1.197260605586788643e+03 -1.134303896699489087e+04 7.961228890870401301e+03
-6.351956618411104137e+04 -5.891460381917622726e+04 -3.027638247118485015e+04
-2.875607287137684762e+04 -7.244521445948960900e+04 -3.201934636382022290e+04
-7.275181088410006851e+03 -1.642461711528090018e+04 2.106484684581747842e+03
5.238027854668941472e+03 -1.145539526273387128e+04 -2.468220543700357211e+03
1.202930163027507115e+04 -1.023562296254446119e+04 -3.446315138451302573e+03
2.987405695278975145e+03 -1.516468425844386002e+04 -2.781802045016157081e+03
2.875124496103529964e+03 -1.218153483846974268e+04 -8.643419088842591691e+02
-3.357697643541284833e+03 -3.591849661130831009e+03 1.114278997951153542e+04
5.434547412476483260e+03 -1.447983116683163098e+04 4.735758521336764488e+02
-6.082595979354963492e+04 -5.702887744698689494e+04 -1.402564669490339875e+05
6.379080120009762140e+03 -1.320611695751748630e+04 4.056518573269675016e+03
2.192825828935935078e+03 -1.003089324469549683e+04 -6.231061956733310581e+02
4.839247844084593453e+03 -1.708520447098774093e+04 -2.091569172302744846e+03
-5.905282730997526414e+03 -3.007735881899938613e+04 1.626060012598102003e+04
-2.736958773758711686e+03 -1.327564445308918948e+04 1.277127393628481286e+03
1.133534560034555170e+03 -1.160018319955318839e+04 -6.202556307026002287e+02
2.695827021802539548e+03 -2.223867064317594122e+04 -8.103211380295980462e+02
-1.446839423421605534e+04 -4.902429955109707953e+04 -5.119066985956185090e+04
1.516631416994291249e+04 1.426656915127010689e+04 -4.060946086972631019e+04
1.323256721783662033e+04 2.922271474301087437e+04 -7.731482576594063721e+04
-1.368396935487774726e+03 3.867551953641989712e+03 2.139182481418067982e+04
1.509898091378665777e+04 -5.259963839386678046e+03 -4.564853406305563112e+03
-7.168390719461387562e+03 -2.081512952987003882e+04 -2.459575442293010383e+03
-6.646925394669087837e+03 6.335954637506167637e+04 6.409592716337895399e+04
-6.551516866806365215e+03 -9.004838299010925766e+02 1.395138347797896313e+04
2.285980417446309730e+03 -1.256250637203689075e+04 -1.961679598745045496e+03
1.327386751748213328e+03 -1.521428210725651297e+04 -3.268246299796740914e+03
1.677987640935468153e+04 -6.299051684673802811e+03 -4.789002186647342569e+03
6.914077504457703981e+03 -1.486633008080195759e+04 -4.665609314828116112e+03
-1.611218260882341383e+04 -3.303586343369443784e+04 1.258890558255494216e+04
2.398526368173475930e+03 -3.467619609749634947e+03 4.723699739103975844e+03
-1.890897366535529363e+04 -6.344951020259387587e+04 4.058934658648841287e+04
6.611591115691425102e+02 -3.088660730158572551e+04 -1.255771145159769276e+03
4.702316917412176736e+03 -1.617405755141203190e+04 3.072012603160179424e+03
-8.764665515894170312e+03 -1.408460353039343499e+04 3.617415977419125738e+03
5.015208510103998378e+03 -6.954540949646812805e+03 1.785636416215724012e+03
-1.290992998495645043e+04 -4.487626951363331318e+04 -7.557007896302089648e+03
6.940532986257137054e+03 -1.026746849613150334e+04 -1.673869475923192795e+03
2.688651743109209929e+04 7.548440789219502767e+04 3.972284350575093868e+02
-1.621320319081022717e+04 1.275078194004188117e+04 1.356211937808743096e+04
1.676697627499507007e+03 -1.717221941284757122e+04 2.558871311500410229e+03
4.203423412644735436e+03 -2.213769664312826717e+04 -3.785094480404296064e+03
1.102612567931225021e+04 -1.072625336733517361e+04 1.184076066301166247e+04
3.775371847700683247e+03 -1.677786723117970541e+04 -4.793746064847619891e+03
-7.322438895352168402e+03 -1.843573183611623608e+04 1.742437845856713830e+04
-8.137051873215187925e+01 4.825423815731987816e+03 1.444280227138627197e+04
7.031197475652284993e+03 -4.081000182047255657e+04 -1.528273910359194633e+04
-3.552972712631155446e+04 -2.957445089706624003e+03 2.134800181070555118e+04
-1.473057248833919002e+05 7.201510026841615399e+03 3.334189497718308121e+04
8.790947096360085197e+03 -8.181101946849496926e+03 -2.518261463105831353e+03
3.356969734366731700e+03 -1.644723647561132384e+04 -4.197311386057151140e+03
-7.648144921486069506e+03 -1.574047080486443156e+04 4.206164831347437030e+03
-1.425981691741313170e+03 -9.244314075437503561e+03 -3.400307002519719845e+03
-1.409479178352120925e+03 1.586022750857140181e+03 3.995707609902707190e+03
-8.324718785249620851e+04 -6.125299645873918962e+03 4.873912795206868032e+04
8.912712083541759057e+03 -1.819059649747277581e+04 1.920951883670463303e+03
-9.449153572334843921e+04 5.755880433000465928e+03 1.479945188828333448e+04
-2.357183212431750235e+03 -7.839317741136199402e+03 3.635994922311099344e+02
2.453678030017293622e+03 -1.558063408332517429e+04 -8.117364782125580405e+02
1.314352063633440139e+03 6.871091348927981244e+02 9.340896754397724635e+02
-3.717087906551710148e+03 -2.918266479180461465e+04 2.962016343701730511e+04
1.019718822482927681e+04 -8.486504413863485752e+03 2.270715836875844218e+02
3.850135626856528233e+03 -1.503356963638080924e+04 -1.440045727661953606e+03
-2.648383770112002821e+03 -1.436820140973902198e+04 1.844032318452441359e+03
1.372640054601705560e+04 -2.042960202977446897e+04 -7.043379265537222636e+03
-3.096845102880882905e+02 -1.411182072011356286e+04 2.862980705653001223e+01
1.056706135856741895e+02 -1.735087028665413891e+04 1.258305364507186096e+04
9.381196607659756410e+03 -1.409881764006796948e+04 7.288199814653344788e+01
-5.880143861584741899e+03 -2.477515607298475879e+04 1.277525100621807906e+04
-2.248761143093214741e+03 -1.289398970879530862e+04 -3.304912385276059922e+03
-7.447903407465591954e+02 -1.230592663966164582e+04 -8.678034953915019969e+02
3.949861791172258563e+03 -1.290303437328945802e+04 4.403546716523821487e+03
3.404513905009939208e+03 -1.116616823707889671e+04 -1.118801422726863166e+03
2.389886392525510382e+04 -1.479402543303767197e+04 8.292670680098730372e+03
4.100322655266423681e+03 -2.576265563149867376e+04 3.117697192609308843e+01
-1.929288315264381527e+04 -3.536490908713577664e+04 5.999201444166893452e+03
-5.986185550522789072e+02 -1.804655723086445869e+04 9.510553601679530402e+03
3.787454233310982818e+04 -1.198670243813648449e+04 2.242194149411421313e+04
-1.454457428269947286e+03 -1.446024971847645247e+04 -1.272802365557615303e+03
-5.974091287340994313e+04 1.164405113117201290e+04 7.220355565001096693e+04
1.875739968255695658e+03 -1.160265591771720210e+04 1.273044082087940524e+03
2.380757707426360867e+03 -1.433109084831234941e+04 4.596857297481357818e+03
2.003857919824418332e+03 -1.476126596861238068e+04 -2.572791723474818355e+03
4.966790786768369799e+02 -1.218576509266706489e+04 4.334052133159430014e+02
4.416810904911784746e+03 -2.619241182592277983e+04 1.014542410138670493e+04
9.963794762496347175e+03 -5.333012966299009349e+03 3.843415892042159612e+03
1.865947455079329302e+04 -5.527400573429667929e+03 -7.823583444876624526e+03
-2.353356304105075833e+04 -4.289493310413276049e+04 9.139489330747732311e+03
9.050190411980154295e+02 -1.168447382046407802e+04 7.458577576545076226e+02
3.454786094569495162e+03 -2.440708419403711014e+04 1.020324369704004494e+04
-5.389405282503414128e+03 -1.800350061941114473e+04 3.578335149856743556e+03
6.735980110063277607e+03 -3.910312906763783394e+04 -8.636938028048138221e+03
3.120945000337927468e+03 -1.662167100618376207e+04 -2.475031828554240747e+03
1.107528439360058110e+04 -1.984995274248971668e+02 -3.918242368196501502e+03
3.900540570622978521e+03 -9.835561760666194459e+03 7.348502889200265599e+03
-8.974736605026400866e+02 -1.682321172816331818e+04 -2.112896568791097252e+03
-1.434847731202914929e+03 -1.612265356032808631e+04 1.239119898478406867e+03
1.452058361804340893e+04 -1.905178543686833336e+03 1.123769717234388372e+04
7.890498159052792289e+03 -3.904850136406967522e+03 5.802368402912708916e+03
1.224650412760681647e+05 6.753095228180261620e+04 2.290118716854861304e+03
2.725828730388599524e+03 -9.617461408404638860e+03 1.662204129584647944e+03
-1.492781885072461364e+03 -1.003493096457761385e+04 -1.170651272782267824e+02
5.542517102344916566e+03 -1.468239919304465002e+04 -1.276858789186872855e+03
9.475360059490459435e+02 -1.253501859387914737e+04 -2.969121322282668189e+03
6.684716945003652654e+03 -2.274944697419857766e+04 -5.598708244646991261e+03
-5.511022188164675754e+04 -3.283909226717920683e+04 4.618256957435132063e+04
-6.362315270974748273e+04 -1.408987358030320502e+04 7.200527325697120978e+04
1.112323244411279347e+03 -1.338099947728550251e+04 -1.168833688217861436e+03
2.208043976393857520e+04 9.811225916912580942e+03 3.574190533146158123e+04
1.690517707063743728e+04 -3.661376640978299292e+03 8.919300351840295207e+02
3.778205190716007110e+03 -2.652054224336632615e+04 -9.817154400506680076e+02
1.481274813588641155e+04 -2.061685752666596454e+04 4.946487474801748249e+03
3.101511062473292986e+04 2.722611315500201385e+02 2.791579597608217591e+04
4.582553095113215022e+03 -6.762401121274901016e+03 5.732390520578542237e+02
6.773138069397298750e+03 -1.006247184851474049e+04 -6.320226031619172318e+03
-8.585118481944615496e+02 -1.068295057358503800e+04 -1.016402538772250068e+02
-1.222383791497996208e+04 2.175373129061666987e+03 3.287063576331504009e+03
-8.190769757083797231e+03 -3.748203809553106112e+04 2.348207119793835227e+04
6.664551125540815519e+02 -1.861708409172865868e+04 -9.517459039360593351e+02
-9.429178013353777715e+03 -1.733956826886610725e+04 5.815512498676745963e+03
-1.030278198811045331e+04 -1.580724741870834077e+04 -2.022880684350850743e+03
1.821709429260687466e+04 -2.122438967151433826e+04 -3.130520598037583113e+03
-3.562001318166958663e+04 -2.897224144321348649e+04 -3.391652987666748959e+04
1.835379010343049686e+03 -1.878787561007370823e+04 -2.971322122871645661e+03
-6.959488657693803543e+04 -3.978180915455522336e+04 -3.865934886068398919e+04
-1.345457071764502928e+02 -1.219087232654518448e+04 -7.398615299478136649e+02
-2.880568437274253483e+03 4.940106499191370676e+04 3.517854567502145983e+03
1.529657019655501790e+04 -2.008677885477495147e+04 2.796019560883189115e+03
6.498343783121167689e+03 -1.546629645137910484e+04 7.847769710071805093e+03
-1.664118137376707455e+04 -3.568493512805132923e+04 -1.796604281364972121e+04
1.128816129599390842e+04 -1.181583835379461925e+04 -4.014458818219824479e+03
1.292303357554233844e+04 -3.850803604275498947e+04 -1.730902973123253105e+04
2.323542839842632475e+03 -1.126680423163018349e+04 2.612038572527794145e+02
-1.106391895331349770e+04 -3.214667653899690049e+04 5.888502649751840363e+04
2.737272845884897833e+04 -4.531998767034590855e+04 4.018380272027269712e+03
4.341582610398672841e+02 -1.158230422598908444e+04 3.440229346464228115e+02
6.511350571646769822e+03 -1.442507257806392045e+04 2.928536725039821249e+02
1.161630022148354328e+04 -9.882925451665825676e+03 4.717383453506476485e+02
1.923926114036366471e+03 -5.534286473800579188e+03 2.263263962026303489e+03
4.148335477380879638e+03 -1.540915473098255097e+04 7.841546250842087602e+02
2.139501949051380620e+02 -1.115319610120419748e+04 1.897106188458967154e+03
-6.070888800221223391e+02 -1.374521983689892659e+04 2.787540498076543827e+02
6.123394757681716328e+03 -4.632723731306079571e+03 2.650927510218228690e+03
2.349602929403830331e+03 -1.833298445908547001e+04 1.740557551437217626e+03
4.095746319981877150e+03 -2.111375026669468571e+04 9.778808592330733518e+01
6.595565361309963009e+03 -2.159914749057628796e+04 -1.309966064674883637e+04
8.644138367910878515e+03 -8.794443838227387459e+03 1.864158765443284693e+01
2.206313600571285860e+04 5.546690309938140126e+04 1.810204844371187937e+04
-4.986290465880261763e+03 -1.540571945075247095e+04 -2.493139330921553665e+03
1.657528951804629287e+03 -1.250363637079624459e+04 9.507511122537887331e+02
9.861093443405416110e+03 -1.278973149360168281e+04 1.747710253063846721e+03
7.663823302897105350e+03 -1.703361508219105963e+04 8.907247806990742902e+03
8.991625146016425788e+03 -1.750569204313418595e+04 -2.479612449999284763e+03
5.812885674879307771e+03 -2.465932357585858699e+04 -2.000101311968765913e+03
6.191873729155761794e+03 -1.643669301787815493e+04 -6.116707565326380973e+03
1.154577797590230875e+04 -2.062696657343636616e+04 4.069388487780972810e+02
5.726550588067325589e+04 9.282021248210515978e+02 -3.566180782194047788e+04
8.617267440140149120e+03 -7.533339430802982861e+03 1.075646434926130041e+03
-4.202659283877434063e+03 -3.611796898505280296e+03 1.082602207618328248e+04
-9.450393000835372732e+03 -2.317991390408379448e+04 -4.521295421054461258e+03
5.275147960000246712e+03 -9.041556296491231478e+03 -2.570403765849353931e+03
5.346940544783755286e+03 -9.693017031708479408e+03 -5.472762164312589448e+03
3.099430359789480281e+04 7.070722028659738135e+04 5.163762266573643865e+04
3.799316437182286336e+03 -1.553825863080366616e+04 1.801019974028574779e+03
-8.962870959589089034e+04 -3.667772869713990804e+04 -7.926186929657491419e+03
8.966138434425031392e+02 -1.144282966628836948e+04 4.994990643651011851e+03
-3.190748499522243492e+03 -1.406162815539834446e+04 2.479137887397455415e+03
-6.192090313110491479e+03 -1.285514859576662457e+04 -5.191104560735952873e+03
4.114568724204254977e+03 -1.202071953994918658e+04 -7.825254760478555909e+02
1.007977247708531468e+04 -2.513805342952967840e+04 7.336008970957842394e+03
5.281589781562638564e+02 -1.479818318643510065e+04 -6.789638156013737103e+01
3.725282864805015834e+03 -1.185889592077912857e+04 2.446789122100411987e+03
-1.264269975863743639e+04 3.049834656411987453e+04 -1.855070898511303676e+04
-1.806563370585884331e+04 -2.406959304353660627e+04 -3.782004754224063072e+04
5.739005224153223025e+03 -9.607297789286049010e+03 1.479597680881383440e+03
6.069268829126972378e+03 -2.122659818392550369e+04 -4.503809840014996553e+03
6.268088986872670830e+03 -2.489922856216833679e+04 1.793281863198664041e+02
3.844332820385335253e+03 -1.206590003493661061e+04 3.444793464259294069e+01
-8.632312425222887668e+02 -1.444703482687688484e+04 2.593219205059867818e+04
9.633643571019640149e+03 1.530092071590652267e+03 2.253100508286639524e+04
-1.425324386184116520e+04 -3.275432213398612294e+04 1.914519470558151806e+04
5.787517916205967776e+04 -1.203644110206296682e+04 -6.796477089969544613e+04
-5.990378363986500290e+02 -1.056761635585800104e+04 1.511006551615775788e+04
2.738467377995407787e+03 -9.883305880122139570e+03 6.010084350775065104e+03
5.159940394830087826e+03 -1.431274434059940904e+04 -2.040464308479497504e+02
6.692034370007618236e+03 -2.481238306125806412e+04 4.889711840328975086e+03
-3.266444062517435214e+03 -1.493266064241055756e+04 9.865849207705759909e+02
4.162780128224333112e+02 -1.556386906278924471e+03 1.626444430459860632e+04
-2.189280503833884268e+03 2.567717326632846380e+03 6.895350285901771485e+02
3.506249807569223776e+03 -1.197088423813613190e+04 2.962441784643334813e+03
6.548661569469969436e+03 -1.689412954186191564e+04 -6.796841998879145649e+03
7.618145405306077009e+03 -5.341453303764028533e+03 4.920937626840822077e+01
1.170921418388910570e+04 -3.095740041666523393e+04 -7.803243468906074668e+03
4.704699843985355074e+03 -1.628509280525261784e+04 -7.661024506596754691e+02
1.346278895506601293e+04 -8.874941181629725179e+03 -2.930696451692400842e+03
3.537129913883835343e+03 -2.738345555684362625e+04 -6.697844130926778234e+03
5.757973240504955356e+03 -1.194108480650551610e+04 -8.243741685472258496e+02
-1.038237686413395522e+03 -1.590471104574408309e+04 -3.610397082326493546e+03
4.133615658627094490e+03 -1.119739243839274968e+04 -2.462451940306517827e+03
-1.354196833525311013e+04 8.248785476239492709e+03 9.828902993246603728e+03
5.195846894035788864e+03 -1.199816910696770719e+04 4.530547709866666082e+03
1.094580270728519736e+03 -7.151087698620339324e+03 -7.573027199068527807e+03
1.449997497259890588e+04 -1.189309106900908591e+04 -1.383933296547732243e+04
1.721218668164120754e+04 -6.465557713697837244e+03 -1.482972499858534547e+03
1.484469769937943420e+04 6.429694185918945732e+04 1.543119229674108101e+04
2.319777786322234988e+03 -1.319839199281502988e+04 -5.543672882415742151e+02
6.008922383336131361e+02 -6.578477035183685075e+03 -3.448030232883826557e+03
-6.863808253990172489e+03 2.241570159358494857e+04 5.827438567511601832e+03
1.766314991831756288e+03 -1.259806494718393697e+04 -5.493937686985554137e+03
4.337211852959658245e+03 -4.453222305000221013e+02 1.765745386520095781e+04
9.865001482873558416e+03 -1.093974178055204356e+04 -1.764291462722121651e+03
9.134285221605561674e+03 -1.592163742977432958e+04 -6.877824938614970961e+03
-9.381687963118932885e+02 -1.869825881413002890e+03 -1.073326301859757950e+04
-2.488215792557547047e+03 -1.907432465199838771e+04 -9.620748408983055924e+03
8.723694506759369688e+03 -1.520206953670499024e+04 1.060760453321968816e+04
1.373619775572326580e+04 -6.397755673515607668e+03 -2.713223724753909846e+04
5.552826428675968600e+03 2.938223652293717532e+04 -1.242561788379405925e+03
1.076434309523353841e+04 1.047369979060764308e+04 8.821993856590599535e+03
-5.190719770580323711e+03 -7.924993509891937720e+03 -1.383156143569259029e+03
2.360366019381996239e+01 -1.504344323357306166e+04 2.905066508206518392e+03
4.803464347699759855e+03 -1.154057505701563241e+04 -1.308479290858430431e+03
8.781754332328584496e+03 -1.314037288861761226e+04 -6.338766663107215209e+03
-1.800786037756005953e+03 -1.134656060032218556e+04 2.932053995117990326e+03
-2.763277342050147354e+02 -2.358371434121957918e+03 3.971672555616852605e+03
-1.746358889360797093e+02 -1.201488960385440805e+04 5.796591107308361188e+02
1.205051244692064074e+03 -1.171299928812845064e+04 -4.246922279557177262e+02
3.893967227932977949e+03 -1.486907627135029179e+04 -1.979684971310986157e+02
