-4.929595222354174666e+02 -9.058370771722961763e+02 -1.039025927530633635e+04
-9.196730967342052736e+02 6.085779203193376816e+03 -1.034621270984080911e+04
-1.527161321273085832e+02 -9.992523395386199354e+02 -1.031406202804566419e+04
-1.231101894047999849e+03 5.172291066209620112e+03 -1.050974407309898743e+04
1.968662270986859539e+02 -1.199636340769588287e+03 -1.035916054148821058e+04
2.111281221968785758e+03 1.506549378009878183e+03 -1.029514623380558805e+04
-1.061088750714387743e+03 -2.485668223765386529e+02 -1.042252764358839704e+04
2.043228057750607604e+03 8.024340267050604325e+01 -1.034288452823908119e+04
1.751226507013582022e+03 3.366470052693086473e+03 -1.053821576390858536e+04
-9.280908115395908453e+02 -4.713642675195775382e+02 -1.022857148649813826e+04
-2.156555268331950629e+03 6.131143706230820499e+03 -1.041967869028451787e+04
2.076399560472808389e+03 2.940375745225712308e+03 -1.035377369288235604e+04
-9.577989936214728459e+02 -5.156805332275258706e+02 -1.024041263176043321e+04
-6.200062662603446597e+02 -8.327064600712162701e+02 -1.042811332879103247e+04
1.911067186663123039e+02 -1.064816552974317119e+03 -1.035061792762685582e+04
-8.706760102025988317e+02 7.908896111277455248e+02 -1.030767872937837274e+04
-9.654953804111667068e+02 -4.466702642327043122e+02 -1.042094249040811519e+04
-1.516630947989158358e+03 1.396921339927625468e+03 -1.030261347716756245e+04
5.295653270582399728e+02 4.402351500540674351e+03 -1.026560673951470562e+04
5.343220149560634127e+02 5.501104271642571803e+03 -1.055012270805248954e+04
-9.608179998298078317e+02 3.404410900203708366e+02 -1.045426820571339340e+04
7.963846003970277252e+02 -9.261097178773781025e+02 -1.036446381632776320e+04
2.059367732567923213e+03 2.061084131253050145e+03 -1.031341331045733023e+04
-1.078602670324902647e+03 1.734273850914192963e+02 -1.038690422404059973e+04
1.926992366506689905e+03 1.056186236648601835e+03 -1.025953574346608548e+04
1.146785910157894250e+03 -7.456877294112284744e+02 -1.033382496607405665e+04
1.886778584932196054e+03 4.105836299669630534e+03 -1.029494789236254110e+04
-1.820291206522584616e+03 -1.338704146379078850e+02 -1.029750585147578386e+04
1.589605566410644997e+03 -5.989768348779241478e+02 -1.037228944758659782e+04
8.728392188284492477e+02 -1.013951001307234378e+03 -1.034083854359805446e+04
-1.222161406742976851e+03 1.009386905750173241e+03 -1.048792020787203001e+04
1.018974910343760257e+03 -9.156059216841149464e+02 -1.033678925952434111e+04
-2.038504222995887858e+02 1.229403177485377910e+03 -1.047997419368926785e+04
2.013418784571553942e+03 -4.844571741253384971e+02 -1.025987686029146607e+04
-1.010287062513515821e+03 -4.393396766989229150e+02 -1.023709364400974664e+04
-6.599486558056895547e+01 6.476867608475601628e+03 -1.039247585988118226e+04
1.908909532324726115e+03 7.434578260852287031e+02 -1.030621662483930049e+04
4.708823964350148117e+02 -8.987244097164065124e+02 -1.033888734272882903e+04
2.366417234735529291e+03 3.161867045015231952e+02 -1.044462540197999988e+04
3.956971404190801991e+02 1.745339419980587991e+03 -1.036289336360374728e+04
1.580339456371599681e+03 -1.052020339763121228e+02 -1.032810247807249107e+04
-9.635186445482900126e+02 1.120246323654578191e+03 -1.037034338026018668e+04
-7.349868761128932420e+02 8.858511080825438739e+02 -1.034818684386850691e+04
1.398470471415861539e+03 -4.878882337580771491e+02 -1.038717161335285346e+04
-3.830733011820963725e+02 -1.389708649916489776e+03 -1.039555425505507992e+04
1.818338261151094230e+03 1.760045657403715040e+02 -1.031704467086107798e+04
1.517764301343777333e+03 4.396951413180850068e+03 -1.041453918664139746e+04
7.215292520720489620e+02 -1.318740575709237191e+03 -1.038401467614174362e+04
-9.622819265794202011e+02 8.645962855531377045e+01 -1.038319486279556622e+04
-8.375198157083920023e+02 -7.166325924211867004e+02 -1.029985426593033480e+04
1.560625095642881661e+03 -6.425959029359689794e+02 -1.041792586797171316e+04
-7.691863411258436827e+02 -7.897807691184749501e+02 -1.024994615017008437e+04
-6.898925417833456777e+02 8.872121633655573305e+02 -1.027245885656186510e+04
-8.785659161043075756e+02 -2.389784085961310893e+02 -1.025758426884963592e+04
-9.585737801039383612e+02 -4.404150707045287163e+02 -1.045184689805806192e+04
1.946247727287002590e+03 8.534543093863003378e+02 -1.046210361817045850e+04
-9.370495810970959383e+02 -1.093923670330076675e+03 -1.039689420721598799e+04
8.808255313105545383e+02 -9.078400797555577810e+02 -1.035031449049027287e+04
-3.297623658382796066e+02 -1.103366003515633565e+03 -1.037219232240822203e+04
1.448035952164881564e+03 -6.818648312289967635e+02 -1.036828931685126918e+04
-9.685940037916931260e+02 -8.239747889137754555e+01 -1.028805218410564703e+04
1.211904485030561545e+03 -5.070956041823077385e+02 -1.036572554466524161e+04
1.672042249275815038e+03 -4.293154590840576930e+02 -1.037603546884385105e+04
-7.544122012436652085e+02 -6.865264602783477130e+02 -1.031418870325075841e+04
2.616337591009539665e+03 8.862050397584889652e+02 -1.026755495893188709e+04
1.933403231236230795e+03 1.249875934475611302e+03 -1.028841298796267256e+04
2.042199055709172626e+03 9.279862675068020508e+02 -1.041152025774406320e+04
1.498110257240320152e+03 -6.547026144597373332e+02 -1.031066072714989605e+04
-9.566612567754182237e+02 -3.989166062167621476e+02 -1.050070676657500553e+04
-7.477805604546092582e+02 -9.949924065915535039e+02 -1.035341128332225890e+04
2.178344652596712422e+03 1.854399377279600230e+03 -1.049109835797535197e+04
-8.839358407939259905e+02 8.541360759045176110e+01 -1.035339929639858201e+04
-5.054561019578801506e+02 -9.714578054839801098e+02 -1.038332976101203531e+04
1.662047536461398977e+03 4.793563570269807315e+02 -1.043284411094942880e+04
1.179455116606105548e+03 3.551359629837466855e+03 -1.026562290506854515e+04
1.419395567978519239e+03 -5.342812996045245200e+02 -1.041411713694530590e+04
-9.317599171986202009e+02 2.185957146300367640e+03 -1.030304213594541397e+04
-9.139941374447314502e+02 -2.237631306867119747e+02 -1.035184731685214501e+04
-1.095703079338095222e+03 8.629308213588095668e+02 -1.020885884418095884e+04
-1.144086558063987923e+03 3.680189938035607611e+01 -1.025628771508341379e+04
1.413614598934949072e+03 -5.780943955661027758e+02 -1.041506399175755905e+04
-6.394314865669128949e+02 -9.403120115671081294e+02 -1.045747542515745772e+04
-6.653333785591200922e+02 -7.711895784501654134e+02 -1.048707193390080465e+04
2.712770332165108812e+03 1.474179105790552512e+03 -1.023337612151605936e+04
-4.668107687052482788e+02 -1.010119696184873646e+03 -1.033850844275392046e+04
-3.185574016962552832e+02 -9.542733099486454194e+02 -1.046472711986870672e+04
2.395522871400213717e+03 8.224463030363978078e+02 -1.048231851601084418e+04
1.930570542433445780e+03 4.385558798680261816e+02 -1.046197043102173302e+04
-9.800606382605691351e+02 -5.276497673146116085e+02 -1.035103166926893209e+04
1.138042899453969312e+03 -8.455073065890137514e+02 -1.032408219057861970e+04
1.529071971489190446e+03 -3.700818385966874757e+01 -1.041205922897520941e+04
-5.518757346017340524e+02 -9.039841554084080144e+02 -1.033951604519000648e+04
1.725247420207425876e+03 -4.615028592660598861e+02 -1.040071359553196271e+04
-1.112633589747394581e+03 -2.192795511344525039e+01 -1.027652739517999908e+04
1.955326556940097475e+02 2.907361638198784021e+03 -1.037667594965427270e+04
1.906430093397637165e+03 2.312983201029600195e+02 -1.040306975901912301e+04
1.898866089203093907e+03 -5.705525003158084019e+02 -1.040962208553540404e+04
5.886127251822657627e+02 -1.001604845696882307e+03 -1.036145136561809159e+04
2.045927103559571151e+03 -3.076965687104171820e+02 -1.030295408220697391e+04
1.682189150596435411e+03 -4.856103331013860043e+02 -1.036169397925262092e+04
7.515993733403868191e+02 -6.545186689288703974e+02 -1.039977263735479573e+04
-6.112577619970303203e+03 2.315335461474303429e+02 -1.019997598164441479e+04
3.934570932753541683e+02 -8.449622956366084736e+02 -1.041448478581517702e+04
-5.542444864635163867e+03 8.469187574893412602e+02 -1.020913109599367635e+04
9.871866698306557737e+02 -3.758632829040550405e+02 -1.033920707589377525e+04
-3.524398815431443381e+02 2.556296091348142454e+03 -1.049518325063194789e+04
-4.781362174569757713e+02 -1.859904815741182347e+03 -1.042835712809410688e+04
9.662670692968181356e+02 1.320202990241344878e+02 -1.034935807877990919e+04
-3.023621819711245735e+03 2.678167892879457213e+03 -1.028721970186066210e+04
6.560790603288239708e+01 -1.089103972927098312e+03 -1.026753561708880989e+04
-6.960206952037779956e+03 -3.206685534208307899e+02 -1.044703722373977143e+04
-1.498184179268981097e+03 3.043391945151216987e+03 -1.047637118689378985e+04
1.251713818863492406e+03 -3.346277131629585710e+02 -1.035784809623628098e+04
-5.510770411928418753e+02 -8.621818708276892949e+02 -1.042821908047082616e+04
9.446109276278886000e+02 -1.748848610490992996e+02 -1.034004239317612519e+04
-1.202955274671720645e+03 -2.592037111867750241e+02 -1.048197143422806403e+04
7.220722339148214814e+02 -7.244582557094881849e+02 -1.022832281057126966e+04
-6.845061883852324627e+02 -1.114485309156897301e+03 -1.050943134982292031e+04
-3.914797769317450275e+03 2.171315860484899531e+03 -1.035951238699814712e+04
-4.729098050427572161e+03 1.542987512547484585e+03 -1.027821681184255067e+04
-1.027785591064810433e+03 -6.847548128390415059e+02 -1.030134634223462126e+04
8.068749316336291031e+02 -3.998828318635077039e+02 -1.038835088615645145e+04
-1.645873934363469743e+03 2.572902096597116724e+03 -1.039676837894585333e+04
1.186387374561001252e+03 -2.882991706970348105e+02 -1.036209598376965187e+04
1.369443961488288437e+02 2.255339051970953278e+03 -1.026393002987100590e+04
1.072004682980641064e+03 8.143415779891323609e+02 -1.039449302790055845e+04
-3.321489693868587892e+03 2.222748792660258459e+03 -1.054030681095205000e+04
-6.794365994937024880e+02 -1.237973526806714290e+03 -1.036308214844254144e+04
1.079287087881118168e+03 4.656899852687846533e+02 -1.036307828107938803e+04
9.770251684057793682e+02 7.423245043215649730e+01 -1.034361370273802095e+04
1.266623968528047726e+03 5.996807155487406362e+02 -1.034972725558700222e+04
1.452279575892491266e+03 6.106234414564094095e+02 -1.037224629548369012e+04
-8.303881472314046732e+02 -7.244719135821222835e+02 -1.041526730531452267e+04
1.248303705917993057e+03 5.807025271797070900e+02 -1.035353951147362932e+04
-3.631468574318374181e+02 -1.165672874305380219e+03 -1.036824537933095598e+04
-5.494805768243146304e+03 1.620528422414154647e+03 -1.048229762248440420e+04
7.914396396746676601e+02 1.660870590890621088e+03 -1.041129282020050414e+04
7.544015330129303720e+02 -5.135749595050194785e+02 -1.032293683819178477e+04
9.605544819958735161e+02 1.525289780405106058e+03 -1.029477650464098042e+04
1.134200686331848829e+01 -1.161443859969525874e+03 -1.021833312134741209e+04
4.745824989871252342e+02 2.271490638011205192e+03 -1.042879683850203946e+04
-1.454014721724866604e+03 -4.748720231817412696e+01 -1.042384429591058506e+04
-1.288760570641864888e+03 -9.128855403024222142e+02 -1.025123959226340412e+04
1.228413815498773829e+03 6.445180900125853896e+02 -1.035092511202339119e+04
-3.424612198250124493e+02 -1.044457359291898001e+03 -1.030319432412466813e+04
7.970073666039361342e+02 1.354714939994554015e+03 -1.031645042895000915e+04
-3.431595872336378306e+03 2.121704218706056963e+03 -1.051012590091502716e+04
1.064927553243327566e+03 1.013265045404595298e+03 -1.038785445032527241e+04
-2.019416414252185632e+02 -1.027025323327857450e+03 -1.030231317052716986e+04
3.415877189492842945e+02 -9.283790276607061287e+02 -1.028248025745729683e+04
8.920884829716029572e+02 -1.842633128524922768e+02 -1.030488024616536131e+04
4.284192457973808814e+02 -9.354102426448629330e+02 -1.031680412854848691e+04
-8.405984110065027153e+02 -6.678112555003410762e+02 -1.034172806167187082e+04
-4.506027596303447922e+02 -2.479097704356705890e+03 -1.034652644524443713e+04
-4.796767809734858474e+02 -1.148679038340965008e+03 -1.040037013852779273e+04
3.267264432508916343e+02 1.318537343561289845e+03 -1.035807410534213341e+04
-5.075622508940328999e+02 -8.745509844676454350e+02 -1.025939571133452046e+04
1.054853446179393131e+03 3.690863074750734540e+01 -1.034335212317931473e+04
-3.185846240147663480e+02 -1.237346206561521740e+03 -1.033029345686436500e+04
8.628539377208854830e+02 1.132845307429074865e+03 -1.035248625754588284e+04
6.687140440557641341e+02 -9.212498212373006936e+02 -1.045082515810133373e+04
6.205996556382597191e+02 1.380808494829922438e+03 -1.040152483826362732e+04
6.510452635218179012e+02 8.298585616217133065e+02 -1.035251579792464327e+04
1.094037737799387060e+03 2.883067399088392904e+02 -1.036094996124040517e+04
4.000569163205587984e+02 1.755396605357922454e+03 -1.033871811144974890e+04
-1.078396779092270663e+03 3.030033480062619674e+03 -1.028411718042686880e+04
-3.059814124459298910e+02 2.713545597536386140e+03 -1.022380949912412689e+04
9.090851977706236084e+02 1.020581417384789688e+03 -1.032978398232363179e+04
-1.096667225750790749e+03 -7.459309395479322120e+02 -1.048650617464108109e+04
-4.035727385706342147e+02 -1.196551159679074090e+03 -1.042724949141867364e+04
-1.490465918103768217e+03 2.541322086031505478e+03 -1.029658408810926085e+04
2.099204947580210501e+01 -1.343767762709964927e+03 -1.024379402791669600e+04
8.264309655467629909e+02 -5.186498846996179282e+02 -1.036791069597902606e+04
-1.931926375466525769e+02 2.372517023227710979e+03 -1.031445966158376905e+04
-2.983161387563716744e+03 2.550273623157166185e+03 -1.049164299690267944e+04
2.583868185251595264e+02 2.379287272803544965e+03 -1.038827665474322566e+04
-8.724647317190448348e+02 1.320767191571602552e+02 -1.048476513231596800e+04
-1.297569856292193435e+02 -1.016866888300938399e+03 -1.036816146603439847e+04
-6.670004420484738148e+02 -9.914448225263337235e+02 -1.043119618746848937e+04
-8.876004762826039496e+01 -1.155642395611435632e+03 -1.031223547196676191e+04
5.525211273078074328e+02 1.685770408511521737e+03 -1.034150554960371846e+04
1.287103791642295846e+03 -7.486845530679931926e+01 -1.038021155967583582e+04
6.223279559095495870e+02 -7.373237513280249686e+02 -1.033943301571152551e+04
-9.765540552471735509e+02 2.734619127047355505e+03 -1.031105833114637244e+04
-2.206978291662603624e+02 -1.067327060090914756e+03 -1.045835145348739752e+04
9.712472390948363454e+02 1.180107942355262139e+03 -1.038148616732141090e+04
-5.602525177544375765e+02 3.056246183896127150e+03 -1.036058470498437055e+04
5.121056549278939656e+02 1.932009575217239217e+03 -1.026732535644429117e+04
-1.843202190514260110e+03 1.364103999751187075e+03 -1.039243576575332736e+04
8.746124387821722621e+02 6.075684867120744457e+02 -1.034399405379806194e+04
5.557207064837452890e+02 1.473131801372568816e+03 -1.030334084048761724e+04
5.554075405777414289e+02 -1.539296083579949482e+03 -1.035094326117534911e+04
5.694571905533603058e+02 1.462390048912446218e+03 -1.037169897850164307e+04
1.790941167730283041e+02 -9.589812853888890913e+02 -1.040416658051619925e+04
-1.509999219016273628e+03 4.123311797627030728e+01 -1.028272770301831224e+04
-9.522278264591750485e+01 1.983930068633841756e+03 -1.031098676699212228e+04
9.528995154106121390e+02 6.509071738699333309e+01 -1.037664051975974689e+04
1.132363775236395441e+03 6.684844983778053802e+02 -1.034863028465957723e+04
-1.195245567270302445e+02 2.306483220375503606e+03 -1.028419081912432739e+04
1.118692441807135310e+03 1.409825632726299318e+03 -1.038499018025177429e+04
3.986544333130973428e+02 7.662782367435497690e+02 -1.030187974633179147e+04
-2.249788820962645332e+03 -5.669804205565630582e+03 -1.022205204214411424e+04
8.730768725762460463e+02 1.309045287406229363e+02 -1.042888371587805705e+04
-2.582748111460400196e+03 -5.492420584953091748e+03 -1.021179766038407070e+04
7.242245660964189256e+02 4.635515507940289694e+02 -1.048551301373937895e+04
-2.376072482174733977e+03 4.190100794157960422e+02 -1.035905885925022267e+04
1.034505783168240896e+03 -4.772288134485717137e+02 -1.041205147530757131e+04
-4.495693591457970797e+02 1.028645569514862018e+03 -1.036992798832779954e+04
-3.617520664871340159e+03 -1.506775037328600320e+03 -1.042581485698453071e+04
8.573858345284779716e+02 2.675655393917012361e+02 -1.033366254233549989e+04
-1.987450420834655006e+03 -6.379146152359579901e+03 -1.028440724552783468e+04
-3.022918892911698094e+03 -1.064171258637348956e+02 -1.025277741566219083e+04
8.945280590843779009e+02 -2.105454455935384885e+02 -1.023995033761008563e+04
8.697798777433118858e+02 -2.908926118693631224e+02 -1.025218346399584152e+04
2.013343411773410025e+02 1.014917824026962762e+03 -1.034988969237766287e+04
1.537422998595799754e+03 -6.599444645808638370e+02 -1.036259984093101411e+04
6.938612131908837455e+02 9.713246879870790735e+02 -1.035996273728291453e+04
1.030937867820058273e+03 5.311494039810759205e+01 -1.034232718788480452e+04
-3.586142367856897181e+03 -2.877085352538508232e+03 -1.029746643548102838e+04
-3.330535621987035029e+03 -3.875803702046574472e+03 -1.040990828751577828e+04
1.288980255196832104e+03 -1.127300036555120641e+03 -1.033780248241520167e+04
1.520018205665008963e+02 1.161553950653216361e+03 -1.036521039206515707e+04
-3.881399562729023728e+03 -1.206764671491660920e+03 -1.023762776580249374e+04
8.295461129257934090e+02 -5.666914318635683685e+02 -1.031113442282091273e+04
-2.595372693449201961e+03 7.719672780169366888e+01 -1.021925933704431009e+04
-4.382048460805547165e+02 1.088626038353940658e+03 -1.036208067213663162e+04
-3.263838667676388468e+03 -2.184249237530087612e+03 -1.017611946854443886e+04
7.038056154834691824e+01 -1.787441818351048141e+03 -1.032552348884345702e+04
-2.770431409229556721e+02 1.099393972013643634e+03 -1.036564644937124103e+04
9.110838165846405445e+01 1.526146236923032347e+03 -1.039856032403804602e+04
1.510363663821930004e+03 -6.930437865631745353e+02 -1.035719916123869370e+04
-6.839141412860863056e+01 9.990285876490559076e+02 -1.033501307158877898e+04
1.529331815560695077e+03 -8.065907628851791742e+02 -1.028717254748176310e+04
-5.115937106209569265e+02 9.456560944389332235e+02 -1.035170756141522543e+04
3.523194097212306133e+02 7.747944408457418604e+02 -1.030726729635875745e+04
-2.962450979216263931e+03 -4.046411910564875143e+03 -1.030362987482954668e+04
-1.920364021040911439e+03 4.725112709700382538e+02 -1.031517793408764192e+04
9.266274680171982254e+02 -2.074783143562507348e+02 -1.033177095836523768e+04
-1.306319920133699270e+03 1.181126449630652587e+03 -1.033837138751608109e+04
9.870563298341380687e+01 -1.301943746373822023e+03 -1.048846993746145745e+04
-2.040606438007454926e+03 9.831681642881661674e+02 -1.039966292705492560e+04
1.168153289529315543e+03 -2.690276103042243108e+02 -1.044555418642765835e+04
2.039274838794187872e+02 -1.031943031239864695e+03 -1.048635442078205597e+04
-1.704897014928429826e+02 9.766970587324817643e+02 -1.033664161083310501e+04
7.524184944040442815e+02 -6.739624692563039616e+02 -1.049518530424332857e+04
-6.680426450156844567e+02 9.467256290103297260e+02 -1.036746148212783737e+04
-3.624172445435641293e+03 -3.226177710643678438e+03 -1.043090222645151334e+04
-3.365491132912900412e+02 1.222552719087699870e+03 -1.034817211267353196e+04
6.050732980234481602e+02 -8.789988689000624618e+02 -1.047703557521480980e+04
1.020665056686966295e+03 -1.658752671193202559e+02 -1.045740594440617315e+04
4.576861248207734434e+02 7.147735588432758504e+02 -1.046651669110139665e+04
8.557622838715966509e+02 -4.035980118526990736e+02 -1.026664375706520696e+04
7.725191477051288302e+02 -4.641429362879250675e+02 -1.045911793270398994e+04
1.288604849549808932e+03 -8.551795960684116835e+02 -1.032943696165483743e+04
9.872826089842687907e+02 -2.018642903844840930e+01 -1.039890892115863244e+04
-2.697494000321064505e+03 5.353889578530425979e+02 -1.025989642984344391e+04
8.294165467440101338e+02 -6.955916384224032072e+02 -1.043978892161751173e+04
1.523224916675944769e+02 1.037187704936571890e+03 -1.037292807534783424e+04
9.381014059816989175e+02 5.407878368832894012e+01 -1.039717638823282687e+04
-1.457250052882593536e+02 1.141566860243773817e+03 -1.037048914793473341e+04
8.530249974062064666e+02 -5.776251719396727822e+02 -1.049390159052381568e+04
-7.438962331803421648e+02 9.717317168866605925e+02 -1.037400918939424628e+04
-1.021534421850795752e+03 1.007805675212458823e+03 -1.036310051707762250e+04
7.846508324258581979e+02 4.624553747584130861e+02 -1.043999862602750545e+04
-2.343999159837440402e+03 9.298126235628221821e+02 -1.027797972257880610e+04
-2.698560300673226266e+03 -7.332350479033483452e+02 -1.035313612230042781e+04
-2.466860453886407868e+03 5.440413723616372863e+02 -1.049733169086546150e+04
-6.608531035930902817e+02 1.050414782161576113e+03 -1.037790177998700892e+04
2.169478639207345623e+02 -1.025754572088308805e+03 -1.023714034428343621e+04
7.711505740076192978e+02 -6.787265980997943871e+02 -1.045726204528160633e+04
-3.005386754497583297e+03 -1.233806117747522194e+03 -1.042597323915268680e+04
6.534200315829202736e+02 -7.124719226848967537e+02 -1.047629642637578763e+04
7.984777239864745297e+02 6.677465131221320007e+02 -1.034019951602973015e+04
-1.959033695488715921e+03 5.767575779213973419e+02 -1.038179857648697180e+04
-3.429678192913603198e+03 -1.395124788650284927e+03 -1.042284962120877572e+04
-1.215417362840742499e+03 1.368892514258901656e+03 -1.042795566878706450e+04
-1.064044527420819577e+03 -5.821387823741688408e+02 -1.032995810431546488e+04
9.424605812723489180e+02 2.005942492847179892e+02 -1.031560768949608610e+04
2.460852686845472363e+03 3.737448786803390249e+03 -1.036056847597779415e+04
8.495239303299360927e+02 -2.916555305639102471e+02 -1.031092752553838363e+04
1.541409574484997620e+02 8.903451484804918437e+02 -1.030340645756693448e+04
7.714407222431618720e+02 3.754640066222769974e+02 -1.040215513800119879e+04
7.090008399227716609e+02 5.112278999732849343e+02 -1.033624382686216268e+04
-2.628966291402917705e+03 4.439514575951135953e+02 -1.021336231724426216e+04
9.057596238034482212e+02 1.379289017511762268e+02 -1.044324415181593031e+04
-3.728845159058766967e+01 1.065200338351726941e+03 -1.035877174469858255e+04
-2.711178696929519901e+03 5.869454550868169918e+02 -1.037468293847340465e+04
-2.173966235501176470e+03 8.401690647846947968e+02 -1.042803112244660770e+04
9.363310324908043185e+02 1.618065799914778609e+02 -1.041295459248571206e+04
2.106640838531010331e+02 8.949998740235730565e+02 -1.033654653075725400e+04
-1.537648930963276143e+03 1.057839156559091862e+03 -1.038874041461711568e+04
6.736772108735729034e+02 1.045341193567930986e+03 -1.035992287920489798e+04
-4.902211942669382552e+02 1.176265912020524183e+03 -1.037601010065036280e+04
8.850759211035158387e+02 2.242291714744940236e+02 -1.036082462274911268e+04
5.236664419699528707e+02 -2.196412322886497350e+03 -1.032110752607026916e+04
-9.797880358236950542e+02 1.042361423023687394e+03 -1.034232015456916633e+04
-1.714852406022116611e+02 1.182756966492020638e+03 -1.035950953069354546e+04
2.456685276810829919e+02 8.335650594550363621e+02 -1.032613421601917435e+04
-2.419432242686099926e+03 8.931556138876446767e+02 -1.042370015731904095e+04
-2.666149068261302091e+02 1.157593378635947602e+03 -1.037839112048825154e+04
2.614154051556158720e+01 9.011075609703514147e+02 -1.029652078010743753e+04
4.160786153130147795e+03 -3.939337823462181404e+03 -1.016242604919024234e+04
3.362226259907665735e+02 7.903315109780592138e+02 -1.030784213179455764e+04
3.433050213993414218e+03 -4.119916707589496582e+03 -1.030870584741048697e+04
-4.651390015424998410e+02 9.515587100939445691e+02 -1.034568699031159485e+04
-1.071442252473118515e+03 -3.068277118334728584e+03 -1.048808585543723166e+04
2.084614710737696441e+02 8.613224617330517958e+02 -1.039802620239688986e+04
-1.682501906714426923e+03 -6.584048745226211850e+02 -1.043670958964468264e+04
1.255823368243483174e+03 -3.871908340714386213e+03 -1.021926412490700932e+04
-3.942804647678769925e+02 9.408279411374705887e+02 -1.027585805847645133e+04
5.406696768920965042e+03 -3.501870104941613135e+03 -1.054955097558885791e+04
-6.705017335382585770e+02 -3.029328050292978332e+03 -1.043543919605403062e+04
1.907060012891344059e+02 8.578734942141521742e+02 -1.038416273351466407e+04
5.334329239421437023e+02 6.820363162761673266e+02 -1.033953810183764836e+04
-5.184277144067223162e+02 7.339539530353366672e+02 -1.040583184885706396e+04
8.952745697147670398e+02 3.218067100672295169e+02 -1.028466130385486576e+04
-3.027502578132748567e+02 9.852085627028067165e+02 -1.034969423477661257e+04
6.200342366743699358e+02 8.723460817849190789e+02 -1.050114355458837963e+04
2.381226797536833146e+03 -4.005535062188314896e+03 -1.034612724296919987e+04
2.613600986819362333e+03 -4.178154994987845384e+03 -1.043778515414958929e+04
6.643428720468936035e+02 7.306481134664034016e+02 -1.046371485012819176e+04
-1.114963367562887015e+03 2.484316236106052429e+02 -1.036786766693307436e+04
-4.881507735213097021e+02 -2.899385008431974256e+03 -1.050519676401883589e+04
2.611484004200933668e+02 9.337535155347597993e+02 -1.047999880454745835e+04
-9.366919373404947464e+02 -2.657544237628020710e+03 -1.028228390158169532e+04
-1.580817960913343313e+03 -2.417649605838488469e+02 -1.031227715219907623e+04
8.147481313343075726e+02 -4.204550761625506311e+03 -1.040293825510600072e+04
6.075766214436005157e+02 1.967363460360158570e+03 -1.034252777297453395e+04
-1.179022709279491664e+03 1.352442828217251645e+02 -1.036483779907212920e+04
-9.455618073503945880e+02 6.554226715957275928e+02 -1.037222649451107827e+04
7.947506665990338206e+02 -8.286057355254647518e+02 -1.030800565634369013e+04
-9.996983365469977798e+02 1.868064002091336988e+02 -1.034693871406437574e+04
5.677897654080372831e+02 7.374844935355529287e+02 -1.022959631637089660e+04
-1.152620186914213036e+03 -9.678034706222467776e+01 -1.036917995171971597e+04
5.981241330849200040e+02 7.189446081510834574e+02 -1.038557835154851273e+04
4.396133882399317372e+03 -3.878666308334682526e+03 -1.052202811807377111e+04
-1.790695029450805578e+03 -2.007448088428837309e+03 -1.030127055012355231e+04
-4.694201299122090631e+02 8.529796989740385698e+02 -1.037279825305741906e+04
-1.528607046933827405e+03 -1.831958309353763298e+03 -1.040913158988753457e+04
5.819863968891667128e+02 8.194241216272290558e+02 -1.041245430738617324e+04
-1.205036730820923822e+03 -7.049537099107350286e+02 -1.038951916351881846e+04
1.038108044638534921e+03 1.767802935386782792e+01 -1.051738602474972322e+04
3.323440116982446284e+02 1.587559420498599593e+03 -1.041161830605548130e+04
-1.306918777483114582e+03 -9.486521946848537254e+02 -1.040497276519628940e+04
5.237713961966576335e+02 1.001990737413299257e+03 -1.022669155310885617e+04
-1.305078661349356935e+03 -5.650729670543835255e+02 -1.039218938105444249e+04
2.096159449822588158e+03 -4.444286840365891294e+03 -1.055291950869689936e+04
-1.837676507482365196e+01 9.315020462102932015e+02 -1.030165210466760254e+04
1.051840798880100181e+02 1.450048773333644021e+03 -1.037975714055541721e+04
-1.324823916105599437e+02 9.365091569046051063e+02 -1.033602130652407504e+04
-1.060934420568744372e+03 4.595474043499137906e+02 -1.036513164275514100e+04
-1.478963000085852855e+02 9.651096617455514206e+02 -1.030790662567113031e+04
8.919716242007845040e+02 4.061003133475884965e+02 -1.024077216397701341e+04
1.267142015988079947e+03 -6.581671356890133211e+02 -1.044730523587760945e+04
4.356221885890379326e+02 7.724286565222133731e+02 -1.030156426538564301e+04
-1.477835401139847818e+03 -1.597214314421728886e+03 -1.046032214079362348e+04
-8.137886595986987004e+01 1.321424195811569916e+03 -1.028584152945929782e+04
-8.120941772981594795e+02 6.037572993364599370e+02 -1.038082469559694982e+04
-2.558948173813263338e+02 9.005425691234395345e+02 -1.044203613900741766e+04
-8.125013875223143032e+02 5.042104674488966793e+02 -1.034010987938860671e+04
1.354961101827080256e+03 2.215289013133394747e+01 -1.024984298720609513e+04
-1.237477271423492084e+03 1.470362380927208505e+02 -1.035814786674222341e+04
-1.456713617445496766e+03 -1.133666057047975755e+03 -1.045908931128396580e+04
1.020515041881303659e+02 1.118617729833389376e+03 -1.035879714148102903e+04
-1.413717862721526899e+03 -2.183769363642064945e+03 -1.043288159309006733e+04
-5.849984330816682814e+02 -2.568024186080872369e+03 -1.035453796579742630e+04
-1.182612706027222657e+03 -2.015618893516233129e+03 -1.036954760225210521e+04
-1.128363750242074047e+03 3.880943096934497589e+02 -1.036075867797175852e+04
8.873554177769390208e+02 1.638755728364458264e+02 -1.046987607593027315e+04
-1.766368684693510431e+02 9.871260861474914918e+02 -1.047088401485631402e+04
-5.394132149009266186e+01 -3.492485715269761386e+03 -1.052769152156450764e+04
1.215725736923947579e+03 8.024863234063298023e+02 -1.050639069323878721e+04
1.466896161253686159e+02 9.169427512250761083e+02 -1.034481758647489187e+04
-1.081279297413474069e+03 -1.639862720458241029e+03 -1.039415094050963671e+04
3.481643993156349666e+02 -4.049827760826903159e+03 -1.034409193446897916e+04
-1.741508245078095115e+03 -1.118016989188039815e+03 -1.046280456054933893e+04
-6.597419972790737575e+02 -2.528367242660938246e+03 -1.037140132772225479e+04
8.614901564813934556e+02 3.633909809007442391e+02 -1.041631842288244479e+04
1.249244054844049288e+03 -5.894210299873144550e+02 -1.036139163516011467e+04
-4.588478108249302068e+02 1.411744298366183330e+03 -1.024429096346583538e+04
-1.438150643057602792e+03 -1.145007381899218217e+03 -1.031859651269880305e+04
-3.305199134502053084e+02 8.595109797121278916e+02 -1.049131837944873223e+04
3.253366597101918387e+02 7.949444186280604754e+02 -1.032847756941252010e+04
-1.275377764033447193e+03 -2.164327464863344630e+03 -1.025833737239358925e+04
-8.252251408591986319e+02 9.463201940786934756e+02 -1.036669459616795211e+04
-2.823940126266968491e+02 8.977316882879732702e+02 -1.034638577622334378e+04
-1.171372390829581263e+03 -1.011255294997497458e+03 -1.037034508697689489e+04
-1.588978800583727434e+03 -1.227716532463028216e+03 -1.044217121420764670e+04
2.834516249507322527e+02 8.174630462146744776e+02 -1.029033587488111152e+04
-8.453643627707641599e+02 5.454521694166061252e+02 -1.036085678574509075e+04
-1.768656915518186679e+03 -1.571741810386499083e+03 -1.037750088452830278e+04
-1.942272720093425278e+02 9.025673853799204380e+02 -1.042989608380395293e+04
-1.242381711176805311e+03 -3.577191512477077140e+02 -1.036471934985373446e+04
7.435401585460538172e+02 7.655161482457538114e+02 -1.028428297573683085e+04
-1.182912870756787697e+03 1.012902270594118136e+03 -1.026919325774075696e+04
-1.422654240374108667e+03 -1.459241382546266777e+03 -1.039651257857577184e+04
-4.463757269742625340e+02 8.257825320814318957e+02 -1.044441298628648474e+04
-1.115949688903690912e+03 2.782860495148552218e+02 -1.036598608163279459e+04
-1.519732422348064347e+03 -1.708350935164137809e+03 -1.044779948853069618e+04
-8.665579854704260470e+02 3.454806136688364404e+02 -1.042888849428043795e+04
-8.571232340300185797e+02 3.088063456099991981e+02 -1.025555265960987163e+04
5.301376515918981568e+03 2.666727701739941949e+03 -1.053294145446337825e+04
-9.093723051599721430e+02 4.037696364369712683e+02 -1.041546415220063682e+04
5.274721336297970083e+03 2.634010116413185187e+03 -1.053519205710786810e+04
-9.472081062561588851e+02 -1.848049534193108911e+02 -1.035721555431382330e+04
1.184211669927687808e+03 -1.742796214217730949e+03 -1.033315456106617603e+04
-6.222682545311801050e+02 9.018061564788085889e+02 -1.031026858222287046e+04
-3.945879265531218607e+02 -1.057759245979593970e+03 -1.036333063716372999e+04
4.286718501881559860e+03 -9.019731633693529602e+02 -1.042042812655538910e+04
-9.908630251364486412e+02 1.445962983800008942e+03 -1.038773676027664260e+04
4.886598786141415076e+03 4.051077193699647069e+03 -1.017268501977303640e+04
2.060847682166772302e+03 -1.614041919219001556e+03 -1.026347237181998571e+04
-6.278917016503909281e+02 9.046341008739242397e+02 -1.040714489293545921e+04
-3.806700845140128422e+02 8.774841626764495004e+02 -1.042862357259177770e+04
-8.391045928198540196e+02 -4.458557520325088035e+02 -1.030093791829866859e+04
3.077147115455032349e+02 9.667203034767043164e+02 -1.040350964118266347e+04
-9.440456990877129329e+02 -2.824486252528432715e+02 -1.037891540626943424e+04
-5.094454153615432688e+02 8.645765257468941627e+02 -1.037523482215441982e+04
3.720646736241711551e+03 2.906033265920286794e+02 -1.044756432173132998e+04
4.584503638033814241e+03 1.337273282296536763e+03 -1.036049773472255220e+04
1.618220213264905283e+02 1.086205500185980554e+03 -1.031374087873377175e+04
-6.471995356586774051e+02 -1.342810477227589217e+03 -1.032318127112390721e+04
3.648257261975315942e+03 -1.350754324327171162e+03 -1.025616247771410963e+04
-8.640059165475556711e+02 7.900188006224781248e+02 -1.022754011871799776e+04
1.774235649354051020e+03 -2.053473607111495312e+03 -1.026399643996448322e+04
-4.119739842667308949e+01 -1.433936238834337928e+03 -1.034595533196290307e+04
4.636568307549579913e+03 2.931237236595112563e+02 -1.029743302938893976e+04
8.962484437415866978e+02 1.429066394183414786e+03 -1.044242607520753336e+04
-6.495379653853749460e+02 -8.689034097637667173e+02 -1.035289515927693537e+04
-6.680395675453835338e+02 -9.514266085444540977e+02 -1.036761222511224514e+04
-2.111274452285211964e+02 9.742983977707700660e+02 -1.040409375086152068e+04
-4.118877679673539660e+02 -1.422612847494619473e+03 -1.039150715328014303e+04
-1.141392229774110092e+02 9.200023708738261803e+02 -1.045878467947227364e+04
-3.611477803406410203e+02 -1.239628494955425367e+03 -1.033957645893343761e+04
-2.662221855269467596e+02 9.546588167578327102e+02 -1.048389254439992328e+04
5.526546361247097593e+03 2.117440820594528759e+03 -1.044875878345504316e+04
1.051868856685222227e+03 -1.596392791402112380e+03 -1.033220248690453627e+04
-9.186077855352680217e+02 -4.413640210681010103e+02 -1.033394167451189423e+04
3.650936621763344192e+01 -1.141215205050800705e+03 -1.035400654515713541e+04
-1.313180601665587801e+02 1.007503918015824183e+03 -1.041471709837286835e+04
6.598299693793433107e+01 -1.434539393632811425e+03 -1.032528712050137983e+04
-2.113177855491498462e+02 1.200331235105671794e+03 -1.032913394417791642e+04
4.232971025101034002e+01 -2.193739804209510112e+03 -1.038733832756344054e+04
-3.040163371865448880e+02 -1.512892383848644386e+03 -1.039911720887858064e+04
-6.442439887554363622e+02 1.910514607092296046e+03 -1.040181797065379760e+04
-2.593192313210079192e+02 -1.134606211936018553e+03 -1.036647839988526175e+04
4.406168409023382992e+03 7.973977076046371621e+02 -1.037511034678287069e+04
-9.076770678297557424e+02 -7.747022939533072758e+02 -1.037084105720184562e+04
-4.262704901392255579e+02 1.221110402081750181e+03 -1.041217001644858465e+04
-8.239310073365252265e+02 3.858928494477160029e+02 -1.041357593157499286e+04
-6.386150115620631595e+02 -9.826261908524758155e+02 -1.036889776074093788e+04
-8.547456182499241777e+02 2.900136247005781343e+02 -1.040598483673207375e+04
-1.538756415095614784e+03 -1.326114209199730567e+03 -1.042628922068645443e+04
-1.363154992809398891e+02 1.226599235258963517e+03 -1.042174682771349762e+04
-1.007497122216737807e+03 -4.061229738511862024e+02 -1.034099072933124262e+04
8.704510544106414045e+02 -1.737522005204052675e+03 -1.031866848430660320e+04
-1.901159486988157141e+02 9.971555040890474402e+02 -1.044840808306123290e+04
-8.984302543941321346e+02 -1.316475135341192981e+02 -1.040145346202876317e+04
-1.076910715592642873e+03 9.635575583390868815e+02 -1.024647604126421720e+04
-3.419083117506503413e+02 -1.218376078844270523e+03 -1.036616752531269594e+04
-4.461267549295177446e+02 1.010605148639668300e+03 -1.042712865003763545e+04
-2.311385314006874978e+02 -1.274329932280274761e+03 -1.035048194204922220e+04
1.175251508714904048e+03 -2.115295334486297179e+03 -1.026950905741838505e+04
-8.851146682297423922e+02 -3.267070307749600033e+02 -1.044259832425384229e+04
5.135177552619098833e+02 -1.717857256495492038e+03 -1.039759427038560716e+04
3.022515508466877691e+03 -1.903471236354754183e+03 -1.036357755757220002e+04
1.826188754414584082e+03 -1.973794667174098322e+03 -1.050520535492511044e+04
-5.540501191993732846e+02 -1.342538236040839820e+03 -1.033977707308811659e+04
-8.845657455927496358e+02 6.298364654622746457e+02 -1.047041958269260249e+04
-7.947606234565834029e+02 5.259735582001704870e+02 -1.027764546369663731e+04
3.251585012582148011e+03 -1.097374247848366849e+03 -1.025947915316408216e+04
-7.298952871961339497e+02 8.832480970678176391e+02 -1.028045888797902444e+04
-9.376000961530589848e+02 5.596126596796375452e+01 -1.034617493460044716e+04
1.901237244901221402e+03 -1.803400439726776767e+03 -1.027050427757166108e+04
3.710224799642267044e+03 -2.196423272279488401e+02 -1.029499943868185073e+04
5.345489841990341802e+02 -1.350329173931459763e+03 -1.035697350903899314e+04
9.478866638256424721e+02 1.371858116514725680e+03 -1.035623410799939120e+04
-9.770721640093782980e+02 7.001255170773027885e+02 -1.027907580996521210e+04
6.288313272965363012e+02 1.388966497753310705e+03 -1.041964519899119659e+04
-7.111284857890283320e+02 5.406300557322018676e+02 -1.029671740921558921e+04
-4.022917907496150747e+02 -1.588994412568366897e+03 -1.031524484623130775e+04
-9.075909543452432899e+02 3.304797625776606083e+02 -1.036150993988181290e+04
-8.624541673472467664e+02 3.565836315438591555e+02 -1.027141277983354121e+04
2.081966546832402855e+03 -1.717353795772863577e+03 -1.026029226347729491e+04
-8.516086493521822831e+02 -4.104513665910833424e+02 -1.031085165965146371e+04
-9.021260540051882799e+02 -4.674883833983521981e+02 -1.034284094338560681e+04
1.709294027968838236e+03 -1.735451234592178935e+03 -1.042500019211110703e+04
5.736242982502235463e+02 -1.759004987926446802e+03 -1.029277326778435236e+04
-7.763632121567367221e+02 4.468607170977591068e+02 -1.041873238497908642e+04
-6.239358230311055422e+02 -9.014348857454109520e+02 -1.035079980015814363e+04
-1.506133568426255351e+02 -1.188433624741272297e+03 -1.035395880626788676e+04
-9.155366776395462693e+02 4.408739563665868673e+02 -1.037806666185529866e+04
-1.111516795892182472e+02 -1.467333210040556651e+03 -1.032137974042877067e+04
-4.286397619585969778e+02 1.012836962008293881e+03 -1.029717144708634987e+04
9.432304162057369012e+02 1.188195490248462875e+03 -1.039658270918531161e+04
1.262091388258988218e+03 -1.811028004576611920e+03 -1.038443676908156522e+04
-6.884819657188562587e+02 -1.115786397277151309e+03 -1.037515087721396958e+04
-8.656140571557298244e+02 -4.317098598220561598e+02 -1.032845644239810281e+04
1.170807627764576864e+03 -2.142457506266506243e+03 -1.042093035379552020e+04
-4.746116297260732608e+02 -9.748984456158661942e+02 -1.034325044946317394e+04
-3.934730542200381933e+03 -9.959793807545387608e+03 5.295008336747749127e+03
-3.285352476720491723e+03 -1.038556834724318651e+04 4.901913950892012508e+03
-3.617671836280255775e+03 -8.763319427373337021e+03 6.341318668851859911e+03
-3.483815342899486950e+03 -7.892611917548701058e+03 6.994289348545918074e+03
-9.142195655380603057e+03 -6.203257131009187106e+03 8.511073642779399961e+03
-3.725049688226521539e+03 -9.872382867023670769e+03 5.337448372099918743e+03
-3.395243109580452710e+03 -1.028428863825442568e+04 5.016328563323036178e+03
-3.680513687520946860e+03 -9.830460186746919135e+03 5.385296475485830342e+03
-4.128036076780207623e+03 -7.688965167063503941e+03 7.254437386739721660e+03
-3.650101796826287682e+03 -1.103456220395795935e+04 4.035679142342846717e+03
-3.422113480120826807e+03 -9.706874304359462258e+03 5.500711330111069401e+03
-3.998196277146592820e+03 -9.942741617948666317e+03 5.285009496875838522e+03
-3.361493803591681171e+03 -1.013022484293345588e+04 5.149271328676550183e+03
-3.279394653957975606e+03 -1.018342831638134885e+04 4.953171633600788482e+03
-3.081086163534144362e+03 -1.041641514068172546e+04 4.996804697392738490e+03
-4.556383127050990879e+03 -7.201143606516649925e+03 7.954427820819762019e+03
-5.593981941969224863e+03 -9.633220013405963982e+03 6.098131087506832955e+03
-3.190082562030738245e+03 -1.024418164971385886e+04 5.088139051950483008e+03
-2.411516567736826801e+03 -1.136068133748892433e+04 4.256000397985796553e+03
-3.530884998732999065e+03 -1.012756777679477818e+04 5.117486344167564312e+03
-3.515390749534428323e+03 -1.001643305731723922e+04 5.252903088853825466e+03
-2.868538306726455630e+03 -9.464153251032486878e+03 5.701934267825750794e+03
-3.616084231907446792e+03 -9.975821586587284401e+03 5.084894074394983363e+03
-3.090680663526282387e+03 -9.634429561898650718e+03 5.542683111664010539e+03
-3.110013583253933120e+03 -1.027482408559668329e+04 4.839718142379037090e+03
-5.077051214779286965e+03 -6.703681534769266364e+03 8.130394785080976362e+03
-3.867770436039300421e+03 -9.913020052617703186e+03 5.227524845231800100e+03
-4.440695333876067707e+03 -9.794423228055260552e+03 5.175289032842156303e+03
-3.137841658931953589e+03 -1.069994854736116395e+04 4.477339536790484999e+03
-3.153771242133278065e+03 -1.004596451444272316e+04 5.086554892336699595e+03
-2.826304627612732475e+03 -9.732691493279598944e+03 5.394095952481170571e+03
-2.937146038860139015e+03 -9.339466068119183547e+03 5.914940809615201033e+03
-2.842665840197396847e+03 -9.275107442055294086e+03 5.745572550713489363e+03
-4.216770452936808397e+03 -9.696261745932746635e+03 5.272668523648840164e+03
-2.917726900188842592e+03 -8.967340980921184382e+03 6.065311755938061651e+03
-5.488989351758824341e+03 -6.863003816311291303e+03 7.877884325400973466e+03
-8.134261776097770962e+03 -5.921822502746371356e+03 8.992199167767977997e+03
-3.655682517330897554e+03 -8.266896056335981484e+03 6.593842234081312199e+03
-3.200897584658413962e+03 -9.853259432053544515e+03 5.343652498154057866e+03
-3.147660525542037249e+03 -8.784490144575858722e+03 6.490219419813439345e+03
-4.129530732729645933e+03 -9.879068964078238423e+03 5.276724466107219996e+03
-3.569016927282694269e+03 -9.696432947250676079e+03 5.516165314050629604e+03
-3.458329632499426680e+03 -1.008297034247169904e+04 5.078493611640737072e+03
-3.723826251777724792e+03 -9.968169602005329580e+03 5.187970097283668110e+03
-3.791340432705993408e+03 -9.881275386218067069e+03 5.246169193427120263e+03
-3.781582314910617242e+03 -9.778810911088721696e+03 5.241361936046238952e+03
-4.035679669495386406e+03 -9.847284894862836154e+03 5.424470962009498180e+03
-3.455752855886219550e+03 -9.925310224703582207e+03 5.165202447288212170e+03
-3.267808444839408367e+03 -8.381438178112166497e+03 6.655681590479373881e+03
-4.006060422316522363e+03 -9.812660238195321654e+03 5.215615792969831091e+03
-3.197768806482047239e+03 -1.034231889257162948e+04 4.879190742087528633e+03
-3.031590727416916707e+03 -9.310134762052199221e+03 5.759749006087968155e+03
-3.437359610079653521e+03 -9.874506506996249300e+03 5.332800237675737662e+03
-2.940318947584641592e+03 -8.949945235335762845e+03 6.027201621021168648e+03
-2.948507881820880357e+03 -8.837211293843574822e+03 6.076591372835448055e+03
-3.368100083951192573e+03 -9.217113903585157459e+03 5.939096266002165976e+03
-3.221726779655470182e+03 -1.005126837613306816e+04 5.160745505413873616e+03
-3.287514630077085712e+03 -9.577865252740575670e+03 5.616557392252193495e+03
-3.723122650802876251e+03 -1.005159893668070799e+04 5.277808754188694365e+03
-3.155487892309289236e+03 -9.187251169482478872e+03 6.006444428908295777e+03
-3.473837790074106579e+03 -9.957836838225226529e+03 5.257074999058489084e+03
-5.547515191264183159e+03 -6.495161504268342469e+03 8.599028166674652311e+03
-8.007071828382423519e+03 -6.522562993562448355e+03 8.327111414430461082e+03
-3.831702303952272814e+03 -9.822362927128791853e+03 5.261604462747963225e+03
-2.747766490452221205e+03 -1.082382246796150321e+04 4.466773081060640834e+03
-3.667990662713305028e+03 -8.680117400005785385e+03 6.475639578035884369e+03
-2.849130445327105917e+03 -9.412266086751682451e+03 5.667894916473759622e+03
-2.679502979981066346e+03 -9.227196096876989031e+03 6.000171909565170608e+03
-3.650695634877693465e+03 -9.825980807763075063e+03 5.397668822677733260e+03
-2.962282629415377414e+03 -9.617362128900020252e+03 5.623959349357988685e+03
-5.893897814127851234e+03 -1.106211564741477923e+04 4.542895885834163892e+03
-3.511842535677402338e+03 -1.001089633769294414e+04 4.998076573464972171e+03
-4.109993732143293528e+03 -9.940669222388203707e+03 5.315710962048905458e+03
-3.630040034502905655e+03 -9.807551702149981793e+03 5.347375446650196864e+03
-3.259429078751956695e+03 -9.500458437183238857e+03 5.636199725466186464e+03
-2.874234031955995306e+03 -9.082728412770569776e+03 6.130922453027628762e+03
-4.113054716422301681e+03 -9.891836877861525863e+03 5.311999181826768108e+03
-3.013811458634922928e+03 -1.100029876708593656e+04 4.223977080411319548e+03
-2.324826283019707716e+03 -9.302100809493320412e+03 5.775951580148558605e+03
-3.702522567172918571e+03 -1.001136427454791374e+04 5.222858980726117807e+03
-2.952756147507577680e+03 -1.162960432166394276e+04 3.934846417307721367e+03
-2.913937817972047469e+03 -8.716701465647800433e+03 6.332769891758527592e+03
-3.477059556019376032e+03 -9.811359914436563486e+03 5.414372638462620671e+03
-2.572071039466679395e+03 -1.025075387488368142e+04 5.274628937304230931e+03
-3.191722054534944164e+03 -9.239405897639839168e+03 5.974226673658769869e+03
-3.243084046371016939e+03 -9.934845443720767435e+03 5.287298786150719025e+03
-3.088477429543850576e+03 -1.019768869439000991e+04 4.893620418290815905e+03
-4.039293277554025281e+03 -9.862309935525945548e+03 5.390173969213086821e+03
-3.504553151530456944e+03 -1.103603496386721054e+04 4.001111124335961449e+03
-4.217351335971723529e+03 -9.848349550859915325e+03 5.305739771281491812e+03
-3.970034594360149185e+03 -9.692970133184804581e+03 5.366548313648246221e+03
-3.569256063452574836e+03 -9.749218549839908519e+03 5.472643582952564429e+03
-2.905686656120588395e+03 -8.132149763490010628e+03 7.076945733313638812e+03
-4.149036020152943820e+03 -7.414472781359423607e+03 7.841397481847899144e+03
-3.436775951499762414e+03 -9.977141484046855112e+03 5.391172979923841012e+03
-3.126454841976313219e+03 -9.997394733176141017e+03 5.214810986005506493e+03
-3.609468959760144571e+03 -9.517917679189795308e+03 5.620325937880153106e+03
-3.466927691843638058e+03 -9.079895576635923135e+03 6.123502830568943864e+03
-2.805964920320365309e+03 -1.059526919903170528e+04 4.725718930720648132e+03
-2.801459187581158858e+03 -9.357641776895570729e+03 5.647309711688506468e+03
-4.108502021389123001e+03 -9.689516484349456732e+03 5.521338771521287526e+03
-4.614674803034371507e+03 -9.957194797760128495e+03 5.336713237577329892e+03
-5.356362439057989832e+03 -9.165641216183930737e+03 6.028652949082684245e+03
-7.724867928880414183e+03 -9.420515319142696171e+03 5.717686132039995755e+03
-1.107889714646537323e+04 -1.214403450547461762e+04 3.014538442048978141e+03
-4.513258015828918360e+03 -9.933625364809508028e+03 5.132687821829149470e+03
-4.465741036866374088e+03 -9.893722737155609138e+03 5.154026412579887619e+03
-5.021341846490976423e+03 -1.018156676211360900e+04 4.884757683519804232e+03
-8.037659353724163338e+03 -9.663768019230046775e+03 5.533578972991843330e+03
-4.629065067623579125e+03 -9.855802160850354994e+03 5.229167291582748476e+03
-3.000301530959528009e+03 -9.984794838168107162e+03 5.118942366157083597e+03
-4.877519855857020957e+03 -1.016197401100032948e+04 4.906616925226469903e+03
-4.017767698159813790e+03 -9.885770435649137653e+03 5.278781766257852723e+03
-4.219675088695710656e+03 -9.814291147078334689e+03 5.293204188444560714e+03
-4.399952876075453787e+03 -9.771915593721887490e+03 5.445552313698304715e+03
-8.375598621120630924e+03 -1.012588585770284044e+04 4.910791069258223615e+03
-4.302619775352010947e+03 -9.884455107541683901e+03 5.444771274835433360e+03
-2.925355128223136489e+03 -9.952857030521792694e+03 5.565747504905952155e+03
-4.245339975128274091e+03 -9.978739154127624715e+03 5.324890926867848975e+03
-4.732051620998569888e+03 -1.009629597984314023e+04 5.022161371284670167e+03
-4.124554452495871374e+03 -9.804036561954033459e+03 5.297783854338706988e+03
-5.317725669975109668e+03 -9.581971542177449010e+03 5.519348527552666383e+03
-4.973657125931386872e+03 -1.023968650475953655e+04 4.881833035910458420e+03
-5.065577316136512309e+03 -9.905171016082662391e+03 5.285081474475739924e+03
-4.486191338936263492e+03 -9.937686228195483636e+03 5.284244912093071434e+03
-8.658594661797784283e+03 -1.028465880455164915e+04 4.585909621013624019e+03
-4.827402384220973545e+03 -1.012738568312071766e+04 4.913852336925942836e+03
-4.569847804933524458e+03 -9.922859732718179657e+03 5.311442184814313805e+03
-4.477704146948828566e+03 -9.998044157055122923e+03 5.233194541448849122e+03
-4.530872849579352987e+03 -9.924110578531857755e+03 5.398710130997754277e+03
-5.029352789807935551e+03 -8.633406693939405159e+03 6.305729252964517400e+03
-5.464317440132273077e+03 -9.712398869695374742e+03 5.476378450485215581e+03
-5.444906548985852169e+03 -9.901537212566132439e+03 5.191870916134129402e+03
-4.751879301985819438e+03 -1.016116501721354507e+04 5.090675084913201317e+03
-5.462909028072076580e+03 -1.010048013193454608e+04 5.110082133423725281e+03
-9.033820570182810116e+03 -1.051503268043379285e+04 4.737115268892188396e+03
-1.056853841875450053e+04 -1.203674523536563174e+04 3.195024552501615290e+03
-7.058998055811375707e+03 -8.784931135405542591e+03 6.481275018084381372e+03
-4.983127429936357657e+03 -9.192564360900476458e+03 5.890319658332176004e+03
-6.715188457113772529e+03 -9.113631399353456800e+03 6.013472074663569401e+03
-5.078372956437691755e+03 -9.824066858361060440e+03 5.357000535370586476e+03
-4.966276052743197397e+03 -9.036197094675513654e+03 6.028157481792610270e+03
-4.241680335507667223e+03 -9.753527589643057581e+03 5.461556980864209436e+03
-4.971564808816725417e+03 -1.027251181311285472e+04 4.726681883750959969e+03
-4.381291269049059338e+03 -9.940408495802143079e+03 5.246523589348112182e+03
-4.412718340856632494e+03 -9.980209369580419661e+03 5.257737214631058123e+03
-4.834812699768401217e+03 -9.843137063499316355e+03 5.348692897474832534e+03
-4.904637350612001683e+03 -1.025286352710955180e+04 5.035981087307476628e+03
-6.372108811941165186e+03 -8.827244737573802922e+03 6.084368360237747765e+03
-4.872273822283535992e+03 -1.015423397474558078e+04 4.882789117197587984e+03
-5.035857669990790782e+03 -1.050918601996658981e+04 4.729530012328184966e+03
-5.403717943935384028e+03 -9.876919297075841314e+03 5.265385056914634333e+03
-4.824243819025057746e+03 -9.993562175525637940e+03 5.215445381464188358e+03
-6.219236020849084525e+03 -8.920204203294068066e+03 6.233821837163762211e+03
-5.301583775091992720e+03 -8.926057516665519870e+03 6.269143621921873091e+03
-5.044912962803199662e+03 -1.006311690413660472e+04 5.156506997523713835e+03
-4.388944207506403473e+03 -9.804456004185167330e+03 5.425635933330185253e+03
-5.120840647292994618e+03 -9.769327196072445076e+03 5.457968664750929747e+03
-4.803367732422005247e+03 -1.012701463336495181e+04 5.083689777282142131e+03
-5.828986951596244580e+03 -8.798126711984345093e+03 6.103290582601011010e+03
-5.067617879724801242e+03 -1.022601427626491932e+04 4.989020598617101314e+03
-9.528871904723659100e+03 -9.873510905330293099e+03 5.381051811271138831e+03
-1.064684184517660287e+04 -1.202236121310203271e+04 3.172728873148225375e+03
-4.967986760593345934e+03 -1.036797751193772820e+04 4.826439103347262062e+03
-4.446655238209948038e+03 -9.894491105499755577e+03 5.519787047735097985e+03
-6.598906646362407628e+03 -8.752968025150081303e+03 6.502617243520448028e+03
-4.703243216792235216e+03 -9.100660247218676886e+03 5.964239076711034613e+03
-5.128811774534762662e+03 -9.056971100697084694e+03 6.087057886911005880e+03
-4.519270815505971768e+03 -9.298003009896223375e+03 5.825010102969106811e+03
-5.291443197535279069e+03 -9.558446086387730247e+03 5.616913463076321932e+03
-3.119086876817151278e+03 -1.132794366461905884e+04 4.083871271896557118e+03
-4.876763091729134430e+03 -1.028271629634653254e+04 4.960626825194291087e+03
-4.499575547039287812e+03 -9.994531437817007827e+03 5.271284797415863068e+03
-4.930563850654430098e+03 -1.008614304922556585e+04 5.090851305503490948e+03
-5.235923415507113532e+03 -9.737212796551288193e+03 5.457672564829746079e+03
-5.428438281360836299e+03 -9.390473158615570355e+03 5.733706073460717562e+03
-4.913810295987549580e+03 -9.673843393814038791e+03 5.507170168724523137e+03
-4.852827213737927195e+03 -1.003593084916156658e+04 5.209406846898491494e+03
-5.426589941208131677e+03 -9.304870520116968692e+03 5.767158041674065316e+03
-4.953681024783839348e+03 -1.034888370330676662e+04 4.965842659763162374e+03
-3.692119494195495008e+03 -9.752593250281834116e+03 5.587973400688946640e+03
-5.246064386472125989e+03 -9.814568237045343267e+03 5.356581133153188603e+03
-5.249635925698617939e+03 -9.794008528227126590e+03 5.412569100841035834e+03
-2.150389016673010701e+03 -1.024566694546055078e+04 5.508873967416769119e+03
-5.467123457432831856e+03 -9.217430909723543664e+03 5.866548552529968219e+03
-4.541630245278793154e+03 -9.975750093374941571e+03 5.288075515268525123e+03
-4.639757521414087023e+03 -1.000376500680805111e+04 5.251008175020669114e+03
-4.538462177548599357e+03 -9.541168945969402557e+03 5.683386629712721515e+03
-5.094788678151903696e+03 -9.699237508141164653e+03 5.851645091016562219e+03
-4.944677436386172303e+03 -9.689862122411943346e+03 5.490849957728752997e+03
-4.199411980420283726e+03 -9.745446693901300023e+03 5.274992132037601550e+03
-5.043556730142755441e+03 -9.784667981218281056e+03 5.404441098576842705e+03
-6.327862550137565449e+03 -9.384555783332105420e+03 5.726063009297035933e+03
-8.000681631502906384e+03 -9.619697537950765764e+03 5.416352502188691687e+03
-3.717739967359859747e+03 -9.550563993662743087e+03 6.003032173517523916e+03
-4.942197542288508885e+03 -1.016290928615303892e+04 4.999038799966449915e+03
-5.568877042402069492e+03 -9.183179419264080934e+03 5.788772921390737793e+03
-5.666024129191405336e+03 -9.725932754609657422e+03 5.523040294306802025e+03
-2.342179960840255262e+03 -1.186074297376743561e+04 3.964846134207437899e+03
-5.277539288135266361e+03 -9.312948198830901674e+03 5.743343650574216554e+03
-5.173905290506038909e+03 -1.072483914172651203e+04 4.499949838740575615e+03
-4.759535412745216490e+03 -1.100693077117377470e+04 4.302844046563803204e+03
-5.789937188378495193e+03 -1.151496192136684476e+04 3.748898105547389150e+03
-6.626830718119525045e+03 -1.213550164625323305e+04 2.799720127561065510e+03
-3.903922175983425859e+03 -1.547516819729373492e+04 -6.481822767750736602e+02
-4.614638856522651622e+03 -1.102402097184439663e+04 4.015132632442625436e+03
-4.851273232362358613e+03 -1.080937341905407447e+04 4.260131949426391657e+03
-4.933180622697194849e+03 -1.093310253454977283e+04 4.277833582057155581e+03
-6.174431082526028149e+03 -1.253005602799861481e+04 2.249710673411462722e+03
-4.687787603232059155e+03 -9.493687122405450282e+03 6.094234517538265209e+03
-3.814510358141731103e+03 -9.583790869154820030e+03 5.924041972223600169e+03
-4.804573412687238488e+03 -1.086868067273219276e+04 4.241145282061887883e+03
-5.156720246304293141e+03 -1.043810318168516824e+04 4.657727946009011248e+03
-5.125972544579308305e+03 -1.038222084688446921e+04 4.592014707901057591e+03
-4.395511851039668727e+03 -1.107882218192709843e+04 3.941647102790188910e+03
-6.534132353918805165e+03 -1.320314664875452399e+04 1.965472253123325572e+03
-4.722535074978563898e+03 -1.101661241021120077e+04 4.221823287912286105e+03
-5.075325173022290983e+03 -1.026635271380196536e+04 4.864347680637109988e+03
-5.050044487430198387e+03 -1.017597150611316647e+04 5.047779607761136504e+03
-5.203027717157004190e+03 -1.027151233449058054e+04 4.927757373174930763e+03
-5.043581617790777273e+03 -1.006288802901563758e+04 4.994548635560961884e+03
-6.132562381440980971e+03 -1.096974370097640895e+04 4.094982277748173601e+03
-4.633934220348823146e+03 -1.124124363860531412e+04 4.056523521875202732e+03
-5.006288468829383419e+03 -1.113021190650112476e+04 4.074650831300888967e+03
-5.811042949687230248e+03 -1.138788254818485439e+04 4.167934562189876488e+03
-5.975057228350473451e+03 -1.341239969286862288e+04 1.458272272741340657e+03
-5.215405639289536339e+03 -1.063381639263062061e+04 4.660622500183946613e+03
-5.692031215167133269e+03 -1.029563479462145006e+04 4.783676429474212455e+03
-4.612120317631874968e+03 -1.113588635571248960e+04 3.928317144083101994e+03
-5.100692452839103680e+03 -1.096335274870429384e+04 4.222647700035011439e+03
-4.803586943539862659e+03 -1.104933445951866088e+04 4.175033151439729409e+03
-5.675541761229769691e+03 -1.110007595646445043e+04 4.115523033260124976e+03
-5.014695277207897561e+03 -1.117067384764596500e+04 4.018967360307757644e+03
-4.807134919221695782e+03 -1.082456974063124289e+04 4.213662704606990701e+03
-5.805269176452014108e+03 -1.121622611794220211e+04 3.881990158393441106e+03
-6.268669177267380292e+03 -1.371450870081899484e+04 1.445100137047985754e+03
-5.098300303586240261e+03 -1.568185074716573945e+04 -8.248744335561004846e+02
-7.159929066845541456e+03 -1.184826084117589380e+04 3.239901666327220482e+03
-5.265995248102854021e+03 -1.092363792586869022e+04 4.285223992983241260e+03
-6.447043969250313239e+03 -1.171567000135686976e+04 3.273278675332141120e+03
-4.925081644351722389e+03 -1.091679117192368358e+04 4.268591184235931905e+03
-5.213723649628302155e+03 -1.095626964062156185e+04 4.226721760858620655e+03
-4.880729902280035276e+03 -1.083298014824499296e+04 4.294378094168791904e+03
-5.103951795506814960e+03 -1.017888094189949697e+04 5.000402815905116768e+03
-5.080092322206014614e+03 -1.041831778848587601e+04 4.785287332190421694e+03
-4.340836842592755602e+03 -1.115873251052255000e+04 4.024617134875186366e+03
-4.986440388231370889e+03 -1.071476132601899189e+04 4.596497350603101950e+03
-5.108184357366671065e+03 -1.048190600746106065e+04 4.768910917892075304e+03
-6.252260521326255002e+03 -1.137044230846927894e+04 3.554999925280276784e+03
-4.975211452895878210e+03 -1.070668369245273425e+04 4.426623059720147467e+03
-5.279855878618151110e+03 -9.962586505109251448e+03 5.202148342413440332e+03
-6.019298290808337697e+03 -1.138738467419544213e+04 3.747316810356214319e+03
-5.221286333456856482e+03 -1.043798539812429590e+04 4.763686556482545711e+03
-6.411018648100267455e+03 -1.170432769749100771e+04 3.510813135430256807e+03
-5.788838191479910165e+03 -1.127734712998319083e+04 3.954494004696630782e+03
-6.261928453988049114e+03 -1.064537020546464555e+04 4.374051442675940052e+03
-4.952398324238233727e+03 -1.092183961470225040e+04 4.293383130645809615e+03
-5.238273472357762330e+03 -1.099525231064481159e+04 4.227876018700721033e+03
-4.769420585025134642e+03 -1.097653463392871527e+04 4.299348443280932770e+03
-6.082856816169422018e+03 -1.128658981563059388e+04 3.681878696659435718e+03
-5.119829712284825291e+03 -1.084411196561662291e+04 4.376737005975036482e+03
-5.794459221033815084e+03 -1.392510988642073789e+04 9.169673709819080614e+02
-4.598913517214828062e+03 -1.579289126635081811e+04 -5.863985529154442702e+02
-5.131142191533789628e+03 -1.007942751047135062e+04 5.121974470757889321e+03
-4.983617838602237498e+03 -1.063911529896288084e+04 4.317818632383104159e+03
-6.766032559354594014e+03 -1.207039924339680692e+04 2.800023261287550213e+03
-5.732814762732068630e+03 -1.052484868544054370e+04 4.557918655030483933e+03
-6.125045466014519661e+03 -1.112035904771743481e+04 4.117347923493859525e+03
-5.274725289024708218e+03 -1.058642164875754497e+04 4.613089980088149787e+03
-5.254359589221999158e+03 -1.101104814903734223e+04 4.165502467678501489e+03
-4.340019186016536878e+03 -9.818112314013565992e+03 5.497539714011487376e+03
-5.130862282628959292e+03 -1.038509434696152312e+04 4.557353170390033483e+03
-5.270710256210887565e+03 -1.019402175132879529e+04 4.987953233834003186e+03
-5.269546167762803634e+03 -1.021214857105685223e+04 4.968666639219737590e+03
-4.925105587304185974e+03 -1.109443371712704720e+04 4.111278746474396939e+03
-5.677401751844737191e+03 -1.121330124625160170e+04 4.006057197785326025e+03
-5.412126964391244655e+03 -1.091757424809850818e+04 4.289109530858375365e+03
-5.027936378890673041e+03 -1.020080403408135317e+04 4.943698039607552346e+03
-5.681290495186027329e+03 -1.100681907604640764e+04 4.175534889701278189e+03
-5.189451479312818265e+03 -1.050270652064375099e+04 4.691213348304683677e+03
-4.994258669347348587e+03 -1.020367912011864610e+04 5.113565326152706803e+03
-6.117852216751630294e+03 -1.115089169177313852e+04 4.103217357355273634e+03
-5.506755726936178689e+03 -1.097564938953467390e+04 4.177809480570615960e+03
-5.047718299034555457e+03 -1.077461078461490979e+04 4.483557315284744618e+03
-5.873593074576931940e+03 -1.107545962778352077e+04 4.026622007952566037e+03
-4.973054549231488636e+03 -1.082733483265495670e+04 4.421038874356316228e+03
-5.001113614859482368e+03 -1.058163341148561267e+04 4.696231575486427573e+03
-5.320164064863422027e+03 -1.088495598704065196e+04 4.280067261989446706e+03
-3.150430507116981971e+03 -9.450819422048180058e+03 6.305050672287507041e+03
-5.370409174011347204e+03 -1.089701502222141244e+04 4.310660027298359637e+03
-5.229793038799317401e+03 -1.030253344957890658e+04 4.707976456269589107e+03
-5.169529024562062659e+03 -1.099951373960887577e+04 4.212353998411620523e+03
-5.877163789873298811e+03 -1.173116452729813500e+04 3.411343098430846112e+03
-6.812141016932248021e+03 -1.282977058325810503e+04 2.449551806388820296e+03
-4.870581726043643357e+03 -1.098006597965553919e+04 4.222383723443583222e+03
-5.445313511159594782e+03 -1.066557479468959900e+04 4.564108872202677048e+03
-6.626567517344563385e+03 -1.121611350097788818e+04 4.028450866707227306e+03
-5.512575180281162829e+03 -1.129690745202502876e+04 3.938859224046484997e+03
-4.571809820119883625e+03 -8.891409254553513165e+03 6.419624100668377650e+03
-5.419833398543756630e+03 -1.103059612373492564e+04 4.100445686202750949e+03
-3.738339221187904513e+03 -1.103373981706253653e+04 4.049361936902765592e+03
-4.563723773051565331e+03 -1.109841482227769666e+04 4.078696992007606696e+03
-3.225790775586881864e+03 -1.181769426315921555e+04 3.397361409606679445e+03
-2.406508202162021917e+03 -1.275308163610562042e+04 2.126474397080760355e+03
3.255264009875180818e+03 -1.229731300340062444e+04 2.721783469944191438e+03
-4.120397886174674568e+03 -1.113561239068129908e+04 4.025939577767893297e+03
-4.480442404598478788e+03 -1.118599244046047897e+04 4.091737696903696815e+03
-3.445279007529119099e+03 -1.097209009350145971e+04 4.254687917362813096e+03
-1.751153160996498173e+03 -1.281235152581187504e+04 2.014021923220630470e+03
-5.220534500518922869e+03 -1.094357490953586057e+04 4.465091925726670524e+03
-4.827655455589637313e+03 -1.108784543449648481e+04 4.240379358845373645e+03
-5.039382810826975401e+03 -1.144327967151723897e+04 3.779455237447206855e+03
-4.260680357345418088e+03 -1.111800031359881723e+04 4.011673542084063229e+03
-4.564781645331600885e+03 -1.106229514578264752e+04 3.982807696731304077e+03
-3.833409346769733475e+03 -1.113701351926099414e+04 4.126579071174959608e+03
-1.614433732442426617e+03 -1.308807315155626748e+04 2.039509438236164442e+03
-4.171678637178647477e+03 -1.118230792957707308e+04 3.975301196631507992e+03
-4.684370749014200555e+03 -1.122528454778224841e+04 3.894993108013634810e+03
-3.938286773823780095e+03 -1.115948416461666966e+04 4.089450218307935756e+03
-5.217167149048771535e+03 -1.086800969621720105e+04 4.340743600871825947e+03
-4.990357954011007678e+03 -1.113642050367380762e+04 4.179233528791112803e+03
-3.729493534003247532e+03 -1.168160513703814286e+04 3.430284991491392702e+03
-3.840850795449553971e+03 -1.107221090037927570e+04 3.902859935679975933e+03
-4.861355986299432516e+03 -1.199182575193570119e+04 3.101920576556762171e+03
-4.834141759916181400e+03 -1.140208515546848503e+04 4.015361401097822636e+03
-7.589194698926137335e+02 -1.266009029199399811e+04 2.171718083297727389e+03
-4.326861627027859868e+03 -1.115531000226627111e+04 4.050015595995307649e+03
-4.131781988015653042e+03 -1.128290566293613301e+04 3.957461653263225344e+03
-4.281844221815735182e+03 -1.114339203002943941e+04 3.823760960602819523e+03
-4.798171750101099860e+03 -1.113069445650569651e+04 4.085931909075222848e+03
-4.213357084894229956e+03 -1.142951366705989858e+04 3.785090282191823462e+03
-3.987911143913874639e+03 -1.219267390779706875e+04 2.765036007977922509e+03
-3.856775884087653139e+03 -1.166646237208718412e+04 3.440692995947570125e+03
-4.426126181180876301e+03 -1.116765842603634519e+04 4.035721016261001296e+03
-3.979156540587121071e+03 -1.211591810697714754e+04 2.877575708832484906e+03
4.221354395613186625e+02 -1.329086663171686087e+04 1.411728395250144104e+03
2.622441325672588391e+03 -1.192106331990100261e+04 2.813227065458706875e+03
-2.319592249685322713e+03 -1.266294546559959053e+04 2.282239164508471276e+03
-3.646406918881436923e+03 -1.103756553687493215e+04 4.125963282950105167e+03
-3.006075347301828060e+03 -1.237622772642502605e+04 2.824950829284188330e+03
-4.107903117738422225e+03 -1.128572796376756560e+04 3.921385645951554579e+03
-4.427651169517429480e+03 -1.165604795973965884e+04 3.464522649370479030e+03
-3.743339016570836520e+03 -1.143207777316351894e+04 3.866189295690689050e+03
-4.628683015626991619e+03 -1.122244433820094127e+04 3.982392927610961578e+03
-4.528093947228747311e+03 -1.113144827265913045e+04 3.937441924108894455e+03
-4.019640767439042065e+03 -1.120693071610249899e+04 3.955860756557705372e+03
-4.221090751469683710e+03 -1.122326320087578279e+04 3.806865062703805052e+03
-4.251683973345788218e+03 -1.113294553590094620e+04 4.030567644246184500e+03
-3.284516108317441194e+03 -1.203922024405005322e+04 3.175038754608599447e+03
-3.744310036813049010e+03 -1.106387200957507048e+04 4.089866587699537831e+03
-4.621567712659022618e+03 -1.119674466070511698e+04 4.015394272626333986e+03
-3.838972659360026682e+03 -1.183269963688759344e+04 3.311369264280725474e+03
-4.217971393500729391e+03 -1.129533424461736286e+04 3.902108860773108518e+03
-2.942008076117715518e+03 -1.224908423667220268e+04 2.856156995264667330e+03
-3.897753675145718717e+03 -1.244898083185723226e+04 2.456667469762051041e+03
-3.929798848385397832e+03 -1.197611412145771828e+04 3.210421072800366346e+03
-3.744550474251543164e+03 -1.117181167832883693e+04 4.157898092148280739e+03
-3.715422163167110739e+03 -1.151187310937867551e+04 3.654319449174407964e+03
-3.768045867398403061e+03 -1.117686508773827336e+04 4.114889252891794058e+03
-3.638118322126568273e+03 -1.186953983921617328e+04 3.307747690578539732e+03
-4.592692349059582739e+03 -1.142720229530329379e+04 3.709594677632890125e+03
3.032077435906029450e+02 -1.270513409183819385e+04 2.123343452129841353e+03
3.232221453391612613e+03 -1.164377360910763673e+04 3.327839332087081402e+03
-3.638114750118365464e+03 -1.105854577038722709e+04 4.120939314199134969e+03
-4.090477790600922162e+03 -1.116504203558797599e+04 3.980748367515295286e+03
-3.533544187188342676e+03 -1.287353298818782423e+04 1.961116688002004139e+03
-3.949680550411573677e+03 -1.180779174623169456e+04 3.420691964914942218e+03
-4.083459005891685138e+03 -1.183687487712550137e+04 3.288889072054716962e+03
-4.307174916010389097e+03 -1.178027489961232277e+04 3.348458061296175856e+03
-3.872194888741431896e+03 -1.135109858084500775e+04 3.849708009609840246e+03
-4.924878434194098190e+03 -9.984360409869515934e+03 5.021231639822638499e+03
-3.287940268517913864e+03 -1.094458656052374499e+04 4.092740941495613697e+03
-4.554836336971977289e+03 -1.137784042740692894e+04 3.788547751182012689e+03
-4.371896903298905272e+03 -1.118280993040465182e+04 4.094080092609972780e+03
-4.559642817334328356e+03 -1.200446705925715469e+04 3.220402661398403325e+03
-3.816687013614096486e+03 -1.189415855583082885e+04 3.142519616423793195e+03
-3.714047143214023436e+03 -1.123167524471546312e+04 3.956156674332447437e+03
-2.825084361777661798e+03 -1.124342162582972196e+04 4.266296763237770392e+03
-4.153122051975578870e+03 -1.184898366976497528e+04 3.287766398434378971e+03
-3.351278557319195897e+03 -1.072574195193885316e+04 4.285110902271827399e+03
-5.543182586937219639e+03 -1.056232479285954832e+04 4.891978238317979049e+03
-3.959928037673975723e+03 -1.215503854323722589e+04 2.867329013680158369e+03
-4.215638835493643455e+03 -1.176658129243450821e+04 3.342042455920868179e+03
-5.224876087659735276e+03 -1.062191706507783601e+04 4.655152945772579187e+03
-3.587342124659397996e+03 -1.193296137654635277e+04 3.317231642270013253e+03
-4.032145742406160025e+03 -1.120745771269078432e+04 3.990255537003407881e+03
-3.735690663419844896e+03 -1.141405600958190371e+04 3.862230835210223177e+03
-3.458785883505931452e+03 -1.111225817518018266e+04 4.137203786598238366e+03
-5.289822660116763473e+03 -9.740213844979998612e+03 5.550306036221901195e+03
-4.034723942822157369e+03 -1.154385863931974927e+04 3.601792278623905986e+03
-3.980591985656980341e+03 -1.103679965167133014e+04 3.898204147402153467e+03
-3.413078239257428322e+03 -1.102915354389920503e+04 4.199999791739412103e+03
-2.812564974787270330e+03 -1.268850117053836038e+04 2.478911496346774584e+03
-1.664967864582756192e+03 -1.314863736482135573e+04 1.891637488185935126e+03
-4.575145761402733115e+03 -1.155611825687769488e+04 3.816835389877861417e+03
-4.056694178521703179e+03 -1.136929344692993072e+04 3.825207050651028112e+03
-3.745322801868095667e+03 -1.184782320899711158e+04 3.311056463731803433e+03
-3.741522308435995456e+03 -1.187885114393370895e+04 3.284286046922110017e+03
-4.473259725747266202e+03 -9.690197741312746075e+03 5.660237592580923774e+03
-4.115480561188747743e+03 -1.157882497538864118e+04 3.628229168423362353e+03
-3.225540312439296486e+03 -1.079816426066674831e+04 4.455828222210428066e+03
-3.293802910308683749e+03 -1.076048118558399801e+04 4.542391943010919931e+03
-1.798052212836490071e+03 -1.068848255632791188e+04 4.265290221045345788e+03
-9.054407911289279127e+02 -9.832453827388457285e+03 5.417195492470566023e+03
-4.779541956434007375e+02 -5.937624291708038982e+03 9.143965557403016646e+03
-3.450720230566992541e+03 -1.134472410536878670e+04 3.857434711396569583e+03
-3.366337560120738999e+03 -1.087744536367306500e+04 4.356226540631403623e+03
-2.944273832032743940e+03 -1.086838222505928752e+04 4.325616351881648370e+03
-4.088438477526657948e+02 -9.726478974701869447e+03 5.507192911324486886e+03
-4.013165314209109511e+03 -1.165169632432364233e+04 3.790305393245163486e+03
-4.292648360422421320e+03 -1.151158410969592478e+04 3.918235015107873551e+03
-3.035918168689872800e+03 -1.070721068226851821e+04 4.503733725701592448e+03
-3.500861210299016875e+03 -1.098083252581271154e+04 4.208737299421431999e+03
-3.971059566253204594e+03 -1.156661212725757468e+04 3.789458181885508111e+03
-3.438885024673883436e+03 -1.006184831157926965e+04 4.947243019683552120e+03
-3.859653727841034652e+02 -8.898053434474639289e+03 5.954452759056470313e+03
-3.418804334190578629e+03 -1.089316342538850586e+04 4.278559840503135092e+03
-3.774488327839736030e+03 -1.162751386420081508e+04 3.874039189736764911e+03
-3.027236731905418310e+03 -1.089551056485181107e+04 4.158004294958970604e+03
-3.170996234994449878e+03 -1.066679118268360799e+04 4.678639240609306398e+03
-3.015013902397572110e+03 -1.100722720284527713e+04 4.438580184668152469e+03
-2.431004016340865292e+03 -1.063372971730871359e+04 4.601100421127865047e+03
-3.238324687389415431e+03 -1.056221204343411955e+04 4.576670898465933533e+03
-1.894403139433103206e+03 -1.113850989939266947e+04 3.781115825406719978e+03
-4.224122555827159886e+03 -1.123840985394362906e+04 4.008903726358988933e+03
-1.075742151141622571e+01 -8.582016206742173381e+03 6.253044369326073138e+03
-3.257123213844910424e+03 -1.092565569710107411e+04 4.273014059093910873e+03
-3.194366649902889549e+03 -1.027702969280279103e+04 5.089071704043293721e+03
-3.515599076616777438e+03 -1.089287311942259839e+04 4.127905626194542492e+03
-3.542588016223812701e+03 -1.112313739151764821e+04 4.156554288171293592e+03
-3.184527010344685095e+03 -1.127552994288203990e+04 3.875781510409321982e+03
-2.584191025826613441e+03 -1.049066075219910817e+04 4.616510456124085067e+03
-2.334719228372455291e+03 -1.072132098055351707e+04 4.348137920746290547e+03
-3.139043744114614583e+03 -1.031433771121056998e+04 4.937747192222576814e+03
-2.523122961222999947e+03 -1.058878728391305049e+04 4.650463202189816911e+03
2.591647679134462123e+01 -8.570723428902427258e+03 6.261581206452544393e+03
1.334011639161004155e+02 -6.354071006075280820e+03 8.763994072346458779e+03
-3.162301798928448306e+02 -9.919429552977489948e+03 4.978667042009245051e+03
-3.236670331973355133e+03 -1.112968470888297634e+04 4.077632857365601922e+03
-1.706261558868121483e+03 -1.080675164012385721e+04 4.161557660759644932e+03
-3.167241121579823357e+03 -1.065483454650786189e+04 4.594806516484242820e+03
-2.528560030045320673e+03 -1.102912834033143554e+04 4.121823203944132729e+03
-3.145250053680512337e+03 -1.058642547398442912e+04 4.664870637666336734e+03
-3.024537654782112440e+03 -1.050708547902167993e+04 4.767940470716233904e+03
-3.250734484975171199e+03 -1.049183824306445604e+04 4.620767179635030516e+03
-3.412799244126390477e+03 -1.005640218674870084e+04 4.964797866893459286e+03
-3.456891044521712502e+03 -1.098191449440087490e+04 4.013525108658601766e+03
-3.144402408560754793e+03 -1.049588860843773546e+04 4.644437002121515434e+03
-1.186902281770812351e+03 -1.053452127816607390e+04 4.406813933031298802e+03
-3.253872526749446479e+03 -1.032753771950108239e+04 4.806971136996397036e+03
-3.257520206110993058e+03 -1.038931359559796510e+04 4.791796169832517990e+03
-2.122896925198550434e+03 -1.086536965915988912e+04 4.316125641133729914e+03
-3.185858941988023616e+03 -1.093304152119002902e+04 4.273676032326682616e+03
-1.504027039340352076e+03 -1.047861431267497755e+04 4.444908174598764163e+03
-1.104576940938809003e+03 -1.101122606270308279e+04 4.090638819633586536e+03
-2.604335140137805865e+03 -1.097511734647887533e+04 4.143503711977933563e+03
-3.580341373979300442e+03 -1.124523915746757302e+04 3.948341120484946259e+03
-2.823640292259530270e+03 -1.124896452996286462e+04 3.920805517161320040e+03
-3.478507310718143344e+03 -1.092685882947489154e+04 4.234078873847851355e+03
-2.002608986838467217e+03 -1.072821394622325897e+04 4.486897368264214492e+03
-3.330351108399237546e+03 -1.026810262141855856e+04 4.855364801245847957e+03
1.041994857524837244e+03 -8.554279434387735819e+03 6.395224359504635686e+03
5.806868116917054294e+02 -6.149297962004342480e+03 8.787131973434859901e+03
-3.481862409449113329e+03 -1.138215895747731338e+04 3.802361835664878072e+03
-3.324272966797576828e+03 -1.104337327448499309e+04 4.237633488906756611e+03
-1.074418686925945622e+03 -1.060979217408000659e+04 4.526153449932246076e+03
-2.794071958906007239e+03 -1.084091466338997998e+04 4.314086556878829469e+03
-2.429329439101767548e+03 -1.097973095704763182e+04 4.159853004337093807e+03
-2.590010744648916443e+03 -1.128879754294187114e+04 3.906365211090411321e+03
-2.882712978319970716e+03 -1.079302831775737286e+04 4.381438074762430915e+03
-4.700106315317856570e+03 -1.241459189679601150e+04 3.289726228898194677e+03
-3.576654645559490746e+03 -9.901908925432242540e+03 5.048533757191165932e+03
-3.305996428251443376e+03 -1.119909247984319336e+04 3.990661633475145209e+03
-3.488869925803007391e+03 -1.115661410571530541e+04 4.090929452182811019e+03
-2.525370848114874207e+03 -1.079476235823782008e+04 4.384404321379600333e+03
-2.521126357950532565e+03 -1.069703520253531678e+04 4.519037094180176609e+03
-3.134773157608115071e+03 -1.053801636142953794e+04 4.663906247944947609e+03
-3.366857993432098283e+03 -1.102603379404025691e+04 4.191383940813151639e+03
-2.581444349815575606e+03 -1.066954273839999223e+04 4.502877102231215758e+03
-3.279926523017071759e+03 -1.034265904185734144e+04 4.743316080799519113e+03
-5.025755299498458044e+03 -1.117189525049567419e+04 4.039843620447243211e+03
-1.749559758295127722e+03 -1.054772513744888420e+04 4.557483181796585086e+03
-2.922161128523716343e+03 -1.079743893872299122e+04 4.436721005567246721e+03
-3.497699770239898044e+03 -1.110311879001321722e+04 4.131633121465440126e+03
-1.625065060098621416e+03 -1.116439757570735128e+04 4.041554655665761857e+03
-3.096281841984315179e+03 -1.100613143230101559e+04 4.192609210348116903e+03
-2.958318321078752888e+03 -1.073661312399590679e+04 4.614031260944630048e+03
-3.133017394262969447e+03 -1.113251571748671449e+04 4.066634972753131478e+03
-6.352186588444650624e+03 -1.005913473290587353e+04 5.622198631302981994e+03
-3.115180603805205919e+03 -1.033618330367962881e+04 4.872176175682683606e+03
-3.250267410971526260e+03 -1.093967133773169189e+04 4.396389250218654524e+03
-2.913992954180613197e+03 -1.095679266155558616e+04 4.238064554474580291e+03
-6.312552854139073588e+02 -1.066961644242108559e+04 4.493963780310095899e+03
-6.208455274411642222e+02 -9.472755204049310123e+03 5.612526572174118883e+03
-3.241477871534403675e+03 -1.072788603372070793e+04 4.403701319481670907e+03
-3.097771627809555866e+03 -1.114349403091179192e+04 4.033001855131574303e+03
-2.160823945395472037e+03 -1.104103735836194937e+04 4.230155615375664638e+03
-1.903603540245991553e+03 -1.062752857302672601e+04 4.355515886432099251e+03
-3.520713083180132344e+03 -1.175720569032980893e+04 3.754114220708148423e+03
-3.111223067267200804e+03 -1.036731760190024943e+04 4.836253381215613445e+03
-9.486704683639297286e+01 -4.508533461567249390e+01 -1.036079774298757729e+04
-4.115669200835053744e+03 -1.043526501205207387e+04 4.578282244834993435e+03
