-6.119783714526876111e+02 -2.122830856490237238e+03 -4.350160942752568189e+03
-8.612268253144147820e+03 -2.638143892610610308e+01 -4.358876720192191897e+03
-4.462930817757872319e+03 -3.941888708773098188e+03 -4.012102096512017397e+03
-4.413172674246271526e+03 -6.871660978933856313e+03 -3.885012813509875286e+03
-2.385440895919011837e+03 -4.254896945901959043e+03 -4.169316783300476345e+03
2.701577152739023973e+02 -1.906008133683623782e+03 -4.239543659948330060e+03
-1.464494947033038898e+03 -2.927229184060250191e+03 -4.267545833196985768e+03
-3.773653338904136490e+03 -5.542601648284484327e+03 -4.088300385327901495e+03
-5.112757845635918784e+03 -3.802841767717015955e+03 -3.681672916110526785e+03
-1.593802279738569041e+03 -5.676662714697776210e+03 -4.314145594610293301e+03
-2.072636058082829550e+03 -7.612059629862915244e+03 -4.074195832773837083e+03
-2.274657121383012054e+03 -9.966500457694779470e+03 -3.777467308045312620e+03
-6.154749873689312153e+03 -4.268958272073862645e+03 -3.812737866302752991e+03
-2.701360365695557448e+03 -4.722121105741845895e+03 -4.233451050894823311e+03
-4.227091947568307660e+03 -3.393692785470734634e+03 -3.969530874122794557e+03
-3.006217414461098087e+03 -2.080043449493739899e+03 -4.153208422679090290e+03
-5.657334335253724930e+03 -3.677197332695875048e+03 -4.005700650497307379e+03
-3.280469704385906880e+03 -3.615988462541597983e+03 -3.987455732872122553e+03
6.866542333452025559e+02 -9.529886846207937197e+02 -4.158554981291406875e+03
-2.948132090415798302e+03 -8.149879814019854166e+03 -4.043661956054547773e+03
-4.355698501018372554e+03 -2.433166615068976625e+03 -3.899318061563393712e+03
-3.618089226247966053e+03 -2.431966575706522690e+03 -3.928198092337879643e+03
-4.379210781433603188e+03 -7.597576240895494266e+03 -2.860725530079838791e+03
-3.950469941876650864e+03 -8.070530206341350095e+02 -4.027884851214617811e+03
-1.840353750998205669e+03 -1.686688569677121905e+03 -4.448586473959323484e+03
-3.390204075000971443e+03 -2.968436828613222588e+03 -4.141924999515378659e+03
-4.518853180232158593e+02 -4.097146312313600447e+01 -4.189814983271184246e+03
-1.589800979905792883e+04 -2.336748549051372720e+03 -4.267754751413652230e+03
-3.398441968067021662e+03 -3.108050146263142324e+03 -4.110348403783847061e+03
-3.572660857806439253e+03 -2.490279435525865210e+03 -4.170643750901874228e+03
-1.199131928709131216e+03 1.289414431255065665e+02 -4.326345004042209439e+03
-3.786185857978470722e+03 -2.594060347535666551e+03 -4.140564890077444943e+03
-3.148570426441430754e+03 -2.317587147162379551e+03 -3.900121108761933556e+03
-3.821999401131896320e+03 -6.978723572104129744e+03 -4.264740578280208865e+03
-1.373506467449521324e+03 -2.785203007869224621e+03 -3.857301356477498757e+03
-9.068755269757162750e+03 1.297283242891032842e+03 -4.643554680337948412e+03
-4.384170652582011826e+03 -1.236295413895625188e+03 -3.852412982159619332e+03
-3.386867351761507507e+03 -4.330848563530922547e+03 -4.130557139580194416e+03
-2.268661333901150101e+03 -7.442784297987693662e+02 -4.471250468612498480e+03
-5.884834842542956721e+03 -3.870183261241007131e+03 -3.860709556396459448e+03
-1.973246162415865001e+03 -1.770652990608940854e+03 -4.238465421010574573e+03
-2.712213593482194938e+03 -2.977725242300162790e+03 -4.100374125840984561e+03
-3.102593015219076278e+03 -3.425058798824434689e+03 -4.109408757142393370e+03
-5.776452195213390951e+03 -3.118442410518466659e+03 -3.915770500707430983e+03
-2.347509510353586847e+03 -5.118979647482477958e+03 -4.220788848772537676e+03
-2.238588183039964406e+03 -2.595171641362136597e+03 -4.215281784591326868e+03
-5.455889600433804844e+03 -5.188797669163108367e+03 -3.610087038308724459e+03
-1.870824445911380053e+03 -1.820065971401595107e+03 -3.996793715708549826e+03
-6.362068357294498128e+03 -4.511365557915097270e+03 -3.810562548991701078e+03
-4.227315672440046910e+03 -3.987871049967959152e+03 -3.937018308641027033e+03
-2.330309264156348036e+03 -3.844845312032365200e+03 -4.161157902536295296e+03
-6.628192376386589785e+03 -5.008281890138591734e+03 -3.565274302606897436e+03
-3.412085539088183396e+03 -1.936917776351533803e+03 -4.070910866430269834e+03
-4.556319728510796267e+03 -4.610826668156268170e+03 -4.394315627143845632e+03
-5.035545925956521387e+03 -3.321597582736475943e+03 -4.098911191085211613e+03
-4.760925323303205005e+03 -3.817284410168502291e+03 -3.919639462461546373e+03
-1.911482428656983757e+03 -4.051904577872331629e+03 -4.247669852744537820e+03
-3.889189096134425654e+03 -2.418595421729739428e+03 -4.155843377172059263e+03
-4.244945079555448501e+03 -3.550915998988801221e+03 -3.882930944433148397e+03
-2.811278065445285847e+03 -5.386762545357216368e+03 -4.106934946088455035e+03
-2.715927887989395913e+03 -5.326376500214978478e+03 -3.827873991557669797e+03
-4.108417455105073714e+03 -2.703461707980234678e+03 -3.975724314033253449e+03
-2.241308603339475667e+03 -4.266463951462004843e+03 -4.128155196317426089e+03
-7.822707163824601594e+03 -7.424017122248123087e+03 -3.559902403493611928e+03
-4.678253805525346252e+03 -6.978111685999287147e+03 -3.897884144514796844e+03
2.808981429976839195e+02 -1.541753853907978055e+03 -4.241772990608066721e+03
-3.804475268259664517e+03 -4.921640429136379680e+03 -4.038102841837117012e+03
-1.754439025293927898e+03 -2.962544647424212599e+03 -4.267830621741615687e+03
-1.518131535452152093e+03 -4.697718660476442892e+03 -4.418452089349309972e+03
-6.310024897588430576e+03 -3.414953113657580616e+03 -3.886039509280533821e+03
-4.957747386054821845e+02 -7.247311703956397650e+02 -4.602908164636047331e+03
-4.644441087943409912e+03 -1.012555533269499620e+03 -4.111271482451596967e+03
-6.651839763630426205e+03 -3.380137885326786090e+03 -3.979550601459755853e+03
-2.310975913126271735e+03 -3.299063682246046938e+03 -4.250506192996721438e+03
-5.440928631297886113e+02 -8.931679548642978261e+02 -4.101180046892026439e+03
-2.638832434128832574e+03 -5.369161524580786136e+03 -4.126147040491417101e+03
-3.857938089461164054e+03 -4.382403098441694965e+03 -4.090543396305114584e+03
-1.972828377408502092e+03 -2.624991945570983262e+03 -4.154076666383436532e+03
-5.823061616332251106e+03 -2.573826262573812073e+03 -3.781467889193896099e+03
-1.490939926540808301e+03 -5.343576269537210464e+03 -4.084739866527908362e+03
-3.485058318105646777e+03 -4.837289738993032188e+03 -4.147131461351784310e+03
-5.497061072662568222e+03 -3.290575282674171831e+03 -3.944950749577385977e+03
-2.917998626788080401e+03 -1.347706334873495052e+03 -4.024306003951228377e+03
-3.362658720741270827e+03 -1.117690199049814146e+04 -2.650761771033140576e+03
-8.384553807168180128e+02 -1.801815674234019525e+03 -4.446641689317847522e+03
-3.484925054322589403e+03 -4.163583751171263430e+03 -3.993329742512650682e+03
1.385198130182747263e+03 5.812750969484077359e+02 -4.508164999129174248e+03
-1.968827145757956032e+03 -1.226631410273083702e+03 -4.147782786180469884e+03
-9.284915987859342295e+02 -5.116378332107809001e+03 -4.172399183411705053e+03
-2.464658398568245502e+03 -4.389815000460875126e+03 -4.042568659402765661e+03
-1.835644242457194196e+03 -2.750725911662038470e+03 -4.043188010987938924e+03
-7.461332424734271626e+03 -5.683421402991719333e+03 -3.627867821515164906e+03
-2.278624093273673225e+03 -2.516257835377685751e+03 -4.204067957493952235e+03
3.775588988592816122e+02 -4.932004718175994640e+03 -4.440400261863947890e+03
-4.190921478523221595e+03 -5.381204040214999623e+03 -3.614093867383413908e+03
-4.789142011651366374e+03 -1.994779763660965500e+03 -4.050729435269368878e+03
-4.173892165043659588e+03 -1.737398831556875848e+03 -4.106419468493038039e+03
-3.555185827862230781e+03 -3.952527679530543992e+03 -4.018015980871575266e+03
-4.774236043616351708e+03 -3.354910367471050904e+03 -3.887137791624220426e+03
-2.051356345054475241e+03 -4.081290433943121570e+03 -4.150751354863500637e+03
-2.684581836165234563e+03 -4.338502209065458374e+03 -4.065916177380544923e+03
5.710739317927381080e+02 7.159451583437360114e+02 -4.538697892563307505e+03
-2.640902999609181734e+03 -4.299089675461065781e+03 -4.085051549001152125e+03
-4.973196798468920861e+03 -4.295253035292709683e+03 -2.887019596161898335e+03
-3.995277576133843468e+03 -2.628279795611111695e+03 -3.893189074921628162e+03
2.600320248292180167e+02 -9.112987230291377273e+03 -4.401310816587999398e+03
-1.651288240285688516e+03 -3.273186850963500547e+03 -4.296279330560276321e+03
-3.994684749856548024e+03 -2.898602266445584064e+03 -4.000767066796099243e+03
-3.535060178753420587e+03 -4.807626263395485694e+03 -3.970582346499035793e+03
-3.202347705712571951e+03 -8.026103910726646973e+02 -3.932108278941364006e+03
1.150436297239890564e+02 -1.555217857916226239e+04 -2.640616784936410113e+03
-3.015592653319665260e+03 -8.394636940469941692e+03 -3.756316868498262920e+03
-2.146263683597216186e+03 -3.685424276348257990e+03 -4.113819323233437899e+03
-1.334854227669586635e+03 -3.531903765050246420e+03 -4.188591113912414585e+03
-3.395300054958264354e+03 -2.567993597212324858e+03 -4.014988447345880104e+03
-5.844761399818153222e+03 -3.773427005964585078e+03 -3.711040157060932415e+03
-4.200961454700403010e+03 -3.388315710429766114e+03 -3.821099109807166769e+03
-2.732476334029006011e+03 -3.697046843634182096e+03 -4.051616727391705808e+03
-6.747787175581010160e+03 -1.535616505119644216e+03 -3.839329968025889684e+03
9.105374668998613288e+02 -2.595754705114269655e+03 -4.182908097119271588e+03
-2.962016941164068157e+03 -4.927305613700808863e+03 -4.249528737481121425e+03
-3.594522199657423698e+03 -2.681982586455879755e+03 -4.089571743158022855e+03
-2.627478441306498553e+03 -5.459884974897658140e+03 -4.016769545945935533e+03
-3.521684869639261251e+03 -2.431623922615606261e+03 -4.135419101431773925e+03
-6.435927173259985466e+03 -3.283146880573303861e+03 -3.864089435662003780e+03
-2.584922731493146330e+03 -3.421598662757371130e+03 -4.250486378901092394e+03
-3.085600809989218305e+03 -3.947615821346855682e+03 -4.095587089216478489e+03
-1.263171913909679915e+03 -3.865708645474037439e+03 -4.263740984054416003e+03
-2.534863197663138635e+03 -1.393048450987766500e+03 -4.094660593398369201e+03
-2.687842217949101723e+03 -3.691296604485680746e+03 -4.074202781689254152e+03
-3.669568466576701212e+03 -2.899666236400437811e+03 -4.077050602073148184e+03
-3.339337554708925381e+03 -4.234418833208674187e+03 -4.125330137662852394e+03
-2.928240312263308169e+02 -5.373691838574628491e+03 -4.220728568880324019e+03
-3.932749838464877030e+03 -3.210019408114359067e+03 -4.088981076087193742e+03
-1.770060974745169005e+03 -4.448873200125094627e+03 -4.221687762887198915e+03
-6.490606596168506258e+03 -1.556973223021158265e+04 -1.662539489781569046e+03
-1.608671186845621605e+03 -2.672563715145984588e+03 -4.236962376436660634e+03
-4.077109629260200109e+03 -2.612082565870587132e+03 -3.956422955708676000e+03
-2.942959881251798379e+03 -3.516336268717222083e+03 -4.213206709989269257e+03
-2.510467949582836809e+03 -4.253065522575737305e+03 -4.318765837187815123e+03
-3.836937370582572839e+03 1.558391529159467382e+03 -4.280569723409540529e+03
-3.835797795848979604e+03 -5.176420257774410857e+03 -4.188932535489825568e+03
-3.025991444981752466e+03 -4.144324511634584269e+03 -4.263393488312199224e+03
-2.415134392422602104e+03 -3.736318090599859715e+03 -4.095425091196806989e+03
-3.411522048504449231e+03 -2.856391005118967769e+03 -4.115304675776241311e+03
-4.467738720687735622e+03 -2.812835419262636606e+03 -4.086815915080292143e+03
-1.722527994392028177e+03 -3.904082964339445425e+03 -4.128941156387015326e+03
-3.751193442052365754e+03 -2.523382317566069560e+03 -4.017377799229282573e+03
-4.466205931328589941e+03 -3.336009171709345537e+03 -3.959810897080763880e+03
-4.285725767097914286e+03 -3.180977174236475093e+03 -3.878949258578354602e+03
-3.573206283232861097e+03 -2.557960228566674687e+03 -3.974435793453064434e+03
-3.631981125148523461e+03 -4.202131764788241526e+03 -4.151282860388503650e+03
-2.183859520894590787e+03 -1.857537043892110432e+03 -4.185895016951213620e+03
4.893508303198716021e+03 1.309046673683166046e+04 -6.587831660216834280e+03
-2.561253946622551666e+03 -3.668809605651255879e+03 -4.189706379999102865e+03
-4.032862530033042276e+03 -2.896916122561601696e+03 -3.996818931340055315e+03
-4.400739842952138133e+03 -5.109943835860709441e+03 -4.018160585255968726e+03
-2.813997832829626986e+03 -3.860142532870831474e+03 -4.011118544429821668e+03
-4.295774291947867823e+03 -3.241077713896997921e+03 -3.968834073389975856e+03
-3.109319961637489541e+03 -3.567583090121788246e+03 -4.116421936840971284e+03
-2.294420520586904331e+03 -3.689763709276920963e+03 -4.097502806670272548e+03
-4.031169132665791494e+03 -2.774267229966251307e+03 -3.929720669126848406e+03
-2.046707162686394895e+03 -4.530920493238584640e+03 -4.138392569293258020e+03
-2.237953795533829179e+03 -2.290276683294693157e+03 -4.120101093785213379e+03
-2.978565859735524555e+03 -3.318709809613014386e+03 -4.162272071950733334e+03
-4.799271017867685259e+03 -2.198308040704976520e+03 -4.028029684958703001e+03
1.407935657449358132e+03 -1.211549808471267716e+04 -2.683697213610266772e+03
-2.463708628719095032e+03 -3.407830190215942821e+03 -4.333180139146803413e+03
1.687562097496548290e+02 -3.681067663847431959e+03 -4.614039786424894373e+03
-1.689023781014808492e+03 -4.283523595672538249e+03 -4.255975220801065007e+03
4.550474652375600272e+03 2.453875863850116275e+03 -5.176557826636166283e+03
-3.481586838180654468e+03 -2.686676202402150921e+03 -3.860638817301553445e+03
-3.817978465815886011e+03 -3.809921916445760417e+03 -4.038674088156159087e+03
2.768166967053692133e+03 -1.050337411449109823e+04 -3.653773211911035105e+03
8.009808725477633743e+03 8.727487188580662405e+03 -5.214283948662800867e+03
-5.185587500536967127e+03 -8.710452141866365992e+02 -4.050279645351642557e+03
-3.200014778208603275e+03 -8.621743415121791259e+03 -4.354608810825208820e+03
-4.190659446060559276e+03 -3.833692027156535005e+03 -3.975031730706092276e+03
-3.839040561947422248e+03 -2.907799165295353760e+03 -3.982461299045234682e+03
-3.185347162636678604e+03 -3.419749615557384004e+03 -4.016029624389372657e+03
-3.132015244196722051e+03 -2.776532274334869726e+03 -4.134649434733217277e+03
-2.813164457846265577e+03 -4.040175947446655755e+03 -4.222619404586086603e+03
-2.895905803414315415e+03 -4.462433175440191917e+03 -4.192936168060521595e+03
-2.579914449992180380e+03 -2.605309020831891758e+02 -4.122854648937510319e+03
4.614321953436171952e+01 -3.178171236534289619e+03 -4.510367921515524358e+03
-4.608862071442592423e+03 -2.410453871457273181e+03 -3.925826993694049179e+03
-1.047493065730769558e+03 -7.859719203140038189e+03 -3.891352442579176568e+03
-3.747831078596158022e+03 -2.120444955840909643e+03 -4.114963648180323617e+03
-5.360129089300937267e+03 -2.386958617915982472e+02 -3.945782063253926481e+03
-2.597707028322692167e+03 -3.819059652288982306e+03 -4.011681721186421328e+03
-3.470752654755344338e+03 -2.350229274826523124e+03 -4.048511804427729658e+03
-1.761116196165654401e+03 -7.022707815148373811e+02 -4.286250022978671950e+03
-3.532554344701753962e+03 -2.361342540831556562e+03 -4.017764358475665631e+03
-3.972744229872918822e+03 -3.865512150037554875e+03 -4.039184868475373150e+03
1.128305779580721264e+03 -3.627452808099506001e+03 -4.518004611130717421e+03
-5.100808491920733104e+03 -4.009644809034236914e+03 -3.914307926395453705e+03
-3.649453307360699455e+03 -2.748525677221267870e+03 -4.087959175357005734e+03
-2.674984768850173168e+03 -3.541371601317919612e+03 -4.290114592609516876e+03
-2.067750549992506876e+03 6.502646701674319729e+02 -4.014720054633281961e+03
-1.337463890830135142e+03 -4.588519434672540228e+03 -4.196445885680724132e+03
-4.629050189473919090e+03 -2.958113121772585600e+03 -3.996683075398165784e+03
4.604656004917645987e+03 -5.164204772085317018e+03 -5.138962882207887560e+03
-6.601220588158779492e+02 -5.165255836591793013e+03 -4.014092850713075222e+03
-3.902637489673577420e+03 -3.924024712399762848e+03 -4.029900221889649856e+03
-4.424408332902102302e+03 -2.742609718862170212e+03 -3.855987711668875818e+03
-4.371255156263692697e+03 -2.772486651765967508e+03 -4.007886316602182887e+03
-1.953101630022468271e+03 -3.670108985107711305e+03 -4.138595232081943323e+03
-5.842263782701725177e+03 -4.130211322329554605e+03 -4.017660439158245936e+03
-3.065106000594803845e+03 5.634494583254851932e+03 -4.879663595870851168e+03
-5.162511285997667983e+03 -1.878703768492109020e+03 -3.884712232071934523e+03
4.550272658606379991e+03 -3.783109599871367209e+03 -5.405288981392537607e+03
-5.577437251923998929e+02 1.113490060405632903e+03 -4.668495303571084150e+03
-3.485741545402842803e+03 -2.817142781576760171e+03 -3.916014087839893818e+03
-2.979620342017585244e+03 -3.254583858373657677e+03 -4.059948141096730524e+03
-3.522332585495502826e+03 -2.665564157442561736e+03 -4.110454184600226654e+03
-3.104610925290686737e+03 2.916242932568713968e+02 -4.221267229619283171e+03
-4.331995381079645085e+03 -2.670784090727419880e+03 -4.004333894817946657e+03
-4.445014364293896506e+03 -3.346351008756380907e+03 -3.967374642865612259e+03
-5.070170905380689874e+03 -9.407246716703932179e+03 -3.773929039303893660e+03
-1.475503701113687384e+03 -1.444579987840754484e+03 -4.388395934549227604e+03
-4.267712726844031749e+03 -8.209140041854346919e+02 -4.250825819388369382e+03
-2.146717710282930057e+03 -3.030590891238286986e+03 -4.206659932214001856e+03
-4.626670336904446231e+03 -8.160096136255836427e+03 -3.847866554465946137e+03
-1.446411132001327132e+03 -4.433903529109058582e+03 -4.334165336354712053e+03
-4.773727314690507228e+03 -5.919536298775757132e+03 -3.717124143121953239e+03
-3.712588538817805784e+03 -2.093801576143873717e+03 -3.924551439011807361e+03
-5.345314813919722837e+03 -4.570642009746428812e+03 -3.735086381578080363e+03
-5.781893396531340841e+03 -4.205063128652464002e+03 -4.035456737970408994e+03
-3.964577161360274204e+03 -3.262335240292499293e+03 -3.990201600293040883e+03
-2.400922438930576845e+03 -2.432756477784254912e+03 -4.190797375100423778e+03
-3.664505039917494742e+03 -5.105499112680172402e+03 -4.016504657451178900e+03
-4.368598139259575873e+03 -2.610680256656265101e+03 -4.072838460113853671e+03
-5.652437918364781581e+03 2.252232445061614271e+03 -4.737985743070331409e+03
-3.371006298157565197e+03 -3.661008868963965142e+03 -4.006119129713777966e+03
-4.845848488183796690e+03 -3.319000557837608540e+03 -3.940831657889105372e+03
-6.711001242433260813e+03 -5.999606667747022584e+03 -3.860118860589975156e+03
-3.288723999336286852e+03 -3.493796925041802979e+02 -4.130730081449329191e+03
-2.832095705504872058e+03 -3.417406548574937460e+03 -4.120811248582377630e+03
-2.119697934633669320e+03 -2.497290205674031768e+03 -4.182531525574167972e+03
-3.647050249006463673e+03 -2.815228596911916156e+03 -4.199401973937860930e+03
-1.743419331118753917e+03 -5.037083885876246313e+03 -4.217626411043740518e+03
-4.611627255899547890e+03 -3.130926849056139872e+03 -4.001469890780694641e+03
-3.908143379469369847e+03 -3.501754302400265715e+03 -4.114717314353657457e+03
-4.023799148005346069e+03 -2.459939492021986098e+03 -4.115437891867136386e+03
-4.433046057124563958e+03 -3.281511073124084760e+03 -4.173441153176595435e+03
-2.851683699646856439e+03 -3.710568496262798362e+03 -4.122733941737349596e+03
-5.251544991930219112e+03 9.613239093171273453e+01 -3.781957690589318645e+03
-3.172500937197296025e+03 -3.272226254032714678e+03 -4.160919420909232031e+03
-1.587824345162333884e+03 -4.337236701770478248e+03 -4.066310400923844099e+03
-2.633496048361877001e+03 -4.685946833464761767e+03 -4.086819906045856442e+03
-4.480091405493997627e+03 -2.749585317284351731e+03 -3.833548175694730162e+03
-3.399154880833545576e+03 -4.486369729349826230e+03 -4.004318086201827100e+03
-3.849433522539422484e+03 -3.192772548374442067e+03 -4.191153968256929147e+03
-2.807550458387123399e+03 -1.637429340733119261e+03 -4.187168967273849375e+03
-3.337271442906105221e+03 -4.248459027286752644e+03 -4.120526865007461311e+03
-6.198940759977101152e+03 -5.122374985849608493e+03 -3.871729510203110294e+03
-2.521541183829323927e+03 -4.105313625312712247e+03 -4.068222740577330569e+03
-4.049262447159272597e+03 -2.768883977620592759e+03 -3.951321510084011607e+03
-1.776940722759780328e+03 -3.164461214102295344e+03 -4.106867026078784875e+03
-3.846138762720731847e+03 -4.073592249223015187e+03 -4.076180968761124859e+03
-2.480413623752183412e+03 -4.704098525146269822e+03 -3.974428455054876395e+03
-3.887521334281075724e+03 -3.259385120269855179e+03 -4.039280026741888378e+03
-2.869222510378763673e+03 -4.145639821423666035e+03 -4.119857026332156238e+03
-3.935721768145379428e+03 -2.389674672352494326e+03 -3.846363572314142402e+03
-2.997524618978615308e+03 -3.171939371913930700e+03 -3.986621983535522304e+03
-1.429161970723188915e+03 -7.177857761687935181e+02 -4.284891653575768942e+03
-4.965046746746941608e+03 -5.131898433777093942e+02 -3.926100107730738728e+03
-3.474093780542844797e+03 -3.704067009604190844e+03 -4.045239832973934426e+03
-3.859950269989171829e+03 -3.566159124405733564e+03 -3.878909026026203264e+03
-1.997809838049859081e+03 -4.395504212459437440e+03 -4.071290122616078861e+03
5.661338226493494403e+03 -5.705656998441359974e+03 -5.749663091167536550e+03
-3.639735969193971869e+03 -3.870449188841726937e+03 -4.157023574128778819e+03
-3.690538495673925354e+03 -2.585143366092306223e+03 -4.031160736509197704e+03
-4.752555450139332606e+03 -1.977207215221886145e+03 -3.970792353431939318e+03
-2.072729334201031634e+03 -5.245689437148450907e+02 -4.410447974852207153e+03
-2.928121901111284842e+03 -2.030141879865737792e+03 -4.031049283553688838e+03
-7.846330726616179163e+02 -1.758427909921496394e+03 -4.187655610576046456e+03
-3.317555153472244456e+03 -3.254057274503850749e+03 -3.896913473196952054e+03
4.093088215043787204e+04 5.940114909326328052e+04 -8.033357085720930627e+03
-2.492269374076350687e+03 -3.322424426989000949e+03 -4.215851097782169745e+03
-4.146575681898110815e+03 -3.061988954787984312e+03 -4.171721968913258024e+03
-2.443767249715631806e+03 -3.718165326105650820e+03 -4.095957988702266903e+03
-1.452481102948788930e+03 -4.256803370007253761e+03 -4.238828245874672575e+03
-2.310690360593254354e+03 -7.636774326257165740e+03 -4.185937818784254887e+03
-4.120189120998559702e+03 -2.858963069951521902e+03 -4.033406423283969616e+03
-4.344284879513653323e+03 -2.722980413084627799e+03 -4.036643899480478467e+03
-3.693777248198171037e+03 -4.492012426762958967e+03 -4.040415572148779574e+03
-1.910887493068305503e+03 -4.565672162472788841e+03 -4.200547301831062214e+03
-2.962600119581719810e+03 -3.367200098084806996e+03 -4.259532689319909878e+03
-4.330997665032713485e+03 -3.331025843889609405e+03 -4.045642355343091367e+03
-2.496596840976656495e+03 -1.135577723904165168e+03 -4.149685547634163413e+03
-4.000731974927231931e+03 -2.352602457364553175e+03 -4.068290342103670810e+03
-1.686431812216159415e+03 -1.898303119524804288e+03 -4.199035956211944722e+03
-2.201914532526686344e+03 -3.561563451561024976e+03 -4.168580271870954675e+03
-2.747002965103385577e+03 -3.489646064427322017e+03 -4.084726235497655580e+03
-5.120067202119919784e+03 -2.864327561940089709e+03 -3.968232033054572184e+03
-3.391656200971948692e+03 -2.735604371905662447e+03 -3.914015887532279066e+03
-4.930247109984395138e+03 -1.358292060878147140e+03 -4.048095585244232097e+03
-2.633988822505371900e+03 -6.446418920347348831e+03 -4.083596952524570042e+03
-3.878895834115502566e+03 -3.049308425251924291e+03 -4.079705322474395871e+03
-4.232157997815346789e+03 -2.690849875627798156e+03 -4.115773910317700029e+03
-7.592285725942708268e+03 -3.066771392064356405e+03 -3.333185901899881628e+03
-4.653006905194316460e+03 -3.058982557928736242e+03 -3.957422000799708258e+03
1.878117293525910100e+03 -8.662026562402506897e+02 -5.369048799738035086e+03
-3.510336504575890103e+03 -3.120759155505899798e+03 -4.048249673659914606e+03
-6.626751261099126168e+03 -3.261089537256523272e+02 -4.332463366971411233e+03
-4.333310996205209449e+03 -2.930694173385720205e+03 -3.981961988605405622e+03
-2.371163675523251186e+03 -3.696408562732121936e+03 -4.116333749342242299e+03
-1.121054094610934044e+03 -7.248610362935450212e+03 -3.964673025913541551e+03
-3.357939850964051402e+03 -3.070112934504853456e+03 -4.248426526426838791e+03
-5.603862135511592896e+03 1.029759639710916872e+03 -4.153095309522353091e+03
-6.709419531573659697e+03 -2.009601437288053830e+03 -2.866618186242282718e+03
-1.228362299878386693e+03 -3.558125912216658890e+03 -4.220342889938449844e+03
-4.728777075778499238e+03 -3.106242252063484102e+03 -3.944970403647190778e+03
-1.944551894224431408e+03 -1.565812779264577330e+03 -4.136494015843862144e+03
-4.471940114245802761e+03 -2.871597154533868888e+03 -3.946980963040069128e+03
-3.477295887580074123e+03 -2.716210652079438205e+03 -4.124949553441034368e+03
-4.181006662957038316e+03 -2.398048737668191734e+03 -3.746651689747560340e+03
-3.841584490811241267e+03 -1.441728006489689960e+03 -4.044096641910936796e+03
6.308978717461573069e+03 6.283485302316616981e+03 -6.452643847545036806e+03
-3.642289093690347727e+03 -2.794728117728997404e+03 -3.891694037642473177e+03
-5.568739630305497485e+03 -3.472301813667955230e+03 -3.784876902643711674e+03
3.613833254903428838e+01 -5.910486953316614745e+03 -3.803401385174810002e+03
-4.512594006128465480e+03 -2.676849979088715372e+03 -3.834881283678746513e+03
-5.642488581400607472e+03 -6.957658597605106479e+03 -3.756984551828932126e+03
-2.692786896880662425e+03 -3.832198196994148930e+03 -4.243654347894411330e+03
8.770286667015479907e+02 -7.087181168956406509e+03 -4.425592668011846399e+03
-1.294757639108427793e+04 -1.866989799825206137e+04 -2.211142090092224862e+03
-6.123993471729691009e+03 -5.998752659654879608e+03 -3.864720442885547982e+03
-2.423511832206295367e+03 -4.244316292162310674e+03 -4.072880759076653248e+03
-2.353869860747821804e+03 -3.705332528751531299e+03 -4.224609916527411769e+03
-9.944185865812812608e+01 -2.490086745563458408e+03 -4.517187972658254694e+03
-3.704740959727732843e+03 -2.963506801021520459e+03 -4.211754391422483423e+03
1.667824946922671927e+02 -4.141036701223994896e+03 -4.560551636930322275e+03
-3.708482694330334198e+03 -3.170584017426096580e+03 -4.021119690003674805e+03
-5.799234660282035293e+03 -3.068327218994678788e+03 -3.512239224039084093e+03
-2.167014246960592573e+03 -6.744744449018139676e+03 -3.790296044449161855e+03
-1.998525737706702330e+03 -3.312341471076363177e+03 -4.179344887433871008e+03
-2.597803866173151619e+03 9.651124870127841859e+02 -4.085129822948852961e+03
-4.289701294509710351e+03 -3.798175474534945806e+03 -3.978291168866366206e+03
-3.188991747696900802e+03 -4.226496996459912225e+03 -4.058601442133494402e+03
-4.486165247253640700e+03 -3.204964434062221699e+03 -3.990038029497097341e+03
-4.042023970957564870e+03 -4.554290636747864482e+03 -4.030034215932290863e+03
-2.131456880528297916e+03 -4.005105505035843180e+03 -4.121604651991203355e+03
-2.909206790896791517e+03 -2.786971459138028877e+03 -4.197851176143632983e+03
-8.325583554579511656e+02 -3.050011499040708259e+03 -4.293644889057979526e+03
6.240140302052869629e+03 4.631325072105129038e+03 -6.606245193494244631e+03
-3.165694332398896222e+03 -2.190477483158950236e+03 -4.150238601213893162e+03
-3.327105683788206989e+03 -3.039246898832693660e+03 -4.097909655255483813e+03
-4.329303227154176966e+03 -2.683516366689358620e+03 -4.036586523276508160e+03
-5.333256885534383400e+03 -6.434933498860644249e+03 -4.026829604688746258e+03
-3.364350270278644530e+03 -2.877457555344345110e+03 -4.225511979202416114e+03
-9.686510023741520854e+02 -5.204296562835689656e+03 -4.209461236929097140e+03
-3.804006352679628890e+03 -4.018426086147017486e+03 -4.217327652097185819e+03
-4.783774667632676028e+03 -3.181007260734326337e+03 -3.988658671279707050e+03
-5.724849868772965237e+03 -3.763618687486678937e+03 -3.793188562589107732e+03
-2.773973949786898174e+03 -3.048009833163231178e+03 -4.141672877659014375e+03
-2.272188945188172966e+03 -2.267405015783994259e+03 -4.098074397872651389e+03
-4.490002890829103308e+03 -2.676888615119885799e+03 -3.849386421489492022e+03
-5.135660956461723799e+03 -2.387138972396008739e+03 -3.967962227390807129e+03
-2.895436936601419802e+03 -2.731897412127283133e+03 -4.114486645910729749e+03
-1.664076982532948932e+03 -2.082246894536114269e+03 -4.141955987845472009e+03
-2.754597762111397969e+03 -4.129667557341170323e+03 -4.079393382074827969e+03
-3.686690969257484085e+03 -3.129501729417029310e+03 -4.083214226253826382e+03
-9.461130491712525327e+03 9.290355235139663819e+02 -3.705287933767042887e+03
-7.908673609781851155e+03 2.936089743487432770e+03 -4.603173457063044225e+03
-3.244189845209406485e+03 -5.890559037345889010e+03 -4.086456869040728634e+03
-5.663405912647018340e+03 -6.688095780106838902e+03 -3.840419222976192486e+03
-4.036672002537031858e+03 -3.048778603696060600e+03 -4.084871628032047283e+03
-4.060674164634674980e+03 -2.970934540781888700e+03 -3.932840604261339649e+03
-7.602277189662337150e+03 3.240407821999155658e+03 -3.999383718260848127e+03
-4.270213661071677961e+03 -2.461971029875711793e+03 -4.585382643982207810e+03
-4.116284989642297660e+03 -3.040491363944556269e+03 -4.084963779251918368e+03
-3.719417504203845965e+03 -4.084742534846325270e+03 -4.056991034519251571e+03
-5.116148950699408488e+03 -3.303429724687462112e+03 -3.957971826295820392e+03
-3.327966719598968666e+03 -4.425510012555433605e+03 -4.072248617641984765e+03
-1.229514951942116022e+04 -6.639455270562991245e+03 -3.456085052007106697e+03
-4.358105855082537346e+03 -2.890169218218579317e+03 -3.984582749379398592e+03
-4.064163028692654279e+03 -2.908983541296018302e+03 -3.993742355175634657e+03
-2.381346154229922831e+03 -3.654858017578389081e+03 -4.181179488471072546e+03
-3.509060180170975855e+03 -2.824320311098568936e+01 -4.006740828332377532e+03
-3.098829159918769165e+03 -2.893534431138506079e+03 -4.067962112086057004e+03
-4.833660227138754635e+03 -3.228033489742134861e+03 -3.950753254981051214e+03
-9.188780440180476944e+03 -3.835107582049750476e+02 -3.365811302141728447e+03
-2.720837038723182559e+03 -2.925775707552562835e+03 -4.047051037288207681e+03
-3.823580825642525724e+03 -2.374048179292127315e+03 -4.062395291596127663e+03
-1.678758066878905538e+03 -3.918009151227485745e+03 -4.209797083028683119e+03
-3.519911676776161130e+03 -4.307650021519299116e+03 -4.072527005208864011e+03
-2.941510933549725451e+03 -2.932704361926553702e+03 -4.130457415097406738e+03
-5.201951732558294680e+03 -3.144064710373102116e+03 -3.863176944279473901e+03
-2.871576531972641988e+03 -3.625916900520520585e+02 -4.184524807366459754e+03
-4.211973292772952846e+03 -2.376478182157820811e+03 -3.934798408054557513e+03
-1.222067020867718838e+03 -2.286074520482315620e+03 -4.190903276384372475e+03
-3.269984668476311526e+03 -3.400477502026161801e+03 -4.256203140664671992e+03
-9.212685576235710414e+02 -4.187157035632340921e+03 -4.110652726885979064e+03
-2.209512911481034280e+03 -2.892698512392476914e+03 -4.153835487015277067e+03
-7.253517097833039770e+03 -8.075771349457905671e+03 -3.489734076616534367e+03
-5.313548727069917732e+03 -3.404701273604492599e+03 -3.894143083562880292e+03
-5.432934513859726394e+03 -6.816245103056507105e+03 -3.785445836612212588e+03
-5.206750503273186951e+03 -5.810161455393778851e+03 -3.904859890375872965e+03
-2.939252316335644082e+03 -2.382127892053814321e+03 -3.989955891849635009e+03
-1.552750303974176177e+03 -1.261223153821049209e+03 -4.254190544899927772e+03
-6.558852074710507623e+03 -6.932529899901395765e+03 -3.721199680624534722e+03
-5.992121138119973693e+02 -1.037233600457464036e+03 -4.185642344105959637e+03
-5.522157171385772472e+02 -4.719619215651955528e+03 -4.268694121568101764e+03
-3.261508850244377754e+03 -2.333327346509196104e+03 -4.019876022672250201e+03
-3.982253784610978983e+03 -2.763304242584392341e+03 -4.065496286965235868e+03
-2.115946503416151245e+03 -4.516257476097477593e+03 -4.216906547019090794e+03
-1.019559490789795177e+03 -2.288411620056962875e+03 -4.795782765528965683e+03
-3.137108546118581671e+03 -3.065996340986459018e+03 -4.080967249973007711e+03
-3.642107918467900163e+03 4.788487264207659791e+03 -4.908610331193613092e+03
-1.300149442387307499e+04 -3.243940415061061685e+03 -3.477699716998030908e+03
-2.926463545305861317e+03 -2.390390806042559689e+03 -4.007179514065720014e+03
-6.942676833083704878e+03 -5.315869012513707276e+03 -3.637631911983826740e+03
-2.086968408092420304e+03 -5.996787234521686514e+03 -3.742623943392395631e+03
-4.636605908189567344e+03 -2.903512557110814214e+03 -3.924381563050937075e+03
-4.379771361473513025e+03 -1.491523802777609490e+03 -4.089627406351989976e+03
-3.558418292744667269e+03 -3.037454221510774005e+03 -4.044280613037212333e+03
-1.859640680673514453e+03 -2.070496857289223044e+03 -4.359804183938716051e+03
-3.584701400998415011e+03 -4.937452058928388396e+03 -3.733256131552619081e+03
-2.015527321504843258e+03 -3.332588649970725783e+03 -4.094118190804689675e+03
-4.255645038597610437e+03 -2.923592286466681344e+03 -3.819704006517634753e+03
-3.556275308961231190e+02 -2.984357260941532331e+03 -4.198425100102107535e+03
-3.015068037164058296e+03 -2.077233808288483488e+03 -4.276333853156207624e+03
-4.636685226595445783e+03 -1.579271777641124345e+03 -3.910232683602602719e+03
-3.484321412570761822e+03 -4.014608714677471198e+03 -4.035906309141030761e+03
-8.966242645684078525e+03 -3.200791811334192971e+03 -3.642550455207272080e+03
-8.711863245735874443e+03 -4.197573624339496746e+03 -3.275034001255117801e+03
-3.153777981044899207e+03 -3.571900823366919667e+03 -4.131362701328712319e+03
-3.907421905223908198e+03 -3.371545783494524130e+03 -3.940279136190246845e+03
-3.140209424196332748e+03 -3.587523757618765558e+03 -4.181764599200154407e+03
-3.972940017886217902e+03 -3.418715541909638432e+03 -4.125683875202226773e+03
-4.728818203347200324e+03 -2.546882721525081706e+03 -3.761902668182222442e+03
-4.144183179494338219e+03 -3.426032940758343557e+03 -3.889819542217141588e+03
-3.345558898326301460e+03 -3.158350023762337059e+03 -3.959552724652925463e+03
-3.538467373711265282e+03 -1.993204452253209183e+03 -4.099049770949105550e+03
-1.863982739171197863e+03 -4.573499409741549243e+03 -4.154549466076949102e+03
-2.644413490473957609e+03 -4.715459209231570640e+03 -4.095859225045545827e+03
-4.288462020544726329e+03 -3.087011291841203274e+03 -3.964244956672122498e+03
-3.143331130161988767e+03 -2.817583263364650520e+03 -4.007139369870523751e+03
-3.391114951351760283e+03 -3.303986220703590334e+03 -3.973704857325852117e+03
-2.327748541749407650e+03 -2.702081647431995862e+03 -4.192620378425819581e+03
-3.151060173938592925e+03 -3.570105289912280568e+03 -4.173046691920738340e+03
-3.993394275898602700e+03 -3.433774916624820435e+03 -4.140474398763075442e+03
-2.137187090832665490e+03 -1.523197962840613627e+03 -4.333549822665308966e+03
-4.520342096082366879e+03 -3.299503513349037348e+03 -3.889307880835895048e+03
-2.275809113769824762e+03 -1.017712270650944106e+03 -4.231239395793263611e+03
-3.407518662738273179e+03 -3.350435563606497453e+03 -4.035919725554258093e+03
-2.758051557290132223e+03 -3.523632073506402776e+03 -4.173398864327295996e+03
-5.036045237752447065e+03 -1.178479940933352509e+03 -4.090523370326917757e+03
-4.083135470058292867e+03 -3.035797189399750550e+03 -3.888039395256425450e+03
-4.393500319208979818e+03 -1.507078380239478747e+03 -3.928238201502322681e+03
-8.831398154711786219e+02 -1.172072594086802155e+03 -4.275863451179232470e+03
-3.188476068835218939e+03 -2.958831408149762410e+03 -4.029433903143514726e+03
-3.951721363394593027e+03 -3.959719796784256687e+03 -4.051581521723036531e+03
-4.491415079297228658e+03 -2.088267210583125234e+03 -3.987256537073172694e+03
-3.672067014753723925e+03 -4.026121888830490207e+03 -4.169556794267487930e+03
-4.655387258154323717e+03 -3.012942484852603684e+03 -4.069515568968262869e+03
-2.762740623353221054e+03 -2.588171071104559360e+03 -4.300409512948382144e+03
-4.154363870673390920e+03 -3.374208282590644103e+03 -4.103565315926206495e+03
-2.707230866628613512e+03 -1.889971184357367974e+03 -4.093882669387604437e+03
-3.719819712862666620e+03 -2.831461368883650721e+03 -4.026408626858394655e+03
7.140155185409088290e+02 -8.485456428559855340e+03 -4.365952668806403381e+03
-2.272900240388268230e+03 -4.453494831687341502e+03 -4.108237184451991197e+03
-2.499545628760338332e+03 -5.024838602047681889e+03 -4.065385604306046389e+03
3.096555655929927866e+02 -3.593902584227873376e+03 -4.216751855036488450e+03
-1.973016402227074423e+03 -3.533896577040791271e+03 -4.158866617413830681e+03
-3.574154661466086509e+03 -3.644338219751235101e+03 -3.980529943751324481e+03
-2.362404006908414885e+03 -2.125128947971097205e+03 -4.069174926854818295e+03
-3.296043381979971400e+03 -3.554170825218206119e+03 -4.199138511556609956e+03
-3.145210007273726660e+03 -9.479393549096937477e+02 -4.126806713804870014e+03
-2.171135714129663484e+03 -2.634021694122372082e+03 -4.144655218508996768e+03
-1.553649833607136088e+03 -2.627541238448588047e+03 -4.210908649357071226e+03
-3.756861354990042855e+03 -8.740921757395755776e+03 -3.669509062466147952e+03
-6.662287811661682099e+03 -2.574088668216317728e+03 -3.904309656275098860e+03
-3.457945905943754042e+03 -3.359999273250626629e+03 -4.059883130403265113e+03
-7.465484590222208681e+03 -2.458573563834377183e+03 -3.571687932654465840e+03
-2.659482244918313427e+03 -3.101926977870096380e+03 -3.990249493341056223e+03
-2.461718549699849973e+03 -3.243289481792150582e+03 -4.039654923066819720e+03
-2.540679679922458945e+03 -1.408146545739138219e+03 -3.986450338210357586e+03
-1.120919914875458289e+03 -3.422731589401820202e+03 -4.123277398565440308e+03
-4.924552737720690857e+03 -2.693020677882489963e+03 -3.889821640625645614e+03
-7.157149896702364458e+03 -4.172239047684608522e+03 -3.874527725978940452e+03
-7.609163067175551987e+03 -3.094690984125576279e+02 -3.976676791527971545e+03
-4.873092059140057245e+03 -7.293418082110545583e+03 -3.711879878978886154e+03
-3.584039039787303409e+03 -9.750211330516650605e+02 -4.019677710191038386e+03
-2.348435622434206380e+03 -2.455911521916792481e+03 -4.093300146275366387e+03
-1.926486879102732473e+03 -3.842558055327548573e+03 -4.233551440940947032e+03
-2.451064459801829798e+03 -2.753775151629605716e+03 -4.084539815582362735e+03
-4.177971816673067224e+03 -2.684941312841063336e+03 -4.034871284476784695e+03
-4.345273470965065826e+03 -3.084605944322972391e+03 -4.031326906164989396e+03
-4.465130099455080199e+03 -2.430141812046192626e+03 -3.949974653827409384e+03
-3.932302591686816413e+03 -3.285048946447499020e+03 -3.907459929530705722e+03
-2.765371372845169844e+03 -2.512204973651546425e+03 -4.196621915405791697e+03
-2.790643774034325361e+03 -3.162833434580715220e+03 -4.080224565456461278e+03
-1.636525929758684015e+03 -5.671268942425544083e+03 -4.130412252882826579e+03
-3.848104478064365139e+03 -3.611836920071256372e+03 -4.131850564706468504e+03
-4.052504751706845127e+03 -1.105873474467663755e+03 -4.247031188119113722e+03
-4.492325927612445412e+03 -1.133362391558046056e+03 -3.951542188393145352e+03
-3.998140338283828896e+03 -1.636704405706637317e+03 -3.987693429212049523e+03
5.201590716017699378e+01 -1.144435335434950866e+04 8.204960447010057578e+02
-1.517822470365436402e+03 -1.018573236203849956e+04 1.992102722557516017e+03
1.010799627304118076e+03 -1.016469297972310596e+04 1.269119191358069429e+03
4.708244429585108264e+03 -8.807388939819631560e+03 3.508695463036016463e+03
-1.581981844545824515e+03 -7.475019731799140573e+03 4.437297636441576287e+03
-1.807145443597555186e+03 -1.038881934323302266e+04 1.774135719439951345e+03
-7.415351204626991830e+02 -9.621808584854406945e+03 2.525705068456311892e+03
-1.157310280302032425e+03 -9.510834415597526458e+03 2.692718856334307475e+03
-4.422958957185884174e+03 -1.221451797477287073e+04 4.700132053131830503e+02
-9.020652315274220427e+02 -1.138893882596984076e+04 1.529556652589227269e+03
-1.733796377074560269e+03 -1.075349671537792165e+04 1.331690002178614805e+03
-1.207804646782577493e+03 -1.072270210450631203e+04 1.501354485294854612e+03
-5.866301744960688893e+02 -1.112883303962178252e+04 9.812202599154312566e+02
-1.780622222942943608e+03 -9.662140641849409803e+03 2.134463142374235304e+03
-1.630642905194629748e+03 -1.021897926177950831e+04 1.956839535061686092e+03
-1.531743533092141661e+03 -1.351782532300075400e+04 -1.383243552708301195e+03
-1.705833899369273240e+03 -1.065209832532515793e+04 1.937584636498582540e+03
-4.540363685542563417e+02 -1.125885649276182266e+04 8.334668241552527661e+02
2.196344060698646445e+03 -8.531333822942669940e+03 3.794370686582371945e+03
-1.222314491394017978e+03 -1.028748611506273483e+04 1.843343658643737854e+03
-1.612528964858645395e+02 -1.128117808243374930e+04 8.643752358718609230e+02
3.536906660503163948e+02 -1.046508184278451517e+04 1.590749533587238602e+03
-1.393544384776999777e+03 -9.743931009094358160e+03 2.017570983108722658e+03
1.667572589212029698e+03 -1.135873679733112294e+04 9.030413870339485811e+02
-5.781057380935718584e+02 -1.132996076598733453e+04 1.159290581706444300e+03
5.693618674979622938e+02 -9.208204188688579961e+03 2.853130833348111082e+03
-1.469778155441546460e+03 -9.761268132463941583e+03 2.486870777425642700e+03
-1.482758697446688529e+03 -1.140155105634759821e+04 6.452521911133610502e+02
-2.388155662755315234e+02 -1.146427982831580448e+04 1.575636181249513356e+03
-1.915225194839863434e+02 -1.129148870551162327e+04 1.145079407830548917e+03
2.931674679042556022e+02 -9.147659102259649444e+03 2.857619663035810390e+03
8.301081974361354696e+02 -1.022547377339756531e+04 1.663914308234768669e+03
5.344569076527618563e+02 -1.039972894506693228e+04 1.549285119381908316e+03
-1.435649080735922780e+03 -1.119810540841438342e+04 9.008654745335097687e+02
4.084055069053700208e+03 -1.122557880351471067e+04 7.793097965482179461e+02
-3.692048347147400818e+03 -1.242198828434246934e+04 4.428673431704647783e+02
-1.940337004525258180e+03 -8.315469152169469453e+03 3.837370335655004055e+03
-5.796394555926292469e+02 -1.147303589005423783e+04 9.162195381677879595e+02
5.906594197603849352e+02 -1.076434344558363409e+04 1.785750171816496959e+03
-2.612096323437961018e+03 -8.854568246212204031e+03 3.903789447201725125e+03
-9.256759442753650546e+01 -1.133751244627314009e+04 7.442068232673020702e+02
-1.351062731733082956e+03 -1.034477961476385099e+04 2.145487566751167833e+03
-1.635304777506832352e+03 -1.010724166204155699e+04 1.804893255991965816e+03
-1.193896333702484299e+03 -1.014354183304864819e+04 1.842639885957699107e+03
-1.185649703864574576e+03 -1.135463829021157653e+04 8.555202509782510560e+02
-1.297822571534034296e+03 -1.044041409250531251e+04 1.414983921447371586e+03
-1.856105423977283863e+03 -1.129698074984945742e+04 8.873831142311796611e+02
-1.670136210890634175e+03 -1.057181921580706694e+04 1.385756333307751220e+03
-1.490395614449394088e+03 -1.067129098697106201e+04 1.537228929384386674e+03
-1.078591515527099318e+03 -1.039429632534810116e+04 1.457532836295370544e+03
-1.591875052166782325e+03 -9.880916694806272062e+03 2.385228269974699288e+03
1.196952872288600020e+03 -1.000915753120896625e+04 1.940347025530164956e+03
-5.148675624009784997e+02 -1.054121560334310016e+04 1.780148857701927682e+03
4.010333590390928293e+03 -1.107984213859361989e+04 7.802696785347264949e+02
3.468866968922702199e+03 -9.741076518018295246e+03 2.013850633578633733e+03
-3.201875033354010156e+03 -7.791247882765435861e+03 4.100804862106704604e+03
-1.496083591409558721e+03 -1.091268740802071079e+04 1.500934778826121146e+03
3.336639232172051379e+02 -1.187287568525778443e+04 2.107026283922434686e+02
-4.737492919829219318e+01 -1.123973941795394239e+04 8.468257058233908765e+02
-1.462360884291726393e+02 -9.197776024880206023e+03 2.895716010613474737e+03
-9.260943239320459952e+02 -9.828078799534825521e+03 2.231708358817681074e+03
-3.167627012669941450e+03 -1.124153016662812661e+04 9.846507255156121801e+02
-1.000953018139773349e+03 -1.405773628247186571e+04 -1.610507980100012446e+03
-7.663307543214931457e+02 -1.135061703498140741e+04 8.108056352325613716e+02
-9.260561606499927620e+02 -1.106867602854618235e+04 1.350296216202335017e+03
2.441996368004985925e+03 -1.361130385245774596e+04 -1.714168913634343198e+03
5.185390319767411711e+02 -1.016913619368895888e+04 1.778982937417212270e+03
3.540403788116785563e+03 -1.316673223761193367e+04 -1.024602962585281375e+03
-8.243117725928644859e+02 -9.996213988336619877e+03 1.953587845831349568e+03
7.864958071709870637e+02 -9.471700368710033217e+03 2.117506320148557279e+03
-1.094591944379716779e+03 -1.296656676388437336e+04 -7.443296862903098372e+02
-2.400097704655963753e+03 -1.195905219084884266e+04 -4.032200472811553027e+02
-8.041909424550674430e+02 -1.121272348819369836e+04 1.089049266611196799e+03
-1.411863595811930509e+03 -1.114492803794023530e+04 9.967714928561724719e+02
-2.545330954601440226e+03 -1.015575750928295929e+04 2.149339908067024226e+03
4.148684970436259391e+03 -1.193471817399313477e+04 1.525442738874182851e+02
1.967731039495218965e+02 -1.130884079698485039e+04 8.893696637916154941e+02
-5.723948599458228728e+02 -1.072193706529551127e+04 1.374540573241631819e+03
-2.987650773122986720e+03 -1.134143767508922974e+04 8.692863710245412676e+02
-1.648724702830731985e+03 -1.009106259412147483e+04 2.180483452258913076e+03
3.861863156492911457e+02 -9.753214246659710625e+03 1.996249679693264625e+03
4.910815314362458594e+03 -1.187937598239555518e+04 4.371127052372508501e+02
-2.087922241643060488e+02 -1.063782634675204281e+04 1.859279072358141093e+03
-3.628388271126628979e+02 -1.019109575826768923e+04 2.565091824302199257e+03
-3.769005976910162644e+03 -9.108018707443092353e+03 2.834093605240764191e+03
-3.612333857491014896e+03 -1.063392206135416745e+04 2.382435716281267560e+03
-2.223377307846133135e+02 -1.173447039689326812e+04 7.486727916268068839e+02
-7.814966199367895570e+02 -1.005622007247439615e+04 1.944769605862398748e+03
-3.191451489146406288e+02 -1.116263436237949827e+04 1.348823573525908387e+03
-1.907713851014526881e+03 -1.045353820525126685e+04 1.533291640067492153e+03
6.029016727047780932e+01 -1.156726428522793867e+04 6.035538676360858972e+02
-2.320172014683158977e+03 -1.055258152861575400e+04 2.385851256065747748e+03
-7.431958900693299256e+03 -8.926731857483568092e+03 4.452818249733750235e+03
-2.524262498425572119e+02 -6.987289906885918754e+03 5.108253747315274268e+03
-1.597943129627195049e+03 -1.094208286472020700e+04 1.281532635903898154e+03
-5.978153336467358713e+03 -7.461509708343305647e+03 4.499920432751630869e+03
5.693724384464782133e+02 -1.119803274643927580e+04 9.261021426908142757e+02
-2.041998713575557758e+03 -9.734265561616284685e+03 3.036985089857835646e+03
-1.347068510313519710e+03 -9.345476462768612691e+03 2.507406176368634988e+03
-9.935313202717939021e+02 -1.154695339447280276e+04 6.453994875027651688e+02
-3.646447840201720737e+03 -1.100779065659903972e+04 1.592762433522550282e+03
-1.308477977400596501e+03 -9.066222778881139675e+03 3.631703521809304220e+03
9.080151099088443516e+02 -8.556753682171252876e+03 3.437884993422620482e+03
-1.851613502731531526e+03 -8.572334322421551406e+03 3.248538366094818230e+03
5.372707750645096894e+03 -1.163337681065607103e+04 4.031719135879304758e+02
-1.403351940178672976e+03 -1.088710319323963631e+04 8.032958007584136340e+02
-1.202894622422163138e+03 -1.158834920608307766e+04 5.148325955246916692e+02
5.894579385134461518e+03 -1.190278640197254754e+04 1.832036722645505961e+03
-5.206142652791161709e+03 -9.521317360475322857e+03 2.741772863870253786e+03
-1.359153085738222671e+03 -1.015029849141794875e+04 1.559728680824137427e+03
-1.502452955780628599e+03 -1.069992924409909938e+04 1.424186411041473320e+03
-2.133313603246372622e+03 -9.975747283326509205e+03 2.810152063955038102e+03
-1.666250177223366791e+01 -1.126783068233208360e+04 8.530784039002846839e+02
-1.356120917184862947e+03 -1.017996469528190937e+04 1.637566591251153568e+03
-3.893904149513425182e+03 -1.009465087403941834e+04 1.904155787908794991e+03
-6.297177792785420934e+03 -9.386037212580564301e+03 2.843787625871652381e+03
-1.775088371594556293e+03 -1.097979085421253876e+04 1.131636298918947887e+03
-1.408294319962700683e+03 -1.178842868170375368e+04 4.306403333062587535e+02
1.408277312782088302e+03 -1.103147064144290744e+04 1.033596928787659635e+03
-1.160475572814592852e+03 -9.484867736315991351e+03 3.173773254116192220e+03
-3.958207908610529557e+02 -1.158865303045258224e+04 6.858990230596940592e+02
-5.238842873075398529e+03 -9.676034315305043492e+03 3.507448193117483697e+03
-1.904525133990652648e+03 -1.039203578052974444e+04 1.731227904907128050e+03
-9.643047222549856770e+02 -1.061884025768550782e+04 1.505437888535407637e+03
-1.580755673387317529e+03 -1.129309287117247368e+04 7.075905776939889620e+02
-2.567011256293862516e+03 -6.341695604956209536e+03 6.910379100398045011e+03
-8.586031455213894787e+02 -1.003559621757806963e+04 2.373173024201908447e+03
-5.621686688536099155e+02 -1.172238043263471809e+04 4.811368808874953515e+02
-2.841782185321726047e+03 -9.190234140147857033e+03 3.286148035092755435e+03
-2.552900436711882321e+03 -9.651645326362126070e+03 2.546123387440444731e+03
-1.687278423389614545e+04 -1.485516660728202078e+04 5.532268983628714523e+02
-4.982425484789211623e+03 -9.884985997461548322e+03 4.048538515782564900e+03
-4.931267486178099716e+03 -9.019721732511463415e+03 3.758118390286954309e+03
-4.816105820675418272e+02 -9.893432283150626972e+03 2.389775473631680143e+03
-7.613659567406439237e+03 -9.434589486748682248e+03 4.624663743555869587e+03
1.818147859516703875e+03 -1.123857455763659709e+04 1.171751099366480275e+03
-2.418246924140801184e+03 -1.078887394565496106e+04 1.744089971361910330e+03
5.388652578119731515e+02 -9.848447453950266208e+03 2.094001841540278292e+03
-1.012607274255873108e+03 -1.017255431764496097e+04 2.516313059066871574e+03
9.171312532022720916e+02 -1.065441727699305557e+04 1.946115512210291627e+03
-1.647198466257455493e+03 -1.056706673978476465e+04 1.383979813139250837e+03
5.216080773671490078e+01 -8.156767972821297008e+03 3.555118526984477285e+03
-3.812657492000371803e+03 -1.067001136158501686e+04 1.493565735406288923e+03
-4.531441385843638159e+02 -1.000371509126690398e+04 2.568961636545701367e+03
-1.119246223118904709e+03 -1.025139068391124420e+04 1.973447684040558670e+03
-4.616958072845396828e+02 -1.176931872140922496e+04 4.318061083371846394e+02
-1.932079200198452554e+03 -1.052496708370074884e+04 9.147598439414783797e+02
-1.174265619775778760e+03 -1.177606531037344030e+04 5.524130569344443984e+02
-7.240588953913494151e+03 -9.801680264718046601e+03 1.736096183362413967e+03
8.188037421019647581e+02 -1.053913435021807709e+04 1.007785665311373123e+03
-2.607876262701052838e+03 -9.529956995958127663e+03 2.919747856910704741e+03
-5.369320455174090966e+03 -9.251683633498596464e+03 4.066289157016172794e+03
1.549474325112346833e+03 -1.018611839157541908e+04 1.901209203620314156e+03
-2.949725656545292054e+02 -1.191556901010574620e+04 -1.715455994056561622e+02
-5.965335013872186209e+01 -1.067679676772917810e+04 1.445969597388516149e+03
-7.137569265619076759e+03 -1.103410454790567201e+04 1.526666254066351939e+03
-1.038644350966705360e+03 -9.926589120676049788e+03 2.026268036908445538e+03
-3.239220691339327459e+03 -1.051488253708661432e+04 1.223868571071411679e+03
-2.712477982848918145e+03 -1.096851639470329610e+04 8.619221926867237471e+02
-1.898519382696376124e+04 -8.894737636388486862e+03 7.544699787283888327e+03
-9.228290721516764279e+02 -1.023134691653066329e+04 2.073784624444971996e+03
4.487500713906849796e+02 -1.269998730089740275e+04 -4.032374559295928975e+02
2.127319390658031807e+03 -1.026088275050116135e+04 1.943837270496686187e+03
9.799143252646517794e+02 -9.725849949722349265e+03 2.170779244661371649e+03
-1.577345915764672554e+03 -1.157064249128951087e+04 6.184352861829543144e+02
-1.233068541421731197e+03 -1.087162459187007880e+04 1.433198766531256297e+03
-1.099691210958422971e+02 -7.846119955710826616e+03 3.731939967703789989e+03
-5.914016041988423922e+02 -1.014007580733653231e+04 2.210018306468109586e+03
-7.013028883171941743e+03 -1.332534432494363864e+04 -1.146905793926011938e+03
-5.001762556894100271e+03 -1.011132255635085676e+04 3.388852876587635365e+03
-9.524254674977476043e+02 -1.145899594903923753e+04 1.011149827682008208e+03
3.557654971860722526e+02 -8.922116711711489188e+03 3.487218533472286708e+03
-2.900660221393662141e+03 -8.947775430741607124e+03 2.925183901014212097e+03
-1.887658373548986901e+03 -1.129267885862850380e+04 7.910842190477748090e+02
7.056428758861695769e+02 -1.075984506158870681e+04 1.009046783308385557e+03
-1.115362504289715616e+03 -1.087411852945298779e+04 1.477029414805822853e+03
-7.186014927508969095e+02 -9.902561967869640284e+03 2.207092354007638278e+03
-1.478474034067305411e+03 -1.162197969265879874e+04 7.330078431249671667e+01
-2.543420828876857286e+03 -1.214576348492703983e+04 4.720939468244378645e+02
-1.687169822893494711e+03 -1.122067846824142725e+04 8.665101812253541311e+02
1.816806787390130467e+02 -1.069304231932081348e+04 1.338437394183166816e+03
6.562358256483909827e+03 -1.171820697364534135e+04 9.202316953775452930e+02
9.072260955805371850e+03 -1.072517853713582554e+04 2.812319216557087884e+02
2.851532332530843632e+03 -7.248891323342478245e+03 5.501936948361721079e+03
5.026415210171612671e+02 -1.072446733389079600e+04 1.603632085930521043e+03
-2.424488496245636270e+03 -9.630695613216044876e+03 2.667811504470308591e+03
-2.752269630586116364e+03 -9.475240792484595659e+03 3.003592242134047410e+03
-9.165457170205215789e+02 -9.941837411753100241e+03 2.026200636479220066e+03
-2.140334424577243681e+03 -1.050376572112725262e+04 1.956002419019319177e+03
-2.516194094024404876e+03 -6.600427852199422887e+03 5.744106192252466826e+03
-1.635890429900078061e+03 -1.093949870756844393e+04 1.011629403045697586e+03
8.647545339180367137e+02 -1.006370099240872878e+04 1.928378306881536901e+03
2.028578407337423641e+03 -1.117007535618840120e+04 1.233241390315483386e+03
-1.415366174970338989e+03 -7.408393296336972526e+03 4.674862026377905750e+03
-1.583858169600904830e+03 -1.334167133891748017e+04 3.919395876774683529e+01
-2.048040578050378826e+03 -1.097098779052300415e+04 1.090713379207019671e+03
-1.323521700707928630e+03 -1.083388037718102532e+04 1.735998248421710059e+03
8.608712077391994626e+02 -1.137364898768580861e+04 9.412601393526784932e+02
2.037387482968864333e+03 -1.182739661156055809e+04 3.624252911871298011e+02
5.160349655461150178e+02 -1.048811973899858458e+04 1.655918107003735486e+03
-1.341851324613244287e+03 -8.365392246056884687e+03 3.331760546742590577e+03
-1.188792153309954756e+03 -9.576064820582429093e+03 2.915814969954359185e+03
-1.647058103736141675e+03 -1.063814392010348092e+04 1.338700899803859784e+03
1.627909234557024092e+03 -6.358354649887657615e+03 6.809074686961083898e+03
-1.136211141896142180e+04 -9.495177479105021121e+03 3.780505514759973721e+03
6.456296731822798165e+02 -9.249082410300792617e+03 2.420999159405186219e+03
-2.290863479073771487e+03 -1.038381367287267676e+04 1.962819874128642368e+03
-1.416945004535436510e+03 -1.116324561729465677e+04 9.769976035111413921e+02
-1.125427793580599882e+03 -9.493069085255150640e+03 3.027440072237794084e+03
1.223653514488323708e+02 -2.230037244717413341e+04 -7.748589245528492029e+03
-1.010972918917844027e+03 -1.143440044809940264e+04 3.839011453524337867e+02
-2.826802120518364632e+02 -9.807818748649102417e+03 2.593075566265514226e+03
-2.317533006461700552e+03 -9.148680702052944980e+03 2.787447205051636956e+03
9.633257699538860379e+02 -8.428407150799437659e+03 3.773972741363162640e+03
-8.790212831923083741e+02 -1.133967639017775036e+04 9.479392822416280069e+02
3.857273637353264348e+02 -8.868167037740917294e+03 3.192939982953743311e+03
3.925628540656745713e+00 -8.641621148210810134e+03 3.605359683569434310e+03
-1.800102055552004231e+03 -8.657029281708733834e+03 3.411434191305389049e+03
-2.161792056152031819e+03 -1.189926036826782911e+04 2.567085337962099629e+02
2.129842666129538884e+03 -9.860624284879444531e+03 2.054043903929198677e+03
1.992663846918802335e+02 -9.204234278789803284e+03 2.969811401315997955e+03
-1.745660454568120031e+03 -1.062132299092196808e+04 1.748319501240810268e+03
-7.046732758216312504e+02 -9.595863998306856956e+03 2.671717539383712392e+03
-2.881930635116908888e+03 -9.815655919939070372e+03 2.205088958080808879e+03
-1.615959197262007137e+03 -9.571351936230190404e+03 2.415452681764396402e+03
2.077159068847513026e+03 -9.673000354608713678e+03 1.691525113362203001e+03
-2.636306986635305293e+03 -9.685404569073136372e+03 2.855262319692941219e+03
-1.374565515187929350e+03 -1.064363507776509869e+04 1.725049123013358212e+03
1.428657311575501353e+03 -1.071090033669837248e+04 1.568967201136479162e+03
1.083750483661004864e+03 -8.402132274677427631e+03 3.013650965590786200e+03
-2.190894512196954565e+03 -1.083067080390339652e+04 1.360805511939054213e+03
-9.952570550891466610e+02 -6.529653010814817208e+03 5.351650147321583063e+03
-2.557299475898814762e+03 -1.020651874226039945e+04 1.982830002891729464e+03
7.951601278200071192e+02 -9.519993020963614981e+03 2.161473422370812841e+03
1.808491630913590029e+02 -5.055352839344451240e+03 6.727204754130505535e+03
1.718711847900878183e+03 -9.815883445882300293e+03 1.755212682568625496e+03
-1.300391466326629052e+04 -8.277831336110068150e+03 4.673351432888925046e+03
-1.752257391451549893e+03 -1.082304861623926081e+04 1.695551436647449464e+03
5.518206072136790681e+03 -1.032689142432412700e+04 1.673397414172665322e+03
-1.047433559736670304e+03 -8.832395929195543431e+03 3.613228872781624887e+03
-1.369612946700293605e+03 -1.122866443390018867e+04 1.014243643779008494e+03
-1.916209378624772398e+03 -1.019307455721852239e+04 2.185546550342405681e+03
-1.618952112068414635e+03 -1.130505923421904663e+04 1.046682050383799151e+03
-5.588367557201620457e+02 -1.049988770230338196e+04 1.688854456461732525e+03
-2.854527394878309678e+03 -1.207812893524995161e+04 2.998707688852448996e+02
-1.723502396677781462e+03 -1.016797518677490916e+04 1.880017747144488112e+03
1.090995932456538640e+03 -1.082711854171145933e+04 1.176110461981130811e+03
-8.195596253156161310e+02 -1.020014332174369883e+04 1.776167800541797305e+03
-7.352528893767731461e+03 -2.917391829465339470e+04 -1.242491257942405173e+04
-1.247392049548219802e+03 -1.128808735094590338e+04 1.057000371623038063e+03
-7.426518686467145471e+02 -1.024402722432722476e+04 1.672149851823676045e+03
-1.929562115790949747e+03 -1.576251031739124119e+04 -3.885851215829006833e+03
7.952302923438021480e+02 -8.383073130085329467e+03 3.329547324828344244e+03
9.502109093477540682e+02 -1.101232875753194276e+04 6.491537960309246955e+02
-1.736213689573060037e+01 -1.126955815603263363e+04 6.258955483305412599e+02
3.171609211515220068e+03 -1.267222174864418776e+04 -1.711274032744215390e+02
-1.576620745938176697e+03 -1.099003928709973297e+04 1.130207186029665991e+03
-5.494347540157649519e+02 -1.025645806909477324e+04 1.853370722646474178e+03
1.472031791857761164e+03 -9.536826830559355585e+03 2.415512808166070954e+03
-1.197113355883906706e+03 -1.204522589730338404e+04 3.928725123454715344e+02
-2.079288881055972524e+03 -1.017782783949843542e+04 2.139889973249445575e+03
3.999806540599347500e+03 -7.544299805223053227e+03 3.535997723423174648e+03
1.904033917122383627e+03 -7.301187061376946986e+03 4.743106603601792813e+03
-1.649644388219482380e+03 -1.041971606730139865e+04 1.754635015400378734e+03
-1.058555700551256223e+03 -1.066701337009685449e+04 2.203023404649623899e+03
-4.795889774879243532e+02 -9.639275135643883914e+03 2.400480234932277654e+03
-1.873410578605500859e+03 -9.014514561907793905e+03 2.775295542124735221e+03
-1.313537303379576770e+03 -9.678972051400738565e+03 2.311803552084862531e+03
6.057858985703796861e+02 -7.134181286816664397e+03 4.700831447193956592e+03
-4.172047001252301925e+03 -1.151080622212058006e+04 1.360310887293590895e+03
-1.106816217684645608e+03 -1.142867815403407440e+04 6.011192746713484212e+02
4.122452978062917282e+03 -1.068761944936898908e+04 2.743767824112388098e+03
3.338191796632994738e+03 -9.568100773351383395e+03 2.319022566542846562e+03
-1.488328495155745031e+03 -8.499060276648338913e+03 3.852987687725382330e+03
-2.845661298793133483e+03 -9.134344567970334538e+03 2.840412737224988632e+03
7.525727854107819894e+02 -3.563679782394598988e+03 7.144023006528408587e+03
-4.530622518426835086e+02 -9.273033662979671135e+03 2.936950986202000877e+03
-3.773999237832883864e+02 -1.119466042096623642e+04 9.963674262591167690e+02
-2.181949697611074726e+02 -1.063133341433779424e+04 1.553872109915165765e+03
2.166455521632298769e+03 -8.938971050137739439e+03 2.826440354207578366e+03
-1.141201540761709566e+03 -1.117607399117630121e+04 8.412516792327762687e+02
-4.211675281289720942e+02 -9.834358956453717838e+03 2.091266406041988830e+03
1.158463300016275298e+03 -8.298699841311266937e+03 3.477621678156029247e+03
-1.952356519321435599e+03 -1.005244753392890379e+04 2.326472478636612323e+03
-1.122222920013813194e+02 -4.484976448585045546e+03 7.324686386666959152e+03
-1.448560013246492872e+03 -9.685005765010006144e+03 2.684445411779574442e+03
-1.355316556618599407e+03 -8.736049916539011974e+03 4.159331051861850028e+03
-2.346005611589677756e+03 -1.005056915738574571e+04 2.139054112163732952e+03
1.171140733581220275e+03 -1.827272190746306660e+04 -7.004758939941578319e+03
5.874520620215530471e+02 -8.321983683643125914e+03 3.670632773462558362e+03
-1.851762203420752030e+03 -1.111406189490539873e+04 1.439219643875547035e+03
-9.659846783725531623e+02 -9.460313706795153848e+03 2.704543061526525435e+03
-1.085010299833154932e+04 -2.561442393217460267e+04 -8.429095763561463173e+03
2.167288926864043333e+03 -1.045229706196916231e+04 1.784245815402714925e+03
-2.658493240272374010e+02 -9.421669609373160711e+03 2.967683191940634970e+03
2.956454887383401910e+02 -9.271031736457778607e+03 2.579913597035937528e+03
-5.951602007871044407e+03 -1.196106136079129283e+04 1.143873644652588155e+03
3.433761474201351120e+02 -8.597213981508999495e+03 2.460997836167412061e+03
-5.652273359900209471e+03 3.973477047942081299e+03 2.105261875557121311e+04
1.212968527182397565e+03 -8.668648024788433759e+03 3.086198589107139014e+03
-1.437348092434769796e+03 -1.081514831273243362e+04 1.982026623199722508e+03
-1.167060282410524223e+03 -8.896602370834067187e+03 3.282173512080054024e+03
-7.403509743383629029e+02 -9.855371180053889475e+03 2.330555589600442545e+03
1.603912127823971559e+03 -6.180829971276355536e+03 5.036106060872476519e+03
-4.808545832496163712e+03 -2.161272567519197401e+04 -7.042340017093918505e+03
-2.869618432004959232e+03 -1.046487953266187105e+04 2.105706688231535281e+03
5.921675961520218152e+03 -1.322273358175944304e+04 -4.522169639118529290e+02
-1.307838922199842955e+03 -1.046971619813777397e+04 1.770879142241923546e+03
3.101610221925803216e+03 -1.063133198649782571e+04 9.924807124769981783e+02
1.475251903401188201e+03 -1.008516374625445133e+04 1.566077607750248262e+03
-2.626591924662667452e+02 -9.813396715803888583e+03 2.155730053666024105e+03
-1.915369452095308588e+03 -1.136382482371295919e+04 8.538873558170100750e+02
-2.064123289101758019e+01 -9.903146646969375070e+03 2.514858867343709790e+03
1.672280995677735973e+03 -9.495271161310796742e+03 2.553811579589052599e+03
-1.525201955108191669e+03 -1.060755648669194488e+04 1.973477348210411492e+03
-4.461941500985492439e+02 -1.077047303040718543e+04 1.206595390788593477e+03
4.914250974298741994e+02 -1.120669225317219752e+04 6.940356298550306064e+02
-2.354687554029149851e+03 -9.250227503600795899e+03 2.649368571040166898e+03
-1.017480555247989173e+03 -1.076899934788289283e+04 1.907163548265913050e+03
-2.500260318273143412e+02 -1.012534890538677791e+04 1.982871446019563791e+03
1.381846916887300267e+03 -1.025991463338692301e+04 1.717522237081458343e+03
1.179307498856278016e+03 -1.130082317463307481e+04 7.236823887012624255e+02
-6.940736558335499922e+02 -1.018166918905283092e+04 2.415449207267651218e+03
1.557916371926025931e+02 -1.076160482145205242e+04 1.257520645868951760e+03
7.693550191787024914e+02 -9.724847355700901971e+03 2.249328447109292938e+03
1.952631664922623145e+02 -1.232520851137990394e+04 9.462557522956836920e+01
1.429947130649923338e+03 -8.933776298663211492e+03 2.791164177527194624e+03
6.911399550770037195e+02 -1.087275141005721161e+04 9.138450622913347843e+02
-2.929626031618998240e+03 -9.798164413882193912e+03 2.568654256285516567e+03
-2.511936701683016508e+02 -1.072671031713471348e+04 1.417797214112759775e+03
4.203140016656959233e+03 -1.038812377237839246e+04 1.207713057507876556e+03
6.917695118136854944e+03 -9.293291509428139761e+03 2.452930712578356633e+03
1.365658610797214578e+02 -9.864926589363603853e+03 2.384549993293511307e+03
-1.536804298302999428e+02 -9.852853348593263945e+03 2.162103879401857739e+03
3.382664232503935295e+02 -8.895068119461659080e+03 3.477327855769863163e+03
-1.979494760581465016e+04 -1.174663699570512836e+04 4.203503427636465858e+03
9.959458477905745895e+02 -9.287857444024391953e+03 2.893014980328612182e+03
-6.118507250059598164e+02 -1.050863319789259913e+04 2.173647001104070569e+03
-1.200206477699120796e+03 -1.062397347603435446e+04 1.992121813511396567e+03
-9.349591400960664487e+02 -1.010192915946509493e+04 2.431819601906299340e+03
2.911079267307195551e+02 -1.084277186998324942e+04 1.114298107885143509e+03
3.404267910122665853e+03 -1.227160236285718383e+04 1.093346906564024010e+02
-2.652606950117993847e+02 -1.131285623473596206e+04 1.016492449083406541e+03
-5.815416257881136062e+02 -7.181485280062498532e+03 4.650904129887694580e+03
-6.712447287257405151e+02 -9.500216494516775128e+03 2.629295549805854080e+03
-1.628061395672561957e+03 -1.173430277713977011e+04 1.004253647697653491e+03
-1.595872813461759961e+03 -9.903183105738538870e+03 2.087309685514824196e+03
-2.318880915778081544e+03 -9.571610882679209681e+03 2.494223426695187754e+03
3.709858372555469259e+02 -1.105153052897517591e+04 9.607353922441798204e+02
-1.392586084589001530e+03 -1.056384114270225655e+04 2.020223754043051485e+03
1.841600769505414519e+02 -1.097774304284902973e+04 1.509888222843073891e+03
1.843943295145033062e+03 -1.110186443795868763e+04 9.772982149067269120e+02
3.246382016687683745e+02 -1.170930658543987556e+04 9.554478668274173288e+02
1.822768726905954281e+03 -8.308086198596094619e+03 3.465589149516970792e+03
-2.010155713099507921e+03 -1.046936691059316945e+04 1.903732385401639931e+03
3.561860422245341397e+03 -1.133279752297575396e+04 5.924801424202777298e+02
-3.835114885213769185e+02 -1.054258495632795348e+04 2.121301910940358539e+03
-9.066305331032891672e+02 -9.803661557464096404e+03 2.307653134845810655e+03
-5.424289043349677968e+02 -1.058111834840829579e+04 1.687149525898073762e+03
-3.362701279738892026e+03 -8.805126446275808121e+03 3.415045185582424892e+03
2.700227734147546926e+03 -9.102045890488323494e+03 3.116112745908041688e+03
-9.820495199288239746e+03 -1.654798266079957830e+04 -3.998234156068299399e+03
5.904307749288720970e+02 -1.536902857972615857e+04 -2.734306881624189828e+03
-8.901740889767472709e+02 -1.087701405120575328e+04 1.451165503394042844e+03
-8.241116808164919121e+02 -1.075792069526202613e+04 2.540902580567870245e+03
-1.808799862958327822e+03 -8.303266608140116659e+03 4.556753883984211825e+03
1.440363182822837189e+03 -1.048751580498541080e+04 1.648289016725734655e+03
1.519314044278871279e+03 -1.031352310998054054e+04 1.836946219113852749e+03
2.029965753191925160e+03 -9.351815650903197820e+03 2.511912210807525298e+03
2.314648233949135374e+03 -1.037565785960580433e+04 1.235171065259141869e+03
-1.341319601207159849e+03 -1.078823674666965053e+04 7.351965423668973472e+02
-1.404312986247416291e+02 -1.055199011387978317e+04 1.532270473863130974e+03
3.099527248550912645e+03 -1.037491404496623181e+04 1.539075902353354877e+03
1.536731773269669020e+03 -8.473681512972409109e+03 3.146692681335460293e+03
-8.699385350263719374e+03 -9.753664616694750293e+03 3.651575418060589982e+03
-8.816544993384702593e+02 -9.880304317711656040e+03 2.262899430425724859e+03
-1.103614103186681859e+03 -1.108598860385646549e+04 1.447079571627622954e+03
1.365661322724292177e+03 -9.985960906915588566e+03 1.841500575434847178e+03
4.355114648977392790e+03 -1.011385005444994749e+04 1.742459425888634769e+03
-1.128505322683755594e+03 -1.142091513380019387e+04 1.160674725906176718e+03
-4.183019019166589715e+03 -9.863929707166249500e+03 2.013529232624543056e+03
8.295128562042420526e+03 -1.000324820602141699e+04 2.242582600743133753e+03
1.851375278059214224e+03 -9.531480950104916701e+03 2.380588360349541745e+03
-2.193465679483696022e+03 -1.066712653078793119e+04 1.667280212762992051e+03
1.841262007642083972e+03 -1.063874192932047663e+04 1.503843004241962262e+03
-1.451504130369675750e+03 -1.083412780515989652e+04 1.777330331184694614e+03
-1.027067093936786932e+02 -1.128083461360996807e+04 1.061270045081035050e+03
-3.289189868247090089e+02 -1.105453857105293173e+04 1.040089027033574212e+03
-7.476872556344569603e+02 -1.002804948700496243e+04 1.447766414892574630e+03
-1.877195850864859040e+03 -1.082150098839835482e+04 1.491580830234397581e+03
-2.615123071476144105e+03 -1.083494256480990771e+04 1.715346338323938426e+03
4.811318861684492276e+02 -1.091237066941297053e+04 9.903465674962809544e+02
-1.478141808846154163e+04 -1.268409191162760726e+04 2.054523880869787263e+03
-5.799334504732991036e+02 -1.087021197768260208e+04 1.002310620102175676e+03
-3.842594897438173120e+02 -8.796076884960517418e+03 3.516507147132720092e+03
7.096411486456509010e+02 -1.128967252647242276e+04 9.202736825855771485e+02
-2.923605789515086144e+02 -1.118706555485986428e+04 8.330895222434982088e+02
2.836239345617773324e+02 -1.186429254461534583e+04 2.537804327290920128e+02
-2.839112431021521388e+03 -1.086419808462309084e+04 1.033306972307067781e+03
-3.744773206283779018e+03 -9.962419081193707825e+03 2.619400270949000515e+03
2.906909359846746383e+02 -1.126653662866870582e+04 7.477390867855497163e+02
-9.823829420889120456e+01 -1.151349423218913762e+04 6.609764520095161515e+02
-1.207469718160803041e+02 -1.033431810572817631e+04 1.967807999836024237e+03
-2.132858790807563309e+01 -9.364013586342627605e+03 2.517407823735501552e+03
-3.250946941941256682e+03 -1.295568884994972723e+04 -3.934542783468316429e+02
-1.485632113049990267e+03 -1.076302350390114225e+04 1.621504607933714396e+03
-8.725554951849835561e+01 -1.119814706641946395e+04 9.326157196444186184e+02
-4.705666500334325519e+02 -1.103949055916137149e+04 1.264404611509555934e+03
4.461542040922891829e+03 -1.126882672994398854e+04 8.863707058631497375e+02
1.197884590148748600e+02 -1.050285863524917113e+04 1.597283210630803524e+03
-4.864396288496834586e+01 -9.345290458167446559e+03 2.966606116713098345e+03
-7.592590464738766514e+02 -9.354337484069419588e+03 2.860680646861461810e+03
-1.231613452440130231e+03 -1.037628044984005464e+04 1.938018880121098391e+03
-2.470357491203040468e+02 -1.237054620780609912e+04 -3.207316290906931044e+02
-1.184502525031939740e+03 -1.011898258841499410e+04 1.604285639256429022e+03
-2.830766553300433770e+03 -1.028501587960092183e+04 2.341389082333269926e+03
-4.935836951004019966e+02 -1.226053084179101097e+04 4.981717398930598506e+02
5.392131119230622289e+02 -1.102069062080855292e+04 1.223813896439249220e+03
-9.191615352455578432e+02 -1.090240842075376167e+04 1.388878348271007098e+03
-1.671300069231931957e+03 -1.065827480631996696e+04 1.654977303686187497e+03
-9.409114102343437480e+02 -1.095547923720605650e+04 1.450196298672867670e+03
-1.108686670853598798e+03 -9.300829323536259835e+03 2.874422975542126096e+03
-1.376061070434637486e+03 -1.029575516508344299e+04 1.165115710956394878e+03
-2.054578005883806782e+02 -1.147526213029606333e+04 9.076036151710184186e+01
-2.662780869710170919e+03 -1.002767894686270301e+04 2.173730825365403689e+03
1.654199477692913888e+03 -1.129720712190566883e+04 8.187749122032315654e+02
2.596673958726307774e+02 -1.123855515839827058e+04 1.092532482898720218e+03
-4.317193964339471677e+02 -1.120380743829184939e+04 8.614887458807272651e+02
-7.213438410472094802e+02 -1.123129997301356707e+04 1.431246328235225064e+03
-9.707385681993747539e+02 -1.077973044042262518e+04 1.717866583102077584e+03
-2.549450454778240783e+03 -1.091497407485960503e+04 1.693659950741697003e+03
-7.632104931622848198e+01 -1.066980936355538142e+04 1.929784987532782452e+03
-4.356910719539967431e+03 -1.182333664930872510e+04 6.160851956301805785e+02
-3.119293764257417934e+01 -1.116318786153584369e+04 1.089818431141630072e+03
1.038745027864377107e+03 -1.176374942616015687e+04 7.365605914271169468e+02
2.588082893657867317e+03 -9.505288822808965051e+03 2.110980165493116601e+03
-4.557599823027874663e+03 -1.323932306831877031e+04 -5.497095539946844838e+02
-7.857955118248090002e+03 -8.771380371788927732e+03 3.583280719206866252e+03
-1.111759703216352591e+03 -9.717249535099914283e+03 2.248570394494365246e+03
6.367140135782616198e+03 -5.392343901243109030e+03 6.643844220860774840e+03
-1.873576704224843752e+03 -9.972096790344345209e+03 2.253848242866882629e+03
-1.950976693992470700e+03 -7.904401807278690285e+03 3.995882049868727790e+03
-1.805982234918574477e+03 -1.034806032687569859e+04 1.923994151109300446e+03
-4.737007802019780343e+02 -1.059836981639675287e+04 1.735002048098646810e+03
-8.575674701893058227e+02 -9.746691463864493926e+03 2.352931544087873135e+03
-1.225325720464708638e+03 -1.020267052069983583e+04 1.497186476235393911e+03
-6.968555815681799004e+02 -1.172176518397175460e+04 1.256124429297399274e+03
-1.152363776183272876e+03 -9.707606492223419991e+03 2.048074858498460799e+03
-1.800932506125482178e+03 -9.048963377280550048e+03 3.567500364466126030e+03
-1.372484084430396933e+03 -1.058866631026222603e+04 1.432043821529427078e+03
-1.741672936478103338e+03 -9.891298725331824244e+03 1.994139625700904162e+03
-1.407412142079202795e+02 -9.434471271578555388e+03 2.622377963270833334e+03
1.491170370552335953e+02 -1.146898249984351241e+04 1.035740047480696603e+03
-4.501999954865130348e+03 -1.378794035659879228e+04 -4.268662667368765824e+02
3.480670242874032738e+03 -1.535968193697547576e+03 1.022626426689607979e+04
-9.516699669254463515e+03 -2.053116349734882533e+04 -5.424407466619257320e+03
1.444710883474762340e+03 -1.149900366852324078e+04 7.254881454452909111e+02
-3.730927574605862901e+03 -1.740655485178484741e+04 -3.652708182563830178e+03
-6.450791696811015754e+02 -1.126067708847270114e+04 1.023391284138823266e+03
-1.517508321152216240e+03 -9.584371851508132750e+03 2.866431437347999235e+03
-5.799928119535317137e+02 -9.731951806704388218e+03 2.295497276644318845e+03
1.826640621910004938e+03 -1.915143945277058810e+04 -6.943779975425502926e+03
3.629138329953534594e+02 -9.103123693394540169e+03 3.104572208783392853e+03
-1.185573338475417586e+03 -1.008574018125203838e+04 1.968868042978286212e+03
5.549666862006965857e+02 -1.084118067881921161e+04 1.142203738943573853e+03
-1.075192545432430961e+03 -9.902806718619138337e+03 2.253475994586392517e+03
-2.043958105880496305e+03 -1.132648699807072990e+04 1.162350964872183567e+03
1.201615636430962923e+03 -9.662949234669058569e+03 2.280339402466997853e+03
-5.406251251957608019e+02 -9.869640282570786439e+03 2.319960868245560050e+03
-1.255554693853207482e+01 -1.087602678532452046e+04 1.449213970732444977e+03
5.225814640510407116e+01 -1.124847148156387811e+04 5.021485266449487881e+02
-1.318671523815603223e+03 -1.036416039389390062e+04 1.414610096700078884e+03
1.812395249043690683e+03 -1.076639624274140624e+04 1.376509364008115881e+03
6.541241684385054214e+02 -1.071071162882619319e+04 1.090902051100830477e+03
-3.043493786679905497e+03 -9.067212654625300274e+03 3.570557128944398301e+03
1.129144224206444278e+03 -1.191072498548981093e+04 4.653922045095462181e+02
-6.663688806490627030e+02 -1.043244622490229631e+04 1.534864573049193723e+03
-1.515690016932509934e+03 -1.067003209467689157e+04 1.851262955431063801e+03
4.677938837503347713e+02 -9.171590554731301381e+03 2.704049126616111607e+03
2.697603486005829723e+02 -1.125815442977086423e+04 1.523397681659243062e+03
1.164790747737788479e+03 -1.150464604962428712e+04 9.573944129513890857e+02
-1.506552540195929396e+03 -9.642875861038686708e+03 2.741773316387524574e+03
-2.909924843449728087e+02 -1.069473241234889065e+04 1.428538378880518621e+03
3.897852754437257090e+02 -1.093849008989871254e+04 9.223663723296212993e+02
1.160031805643586040e+03 -1.066332226924272436e+04 1.346188541104564820e+03
-1.541592253139177046e+03 -1.003947641261481840e+04 2.170534180040060619e+03
-6.377717149491492137e+02 -1.102520242889519795e+04 1.456885078333788897e+03
-9.456433280652285021e+02 -1.088853398324348200e+04 1.353374160974085044e+03
-8.079691399464399183e+03 -7.355032884683836528e+03 4.529378169359467392e+03
1.292895711289175551e+03 -2.970520207019561440e+03 8.462371243655710714e+03
2.893277016848035146e+02 -1.113709789142689260e+04 9.087261025918494397e+02
-4.803334524644374142e+02 -1.098629300170624447e+04 1.333258052890650106e+03
-1.296689566037318173e+03 -9.663997827440762194e+03 2.738049307947324451e+03
-4.137852457493706879e+02 -1.147917869656384391e+04 8.277109861236059487e+02
-3.109350916531919324e+02 -1.095265502053159071e+04 1.457012572329575278e+03
1.884909281327553856e+02 -9.791343960252495890e+03 1.946157060331207958e+03
9.941955347229243216e+02 -1.005676156657356296e+04 1.784078373402528314e+03
-1.436326047640115576e+03 -9.403389229593258278e+03 2.858266264733179014e+03
1.412078686406493944e+03 -1.162935666270715592e+04 8.860132337932702740e+01
-4.746398343941932580e+02 -1.044742920688660888e+04 1.671435355049698046e+03
-2.510068901942436241e+03 -3.328916410578435261e+03 -4.127122433899283351e+03
-4.857687543903816163e+02 -1.033072335659743112e+04 1.839043066436354138e+03
