-5.879053636382273908e+03 -7.887311119510955905e+03 1.897300360766321774e+03
-5.071241094041114366e+02 -1.013757781257305396e+04 3.820882738119220221e+02
-2.393715087014165874e+02 -8.249380771437048679e+03 -1.129370256631854090e+02
6.435074020688401788e+02 -6.870516384999769798e+03 -8.821867920303829180e+01
-9.421005597625102155e+02 -8.473284868539465606e+03 2.961260108613308830e+02
-5.892078303162024895e+03 -6.394968917147930370e+03 1.973376483962430939e+03
-8.580214369066491145e+02 -1.111805646324103691e+04 1.693344179879210003e+02
-2.655905944476832701e+03 -1.001337858416450581e+04 1.064217614258795493e+03
2.477592601550400104e+03 -5.822566040403072293e+03 -1.686987107857528372e+02
-1.353473416183838026e+03 -7.717678007691838502e+03 3.693025241819508665e+03
-9.980999762649096283e+02 -6.462306340609540712e+03 -7.701631056092361405e+02
-3.209912293433119430e+03 -1.563567219566166932e+04 4.199704955172025620e+03
-7.090677049358458817e+02 -1.290449165144569815e+04 8.560772694074072433e+02
-4.501862787364559608e+02 -7.798932686743662998e+03 8.692181262602400693e+01
-1.204357616939407762e+02 -7.941275955974050703e+03 9.839082116079475782e+01
-1.278231479238776046e+03 -9.907971584115877704e+03 2.296425884093243894e+02
-2.109804704495709302e+03 -9.467087389608906960e+03 1.139275887393652965e+03
-1.847324884234657247e+03 -5.557019138432835462e+03 3.748283561164092816e+02
-4.676480975562629283e+03 -1.013571019449807864e+04 1.295747382131127779e+03
8.383632980046281773e+02 -8.213122141678319167e+03 -1.064824864637581868e+03
1.158205907951031861e+02 -9.652186466232578823e+03 -1.242010956699302540e+02
-1.137399992477143314e+03 -1.012862052496145225e+04 3.230932262529904619e+02
3.571329626714214101e+02 -8.933341905544790279e+03 1.587213495245621289e+02
-3.483719233075952161e+03 -1.090485178677241311e+04 1.601726613264598200e+03
1.569809513907727705e+03 -7.976619366204751714e+03 -6.113070099981881640e+02
-8.397283769257253425e+02 -9.183422094597628529e+03 -1.709436595687583633e+02
-4.225286958345396670e+03 -9.458867011437510882e+03 2.113377121252012785e+03
-2.080324568439716677e+04 -4.704146764148957118e+03 -8.520853527161068541e+02
-1.300027879586824383e+03 -8.982836376043744167e+03 5.071163039325041382e+02
-1.065193961532943149e+03 -1.062187669779826865e+04 3.280496084698722825e+01
-2.631665764515957108e+03 -8.284319804242435566e+03 6.712122975503733642e+02
-9.436653868453593077e+02 -9.917721915686921420e+03 9.451881402937989662e+01
-1.197793356131828887e+03 -1.038510600653807887e+04 4.662998129589617520e+02
-6.682038175178676056e+02 -9.534258735870080272e+03 2.416345133634325180e+02
3.019079083959826448e+02 -8.870304132157159984e+03 -1.243677450505001616e+02
-1.250162258034446495e+03 -5.703372963504171821e+03 -3.044703798764243743e+02
-4.261779758455829779e+02 -7.127215990083723227e+03 -1.030885696647686700e+02
-3.359425084603503819e+02 -8.394116202709992649e+03 -1.222019408997111611e+02
4.577048715592131884e+03 -1.088847088811827234e+03 -1.287629066277500897e+03
-1.653900638894722942e+04 -8.465664025965461406e+03 1.139953353040388265e+03
-1.332409000047229256e+03 -7.053887438102179658e+03 4.539307453585888652e+02
-1.168394643258370024e+03 -8.208024364569204408e+03 2.848399553671177955e+02
-9.973692318431020567e+02 -6.333694427214276402e+03 -1.344888916646501912e+03
-1.644809255286901362e+03 -7.731655956757872445e+03 4.301416498204142727e+02
-1.325386539262404085e+03 -8.587950282556434104e+03 6.622407051034329015e+02
-1.461194426289516286e+03 -1.065615878624833567e+04 6.013170242291371324e+02
1.178866116426196413e+03 -8.240693613024384831e+03 2.265609714225116704e+02
-3.139969165231562329e+03 -8.016581872332171770e+03 1.387680829686847346e+03
-2.002943103143840290e+03 -9.920204664637001770e+03 3.986565454317435524e+02
-2.011761088899554352e+03 -1.034433988612429857e+04 6.065179129434717424e+02
-4.606056511817304795e+02 -9.174637809502572054e+03 3.613706485056383144e+00
-8.868947740652454286e+02 -1.292731641606117591e+04 1.368982379863060487e+03
-2.994357467612121582e+02 -9.958597651610740286e+03 -1.053932126185802645e+02
-7.714298315443815000e+02 -9.230240214656461831e+03 -4.408461328866527538e+02
-8.084081866388057733e+02 -7.615992708782350746e+03 1.904407047908088089e+02
-2.831471812078456878e+03 -8.784827494201997979e+03 9.394256381283714745e+02
-8.602840826864826340e+01 -9.187660594499753643e+03 -2.527129696658280977e+01
-1.223302810831383795e+03 -1.027852122622675597e+04 1.522700882882695623e+02
-2.080934238616175662e+02 -7.834005071189353657e+03 2.095704571522206265e+02
-2.400976707923475260e+03 -9.784019769804730458e+03 1.105998902246210037e+03
-2.185696161476232646e+03 -4.928989816230137876e+03 -2.210471091705073377e+03
6.856760429934652734e+00 -9.095149673921758222e+03 -3.010046278137674562e+02
-3.048943887771677055e+02 -8.317669541036017108e+03 -2.481846658165517283e+01
-5.281024933531256465e+03 -7.278117357777923644e+03 1.438811936321630583e+03
-2.046992645562691223e+03 -6.541759064238019164e+03 -2.183363908097291812e+02
-7.565997761729558988e+03 -7.101773895223883301e+03 2.229551603370561679e+03
2.180798741659719781e+03 -9.224255998673883369e+03 -6.312878509761362693e+02
-1.971000382487382922e+03 -9.221221701332824523e+03 5.891328782924442748e+02
-7.244699332723864700e+02 -8.037459271799169073e+03 -7.101386799281158346e+00
-1.087778473584799485e+03 -1.134174927068554098e+04 9.638387987835499189e+02
-2.617083297209866942e+03 -9.607127976014882734e+03 6.411704841255295833e+02
1.110617836744755095e+03 -1.098862284311645271e+04 7.227288206352623092e+02
-1.358513979999762796e+03 -1.270710378046960614e+04 1.203554470200918104e+03
-6.229246748809513292e+02 -8.699136959699028012e+03 8.257381969902002083e+01
-5.518675339257502856e+03 -8.031338619032994757e+03 2.105504555971351238e+03
-2.712142916314760441e+02 -8.072098476784667582e+03 1.737094645543194247e+02
2.773653468063584114e+03 -8.422314652999712052e+03 -9.595744366785232842e+02
1.107760118645892817e+03 -9.520806662650153157e+03 -3.763734273339298397e+02
-9.738759825991346588e+02 -7.670285908766284592e+03 3.825568045648375346e+02
-1.087946563852483223e+03 -1.038112295426569108e+04 2.712258573866081406e+02
-2.182760022727201431e+03 -9.406647779762421123e+03 1.374502603661369903e+03
-1.702315818634078141e+03 -8.912405924525677619e+03 9.323797817587750387e+02
-2.317961137345969291e+03 -1.032677937861156352e+04 2.530565172268045444e+03
-1.095514838446822750e+03 -7.108649891766270230e+03 3.373113178931337643e+03
-2.022770678847536828e+03 -6.978401215859349577e+03 6.736032176186860170e+02
-1.310157540721136229e+02 -7.748301706153059058e+03 -3.990110563296217379e+02
-2.705363181603919656e+03 -9.630264684692376250e+03 7.542062426878727592e+02
-2.910748559225072313e+03 -7.864209171906638403e+03 1.029858267025816986e+03
-5.891594839005699669e+02 -6.341947659704720536e+03 1.680172304091469755e+02
-7.088250435281016735e+02 -9.121026716206562924e+03 5.495806447823781582e+00
7.852763462426001979e+02 -8.858839225753550636e+03 -8.462420224340847881e+02
-4.237510202479083091e+03 -4.174430468777171882e+03 1.205006845700242366e+03
-1.860711641909093487e+03 -8.275299317668681397e+03 1.226552295731728464e+03
-2.410573704234388515e+03 -9.304301605524799015e+03 3.883195004944807351e+03
-1.883843241090801257e+03 -6.761172867771086203e+03 2.095532847505211294e+02
-1.893851647026196360e+03 -8.442706909810043726e+03 1.032150617162447816e+03
-3.099727564592846647e+03 -9.170422024524705193e+03 1.555309888331389629e+03
6.155768194486419134e+02 -8.198983702518036807e+03 -3.661278342640488290e+02
-3.403448655118823808e+03 -1.014226652998955797e+04 1.088297517881737804e+03
-1.081344428950405927e+02 -8.580738884736671025e+03 2.110625992374671682e+02
-8.307336227100985298e+02 -9.181108537841564612e+03 5.456261848660133751e+01
2.827491956320838199e+03 -5.030902210130636377e+03 2.769568284618347320e+02
-8.662358096544425052e+02 -9.638816593033378012e+03 7.006924825100499277e+01
2.267470344436129835e+03 -6.388340420480673856e+03 -1.521111639712981287e+03
-2.547970291028721874e+02 -1.011461311572868181e+04 -1.820975108286202726e+01
-2.061613857893981731e+03 -5.836621372757941572e+03 3.315933020887089697e+03
-2.379052984182031651e+03 -7.145230616676552017e+03 8.777177026096788950e+02
2.957487914147895935e+02 -9.080988049288993352e+03 -1.616658764911570358e+02
-1.585337139694197049e+03 -1.055514553862669709e+04 3.295965920131102393e+02
-9.107271542782299321e+02 -6.069449098573668380e+03 -1.739954883714053949e+03
-3.340559536338050748e+03 -1.110478517249905417e+04 4.142543742196609855e+03
5.538307984862012745e+01 -8.045667168354265414e+03 -1.476421997596964047e+03
-1.287657232995916274e+03 -7.785272012274952431e+03 3.487930938156182492e+02
6.124065167440838877e+02 -9.397894028539922147e+03 -5.720275470243702785e+02
-1.478639078891766758e+03 -9.956046081057160336e+03 3.653575185261872775e+02
-2.267760250266288040e+03 -1.071119706556486381e+04 2.949917934427208365e+03
-8.746945548164057982e+02 -7.731522987420953541e+03 4.024515646006174165e+02
1.541270926001815837e+02 -9.248961206575533652e+03 -4.665493619428025340e+01
-4.661501320923506455e+02 -1.154811172384509337e+04 5.759795124408241236e+02
-8.637971561362193825e+03 -5.764911171536609800e+03 2.136463815469597648e+03
-1.032487477116053697e+03 -1.030059098384971367e+04 1.109728727078276734e+03
-7.235161476753527268e+02 -9.370436544407672045e+03 -7.800057417438915763e+01
-2.299587998984292881e+03 -1.061374573830808913e+04 9.530150469621605680e+02
-1.397850179839433395e+03 -9.137381026541524989e+03 5.840459150321935340e+02
-5.192208724865489557e+02 -1.203792857561137862e+04 6.811215256594164202e+02
-8.026341771037159560e+02 -1.046986538171921711e+04 2.358191795524966778e+02
-1.310118848598222485e+03 -8.300573541275176467e+03 4.334507523478715711e+02
-1.201452007299217485e+03 -7.952778063460754311e+03 4.591580215467403150e+02
9.989467220628043833e+02 -9.102407925150524534e+03 -4.817161069894111733e+02
-2.519139391501101386e+02 -9.481625685842256644e+03 -2.270641696582013935e+01
2.329238273409380326e+02 -9.774109716000388289e+03 -1.308626108980781453e+02
-9.034292039363447202e+02 -8.310352967344324497e+03 -1.241079774296040057e+02
-2.671383295604186515e+03 -7.853303737949561764e+03 1.848273341198917478e+03
-1.139652928937393654e+03 -7.817650439461740461e+03 3.884468426541296822e+02
-1.875679427897310916e+02 -8.603410244847256763e+03 -1.113084033274257365e+02
-5.317397646277291642e+03 -1.242049291901159995e+04 4.432741786379005134e+03
-1.955347362316507315e+03 -9.699168066875850855e+03 4.632430240108069484e+02
-6.124939763248790996e+02 -9.948121307132903894e+03 4.249890442581288852e+01
-6.816096882199781248e+02 -9.980928191204558971e+03 2.333113868243155480e+02
-1.227988298248989622e+03 -8.321979401149244950e+03 2.216017230137902061e+02
-1.824768643858513315e+03 -1.134314555617203587e+04 1.416705212056684559e+03
-1.954993491208421119e+03 -9.987770954221985448e+03 8.184616537579781834e+02
-9.172551475545552648e+02 -8.197104379162821715e+03 -2.767860856873298872e+02
-9.551559847172356967e+02 -7.997062063258090348e+03 1.040372962360217741e+02
2.040176989081620377e+03 -7.439392928183162439e+03 7.249263311077113485e+02
4.403534173007451500e+02 -9.197832226857071873e+03 -3.518411507620708107e+02
-1.657243553078334116e+03 -9.167778031708072376e+03 7.176081825067800537e+02
-7.728378346054967096e+02 -1.012423657396971248e+04 1.067956600661867839e+02
-1.159858154476339905e+03 -7.610391005680558010e+03 4.889129927240935558e+02
5.536594490686120480e+02 -9.010768777188539389e+03 -2.979790722504779410e+02
-7.214758662630847539e+02 -9.590759041212932061e+03 -3.984420832153996628e+01
5.688492327291166930e+02 -9.014373255938047805e+03 -2.078518562675240560e+02
-3.345707370918101333e+03 -1.067303221128436417e+04 3.956234332910358262e+03
5.016317782791467835e+03 1.283626984607797021e+04 -4.516618619318848687e+03
-1.038967473497660421e+03 -1.015166707904629220e+04 7.338799162828578346e+02
2.833925194666592233e+02 -9.923976619480212321e+03 -2.309558504882392640e+02
-2.077418196885931138e+03 -1.140334212232436766e+04 5.536325357576965871e+02
-3.775469963355466803e+02 -9.528949446701497436e+03 -4.402372128403114715e+01
-4.483806386632156773e+02 -7.577368718335492304e+03 2.120102801293295443e+02
-9.787796969692566336e+02 -9.302904219430385638e+03 3.651338392157332464e+02
-8.327014742012120223e+02 -8.437018806085296092e+03 4.445129578162408279e+02
5.864134162567792146e+02 -9.437286724894282088e+03 -2.080593321254371517e+02
-1.517978063889101804e+03 -7.758671656029428050e+03 1.905469236122265215e+02
-1.562691229070888767e+03 -6.759292207457066979e+03 8.323569361012857826e+01
-1.523122039256114704e+02 -1.038327226245592283e+04 -1.233354634916162240e+02
-1.534025148554603902e+03 -9.755839557549059464e+03 3.137404866395934846e+02
-4.152643324690997360e+03 -5.571108963115229017e+03 3.762454882387600264e+03
-5.641266270218949330e+02 -9.197362576816363799e+03 2.051040185561910789e+02
-1.643999363019020620e+03 -5.740404793566019180e+03 1.009983527085458377e+03
-1.830212069620622515e+02 -8.329017708332887196e+03 2.729742612081759034e+01
9.961903666703294675e+02 -4.746056818016968464e+03 -1.135827931167793167e+03
-1.414807693508614193e+03 -9.747725806185499096e+03 4.541576811157443672e+02
5.333055510295239401e+02 -8.314067843616410755e+03 -2.263893810502829638e+02
-4.610876918361183925e+03 -4.790326543974747437e+03 1.884354163297903597e+03
1.055403048689509524e+04 8.442746179293852038e+03 -2.747365002064884266e+03
-1.889788879790824240e+03 -2.076230754041247565e+03 2.015410041101640104e+02
-1.801580469508786791e+03 -1.085483795602926148e+04 2.718858794968682105e+03
5.290040341240251109e+01 -8.203214953195152702e+03 1.802671251708295586e+01
-2.902993908589465264e+03 -8.983213734787588692e+03 1.322404594514067867e+03
-9.561096630200029267e+02 -9.696739441682839242e+03 1.856896906139542978e+02
-8.413602944213948831e+02 -1.099715576912299002e+04 3.387473483050949312e+02
-1.221793987599013462e+03 -8.773660187853598472e+03 6.216580971877189086e+02
-1.111187319972269506e+03 -7.346088546388039504e+03 -7.393476720824212407e+02
-3.573839076742960970e+03 -8.754391706308575522e+03 8.188163178170391348e+02
-9.513280853664625738e+02 -1.025952295309919282e+04 1.367427348071243614e+03
4.522320282266960021e+02 -8.953718065932160243e+03 -5.038179930783809368e+02
6.803106999908657144e+02 -6.858270301921979808e+03 -2.384605519932973948e+03
-3.793060879165134793e+03 -8.373787640286645910e+03 1.416890080944174088e+03
7.089075497618298414e+02 -1.203841499589836349e+04 1.036048152354375134e+03
-2.100728559569433855e+02 -9.589092739494140915e+03 -4.664470598861008455e+01
6.255152960573188921e+02 -1.047241213036031695e+04 -6.137342987414837125e+02
-4.713966030261844026e+03 -1.253130146030274773e+04 2.450703916917744209e+03
6.285491303464585826e+02 -1.045968604139703348e+04 -3.760577075701514218e+02
-3.621435442362951562e+02 -8.174279528051725720e+03 4.538259712613549368e+02
-4.858729900902142617e+03 -1.035770171098762512e+04 5.115156461414600017e+03
-1.549435240841125506e+03 -7.518918508829500752e+03 5.573968871718985838e+02
-2.011277666986268287e+01 -8.964359708627207510e+03 -3.142872918735494636e+02
-6.271562360628225861e+02 -9.372942336087022341e+03 3.085589868446990636e+02
-5.318631225625022125e+03 -1.035811583624134983e+04 2.381013683684778243e+03
-1.153636548519721146e+03 -8.473511807572596808e+03 4.182586644497521320e+02
4.881433188390017222e+02 -8.929420914374419226e+03 -1.780779758696139083e+02
-3.579153286473885146e+03 -6.263854626530810492e+03 3.793034234925208921e+02
5.292518440469507368e+01 -6.096278872927518023e+03 5.852626127179383957e+02
-4.907278192220271194e+03 4.489680552617059561e+02 9.363628113056651046e+02
9.219848421381254866e+01 -9.558233546191628193e+03 -2.005382347380879082e+02
-7.613135334620201320e+02 -7.512137409694946655e+03 5.169755775144601557e+02
-7.350805231876327070e+02 -8.595545355921138253e+03 3.695126572301543888e+02
-2.248862601184292998e+03 -1.068560649218032268e+04 7.218395419814033858e+02
-1.814329099479851948e+03 -8.565291708152036563e+02 -1.439270245602768227e+03
-1.492093515092636608e+03 -7.941784280541442058e+03 6.487414674788363982e+02
-3.998399042364134402e+03 -7.120684558128453318e+03 1.681345241621895184e+03
-6.331148232439221829e+03 -1.188339816012387382e+04 3.416393790675763739e+03
-1.271824591799768314e+03 -9.056066013465971992e+03 2.989382339283644114e+02
-1.199616150939163163e+03 -9.100185463511974376e+03 2.877139024543242272e+02
-1.369276314558825561e+03 -9.878836825889449756e+03 1.139831701596953053e+02
-2.704981550418035567e+03 -1.024938324099386773e+04 1.574643559552878742e+03
2.173534230319028779e+02 -9.229956353112558645e+03 -3.496148852242454836e+02
-6.771333734253664716e+02 -7.748507601360432091e+03 4.324230630867205036e+02
-9.603726061230787536e+02 -5.726286239990809008e+03 -1.638597062792804081e+03
-8.947131993908313234e+03 -1.059491519966171290e+04 2.672057532920352969e+03
1.947094260352969741e+03 -1.141481124769039707e+04 3.868848252549362769e+03
-1.366245256178958698e+02 -8.416947157224869443e+03 5.432887207172143462e+01
-1.081443822300987676e+03 -7.584503771595997023e+03 8.999917689330653729e+02
-1.038496749532635022e+03 -7.732483086169653689e+03 1.831531244192652821e+02
-3.057390588770487739e+03 -1.073844330972881835e+04 1.246066953324602764e+03
6.322502897022194475e+02 -9.209145887683254841e+03 -5.061460253690274840e+02
-2.870747766708379459e+03 -9.459560744586542569e+03 6.843828338795456148e+02
-2.834821087537687163e+03 -1.036315149283794381e+04 1.360832004554210926e+03
-2.858172857865115475e+02 -9.564298265900009937e+03 -1.674942809811405198e+01
-1.046879158099754932e+03 -1.117779635804907957e+04 6.048776352576646786e+02
-2.724776734546636021e+02 -7.880807402835176617e+03 -1.272933253364194854e+02
6.687447295378751733e+02 -9.172350076104359687e+03 -3.475732036224059129e+02
-3.885525684844761145e+03 -4.529262543823158012e+03 -2.408624062869877775e+02
-1.432877408338990335e+03 -9.383207629117077886e+03 3.480529486503128282e+02
-1.916880213923922838e+03 -7.601447535643254014e+03 9.123286491395555231e+02
-2.182889496667773983e+03 -9.578359702114055835e+03 5.266300262751560695e+02
-3.496390594444381804e+03 -1.079220580021025307e+04 1.229853219168552187e+03
-1.124711688840371153e+03 -9.167084851908948622e+03 2.593323421336481829e+02
4.832531218974115745e+02 -7.249702148564979325e+03 -1.831756724941714083e+02
-4.576389949842966871e+02 -9.001546489754702634e+03 -4.235818344220010090e+02
-1.021742750344643468e+03 -7.690187692781742044e+03 1.012259216906213055e+02
4.114528905442975883e+02 -8.786392657047481407e+03 -2.101758964694226961e+02
4.529478725440405924e+02 -8.018596659588686634e+03 -5.381271273009632523e+02
3.616546862828427606e+02 -9.738532994197286826e+03 -2.653266298787413575e+02
-1.013532678442824135e+03 -7.526305190154752381e+03 7.024177921794760096e+02
-9.582825436083159047e+02 -9.362284780525402311e+03 2.478224759478181340e+02
-4.768744675357311280e+03 2.264927287375305241e+03 4.906753982676759165e+02
-8.592928604691032888e+02 -1.018322310830719834e+04 5.222363830114509256e+02
-4.577288639957407668e+02 -8.461696452213245720e+03 8.894156043779230458e+01
-1.020241505713921129e+02 -8.473553810323455764e+03 -2.771885106873094173e+02
3.777755928037574904e+02 -9.242924657977748211e+03 -3.947137341554105774e+02
8.249001373213786792e+00 -8.202379430596776729e+03 1.083090098397838119e+02
4.116843657038299398e+01 -8.380125393295191316e+03 -7.104014483058642782e+02
5.791154054322431648e+02 -7.172909946528277032e+03 -5.799801668813712467e+02
-3.187557874081087448e+02 -7.764542534286838418e+03 5.640347467988601693e+01
-1.982350481949118148e+03 -9.598165902172115238e+03 -3.563142849909979759e+00
-8.145053190563195358e+02 -8.920680068292280339e+03 -4.667043045713342764e+01
1.288651546555847460e+02 -1.042567687722576375e+04 -1.845105162079347849e+02
-4.182452347887237920e+01 -8.488010097440866957e+03 -2.611288845271168384e+02
7.284499245360370878e+01 -8.672525497356085907e+03 -3.250331443655981047e+02
-3.569252500982716469e+02 -8.465395562604990118e+03 -1.679519698682125295e+02
-3.837961428722405799e+02 -9.832183318058469013e+03 -1.660125499736582810e+01
2.328308346504231849e+02 -9.186856386298031794e+03 -2.463328197625618827e+02
-8.544636828759493028e+02 -1.038099067361628477e+04 3.899934687144417467e+02
-1.169976793549246850e+03 -8.599609100328249042e+03 -5.204511666312264140e+01
-5.612266343267006960e+03 -9.486389526440472764e+03 2.138867701468986525e+03
-1.971457441179130228e+03 -9.785677848202554742e+03 9.062294345769007577e+02
-1.230862149652620928e+03 -9.412100914083188400e+03 2.152673464682936242e+02
6.565819489524238861e+02 -7.826993836448160437e+03 -3.887830373641252777e+02
-3.782083552171006886e+02 -8.265215449244864431e+03 -8.545434208788094566e+01
-6.483478072404735030e+03 -6.898679183392594496e+03 3.207991977125625908e+03
-8.237924899709071269e+01 -8.445024797097405099e+03 -4.829126684478052880e+02
-1.007131662852774298e+03 -1.040470978789924629e+04 2.101785135807418783e+02
-2.978531118268324462e+03 -8.977542259539866791e+03 9.231878544749170032e+02
-5.245218508549382932e+03 -8.924300395298847434e+03 2.039972291342422068e+03
-1.881895916738469168e+03 -1.079351781907399345e+04 2.792003240540483148e+03
-3.908318421847129684e+03 -6.441967802557009236e+03 1.524025407281770640e+03
6.702004712305381418e+01 -8.917747859405028066e+03 -1.727763650174691179e+02
5.178520651022476522e+04 7.508249188965180656e+04 -7.282369794744948194e+03
-6.909595827455634662e+02 -8.743279557541372924e+03 1.141451385595292578e+02
-2.612055125730007603e+02 -1.009835581217012987e+04 -2.273692120026341001e+02
-5.526820959986962407e+02 -8.522206615206712740e+03 -1.862081373982550758e+02
-4.599052427928343150e+02 -8.208588467462232074e+03 1.390596199039047178e+02
-1.337931825411269529e+02 -6.357066991493415117e+03 -1.953453224090238564e+03
1.722259644131629557e+02 -7.297423498461914278e+03 -5.434534415927441842e+02
7.388197930149328840e+01 -9.846240696924804070e+03 -2.043841487951084730e+02
-6.963196022134281975e+02 -8.282380856946738277e+03 4.922598651363245494e+02
-2.711242441876732983e+02 -8.949796252950554845e+03 -5.411936338242542206e+02
-2.580367045498064726e+01 -9.157775580617417290e+03 -2.163993564675982100e+02
7.467414099889258523e+02 -9.057690848938666022e+03 -3.299292301961471594e+02
-3.435298283292366250e+03 -8.251998849326164418e+03 1.607295618220012784e+03
-5.516169014479891075e+02 -7.227029409048503112e+03 -7.367514257293405535e+02
-2.806420843828449961e+03 -7.252428164005879808e+03 1.012749323129193044e+03
-4.419902069421058854e+02 -8.845310930758150789e+03 1.654100369725708219e+01
-3.569248196426575532e+02 -9.384195079040899145e+03 2.369423149673194757e+02
-1.733204744318232770e+03 -8.334026181306198851e+03 8.827974643670481782e+02
7.497600681667147171e+01 -1.097966849452422503e+04 5.622703900116266595e+01
-1.153565462028456750e+03 -7.869041370948702024e+03 5.284506749162408141e+02
-1.010864067303383308e+03 -9.527288587214839936e+03 2.060918576288717361e+02
-2.699095459550222742e+01 -1.042639479643083723e+04 -3.587396166234821635e+02
5.758542622896615057e+02 -9.227862723255018864e+03 -4.214978798447331769e+02
-1.129740133700966544e+04 -2.780576189193331174e+03 1.778598066708205806e+03
8.567132441671083143e+01 -8.193805519552492115e+03 1.441616499118481443e+02
-7.815435036969342946e+03 -9.093270125315271798e+03 4.755174268395685431e+03
-1.447229768619548622e+03 -9.963034331475799263e+03 3.661221290074449826e+02
-1.174656716073219968e+03 -1.326817430505444645e+04 1.890361988641823245e+03
-3.429720068596600413e+01 -1.011335712776630680e+04 -1.370264572197733344e+01
-7.416914025130433856e+02 -9.331658192931805388e+03 7.798671614870235658e+01
2.245098893610401660e+02 -8.250289040397139615e+03 -2.352740228951163033e+02
-1.096522385076635601e+03 -9.944532591890796539e+03 3.382261519315750888e+02
-1.273508905918940172e+03 -1.282021791399849099e+04 1.128287927309178031e+03
-9.765972049009353213e+03 -2.065065220852853599e+03 2.209318159188255777e+03
-1.922995274119241230e+03 -8.267385286832939528e+03 4.734863696548361531e+02
-3.426994222013950093e+02 -8.094248633043445807e+03 3.464959160310277753e+02
-4.387641775967518697e+03 -1.095155037873244510e+04 1.880341089504674528e+03
3.686201785963728526e+02 -9.271036876512460367e+03 -3.093549517735075938e+02
-1.391687154345170029e+03 -9.927342645349946906e+03 1.831829240535230383e+02
-4.720299002409784350e+01 -9.386760184844435571e+03 -1.236330151097425301e+01
-2.210223091714475231e+03 -9.488138973307190099e+03 1.249388967298068565e+03
5.414063936586263480e+03 2.045742386089525553e+03 -3.804732717052411317e+03
-1.310828394153671979e+03 -1.015026328767817176e+04 4.242243909896353671e+02
-1.484565429059238340e+03 -7.404942316623690203e+03 3.249467790227476485e+02
-2.892064121441884254e+03 -8.984894729854519028e+03 6.892153898986844069e+03
-3.937852874101690759e+01 -7.499151284118358490e+03 -3.317052052996631346e+02
1.736588895239458679e+03 -9.173095948085998316e+03 -1.656161749617792793e+02
-6.291034036319545066e+02 -9.514984292859715424e+03 3.683485891646427035e+01
-2.416879592902751938e+03 -6.270611567422846747e+03 3.151485802895100278e+03
-1.276536813649026590e+04 -2.015168247066598633e+04 2.221432061374931436e+03
-6.952868731490750179e+03 -8.709414379740230288e+03 1.576411658157798684e+03
-1.379087441204683046e+03 -8.941442358917791353e+03 6.986756952315337230e+02
-1.601915045405513865e+03 -1.109975648714602721e+04 6.861708633187025725e+02
-4.091343113454831837e+03 -7.359805940852736057e+03 1.390808587928881934e+03
-1.178543841986786674e+03 -9.823069374805139887e+03 2.204897736494039009e+02
-2.544279561431374987e+03 -8.072249963064218719e+03 2.175866860372415886e+03
-2.357434094222084582e+02 -8.925027157125839949e+03 -2.544097223960496024e+02
-8.520105693819297812e+03 -2.995028277390289986e+03 7.036292364893682816e+02
-1.754589970204480096e+02 -7.734813196863718986e+03 1.535196264103500994e+02
-8.136002707570128223e+00 -9.994995476351818070e+03 2.626075405244544072e+02
-4.348891167391782801e+03 -1.137346345013218343e+04 2.331755964571763798e+03
2.384431837281961180e+02 -8.769930419667281967e+03 5.642849539309293050e+01
1.703779987478338853e+02 -9.001010279459122103e+03 -1.996808590432352730e+02
5.955483025964617809e+02 -9.055772016437276761e+03 -3.360621931206758291e+02
2.904196162963039569e+02 -8.664543610055228783e+03 -6.606293072847597614e+01
-1.815602892601682470e+02 -9.267754336238429460e+03 -1.159392544856821985e+02
-8.255215730112607844e+02 -9.254389313865387521e+03 -2.278246446248255950e+02
-2.075174544259600680e+03 -8.686855588922160678e+03 2.821085075535325814e+03
4.178369723346256251e+03 -4.149019762723570466e+02 -3.579760927936114513e+03
-8.121417206173234717e+02 -1.010467472324115624e+04 -1.515438811505063654e+02
-2.892365604232958276e+01 -1.069571913558792403e+04 1.584038518303242995e+02
8.212548701068621995e+02 -8.791569366067924420e+03 -3.511677546984338960e+02
-8.230447417169983964e+03 -6.109463522731780358e+03 1.594285847594167535e+03
-6.215314634112739895e+02 -9.810787374994604761e+03 1.034309601341108902e+02
-2.287173987070989369e+03 -6.440841159405599683e+03 3.167913979753905664e+02
1.767943385790172215e+02 -8.629376113610827815e+03 -1.553888519061868010e+02
-1.600333634181274419e+03 -7.532766815446064356e+03 8.743868675697842718e+02
-1.536703390578717517e+03 -7.420814061017158565e+03 3.694586790533778071e+02
-1.283940337171658939e+03 -8.861555749120961991e+03 4.952629563608252283e+02
7.053621613565757116e+02 -9.379111090473583317e+03 -5.117649460373080501e+02
3.371115993070343393e+02 -8.204515501086892982e+03 -1.860055892209305739e+02
-1.528613448950795600e+03 -7.365636818148993370e+03 5.530078878124677431e+02
2.288707914831492189e+02 -9.717106442595293629e+03 -1.271379011442719786e+02
3.646932788979645466e+02 -9.008642275032056205e+03 7.906454233325200676e+01
-1.276939552160725952e+03 -8.688633935344583733e+03 2.427947575960366464e+02
-1.423599611862028723e+03 -8.576043705583482733e+03 3.579893607774401403e+02
-6.519699253128354030e+03 -2.609831567381014793e+03 -4.522651077094032530e+02
-2.162418624700589135e+03 -5.041836359472063123e+03 -6.099831265248470800e+02
-3.132807738313623531e+02 -8.689042016524290375e+03 -1.860982230458489823e+02
-9.299149780081987046e+03 -7.070701743206618630e+03 2.236657362665468099e+03
-2.552442127804179108e+02 -7.237390210177701192e+03 -3.776451293888923146e+02
-3.335425566925191561e+02 -1.042114113423438357e+04 -8.093751578851282602e+00
-6.957706721267411012e+03 2.875126540980143091e+03 -7.582659135018034249e+02
-9.750598138425311845e+01 -9.441406894410129098e+03 -5.148742837013209055e+02
-2.274983016159487192e+02 -1.036347069326198471e+04 -1.551182283726814148e+01
-2.046922853272903694e+03 -9.634492654713250886e+03 1.109719174368233325e+03
-1.346649773488833489e+03 -7.747997990153002320e+03 4.732847095424571648e+02
-4.412143803693846849e+02 -7.586996520712412348e+03 -5.244963758915980634e+02
-1.218063620090736549e+04 -8.684796718014125872e+03 4.866181719196748645e+02
3.290825424070944791e+02 -8.038343184986085362e+03 -3.852134433084647185e+02
-2.542955805368999620e+02 -1.051384131940644329e+04 -1.938866001302378095e+02
-6.580458905050249996e+02 -8.724040996815998369e+03 -1.187039013391500646e+02
-5.568180171668918774e+02 -1.233896908078563138e+04 1.916470935622347042e+03
-9.478755278374059117e+02 -8.402686130395892178e+03 2.215026893565583634e+02
-1.860643448063750384e+03 -7.576705434872988008e+03 9.219035481772216372e+02
4.119139997291529198e+02 -9.338190171855696462e+03 -2.661528176529242273e+01
-1.129077041061525961e+03 -9.483088402435434546e+03 5.974568242252205437e+02
-7.066603614823054613e+02 -9.524631502623762572e+03 -5.853761403167914068e+01
-1.856007308201549222e+02 -8.652920714718269664e+03 2.027378653911263768e+02
1.638892474138112902e+02 -8.064773185534724689e+03 -4.137407124797293250e+02
-6.881575988541562765e+02 -1.050683664928312646e+04 -2.672249470928383630e+02
-1.894116912214990407e+03 -7.957328847796636182e+03 5.468327324131946625e+02
-2.264057317029743899e+03 -8.247757924896388431e+03 1.305849516362824716e+03
2.365359601778599199e+02 -9.002809340778407204e+03 -3.238203436666994435e+02
-4.572766725954224967e+03 -8.896745808158857471e+03 1.052642768456701788e+03
-1.440302099892164733e+03 -9.128855219852695882e+03 3.741297924841435361e+02
-1.108883655888768544e+03 -1.157443918949914951e+04 -1.354145380779312404e+02
-1.028246041972131707e+03 -1.065283773426198059e+04 1.897554599513846654e+02
-8.254231202333123292e+03 -7.854759799788494092e+03 1.876101852833652174e+03
-9.487101191030394602e+02 -7.413219002907987488e+03 2.342641607541920052e+02
1.466955231938892211e+03 -8.822206458790928082e+03 -1.650081237555104110e+02
-2.660101331717803077e+03 -9.697873395849335793e+03 3.653317440054173630e+02
-8.243684372800761366e+02 -1.082890377540248846e+04 5.157405122781947284e+02
2.544234952290816182e+03 -7.411770866204022241e+03 3.043155461518007883e+02
-9.456356795674822934e+03 -7.885651783163633809e+03 1.711985432622428561e+03
-6.377105901957535934e+03 -9.189288403990103689e+03 2.327111761839497376e+03
-2.838735529647599378e+03 -8.850343729868869559e+03 2.478616008636660354e+03
-9.374553750687044840e+02 -6.358851237977551136e+03 -9.614525607411146666e+02
6.979352402259856945e+02 -8.715542995992958822e+03 -5.552912257714797306e+02
-4.389659165392546925e+02 -8.672450377433713584e+03 -1.448251692085352147e+02
-9.053912499870782995e+03 -8.598694754341157022e+03 2.371100986424868097e+03
4.343504412305284177e+02 -3.950001443378433578e+03 1.789938135636743937e+02
-4.032370905784330262e+02 -4.156640851189564273e+03 -1.261173014706557069e+03
-9.285987066690286156e+03 -3.424429964741271306e+03 1.941783543378890613e+02
-1.383514648748079480e+03 -1.004369593752565015e+04 2.731859406875770446e+02
4.948204775583137689e+02 -1.125730759064301856e+04 2.406596328083366245e+02
6.634000121203951039e+01 -1.081318269533232524e+04 1.051289976834392519e+02
1.245947403629090786e+02 -8.468538407231126257e+03 7.150543560604546656e+00
-1.254558686947731076e+03 -6.956048915700141151e+03 4.339416664858007948e+02
-1.390984885789895543e+03 -9.693291905416537702e+03 4.632465321710251374e+02
4.765790447707687235e+03 -7.415023303644942644e+03 -1.881235629190999816e+02
-7.791239143054513079e+03 -6.880703032483294919e+03 1.459722055218163860e+03
-2.030898169786514700e+03 -8.639689104754090295e+03 5.184545527396485340e+02
-4.281074670199708976e+01 -9.870853844483041030e+03 -3.595670648861982954e+00
-4.686368889070719888e+03 -6.151029838405619557e+03 1.187687809206280917e+03
-1.339574817310348863e+03 -9.934550303550193348e+03 1.718627728033915218e+02
-1.507748478590032391e+03 -1.066643014614024287e+04 2.791150388848233888e+03
4.826205534921108438e+02 -8.462479387764589774e+03 -2.165831812001952130e+02
-2.486450447456032634e+03 -5.699081510712564523e+03 2.251203153058207249e+02
2.171394116950853913e+03 -1.005962154698727682e+04 3.763062038906340945e+01
-1.061728643032777882e+03 -7.814190242052900430e+03 8.491749045870875534e+01
3.507777474110314415e+02 -7.927724329436938206e+03 -1.829295018849516055e+02
-1.286218739626647903e+03 -9.024914871067087006e+03 3.424363922777000084e+02
5.933625870996820595e+00 -7.962776653832228476e+03 -1.604259974137298741e+02
-2.006570010757234741e+03 -7.671090729585444024e+03 9.030835328310890873e+02
2.314921111741357436e+02 -8.196055686632043944e+03 -7.300569197869288018e+01
-9.311875024138889785e+02 -9.274020798630328500e+03 1.843333360170080368e+02
-1.508486736554395520e+03 -9.034081962438587652e+03 2.919678024282294473e+02
-5.480273005678760683e+02 -9.189618194748094538e+03 -1.628068243702495010e+02
-1.664613971188973437e+03 -7.656320669419248588e+03 1.493742815834386022e+02
8.844377540209075050e+01 -9.727927554923206117e+03 -1.316475291630774223e+02
-1.238349018550571145e+03 -8.637052118449511909e+03 1.674095182694294124e+02
-1.844992762997708269e+01 -7.895436079875908035e+03 -3.405828698331139890e+02
-7.239443596463052017e+02 -1.036041649026177583e+04 3.369416670822237734e+02
1.446706240178646340e+03 -7.466365107577500567e+03 -7.748928603562883382e+02
-5.122367876009161591e+01 -7.951048985364325745e+03 -1.037130538365109942e+02
-4.646434311548959158e+03 -9.223788172225918970e+03 1.062272452697255403e+03
-7.379910047953219419e+02 -7.484871620141988387e+03 3.795220085778871635e+02
-2.708659799285600457e+03 -1.163928911073878407e+04 3.098096335474964690e+03
-7.665521317042371265e+02 -9.024972696811544665e+03 9.696494106579744710e+01
1.256643758041485853e+03 -9.719260398208924016e+03 -2.329863626207694267e+02
-1.062179536398306936e+03 -7.210693400465066588e+03 1.788616791949103799e+02
-3.762166905919804094e+02 -1.013094848860810635e+04 6.876959921094883299e+00
-4.150322284649505491e+02 -6.606702999551685934e+03 -6.488434822814567724e+02
-3.871402322575747803e+02 -8.316548717665096774e+03 9.298392376282286023e+02
-1.451152114789284269e+03 -8.528710148788732113e+03 2.577323027304594234e+02
-1.536348889239231994e+02 -8.336022752159000447e+03 3.245518560424437737e+02
-2.072959536864047550e+03 -1.022667559947552581e+04 9.924671333404984352e+02
-1.537387077051285814e+03 -8.080521122917064531e+03 9.467769719141784890e+01
-1.243408728635361513e+03 -7.346235876422812908e+03 1.970624378034003144e+02
-1.759630026780612752e+03 -7.036981886076117007e+03 3.897793846438294167e+02
1.907831384673295361e+01 -8.094563806286121689e+03 -2.439738929867402817e+02
-4.871374275873554325e+02 -8.245496000675733740e+03 4.664356659586511569e+02
-4.819111477144241462e+02 -1.069144162946329016e+04 -1.398164187174233746e+02
-2.575473941221409859e+03 -1.083167308247646724e+04 4.553232796068034986e+03
-1.117093261068695028e+03 -8.534179077842991319e+03 3.485178405877175010e+02
-9.698596975611959579e+02 -7.845467422843924396e+03 4.293425235948512864e+02
-5.166698141958720953e+03 -4.685450780191104059e+03 1.476549846962033826e+03
-1.123641490972975816e+03 -8.013668346666393518e+03 4.505735961352137338e+02
1.385506843431467132e+02 -7.930796835210026074e+03 -7.525687262136989375e+01
-1.371439732863532072e+03 -9.988965675789848319e+03 3.676422246217111933e+02
-6.987573027420648941e+02 -9.244304005461908673e+03 -1.481879234447887939e+00
-1.793624334580501682e+03 -5.628653234434206752e+03 -1.869354050491554290e+03
-8.281826952914083222e+02 -9.300784155203418777e+03 3.829400009871470161e+02
-2.129859833860596154e+03 -9.225854922075135619e+03 2.447834830856723329e+03
2.340835478837509527e+02 -5.441326408292795350e+03 -3.219234052439629068e+03
9.014509481048094131e-01 -1.258335077998285124e+04 9.008291921570597651e+02
-3.272252969895982346e+02 -8.707199151439359412e+03 -3.551120598048366332e+02
-8.598691660759037404e+03 -5.314727498750716222e+03 1.201739223892016298e+03
-1.081337311025261897e+03 -8.411791620947653428e+03 5.797799328140893067e+02
-5.789008481877754093e+02 -1.130833875286612783e+04 -1.372804220413506187e+02
-4.053322497329115322e+03 -1.038508386382537356e+04 2.467701294017012515e+03
3.736622181862976504e+02 -6.840794556330709383e+03 -9.695189012150190138e+02
-2.506908058900186006e+03 -8.472636631955023404e+03 1.048952255644343950e+03
3.782242093953391304e+02 -8.607727425268334628e+03 -2.271969610580527785e+02
-1.012779721883769639e+03 -1.355025145369559868e+04 1.682601809279823556e+03
3.562832737795542926e+01 -9.161324125674882453e+03 -1.144365553396332302e+02
-2.358315604704593170e+03 -7.820422828141547143e+03 1.287472149894080530e+03
-1.588052398443775246e+03 -1.233830756501826727e+04 3.813726335727252717e+03
-1.061477204334598810e+02 -8.900481547713709006e+03 1.430423612918510230e+02
9.697949105526762992e+01 -9.046664141697139712e+03 -4.860417046846229141e+02
-4.224260519852583684e+02 -9.853926054388099146e+03 -3.052023211581969520e+01
2.419875862685585162e+02 -8.273367965808158260e+03 -3.007442144183252140e+02
3.621465121446145758e+02 -9.233154512607085053e+03 -4.203999211483192084e+02
3.243481461668191059e+02 -8.765119087698405565e+03 -3.023840127678749354e+02
9.289427267290247414e+01 -1.057781852815798629e+04 -4.603084141615082103e+01
-1.396820779980276484e+03 -8.936821320250885037e+03 4.591711938064244123e+02
-6.635744816228316267e+02 -6.240893522707408920e+03 -1.424898563587307308e+03
2.114393674367331641e+02 -8.149976941529316719e+03 -1.481545017933810868e+02
-9.029175561750023462e+02 -6.094372754688565692e+03 -1.304095954979097314e+03
2.178985227149368029e+02 -6.214339074771083688e+03 -1.104085705829799508e+03
-2.646017350917299609e+03 -7.608421832371416713e+03 1.131136720234678933e+03
-1.916857954126820914e+03 -5.240001580325689247e+03 -3.909554819901557039e+02
-2.955543727557222610e+03 -5.230642554062849740e+03 -3.354554588362141203e+02
-8.190982074572032161e+02 -5.404159009096340014e+03 2.892139679085753414e+02
3.140190883525740901e+03 -5.517278024047922372e+03 -4.542954294794400312e+02
3.802536323487574919e+03 -7.714689649527208530e+03 -4.943056306252366085e+03
-2.077118960277165570e+03 -5.492972587784652205e+03 -5.236219446199376080e+02
-3.155581617166203614e+03 -6.152501771182535776e+03 -1.409355125273675867e+03
-2.331097522510939598e+03 -5.518707911998300915e+03 -6.022282947989026525e+02
-7.683583666243533798e+02 -4.288259676893557298e+03 -4.767574389927522702e+02
-3.015409082506779669e+03 -5.019558916352349115e+03 -3.084511162422249981e+02
-2.900517465282229750e+03 -5.046462793141342445e+03 -5.543958485143239159e+02
-2.010260915457588453e+03 -5.985888016998796047e+03 -7.742843358168448731e+02
-2.306908325150884139e+03 -5.046842416743555987e+03 -2.875365964022419121e+02
-2.071379670841681673e+03 -5.246742899902146746e+03 -6.818730739720474503e+02
-2.346070916313049111e+03 -5.843618300375046601e+03 -9.094801799385746790e+02
-4.211938297294771473e+03 -4.158614747761132094e+03 -1.010672020901009432e+03
-2.454580686077142673e+03 -5.650279762702485641e+03 -5.497644535576176850e+02
-2.088721023367756516e+03 -5.140705842756533457e+03 -9.115400138937377505e+02
-3.381830923205174258e+03 -6.902460359286356834e+03 -2.941006365171435846e+03
-2.326066721142884944e+03 -5.746675755490748998e+03 -7.820596871828663552e+02
-1.843296748439798648e+03 -5.338003535175740581e+03 -1.100445456670148587e+03
-3.470476220032983292e+03 -7.426350811647070259e+03 -3.314451135920286561e+03
-1.955250258477085936e+03 -5.910229246875124772e+03 -9.056198268341906896e+02
-2.576038706327901309e+03 -5.681973930232118619e+03 -3.140989507410354236e+03
-2.668928440691079231e+03 -4.798180301619220700e+03 -5.018847260993580903e+02
-2.707376363802744436e+03 -8.865004913899259918e+03 -5.637867915179537704e+03
-2.606787627139680353e+03 -6.194553132109647777e+03 -1.148195647445705390e+03
-2.604227752275810417e+03 -5.324178988438522538e+03 -1.656085782291317628e+03
-2.168247127112455019e+03 -5.262457573330976629e+03 -7.607846817236912784e+02
-2.196673705288700603e+03 -4.875338094534936317e+03 -1.225679752376680881e+03
2.993531494926170922e+02 -6.410804367220363019e+03 -3.119330765949034685e+03
-3.152015616062943081e+03 -6.370457927380520232e+03 -2.854116607788402689e+03
-4.285873615914342736e+03 -7.196703311860531358e+03 -3.275150013807635332e+03
-2.759681499069677102e+03 -4.897729019702457663e+03 -9.385874720079768849e+02
-5.411300371413017274e+03 -6.037401734244631371e+03 -3.279396875452315726e+03
-2.729134994350662055e+03 -1.049504435494770951e+04 -6.232506099138695390e+03
3.196400701219715302e+03 -7.220178039671625811e+03 -3.983240223530006006e+03
6.500190592880167060e+03 -1.052863520471920128e+04 -4.863682194748510483e+03
-1.188156571321412684e+03 -4.849676486639319592e+03 -1.046602337459810087e+03
6.704411582544675184e+03 -8.642274172063987862e+03 -5.327788337418147421e+03
-1.913677930842539354e+03 -5.111054443610588351e+03 -8.210998818742123149e+02
-2.934376714166864531e+03 -6.256684791919044983e+03 -1.360366666224576193e+03
-2.422088685384889686e+03 -5.974686359647964309e+03 -1.059930801662578688e+03
-2.089792008463089132e+03 -6.050410694212989256e+03 -9.333993697593634806e+02
-2.515193720902481346e+03 -5.159662753423447612e+03 -1.080435090680669418e+03
-2.810220389018863898e+03 -5.586060663263011520e+03 -1.284189354931396110e+03
-2.656855727346225649e+03 -5.765756602568765629e+03 -1.844347852816265004e+03
-2.114052592004846247e+03 -5.284296421936177467e+03 -6.320219662676873895e+02
6.425036455991144976e+03 -7.976734260764387727e+03 -3.335092467796745041e+03
-3.239680390279918356e+03 -6.144978106122869576e+03 -1.534096195755840654e+03
-1.935379777054706892e+03 -5.943743430483354132e+03 -8.966780077966225235e+02
-1.494175598072707317e+03 -6.749790053417660602e+03 -3.412282765823798400e+03
-2.513173114203192199e+03 -5.850887862838504589e+03 -7.654269839950750338e+02
-4.812732212896394230e+03 -5.648233502719455828e+03 -3.128787597743920742e+03
-3.071744780109725070e+03 -6.801036313897428954e+03 -3.875258748935513267e+03
9.343847279237465955e+02 -6.746367980096995780e+03 -1.395332328869259527e+03
-3.653876757146854288e+03 -5.001920031192787064e+03 -8.874791040923128094e+00
-4.019251681269900018e+03 -5.276561443781850357e+03 -3.765081298866658017e+03
-2.301521416989099635e+03 -5.046788815011123916e+03 -2.229697589324898672e+02
-3.460772426721229749e+03 -6.312396622982341796e+03 -1.892178973696935600e+03
-4.600051469733346494e+03 -5.445128109088182100e+03 -8.284907184618571137e+02
3.375659969053788700e+03 -4.188455339304757217e+03 5.193825008161059031e+01
3.463262887693038465e+03 -1.258174216634041659e+04 -7.082198792933680124e+03
-2.292009396462137374e+03 -5.228277637379582302e+03 -6.828325547554838977e+02
-3.613726271810810431e+03 -5.056178901660857264e+03 -3.634230658481614000e+02
2.978683625767051581e+03 -8.421090290156345873e+03 -2.659209837703674111e+03
-3.736748166653251246e+03 -7.238949689372488137e+03 -3.639608604888753689e+03
4.577904733833845967e+03 -8.074884458694519708e+03 -1.678788684934669618e+03
-2.645303945996868606e+03 -5.231107400565507305e+03 -7.080333291371900941e+02
-2.248432557080304832e+03 -4.692804678422931829e+03 -2.009900100398499490e+02
-3.137865302748264639e+03 -6.754087045886126361e+03 -2.451184590966510314e+03
-3.810252571631310275e+03 -6.064980061244629724e+03 -2.225652197241243812e+03
-1.750901181839033597e+03 -5.805873020675301632e+03 -5.177836406580140647e+02
-2.292267660614041688e+03 -5.219023863311876994e+03 -8.503846675837081648e+02
5.242632932806880490e+03 -6.193064731082396065e+03 -1.468457411733615800e+03
5.881288590615026806e+03 -6.075976996218305430e+03 -1.074946547593514765e+02
-2.130270079268187146e+03 -4.880483942393317193e+03 -6.125115171543667429e+02
-3.652836483654029507e+03 -5.158543272751074255e+03 -6.699767986890215070e+02
3.894191310671071278e+03 -2.912935785207502704e+03 1.268662639745711658e+03
-2.619334352378213225e+03 -5.890327451782096432e+03 -1.120627176509841775e+03
-1.435507443884544500e+03 -5.418799730842306417e+03 -2.724402396051199560e+01
3.097742098692701802e+03 -5.870200103958293766e+03 -5.451447006018933052e+02
-4.566435316931754642e+03 -5.515740436228822546e+03 -7.221300888996423737e+02
-2.932206823359611008e+03 -6.018965980269085776e+03 -9.052948378931498610e+02
1.263847769204953920e+03 -3.304857354341577775e+03 -4.157229530257235410e+02
-1.093250539288158279e+03 -3.603508391945370022e+03 8.945476126248988749e+02
-2.144896882804970573e+03 -4.978470788052081843e+03 -1.198559689495270050e+03
-3.167611314344028415e+03 -5.699611570967051193e+03 -7.567781763320759865e+02
-4.188226968646575187e+03 -5.065513551526491938e+03 -4.040119173174883827e+02
-2.555005291709070207e+03 -5.856404834139385457e+03 -1.011583624587339386e+03
-2.137156537935054985e+03 -4.977079829598142169e+03 -6.368078065270027537e+02
-5.035648773296248692e+03 -5.652904665803759599e+03 -1.812809053017657106e+03
1.819100741026578817e+03 -4.380253405210288292e+03 -3.179253538509576174e+03
-1.113953618341349966e+03 -8.453801397583618382e+03 -3.203764749037984984e+03
-2.198363137713604374e+03 -5.784076078291929662e+03 -9.658055722656483795e+02
-1.207846166507588578e+03 -6.403108586491764981e+03 -2.221082249651622078e+03
-2.112197837575242374e+03 -4.765733932264147370e+03 -4.298113970632875862e+02
-5.081809910456760917e+03 -5.689058537847629850e+03 -1.865806672800002161e+03
-3.518227928002634144e+03 -6.503733714486975259e+03 -1.839325707581733241e+03
-3.852754175111264885e+03 -6.947257033630521619e+03 -2.808873518292565223e+03
-3.812007240499738145e+03 -6.618939375549993201e+03 -1.970961076201326705e+03
-1.786352567295277822e+02 -5.102968098906805608e+03 -8.283557923169619244e+02
-1.751320020277345975e+03 -7.004157957088315925e+03 -3.482817412797726774e+03
-2.056638626549598030e+03 -4.879281954134212356e+03 -9.007070573365110704e+02
3.408012235700977271e+03 -6.194474108148046071e+03 -7.060783452041905548e+02
-5.101307002105714673e+03 -6.620916916449838936e+03 -3.593749652782459179e+03
-2.427922089927884826e+03 -5.414387735063258333e+03 -1.709633168856429165e+03
2.631622619174571810e+03 -4.972227371143005257e+03 1.070540232504934920e+03
3.094091413619151808e+03 -3.540623883606284835e+03 -4.339110629045682686e+02
-2.697793103097602852e+03 -5.069800670041011472e+03 -8.160442651835029437e+02
-2.567956665221909134e+03 -5.414924386658581170e+03 -1.238516615674579953e+03
-4.450397173854880748e+03 -5.556469308447995900e+03 -1.321353140288563736e+03
-2.193951847887197800e+03 -4.951167375143608297e+03 -3.302640988475981203e+02
-2.662760444935910073e+03 -4.874599702543167041e+03 -5.876657973418873553e+02
-2.622559884426294730e+02 -3.745363072521448430e+03 -2.995861946762645402e+02
8.550931938835765322e+02 -5.036275922725653800e+03 -3.045044116991142573e+02
-2.654555812647089169e+03 -5.221410087397099232e+03 -8.421067626572873905e+02
-2.260613907944484708e+03 -7.306770542307986034e+03 -2.244175816426326492e+03
-8.639087254403389124e+02 -5.448498192904108691e+03 1.033992707049691262e+02
-3.193166541676363977e+03 -6.579531438354582860e+03 -1.914471193742867399e+03
-2.227286744468319739e+03 -4.972759268160401007e+03 -1.109339882616428895e+03
5.451502100422025251e+03 -4.952095303786381010e+03 -3.339569741506777973e+03
-2.602890835598964713e+03 -5.845871320162095799e+03 -9.399280863710198446e+02
-3.686002870247982173e+03 -6.383420640357815500e+03 -1.718762836009344028e+03
-2.425782512453222807e+03 -5.500861605427191535e+03 -1.348067007063014444e+03
-3.137287671426948691e+03 -5.291216531314761596e+03 -8.000085045276864548e+01
-3.363438385712956460e+03 -5.657878105085898824e+03 -2.203460250538817036e+02
-1.927705100812174805e+03 -5.422132465288180356e+03 -8.665548362782619733e+02
-4.522477479635085729e+01 -4.575121508215891481e+03 -2.628430058076932028e+02
-4.506235552021376861e+03 -6.734882353998948020e+03 -2.136502979308780141e+03
-1.825202917526381498e+04 -1.510933591145930768e+04 -2.461405599661263295e+03
5.145953490198018699e+03 -4.702558288875215112e+03 -4.945450991626551513e+03
6.306239148128468514e+03 -6.814926552857409661e+03 -5.081055729729342602e+03
-3.276620928804956293e+03 -5.356895661295052378e+03 -6.312472516155676203e+02
2.078872481185670949e+03 -3.587524664622327691e+03 -5.808145832659751250e+03
-1.464649672205110164e+03 -5.084083787313657012e+03 -6.082006646654092492e+02
6.172628113936914815e+03 -5.263596060977707566e+03 -1.254068650420677159e+03
-4.262996252379416546e+03 -5.923581036039430728e+03 -1.541702553741183237e+03
-3.833414834411784796e+03 -6.352514419881755202e+03 -1.038698652701952597e+03
-2.338163578926240916e+03 -5.237563627775452915e+03 -1.968134153247284985e+03
-2.471490566321602728e+03 -5.355995224840776245e+03 -7.082500851938420965e+02
7.234768375795848669e+02 -7.547736205934634199e+03 -4.444055511161483992e+03
-1.963439567680027722e+03 -4.384277973676047623e+03 -6.591357092893434810e+02
-3.376470535316070709e+03 -6.374818827412485007e+03 -1.962151809195219812e+03
-3.226450404312585306e+03 -5.650192486731876670e+03 -1.000363300847551727e+03
-1.803585112445881123e+03 -5.654112607291792301e+03 -7.038782899469880476e+02
-2.697609609021792039e+03 -4.789315078734302006e+03 -6.643302534765053906e+02
-2.147332510201523746e+03 -6.025916028893869225e+03 -1.850948976200705829e+03
2.146877695655325624e+01 -5.600482618946878574e+03 -1.260443145066968555e+03
-6.912357188247656268e+02 -5.577122723359094380e+03 -1.595109093252443927e+03
-4.554258016899194445e+03 -6.178703618184798870e+03 -1.798760460383535701e+03
5.166070819754935656e+03 -5.040710065328774363e+03 -4.645483565308383731e+03
-1.618057152113323127e+02 -5.856059711567128033e+03 -1.879468755989781243e+02
-2.335205510307487202e+03 -7.734271975442340590e+03 -1.981495884161838831e+03
2.280465733197434929e+03 -2.974464843517052032e+03 9.549654214480157179e+02
-6.381824262858775000e+03 -8.622924333899160047e+03 -3.595813970117400913e+03
-3.097010646911529875e+03 -5.236829485165574624e+03 -7.163195360005895509e+02
3.874937820571767588e+02 -4.977609565383985682e+03 5.204623446659496722e+02
-4.195689040366040899e+03 -6.557800864516143520e+03 -2.115870801141843913e+03
-2.148056162631701591e+04 -7.945061834330882448e+03 6.315011155373875226e+03
-4.095261667186125123e+03 -6.315497454792832286e+03 -1.441620503360970133e+03
5.667574360601935041e+03 -5.405700319861154640e+03 -8.620869380860799538e+02
-2.028767591886428818e+03 -5.985673153649740925e+03 -2.365378706191242600e+03
-3.598622770217005382e+03 -6.222545456307448148e+03 -2.071177809696192980e+03
-2.461187126490077844e+03 -5.738900425161635212e+03 -1.635922584951837734e+03
7.115751634176381231e+03 -2.222896720366865338e+03 1.556067831376772347e+03
-6.130866057335472306e+02 -6.112774153555383236e+03 -1.959049492109965286e+03
-4.855824961394268030e+03 -5.711348367302363840e+03 -8.707322905480290274e+02
-9.310130475002411913e+03 -1.330837135048302298e+04 -6.899800729074765513e+03
4.584100576957893281e+03 -4.743331515779065739e+03 -2.862900642712850185e+03
-2.875963834468916048e+03 -6.273014857327088976e+03 -2.288269258441242982e+03
8.861597508221681210e+02 -6.666893625218995112e+03 -3.071128296761844013e+03
1.583278299120496968e+03 -4.641249285334450178e+03 -1.601756848159879382e+03
-2.831850107887335980e+03 -6.869020513354753348e+03 -2.440867944864445690e+03
1.379306678640897917e+04 -6.073429027678947023e+03 -3.263877883767336243e+03
-4.256976677420752821e+03 -5.332638685353718756e+03 -4.678210423113783918e+02
-3.423309669236997252e+03 -5.354577680880193839e+03 -5.640946909172907908e+02
-2.204501200982316277e+03 -7.420347280954958478e+03 -2.502081974867082408e+03
-3.954439429816112352e+03 -6.964061315888075114e+03 -2.769993447679745259e+03
-2.318717850414425357e+03 -5.368391205282166084e+03 -1.129617919362495286e+03
-2.161525778410453313e+03 -5.459597206999147602e+03 -1.336931515599851082e+03
-2.858561921461634483e+03 -6.201911355286631078e+03 -8.770195117226129469e+02
1.524270165762084252e+04 -8.426535637813472931e+03 -2.570945310143036750e+03
-3.839070946151216958e+03 -6.320649830553231368e+03 -5.088252597524423436e+03
-1.437820864407911358e+03 -5.054521341241660593e+03 -4.225856291214936391e+02
9.206756004062596048e+02 -4.821360760748126268e+03 -6.536605196980405026e+02
-7.118774215004639245e+02 -3.566282251479129172e+03 3.657493181967179225e+02
-3.365632845292920138e+03 -5.638487959369606870e+03 -5.828295289346901882e+02
-2.190450821117134183e+03 -5.581887663827344113e+03 -6.088813467928707723e+02
2.894132042684232147e+02 -7.511342802137799481e+03 -3.269707014235140832e+03
-2.723676978920933834e+03 -5.016672484939199421e+03 -9.671592912041395493e+02
-4.359986795190515295e+03 -5.889552180043660883e+03 -1.212079574367267924e+03
5.322854568827551702e+01 -6.340879340379497989e+03 -1.537432572403102768e+03
-4.975931841102503768e+02 -8.107954636853102784e+03 -3.040576033469271351e+03
-1.063951002427992989e+03 -6.842985050684569615e+03 -2.297440423834815192e+03
-2.756556178151065069e+03 -5.514973740466602976e+03 -1.000095812001839249e+03
8.698178387392108561e+03 -4.655842478807056978e+03 -1.932539636443803374e+03
-1.149163573769069444e+03 -5.445904881630728596e+03 -1.352699505813809083e+03
1.588841543496832401e+03 -7.686549455848882644e+03 -2.711513314446486220e+03
1.544067952862032143e+03 -5.297593964961450183e+03 -1.046829595468003845e+03
5.695851750135731209e+02 -5.290173719405864176e+03 -2.453980211127558960e+03
-2.729832562344413873e+03 -5.936646788485700199e+03 -1.349185696927059325e+03
-2.352424964668086886e+03 -5.077122214177864407e+03 -3.844980126208082538e+02
7.996606890420290483e+02 -4.711990915509823935e+03 2.059029665937345726e+03
-4.570871752049910356e+03 -7.939720687973607710e+03 -1.004793542643526280e+03
-2.818828416476584607e+03 -5.536758383291675273e+03 -7.595669637947044066e+02
-4.403644761936427130e+03 -6.677830807892541998e+03 -2.643463986828626275e+03
-2.214827064040452569e+03 -5.225969241827113365e+03 -6.359496536861772711e+02
-2.574815762952156092e+03 -6.241761014870116014e+03 -1.273778645485131847e+03
1.622202954072018429e+03 -2.244781437755679872e+04 -1.116209527460460959e+04
-2.089510790870977871e+03 -5.814485920991653074e+03 -1.050221285784703468e+03
-2.891410773872920345e+03 -5.592629362487045910e+03 -1.544191395511911651e+03
3.987740779601610370e+02 -6.757153576745530700e+03 -2.850551243747956050e+03
-1.330610915808549180e+03 -6.819867466137695374e+03 -3.211652471158195112e+03
3.326305107803638748e+03 -4.206540041677003501e+03 -2.914249061810505737e+02
-1.458637482366292033e+03 -7.133971264834091016e+03 -4.149574813390341660e+03
-3.442697497403122725e+03 -4.220310944354509957e+03 9.060597434295081598e+01
3.836349785240922756e+02 -5.482585742121566909e+03 -2.013288609346474004e+03
-3.407070763362599791e+03 -5.239880014049020247e+03 -1.238308461524714630e+03
-1.352854015999110970e+03 -5.426902340603667653e+03 -5.842763484418753706e+02
-2.748927107705503204e+03 -4.295502544348474657e+03 3.506344413842588779e+02
-2.793177499309539598e+03 -5.407921552187625821e+03 -2.752846973707217444e+02
-2.605936614449385161e+03 -5.473415722066717535e+03 -5.831886450773796469e+02
-3.858692520719553613e+03 -6.339656320280783802e+03 -1.650191067079197865e+03
-1.949664085623125175e+03 -5.681248544109568684e+03 -1.012574998639578212e+03
-8.679967496079059401e+02 -4.775770936692018950e+03 -1.097299515891249939e+02
-3.768546523827583769e+03 -6.374778792199455893e+03 -1.984076721190507669e+03
-4.631860066555608682e+03 -6.364322932436238261e+03 -2.105017677618008747e+03
-9.706011574310216474e+02 -5.395258082920562629e+03 -1.549472446126741033e+03
5.022805971418645754e+02 -8.240352816096761671e+03 -5.383131241405739274e+03
-2.810011420194177845e+03 -6.283221569242058649e+03 -1.565313377107700035e+03
8.294171298447529352e+02 -8.028941785910783437e+03 -6.178984888914325893e+03
-4.353292176413961897e+03 -6.764167906963172754e+03 -2.409126584847326285e+03
-1.860452179755526231e+03 -5.743458931321974887e+03 -3.060153626181523805e+02
-3.337874473869266694e+03 -7.405709288602047309e+03 -5.337441747474702424e+03
1.213520034512684333e+03 -3.157238622823746937e+03 1.033080836171680858e+03
-9.719643894437505878e+03 -7.447947143883189710e+03 6.177593743825343608e+02
-2.801962235555686675e+03 -5.164217261256811071e+03 3.373870204740455847e+01
-4.418882328559710913e+03 -6.302604827661732088e+03 -2.450532597717993667e+03
8.159581795071928809e+02 -8.934413249398108746e+03 -4.704490464304683883e+03
-2.186791399259621812e+03 -5.251236490729581419e+03 -6.888650922802978585e+02
-2.770369793375693462e+03 -6.109013788621136882e+03 -1.163661943326444771e+03
-2.248043403712521467e+03 -5.458273383177401229e+03 -1.035318317356912530e+03
-4.252419616937242608e+03 -5.161790962911287352e+03 -7.985698071625607781e+02
-2.176702353210348519e+02 -4.845831359289965803e+03 -8.849965186739204910e+02
-4.958337522551347547e+02 -4.432410348190523109e+03 -2.006772854832433950e+00
-1.649506508270477070e+03 -5.303399058479180894e+03 9.899484940747629480e+01
-4.919686075405595147e+03 -6.193706462012101838e+03 -1.356514335502340373e+03
-7.819165556202206972e+03 -3.591390368442558974e+04 -2.022858968458429445e+04
-2.025062419563687627e+03 -5.592855972355632730e+03 -7.609748981618080279e+02
-3.100697976853928139e+03 -5.803627707992606702e+03 -1.071960137541273980e+03
-5.353238670543191802e+01 -1.020398414721488371e+04 -4.258336816912771610e+03
2.004511830302354554e+02 -7.490026750395667477e+03 -4.444504143071360886e+03
-3.425142931962940565e+03 -6.175720305732044835e+03 -2.302840924045194697e+03
-1.829194169708739992e+03 -6.706986267067486551e+03 -5.622813208945489350e+03
-6.693711417654811157e+03 -6.028006634023025072e+03 -5.778676944928812190e+03
-2.251640142303599532e+03 -5.129678179459570856e+03 -4.499202417246035566e+02
-2.989155273604047579e+03 -6.030563607207403038e+03 -1.273721281680238917e+03
-1.119999564048166349e+03 -5.161946366537290487e+03 7.751271813949506395e+01
-3.469028738315066676e+03 -7.000192774748788906e+03 -3.631431130406331249e+03
-4.064888081344749935e+03 -6.636013371652158639e+03 -2.350998871307972877e+03
1.072266583526922659e+03 -4.024969488318545700e+03 6.490857378778416660e+02
-3.314496294831632213e+02 -3.195497897293510960e+03 1.490861678705960003e+03
-2.203760148082995784e+03 -6.114111880468786694e+03 -8.088106709306251787e+02
-3.408736280694729430e+03 -5.845734215337640308e+03 -5.866048715367611521e+02
-2.958148974853092568e+03 -5.388712763013460972e+03 -9.647345960972900230e+02
6.298808127014058300e+03 -1.034569616372000019e+04 -5.406110736317381452e+03
-3.855227525490973221e+03 -5.622611756901099398e+03 -9.071910363639693742e+02
-1.402756868401069141e+02 -7.553716715754600045e+03 -4.957780440526177699e+03
-3.381249992069039308e+03 -5.534140859267752603e+03 -1.173393991899338744e+03
-2.338622681307189850e+03 -5.490830286967901884e+03 -1.002473889471816051e+03
-5.296321121445867902e+03 -7.004645037680084897e+03 -3.661354349153221847e+03
-5.450133561781168282e+03 -4.458629489808205108e+03 -1.519266316035713771e+03
2.524298848365740469e+02 -5.771623372481080878e+03 -1.997600510507162198e+03
-1.202006088134033917e+03 -4.237995602989730287e+03 -5.895083934316459136e+02
-5.257030606323382926e+02 -4.000030532631185451e+03 1.553573729631442347e+03
-4.353470750773486543e+03 -4.085280996427381524e+03 1.610731507184145244e+02
-1.304707028450168309e+03 -5.649952036965976731e+03 -3.177002493476642258e+02
-3.853957517803322844e+03 -4.418491359948066020e+03 7.020296300876356099e+01
-2.268334480722858189e+03 -6.716731995478166027e+03 -3.995698903240634536e+03
-4.423051157414522095e+03 -6.048537114587961696e+03 -3.904426004668046517e+03
-3.903651117967706341e+03 -5.396992549379308002e+03 -1.051441055034811143e+03
-6.297332140681259034e+02 -8.777552036919749298e+03 -5.173343171815510686e+03
-2.853824189791270328e+03 -6.032946526678377268e+03 -1.476514467323201188e+03
-2.243632435026330768e+03 -7.215521333381298064e+03 -2.510669446132812482e+03
-2.925421392190441111e+03 -6.188866641055010405e+03 -1.196165802926986089e+03
2.814782879213047181e+03 -6.361696856325831504e+03 -2.914309454608201577e+03
-6.468966563811960668e+02 -4.288267382204201567e+03 -8.788986001548834111e+02
3.799047714071010432e+03 -1.925342742968393577e+04 -1.246413815171143870e+04
1.254150444282041235e+03 -7.515925602445391633e+03 -4.382537374075735897e+03
-3.216787134560129289e+03 -6.193026703822692070e+03 -1.070473120707076077e+03
-2.422687988413702442e+03 -5.748935309046140901e+03 -9.377804115104564744e+02
-1.214298033622212643e+04 -2.960729834750215014e+04 -1.345206155385744933e+04
-1.814044782985230995e+03 -5.073821481931109702e+03 -4.526592003646885587e+02
-3.752183976297892968e+03 -6.391409454270949027e+03 -1.866049733249363726e+03
-2.090560142337052412e+02 -5.328986884155314328e+03 -1.856779029637443500e+03
-3.481363029899981484e+03 -1.024620018300461379e+04 -4.478348250823593844e+03
-5.841891174818993022e+02 -2.771789813625708121e+03 -5.258615232248916982e+02
-5.982500413316390222e+03 9.886429174343564227e+03 2.604525450135595020e+04
-2.023145119070732960e+02 -7.892863390031077870e+03 -4.454022455863014329e+03
-2.512287940398153296e+03 -5.517153249404873350e+03 5.841925648755795919e+01
5.448826284736358048e+02 -4.617299879591846548e+03 -9.839350776864985164e+02
-1.591247479248376294e+03 -5.318557002722652214e+03 -1.929929288271847838e+02
-9.390497545078138728e+02 -8.170930230446748283e+03 -5.243283933646303922e+03
-1.974838990381302892e+03 -2.172249332622631846e+04 -1.052951881655052966e+04
-7.349328766528030883e+02 -4.048538250301310200e+03 7.117345405725347973e+01
5.575730081660638461e+03 -6.677766614894530903e+03 4.627098360835329771e+00
-3.274436299759702706e+03 -5.252194320863668509e+03 -2.612579203380515764e+02
-2.227095803348383015e+03 -5.841173707108655435e+03 -2.439175581523763867e+03
-1.008293211659332087e+03 -5.251095529935709237e+03 -1.678936123221707930e+03
-2.568836060205793729e+03 -5.094162583241200991e+03 -4.709937432888951889e+02
-2.836150697461242999e+03 -6.621615212276721650e+03 -2.423478825653280637e+03
-1.036957183581678464e+03 -4.504528355899627059e+03 -9.549836522012810747e+01
-1.509635667044304228e+03 -6.411928415658150698e+03 -3.250062613650764433e+03
-2.062632836611805487e+03 -5.670870656925646472e+03 -1.859607728844016492e+02
-2.516663049548823437e+03 -4.969104958650749722e+03 1.595186330483505799e+02
-1.839355942581286854e+03 -5.584434516963433452e+03 -9.068736214089517489e+01
-3.502040728293830853e+03 -4.301684327745358132e+03 -2.086614005062049841e+02
-2.792830105631701372e+03 -5.853085600551105927e+03 -4.253064213273438554e+02
-3.270067857382606235e+03 -6.329366019749349107e+03 -1.722932796958973995e+03
-8.556538845193281304e+02 -5.344221158000469586e+03 -1.866266970341213892e+03
6.775667273996066342e+01 -5.828130727399171519e+03 -6.798634147433205044e+02
-3.672758802395741441e+03 -6.206413742572854972e+03 -1.258520093134179888e+03
-2.148398479524991217e+03 -5.792053982074457963e+03 -1.234752923971261680e+03
-9.039032715489809107e+02 -4.625989578054256526e+03 -7.966078434669317403e+02
-1.118842832012481267e+03 -6.853356544320041394e+03 -2.699774047102307122e+03
-9.986495045416779703e+02 -6.494440564714446737e+03 -3.272511620290452811e+03
-1.520889030146555797e+03 -5.197558021614571771e+03 -9.465203975706517667e+02
-4.365682489130354611e+02 -3.314112156911335660e+03 -1.416406765980488672e+03
-1.572125163299223459e+03 -5.818871258412561474e+03 -1.489165787896146867e+03
-5.267544521172297209e+03 -5.552455336978204286e+03 -2.583849577561913975e+03
-1.249480162634820772e+03 -6.285083888597306213e+03 -7.808166039605241622e+02
-4.543051771460670352e+03 -5.749774204399347582e+03 -1.178261943464828391e+03
-3.607639774528173348e+03 -5.520867860972401104e+03 -1.100143796284077098e+03
-1.437644211813860693e+03 -7.875809080051648380e+03 -3.991373285448589286e+03
-2.111539132847730798e+04 -1.166242191898580131e+04 2.099173465264452716e+03
-1.791176074106774649e+03 -7.015434201370296250e+03 -3.734345039482705488e+03
-3.190440532414306745e+03 -5.758217943239926171e+03 -1.011308796173983183e+03
-2.226365270577747197e+03 -5.974949814894636802e+03 -3.174225277635341627e+02
-3.920372203693626034e+03 -6.665188859836061965e+03 -2.056382907978775620e+03
-2.303779205336983068e+03 -5.016150054959565750e+03 3.712907456978135201e+02
-5.406964546570396124e+03 -6.414778864810777122e+03 -2.116044484384304724e+03
-1.843924735076483103e+03 -5.030138260661493405e+03 -6.143762157769779151e+02
1.503566210566805694e+03 -7.716181458155640939e+03 -5.963034886952247689e+03
-2.573681000990154189e+03 -5.570867302866948194e+03 -9.120390335624899762e+02
-2.939245211108261628e+03 -6.059481502607349285e+03 -2.926383955319038705e+03
-2.338905694481015416e+03 -5.462184895334624343e+03 -9.839467646065083954e+02
-9.139634685533387710e+02 -4.105497691701645635e+03 -4.885788137524040167e+02
-1.008048988669327628e+03 -5.232208108511734281e+03 -1.015143781866002314e+03
-2.585388535799869715e+03 -5.536550063630310433e+03 -1.403266045822285832e+02
-4.397755448932010040e+03 -5.697664440940195163e+03 -4.953507405437023294e+02
-6.668320605294345569e+02 -5.616110453850711565e+03 -9.632868966432987463e+02
-1.592296469869858583e+03 -5.301372526034618204e+03 -1.880275784441730138e+03
-2.782024298045356772e+03 -7.676092117189828059e+03 -4.666860449198567039e+03
-5.926606965912390024e+02 -5.890030533624454620e+03 -2.176080050522854890e+03
-4.301686102230788492e+03 -4.888257135370527067e+03 -1.872142254964207723e+03
-4.405510986341190801e+03 -6.689035806849611618e+03 -1.392006806921757061e+03
-3.339448489890934070e+03 -7.090620232157503779e+03 -2.154634848524132849e+03
-3.326248588717949588e+03 -5.971064104958445569e+03 -1.097604594976552562e+03
2.763572691447081070e+03 -4.918533665676910459e+03 -1.268332835737107416e+03
-1.627181576556925165e+03 -7.484580508400819781e+03 -3.940789353873879918e+03
-5.224183259378489311e+03 -1.407903257251968535e+04 -5.621613302741174266e+03
-4.984526871408897932e+02 -4.324583090630601873e+03 1.328732249955637599e+02
-2.435677031690071090e+03 -5.506060152971885145e+03 1.659377346161647893e+00
-4.101990031840426127e+03 -6.678090392026541849e+03 -9.191983545808864164e+02
4.004892966356298075e+03 -7.210067837185200005e+03 -3.540203439830977459e+03
-2.451865807465772491e+02 -6.280177921205080565e+03 2.262512574631292637e+02
1.122952767647607288e+02 -5.401684919971010459e+03 -7.347126008079135318e+01
-2.200808120620856243e+03 -5.517856145422468217e+03 -1.833879330227266792e+03
-2.346393904366479546e+03 -5.468420920027851935e+03 -2.177621539077206762e+03
-2.023971961050811387e+03 -5.539714725162106333e+03 -5.344288662499534439e+02
-4.296456642786900375e+03 -5.404252632294142131e+03 -5.423197162985395607e+02
-3.226300466522178795e+03 -5.753104291373243541e+03 -2.515045707973942172e+03
-5.957135034382763479e+02 -7.061215968999542383e+03 -4.373812198184584304e+03
-4.755644794219981577e+02 -6.202301798320864691e+03 -1.443279004996458980e+03
7.290584277548265391e+01 -4.786739574175465350e+03 5.556484866560574574e+02
-2.702191464385358813e+03 -5.505652748411540415e+03 -5.375977398010924162e+02
-5.388868339968780674e+03 -6.008390914356978101e+03 -2.518657319874352652e+03
-5.344738807459706550e+03 -4.722762289972291910e+03 -1.481745682210871109e+03
-3.841469279452197043e+03 -4.982412937501798297e+03 5.013359979979952641e+01
-1.504581205056845192e+03 -5.459678723731482023e+03 -1.857076285870690754e+03
4.609176592579882708e+03 -6.184547685138941233e+03 5.148821302047840618e+02
-1.196477705005442203e+03 -4.554338510323510491e+03 -3.806729408102617072e+02
-3.489716538420404049e+03 -6.567578277140449245e+03 -2.108118283206576962e+03
-1.730779628869288445e+03 -5.643344794373602781e+03 -1.662328147251786959e+03
-2.584939696201227434e+03 -5.453915870336817534e+03 -1.275263253416856060e+02
-1.775637323426224611e+03 -4.928487144659306068e+03 -6.287255410724819740e+02
-2.204005312551743827e+03 -5.145813178965756379e+03 -7.018729324872379038e+01
-2.837966209273704862e+03 -5.336992971945944191e+03 -1.051770121145603298e+03
-3.615776537166948401e+03 -5.578578400422663435e+03 -9.157886227595080300e+02
-4.914430299402672972e+03 -6.597030343696816090e+03 -2.036381916733845856e+03
-2.489503348728607307e+03 -4.694882479648596927e+03 5.607908863190823467e+01
-1.807886837301662672e+04 -1.201880100528048024e+04 -5.338500118471046108e+02
-4.133205134851848925e+03 -4.775130243993193289e+03 -3.341936389747725116e+02
6.144013216497120311e+02 -4.895269932811877879e+03 -1.202568046958598643e+03
2.809311473014239255e+03 -4.992220483453073939e+03 -7.938215174395832037e+02
-3.466987206217233052e+03 -6.308357593491943589e+03 -1.983404715063680669e+03
-5.031838203912143399e+03 -5.115807775709509770e+03 -2.908303138414143632e+03
-3.750716740649004350e+03 -4.444997088906820863e+03 -1.033467011992273683e+03
-1.045183225818623498e+02 -5.236566642816185777e+03 2.758809393315350462e+02
-1.489980143417017189e+03 -5.003085648905876951e+03 -4.047015342716911164e+02
-1.034476900428048793e+03 -5.369866327534246011e+03 -9.201170290410152575e+02
-9.320333363010298626e+02 -4.749594114375368008e+03 -7.504993342704597126e+02
-1.325131056591183096e+03 -4.088103820431096210e+03 -6.644384391975900144e+02
-1.191480569620738834e+03 -2.709845538784868495e+03 8.789556709299415616e+02
-3.232022218104371859e+03 -5.636632879417269578e+03 -1.352714790559791254e+03
-1.599786854449470411e+03 -5.027493653479841669e+03 -6.033910137150554647e+02
-2.630638797820250602e+03 -4.932965665018324216e+03 9.068393094651924002e+01
4.221401215613806016e+03 -5.922143524833827541e+03 -6.289213232911582736e+02
-3.755334250997361778e+03 -5.714638728830716900e+03 -1.186254607664403011e+03
-3.681508803781635834e+03 -6.526472603832756249e+03 -1.932084079588400755e+03
-1.731924060722220020e+03 -6.809880124685470946e+03 -3.200775971457735977e+03
-2.421625758285064876e+03 -5.670293435848537229e+03 -8.938584709347693433e+02
1.989155564232275992e+03 -1.009984565212749658e+04 -5.219031263473188119e+03
-3.495473889228344888e+03 -4.918498704336861920e+03 -7.654747943970314736e+02
-1.722527628933013375e+02 -4.367907681534859876e+03 2.658832924895285714e+02
-1.675384335296155768e+03 -5.903543192683220695e+03 -2.450707219209025425e+03
-1.986274191546313432e+03 -4.839354779284699362e+03 -8.571348378932536889e+02
-3.113040276595434989e+03 -5.104311510426861787e+03 -1.356119345753022571e+02
-2.825910983263773232e+03 -5.005375608740369898e+03 -2.338909125306304304e+01
-2.400569964011003322e+03 -5.942055915708773682e+03 -1.832865993202573463e+03
-3.104937408748589860e+03 -6.584918503904666068e+03 -1.977801366435847058e+03
-3.854866917347836988e+03 -4.609206852016488483e+03 -7.106783162936354756e+02
-3.979346219976148859e+03 -6.957629084447313289e+03 -3.104418594037252205e+03
-1.970939167320142360e+03 -3.590180685930381514e+03 1.787022036222790007e+02
-3.532167275662654902e+02 -6.189700141780496779e+03 -7.080285356092243774e+02
-1.036925351488618617e+03 -4.988623693219773486e+03 -9.159108928176079871e+02
-2.114971502371652150e+03 -5.162869276756000545e+03 -8.968226923701940905e+02
-1.980680553974461873e+03 -6.121700736031423730e+03 -8.725225244179915762e+02
-3.495932593536244440e+03 -6.656765229156507303e+03 -1.547831491956523223e+03
-3.333782461388231695e+03 -5.621891008119901016e+03 -1.193203745023643023e+03
-3.326370771603580579e+03 -4.569149570670907451e+03 2.865210393562010154e+02
2.286666610421974838e+03 -4.313564002902987340e+03 -8.514933967079579133e+02
-2.367084602419070507e+03 -4.856825302405286493e+03 -7.694859105636807044e+02
-4.730031623982996280e+03 -7.262591215110493067e+03 -3.094983108119187818e+03
-2.076785548097714127e+03 -5.652299417875857216e+03 -2.463747858119298144e+03
-1.537309210621378952e+03 -2.687522810156200194e+03 4.394388680982692108e+02
8.261235766847715922e+02 -4.805645648430473557e+03 -1.894488106632159088e+03
-2.218290571125653059e+03 -5.780055210470706697e+03 -8.915212600257847271e+02
2.901389712199929818e+03 -4.938814934690336486e+03 2.027715841402814476e+03
-2.039109895929332652e+03 -5.616395043542343046e+03 -5.965032238448827684e+02
1.679749970592839418e+03 -5.872383951843382420e+03 -2.881158275913705438e+03
-2.053752604942518701e+03 -5.507405550446537745e+03 -3.896741158929268636e+02
-4.567366643544210092e+03 -5.119952969413797291e+03 -1.896376136973276516e+02
-3.731285223828740072e+03 -6.100633045551812756e+03 -1.533358126263601434e+03
-3.403159388811508961e+03 -4.739108256570210870e+03 -6.256194170316387044e+02
-2.045659416006874835e+03 -5.177173620747538735e+03 -1.141030860272325754e+03
-3.983725086765053675e+03 -5.670628839482734293e+03 -9.931945015870172710e+02
-4.621092659685881699e+03 -5.569554797767532364e+03 -1.075820072165257443e+03
-3.851151143362715175e+03 -5.196727573552358081e+03 -3.610918215477702233e+02
-2.190237006182669120e+03 -5.351180265460559895e+03 -7.560601736134755129e+02
-3.912849979981232536e+03 -6.420403880961329378e+03 -2.048970143381844537e+03
-1.980105094442316386e+03 -4.559608868739254831e+03 -4.813126276085884001e+02
-4.318579845011757243e+03 -1.114318266591334577e+04 -4.556265583834469908e+03
3.613443132331461584e+03 2.606834191308394111e+03 9.824067437748049997e+03
-9.025748581447864126e+03 -2.138461167514506451e+04 -9.200886500263070047e+03
-6.390419921996437552e+03 -5.674890110237414774e+03 -1.768780336089212369e+03
7.270823256511080217e+02 -1.243312147074272798e+04 -3.987021449408572607e+03
-2.478044649048418250e+03 -5.749535579537338890e+03 -4.336637991290518812e+02
-2.437493888214352864e+03 -6.250668229957703261e+03 -1.447517437971540403e+03
-3.096302978359313784e+03 -5.239122894645916858e+03 -1.026379788057648739e+03
4.285186981904280401e+03 -1.577155632237613463e+04 -7.205299908224051251e+03
-1.294251299376628594e+03 -8.123399405140813542e+03 -4.757802335801177833e+03
-4.498259969297992029e+03 -6.272272785573987676e+03 -1.376235030489480778e+03
-2.157721320126508090e+03 -4.929065859260937032e+03 -4.992776570704190817e+02
-6.074033637689458374e+02 -1.115576149542475650e+04 -6.347314945084605824e+03
-3.863348372168968126e+03 -7.039899617139162729e+03 -3.119157432136711577e+03
-1.137535429258378372e+03 -4.658913164571627931e+03 2.563471792385834078e+02
-3.095292468882662433e+03 -5.557080893362129245e+03 -5.544828431134603761e+02
-4.300925051995814101e+03 -5.615665567073989223e+03 -7.922515604631259976e+02
-1.681690188004815809e+03 -6.337472414133960228e+03 -8.315235219909588977e+02
-3.924646041416648131e+03 -4.985572029478676995e+03 -9.532174671677287279e+02
2.777437958438517853e+02 -5.885359442800315264e+03 -1.786594745236255903e+02
-2.351067146136390875e+03 -4.897724539232426650e+03 -1.897656741934952151e+02
1.112930888614093163e+02 -4.423573332947822564e+03 -8.495911557728118169e+02
-4.106606895434002581e+03 -5.967385705181953199e+03 -1.479336032057717830e+03
-2.849564232947538585e+03 -5.366945523773403693e+03 -1.242181095300450579e+03
-2.242972816508782216e+03 -5.505927116462204140e+03 -1.585988611452374926e+02
-4.195753876692193671e+02 -4.849267523245953271e+03 -1.343219922859498865e+03
-5.135870941478007126e+02 -4.376808089904656299e+03 -1.216196504803450807e+03
-3.316747949752405475e+03 -7.469902962894047960e+03 -1.747573522196085150e+03
-2.280155907466476947e+03 -6.348800996093559661e+03 -1.207411454456534557e+03
-3.998081542038421503e+03 -5.390262436263980817e+03 -8.743056632074416257e+02
-2.388112399074312634e+03 -4.631032765033673968e+03 1.742183829600055560e+02
-7.433916542043792788e+02 -5.170279679791131457e+03 -1.265632540775614643e+03
-1.844494110705728190e+03 -5.954024089481847113e+03 -7.472102252005918217e+02
-2.362586601220697048e+03 -5.180060574401055419e+03 -1.797393398177811832e+03
-3.537761854857921207e+03 -5.228008026728050936e+03 -5.984893002285547254e+02
-6.724942169770509281e+03 -4.721305482605793259e+03 1.005836451378494758e+03
1.908520724344658674e+03 4.214452080500206648e+03 1.009527151480560133e+04
-2.066953841313295925e+03 -4.872707148387601592e+03 1.312399100634945626e+01
-3.325507777135247125e+03 -5.120348591856568419e+03 -2.304470263312624070e+02
-2.266902771704319548e+03 -5.639019085853972683e+03 -6.568496597067453422e+02
6.285874686909702177e+03 -4.584742094375877969e+03 -2.016266361160220697e+02
-3.366465926895312805e+03 -6.188292971596723874e+03 -1.311726734305012542e+03
-3.672763853306656983e+03 -5.615277210465757889e+03 -1.359436442199594239e+03
-4.354283628589952059e+03 -5.455779937163421891e+03 -2.069709553112310005e+03
-3.393575715811401551e+03 -6.347843750410725988e+03 -1.299164612237045048e+03
-1.402947729693453084e+03 -5.637432385043443901e+03 -2.035192914076720854e+03
-3.999198400056843639e+03 -4.934620864570269987e+03 -3.310528094203099272e+02
-6.773085736349905801e+02 -8.567866095750732711e+03 1.710864197107129030e+02
-3.575815413897675626e+03 -5.973590878235541823e+03 -1.186633251689702547e+03
