5.792622690205026856e+02 -7.212936269791038058e+02 -1.022431488231755793e+04
1.002438468388602814e+03 4.056940837902538078e+03 -1.023955956651756787e+04
1.213815598098865848e+03 -3.226475722412897085e+01 -1.009233697920706436e+04
9.899600740781213517e+02 2.381510556722091678e+03 -1.026495765214477979e+04
1.062161506304796376e+03 6.403718980821771538e+02 -1.013864892049614900e+04
-3.625478309896350765e+03 -8.676432279293318288e+02 -1.008236609399674671e+04
-2.988533420266657572e+02 -7.555709309568129584e+02 -1.024642736806975699e+04
-1.922461522494773362e+03 1.644056724440711150e+03 -1.010926941143894146e+04
-1.357528058125226835e+03 -1.352519538262128890e+03 -1.010408040199720563e+04
6.880042776700378226e+02 -1.198559613743586624e+03 -1.011095027556294008e+04
3.825116547952603696e+01 4.721927505444753479e+03 -1.028719164599371470e+04
-2.177123303947479144e+03 -1.584725627682816366e+03 -1.014936423921255482e+04
-2.676427006292758506e+02 -5.134400195633406838e+02 -1.000850038075992416e+04
3.354145612531013967e+02 -7.643688780433529928e+02 -1.026773198285457693e+04
1.110956458675176918e+03 3.685389562641970542e+02 -1.014876694065252741e+04
-1.347835644405891571e+03 -2.602802808664002896e+02 -1.009437717652284664e+04
-3.714353329391821035e+02 -5.963251671580160291e+02 -1.025379366786279934e+04
1.378194779972621291e+03 -1.505096144418128915e+03 -1.046724201879389875e+04
7.356017571982637264e+02 -4.143647231938925870e+02 -1.021717714198734029e+04
1.819504889055849162e+03 2.434450057840322188e+03 -1.030363594218537219e+04
-1.471262102158590096e+03 -2.701053064398446395e+02 -1.027108891413983292e+04
7.371699125002990058e+02 9.704899995434495850e+02 -1.015333546733477124e+04
-3.450567365866319051e+03 -1.272850073569798042e+03 -1.010901671787223859e+04
-8.801845259740919118e+02 -1.089312421468885077e+03 -1.020036391892260690e+04
-3.288632078274548348e+03 2.637572567425220313e+02 -9.992478858688058608e+03
5.134101420652249317e+02 1.160825173887486471e+03 -1.015030646393827737e+04
6.962593142376388187e+02 -4.842594840058986847e+02 -1.021460492891211652e+04
3.814348512306352859e+03 1.505973846795141071e+02 -1.062765786489430320e+04
-7.032588331647480118e+01 1.348179421246022912e+03 -1.017392428293044031e+04
6.124900602804701748e+02 1.114624210771667322e+03 -1.012773427956018168e+04
-5.527550597373051460e+02 -1.183814856517750513e+03 -1.026897156844811434e+04
5.305302923424809478e+02 1.169832816721087056e+03 -1.013123747482784529e+04
-1.098740104499889412e+03 -3.432645086514950208e+02 -1.030374415143522856e+04
-1.285486359026536775e+03 1.955479179036786491e+03 -9.984093920506911672e+03
-3.406438040249503274e+01 -5.862624354745308892e+02 -9.997837795780433225e+03
1.548603126546513067e+03 4.403119145788638889e+03 -1.027837330627223673e+04
-2.330262320445147452e+03 1.002807615301075543e+03 -1.006131071139278356e+04
1.060899653700363842e+03 5.573960604200981379e+02 -1.011920901558173864e+04
-3.817955762680338466e+03 1.312608426991481792e+03 -1.024100477592236530e+04
-2.051658357994724156e+03 -3.706459080095814443e+03 -1.015921148540037939e+04
-4.151051562322118116e+02 1.336300899963524898e+03 -1.010108592244085776e+04
-9.559445236084766293e+02 -9.668473645005998378e+02 -1.017281527921069392e+04
-1.334556399120760716e+03 -1.535245841537491742e+02 -1.014428841653400741e+04
2.394346232053634367e+02 1.118142851575615396e+03 -1.018326506280270041e+04
8.920484888522702249e+02 8.090728556322828808e+02 -1.018909439788290001e+04
-1.296879717818827430e+03 1.376849720167150053e+03 -1.006451597939344356e+04
1.053166708544572884e+03 -1.143562644138628457e+02 -1.019145143017564078e+04
5.029187506711865581e+02 1.573270787572560494e+03 -1.025496002354081065e+04
-1.312723012315806045e+03 -1.281374059062504102e+03 -1.019834984538311801e+04
-5.719550450954557164e+00 -9.050295301720395855e+02 -1.009550457542788536e+04
6.256086736141696747e+00 1.359324451159146520e+03 -1.023604997199722675e+04
-4.934161251251078966e+02 -7.641063389694294301e+02 -1.002071993603392184e+04
-1.362031760446576527e+03 -1.758805747216268855e+02 -1.004489581663457830e+04
6.045306173610565565e+02 -5.720700882636283495e+02 -1.007562303857669940e+04
-3.562877907027092874e+02 -6.064783656380742514e+02 -1.029467934254808461e+04
-2.841360203824643577e+03 7.659876522683654230e+02 -1.031059023189003710e+04
5.175018596929464820e+02 3.305559860687795890e+02 -1.020170573985287774e+04
6.795086129611178194e+02 1.009593970766752818e+03 -1.015708830538299662e+04
7.975140700756645629e+02 -2.847369612101251732e+02 -1.019810421441011022e+04
2.636370462476888861e+02 1.279192583632870537e+03 -1.016904411285274546e+04
1.121230738433077931e+02 -6.508470552885224834e+02 -1.013804114312278398e+04
5.585446448511290782e+02 9.793369790311753604e+02 -1.016116265520691195e+04
-2.624664799790981533e+02 1.376675432176501545e+03 -1.018217608923599437e+04
-5.395359786207212665e+02 -9.071407117146991368e+02 -1.008976262156679695e+04
-3.222025203778909599e+03 3.630844556516544230e+02 -1.006216593322392328e+04
-3.899784719390124337e+03 -2.190271854937824969e+02 -1.003725372833292931e+04
-3.595445980517390581e+03 4.658607137666090807e+02 -1.020277197950911977e+04
8.045046165845815267e+01 1.326828947700488698e+03 -1.009410321813233168e+04
-3.710869991609382623e+02 -6.225896676572035631e+02 -1.036212532789137913e+04
-1.176050016844528727e+02 -2.910534069108541644e+02 -1.015539585127610917e+04
-3.460893976142103384e+03 -9.101203239692379157e+02 -1.018810594711444173e+04
5.893745768757871701e+02 -9.715402851684225425e+02 -1.018199834177561024e+04
3.525690288295481309e+02 -6.605110969577368678e+02 -1.023854904134541539e+04
-1.275962931091053633e+03 1.019420002393965660e+03 -1.028782314442574898e+04
-1.217290741107762187e+03 -1.489508489137359902e+03 -1.017673109630215004e+04
1.986152387040788199e+02 1.172566682101962215e+03 -1.021602932393553237e+04
1.295101779382908376e+02 -9.526523262887485544e+02 -1.043175011379770331e+04
3.944568052113125987e+02 -9.849501340911725720e+02 -1.016311896764886842e+04
-7.972325650832643760e+02 -8.841040071102441971e+02 -1.001916807154616799e+04
-5.444598536322012023e+02 -8.869587659978271859e+02 -1.003159532119449250e+04
2.337662188433117763e+02 1.180019747051569311e+03 -1.021678524113819913e+04
5.655102574759439449e+00 -5.759843453281861230e+02 -1.030168723035115363e+04
6.397188781976319660e+01 -8.695080653569219749e+02 -1.036486021055808123e+04
-3.739754028148724501e+03 -6.051915797264413186e+02 -1.009772006883277390e+04
5.012695050441942612e+02 -5.681196772526052428e+02 -1.010117044808695573e+04
1.071147794964392233e+03 -2.293847875739387518e+02 -1.030425031511658199e+04
-3.908277772748687312e+03 1.748235504535288101e+02 -1.023287896499796625e+04
-2.028761091576227273e+03 1.301016485381648636e+03 -1.032648025225201673e+04
9.231451036501317731e+01 -5.232177196280374574e+02 -1.015457808211236079e+04
4.634056465512804834e+02 1.193875014978681520e+03 -1.012670705345349597e+04
-3.996988670148944038e+02 1.302886536944426780e+03 -1.025370400893276565e+04
2.795333620331473412e+02 -8.073501086156275051e+02 -1.012499503318713141e+04
-3.284929598095419578e+02 1.465829522691390594e+03 -1.021834777926242896e+04
-5.398896598632904897e+02 -8.920771411967002678e+02 -1.005950214933400457e+04
7.712555790396060047e+02 5.983925528250919342e+03 -1.044475660587599305e+04
-1.647637295925007493e+03 1.450093136390931704e+03 -1.023144380315998933e+04
-8.355360767483538211e+02 1.823551061775573089e+03 -1.023772734310822489e+04
9.052616925644825869e+02 6.983583331849653177e+02 -1.016903077011986170e+04
-1.449229495344867701e+03 1.893756145246299639e+03 -1.006111824306832568e+04
-2.486783200263606659e+02 1.417394674198133544e+03 -1.016243386554520293e+04
9.912489565971125103e+02 6.802158873105645398e+02 -1.025586066955100250e+04
-3.654802903001165760e+03 1.692058413764403895e+03 -1.009383645947974583e+04
1.194979442034218209e+03 4.768720713054973430e+02 -1.025175998194737622e+04
-2.446583061562672810e+03 1.865794402118438029e+03 -1.013133103095763363e+04
7.777379958776140256e+02 9.208838905500432475e+02 -1.007121648176950112e+04
-1.598014880427793287e+03 -3.819046035238038257e+03 -1.021721937961201911e+04
4.858216956324848752e+02 1.834749472915133083e+03 -1.000104501758530932e+04
6.001683271669500073e+02 1.080506848725383634e+03 -1.012797500427539308e+04
1.092414563589954469e+03 -1.106903207960832788e+03 -1.017178179292463938e+04
1.136746951614700720e+03 4.804345493957715689e+02 -1.004009237781701813e+04
-5.251938330480188597e+03 1.261193543715992064e+03 -1.022928553201418981e+04
-3.298695336514008432e+02 -2.722801469887170242e+03 -1.015148527803963952e+04
4.538316518893458351e+02 1.198715359492326797e+03 -1.017919733511288905e+04
4.822791339518657310e+02 -7.900165137318888355e+02 -1.027873401942056444e+04
8.257274853140088453e+02 8.095010063858235299e+02 -1.009402485018036532e+04
-4.471709197967529690e+02 -3.174654616158234148e+02 -1.034680668808759947e+04
7.027741264566927839e+02 5.572517646834951393e+02 -9.964926614145881103e+03
3.781626051372824122e+02 8.262290803411849538e+01 -1.035446335932581860e+04
1.120365049937077401e+03 2.613247208016105105e+01 -1.016659384169396253e+04
-4.869036221618243871e+02 1.436800878977887123e+03 -1.019707279904276766e+04
3.232573763209214803e+02 8.414789290753111572e+01 -1.010997726455680822e+04
8.774617651226627686e+02 8.371505043324119697e+02 -1.022006271214547269e+04
7.282343758584124771e+02 -2.727077228626442775e+03 -1.015006614653539873e+04
5.207995135353779688e+02 1.117561861357840826e+03 -1.021770874716691469e+04
-2.285322064139850227e+03 -2.753795169140269991e+03 -1.002491521817394096e+04
-5.498439203213613382e+02 6.475346138184116853e+02 -1.016075388944240876e+04
1.415775408693511736e+03 -9.934859678132343106e+02 -1.008401517472415435e+04
7.525413291155500701e+02 5.039223562506332428e+02 -1.016727492661390534e+04
1.814147475715503788e+02 1.021957138649306103e+03 -1.016236983059376507e+04
6.556059673506516674e+02 1.035420341292522608e+03 -1.010458908785953827e+04
-1.402626331283863010e+03 1.420269117006128283e+02 -1.015418204503942252e+04
-9.867860465433021773e+02 7.596694686544660726e+02 -1.017769674923034290e+04
-2.036684846907360225e+01 -9.101930330313668946e+02 -1.022972489318390217e+04
-3.865468241576162427e+02 9.800259767667198503e+02 -1.017243846778584884e+04
7.265890599910298988e+02 2.072289489825813007e+02 -1.017465473090323758e+04
-2.407384058547785116e+03 2.263034884097641225e+03 -1.024535458441188166e+04
-1.640532592179297353e+03 -3.857248666533889718e+02 -1.022719666140202935e+04
7.796757350120849424e+02 8.155897416234788579e+02 -1.010420404839450384e+04
-1.531928189190469084e+03 -1.341945051587661055e+02 -1.007115277427455658e+04
9.988857310624258616e+02 6.057509178836155570e+02 -9.997585549442814226e+03
-2.554666077588658482e+03 -2.769776244275446516e+03 -1.023842387363961643e+04
1.342927544743679391e+02 -1.927464007708511531e+02 -1.022797790525406344e+04
7.478211809515023560e+02 4.679363614172978032e+02 -1.009810296569133789e+04
-5.730250908654543309e+02 8.302352573751398950e+02 -1.016171671651133875e+04
8.988885104800499448e+02 -6.712472017435908356e+01 -1.009052980168274007e+04
-1.310278221848626799e+03 -9.876882744779550194e+00 -1.009773525890200835e+04
1.434784260659064785e+03 -8.605186658702164095e+02 -1.009543482297260016e+04
-1.041968748230748815e+03 3.809554662916317511e+02 -1.019476186788271661e+04
1.088138111006565168e+03 -1.644840378573820772e+02 -1.007109164858547956e+04
1.068592798122261229e+03 4.624836165476194765e+02 -1.004825008699894352e+04
7.896969588514549514e+02 8.531383849269751636e+02 -1.002614329324396022e+04
1.042882957776423154e+03 5.136873057317179700e+02 -1.007772912594030640e+04
-2.670616029492010171e+02 -1.095669778227482766e+03 -1.013466925884105513e+04
-1.273632108690211453e+03 -2.170085485584441813e+03 -1.001387365750606114e+04
5.555742979794133589e+02 6.089299523234001299e+01 -1.021678307695971489e+04
-1.082924826506093950e+03 2.656001997849648433e+02 -1.016564929864179248e+04
7.045741101999897182e+02 -6.710382416592049140e+02 -1.001515464334881472e+04
5.413876337177161986e+02 1.061143677475266031e+03 -1.007287857953183993e+04
7.722331510286818457e+02 4.242007725559210485e+02 -1.012629705245353398e+04
-9.348245426250352921e+02 3.596834627657214014e+02 -1.015763440128888578e+04
5.293905821108801319e+02 5.226095620448332966e+02 -1.029031910713079742e+04
-1.259370457977348678e+03 -3.767264193815321960e+01 -1.020607884825973088e+04
-5.214818825921497591e+01 9.904661562317047583e+02 -1.010852267869994648e+04
2.342456783082078573e+02 1.096456434175210234e+03 -1.014967114018458415e+04
-1.637320071415634629e+03 -6.753547335930247755e+02 -1.011792649783146953e+04
-7.170259703964126174e+02 -2.926034293378379516e+03 -1.015001743609614641e+04
-1.786274176337365134e+03 -2.939494014606394103e+03 -1.005610221793611345e+04
-7.537883585074146140e+02 4.912316889633076471e+02 -1.016916782841335225e+04
-2.029638929516818848e+02 -2.007138424214730890e+02 -1.036916565726107547e+04
6.546040276801918480e+02 2.498257015860647243e+02 -1.024150915473647547e+04
7.112400533902518873e+02 -3.110830712483632396e+03 -1.017553305666156120e+04
7.483729475070180115e+02 7.887546112893472809e+02 -1.003761442321811774e+04
9.483923779554974089e+02 6.503763715655231863e+02 -1.017954373195835433e+04
-1.963682891050538728e+03 -3.357710346354741432e+03 -1.010403568068039931e+04
1.232329461840728982e+03 -1.418669001052518070e+03 -1.009629275893989507e+04
-2.416223175849350355e+03 -3.329744775392374322e+03 -1.018728229440104406e+04
4.730327450844619079e+02 -1.012817246870836016e+03 -1.014513018363715855e+04
1.163990496342270262e+03 -7.715314796786776697e+01 -1.017148975646471445e+04
5.214031706927391951e+01 -3.729956406501422634e+02 -1.026096142314551435e+04
1.003381330803838296e+03 4.407493362827519832e+02 -1.009854843065901332e+04
-1.573419950145249004e+03 -4.927436782170285596e+02 -1.012635680844862873e+04
1.554495716683733235e+02 1.202274584505633356e+03 -1.015989990341448720e+04
1.066520985528840356e+03 6.638956189184023060e+02 -1.011880536163782563e+04
-1.155231139601548193e+03 -3.125220003499634004e+03 -1.013180679458074337e+04
1.022787202559543516e+03 9.938469098784332800e+01 -1.029007750632324132e+04
-1.189653590814879408e+03 1.878167478288723942e+02 -1.018527532064753177e+04
-1.514501633302748814e+03 -3.076978582517391715e+03 -1.015266377354190627e+04
-1.956291784867609522e+03 -9.341908689596248223e+02 -1.001304984397837688e+04
1.352074275240209772e+03 -9.505071665012997073e+02 -9.973083820121621102e+03
1.986421753158801948e+02 1.028905463315006500e+03 -1.004401114006536045e+04
-1.348194860823174395e+03 -1.244022613281766780e+02 -1.008031242216247847e+04
-6.635782434448933600e+02 3.653282265403995098e+03 -1.018151454563818515e+04
-1.364243541842016612e+03 -1.454746729617933170e+02 -1.016855016699070984e+04
1.193176291628154331e+03 3.368115059952751835e+02 -1.021867218669434988e+04
-3.729991924986852609e+02 -4.465327671176845570e+02 -1.007738025460791869e+04
-1.680835297332880600e+03 -1.701335811064019026e+03 -1.006453051654608862e+04
6.541239750655194030e+02 1.071155510219861981e+03 -1.021917929718423147e+04
-2.909234283104104861e+02 8.195366446703637848e+02 -1.020272429542095415e+04
-2.021929464904974111e+03 -3.229301454315909268e+03 -1.006458221373689594e+04
-1.558346374567900966e+03 -3.002154349151544466e+01 -1.019395374043075026e+04
-3.904260500259254059e+02 9.778368979692802441e+02 -1.004087327896062015e+04
-3.071995040598192190e+03 -3.059895093126217489e+03 -9.993876449859773857e+03
-8.314817525928724535e+02 1.463985535288699793e+03 -1.022792694871873755e+04
-3.204863637756685421e+03 -2.820145041140265675e+03 -9.995874454935679751e+03
1.280682288451276918e+02 7.439804177972030175e+02 -1.030951604887237590e+04
1.702301357607075033e+03 -1.818066934626534476e+03 -1.017616956097066395e+04
3.461525730311249163e+02 5.136323252132767720e+02 -1.023728031129878946e+04
-1.555406327162576872e+03 2.103616469005547742e+02 -1.021860918139422029e+04
1.865500237100030745e+03 8.292706122993149620e+02 -1.015410409846053335e+04
5.001222838126146826e+02 1.131357545883271996e+03 -1.010063907733469387e+04
-3.141171433786640137e+03 -4.170329432044770329e+03 -9.998902114794966110e+03
2.804518566132274827e+03 -9.615883967033041699e+02 -1.012790393885443882e+04
-4.577636194449045206e+02 1.741160377435424607e+03 -1.004269485060090119e+04
-2.600862604311300856e+02 1.750354466428211254e+03 -1.004406435702525778e+04
-1.152535904397014519e+03 1.022361233438125737e+03 -1.006522016905504643e+04
-3.564610083694441528e+03 2.144431631525099874e+03 -1.014688343161397097e+04
-3.512906138638835500e+02 7.535065267903044059e+02 -1.017185212750915343e+04
3.732982253430719766e+02 5.218127130569702103e+02 -1.013985076411586306e+04
-5.230305439246828882e+02 7.432904820380236970e+02 -1.017275599518329182e+04
-2.240011934734133320e+03 -2.585811192656233288e+02 -1.011418956346765299e+04
-2.512643129153020254e+03 2.684699340247574582e+03 -1.025794000169788887e+04
-8.843940420255131585e+02 6.031889640056434700e+02 -1.011667691362120786e+04
1.611721408904829104e+03 6.874446575691911221e+02 -1.020973960996616188e+04
6.298209757945418232e+02 3.833981183317732757e+02 -1.009006429420436689e+04
2.931805253736146369e+03 -1.396944984378721983e+03 -1.010273486031238826e+04
-1.551738722226351229e+03 1.543722953302144560e+02 -1.020239944400145941e+04
1.513042205107471091e+03 1.141756059491849328e+03 -1.022207224158648751e+04
4.622123819584152216e+01 2.946678042248488055e+03 -1.029147958052350077e+04
-1.341658492909925826e+03 4.196276788710373467e+02 -1.020489904137416488e+04
-1.510885118211748249e+03 -3.438759144232398057e+02 -1.021909032935275172e+04
-1.794889765303975537e+03 1.690133200396724533e+03 -1.016706698470877745e+04
-1.086575477735663753e+03 7.231979712901853645e+02 -1.001084399301018857e+04
-3.232482415802890046e+03 2.010998883822518565e+03 -1.053193344408326811e+04
-1.688656778577378191e+03 3.380638318214903393e+01 -1.010709620306572833e+04
-5.038293430985053192e+02 7.898018621772282586e+02 -1.007516401041351855e+04
-2.087548444768196077e+03 -2.282309638055811547e+02 -1.011747986216650497e+04
8.032544968395560545e+02 -2.005432883684170974e+03 -1.009377335711659543e+04
-5.300295341055530116e+02 1.679125617001798673e+03 -1.013847083680873402e+04
7.465534152288751102e+02 -2.803711702785248690e+03 -1.008785588734020166e+04
7.346178456096624814e+02 7.644117403896387941e+02 -1.030420304546048101e+04
9.770047592959571148e+02 -2.535064614847129633e+03 -1.023537981804254196e+04
8.797254556847144613e+01 6.213003846471792713e+02 -1.028631149395143439e+04
1.043462597669702518e+03 4.910051111141629008e+02 -1.033354465158101993e+04
-1.184104676225443200e+03 6.761983828909862950e+02 -1.002297689300583443e+04
6.989104819539713844e+02 5.373142541120156466e+02 -1.036220320200791502e+04
-1.706724344430004066e+03 -3.072316282926971098e+02 -1.016669408607720288e+04
-1.403443545379917850e+03 3.817873392191755784e+02 -1.012374396209872612e+04
-1.441879594647185968e+03 7.524576590149354161e+01 -1.019255935908578613e+04
6.834509739739141878e+02 4.654076175080169833e+02 -1.033195980317978501e+04
4.735308383069087768e+02 3.757185812141124188e+02 -1.028485712695618895e+04
-3.121029531684098401e+02 1.019040836578787548e+03 -1.036044656909119294e+04
5.568859796219456939e+02 8.997947296345465702e+02 -1.002249885853590604e+04
9.077942818949293269e+02 7.636585751684142451e+02 -1.035288281746189386e+04
-1.016112582336155583e+03 1.712863646179522220e+03 -1.015497535962053189e+04
3.744190819462801301e+02 7.111095987989999685e+02 -1.021690610318058316e+04
2.090394720037635125e+03 -1.773400762635727460e+03 -1.012518141419371204e+04
5.166050339927237474e+02 4.579191012351258223e+02 -1.027989174088097207e+04
-1.223592324820181148e+03 9.532804000707462819e+02 -1.021505216524233583e+04
6.222073042378790433e+02 1.124146253959632304e+03 -1.026613875541393099e+04
-1.176752589744005263e+03 5.188336803181254027e+02 -1.010843194864480211e+04
5.634021764550118405e+02 4.297373763975251677e+02 -1.035696533755326891e+04
-1.644836801901190711e+03 -4.503572615278009152e+02 -1.017023418933854919e+04
-8.001872500343184811e+02 -1.480128763400193293e+03 -1.015127221451978039e+04
2.532187077543420628e+02 1.094562839503831583e+03 -1.034564780328378765e+04
1.640414126624403707e+03 -2.570885543559538746e+03 -1.012808318399903328e+04
3.112827472700913404e+03 6.453826513546334809e+01 -1.017207961940932546e+04
2.084895328465006514e+03 -2.097109733236450666e+03 -1.025117688639847620e+04
-1.613935612341480464e+03 -3.618612076581293877e+02 -1.017340897590521672e+04
1.027232750677850845e+03 4.926524954711487680e+02 -9.990202796936906452e+03
6.582376294619136843e+02 5.193249331346672761e+02 -1.030438282233720565e+04
3.459677460291666648e+03 6.607285948204256556e+02 -1.018457520417896922e+04
9.562309647880546208e+02 7.317986218319824729e+02 -1.033462394801362461e+04
2.191962057021804640e+02 9.883383335406279002e+02 -1.004854192897578105e+04
8.187006959103824784e+02 -2.118314628227357844e+03 -1.022986491591303275e+04
2.364842622164867862e+03 5.474616483695843954e+02 -1.016467474147022767e+04
6.868099438179256140e+02 -3.104173459104726589e+03 -1.026400509077408969e+04
-1.721198817278195747e+01 -1.117368469211118054e+02 -1.013046261310871705e+04
5.058204160711882196e+02 1.105055427515124620e+03 -1.001373440460432175e+04
8.552022820847711046e+03 1.257242665697357188e+04 -1.009420898492299784e+04
-1.842685818093273724e+02 1.786979977717900965e+03 -1.010740721030297027e+04
-8.346910223933348334e+02 8.725406223416830471e+02 -1.001259558830545029e+04
-1.077410204701313887e+03 1.207106021620863658e+03 -1.021250610172967026e+04
1.885571007737207765e+02 6.763743884539387636e+02 -1.013206102578845821e+04
2.509001764709480994e+03 -1.798379171664434125e+03 -1.012329179027022292e+04
2.479508989743136453e+02 9.497998626115082743e+02 -1.027043262501884601e+04
-1.060311873802590981e+03 6.552840654640497178e+02 -1.008105729474408326e+04
1.966638191050774594e+03 -1.813075707375147431e+03 -1.017943639371433528e+04
1.123217246698572580e+03 -2.370521780684244732e+03 -1.026073123534505066e+04
5.481865018100759244e+02 1.120918871505889911e+03 -1.032055323854066592e+04
-6.410800079364189514e+02 8.911720507391804631e+02 -1.008536546641181849e+04
8.066279624731284912e+02 -2.602783021885735707e+03 -1.021035387521265693e+04
-4.457875767482065612e+02 6.640150670370088619e+02 -1.018648899495971091e+04
-1.561372871226596544e+03 -1.308571565032615354e+02 -1.016789597482092722e+04
5.149810762010857843e+02 1.166940727146831705e+03 -1.017016709150613315e+04
-9.158439565621265501e+02 6.704466948309930103e+02 -1.033232000216535198e+04
-8.774311984731632492e+02 -1.423333676084326271e+03 -1.008243275899563741e+04
-1.210144726366578652e+03 4.528244915869757961e+02 -1.025044015380225574e+04
-1.533021592483777567e+03 -2.486922977696934822e+01 -1.011419443738671907e+04
1.851933894265977187e+03 -2.594376036734745867e+03 -1.022595813849552542e+04
-1.302467099638602349e+03 4.165442647896961716e+02 -1.010462577745065391e+04
-1.065426448045971938e+03 5.596075776191239584e+02 -1.003207576961751511e+04
1.069348197117955124e+03 -3.565241725249786214e+03 -1.006737692713507386e+04
-4.651615514454508684e+02 8.113572795860685574e+02 -1.006887844179053172e+04
1.785950977009321150e+02 -3.026937534316570236e+03 -1.015196478086852221e+04
-1.693657910021337557e+03 9.216485744914723455e+01 -1.009435463467465706e+04
1.551681016014389797e+03 2.624379855432074237e+03 -1.017639704048570638e+04
-1.731168646414944305e+03 -2.365535032079918665e+02 -1.020206826984237159e+04
-5.950120993935734077e+02 -7.193103364066779477e+02 -1.018893182838686880e+04
-9.534539921778816733e+02 1.216684598920429380e+03 -1.021020807230160062e+04
-1.268554263110886950e+03 1.225017654896365684e+02 -1.004379710946836349e+04
2.684387670007276483e+03 -3.970913917780254906e+03 -1.028933655838865889e+04
1.717236468701983085e+03 3.038724476443699132e+03 -1.018187706772146157e+04
-1.602949004687872730e+03 -1.682548427508075974e+02 -1.018807418213569326e+04
-9.520521117643420439e+01 7.221665392578745468e+02 -1.013450965440863365e+04
-1.796769357998865416e+03 -2.362003044719762102e+02 -1.023371456606065294e+04
4.293880527110491130e+02 5.573715813941036004e+02 -1.008164603794371214e+04
-1.402460059794487734e+03 5.105544492563199128e+02 -1.006602514469443486e+04
-1.765736995009576162e+02 8.760071953936692353e+02 -1.041698810579399105e+04
-1.082951624490171525e+03 -1.224759955843114312e+03 -1.014607212135647387e+04
-6.728562521028495667e+02 -2.088507594465823331e+03 -1.014982931618415751e+04
-3.191282056731677130e+01 1.094375401991297167e+03 -1.034364147147942822e+04
-1.195147285830123110e+03 -7.543054852738418958e+02 -1.015519979830709235e+04
1.594539060569773483e+03 2.907673475066489573e+03 -1.022149325912831773e+04
-6.401974931722168094e+02 8.996459223776882936e+02 -1.035542786182829695e+04
2.101503015529399818e+03 2.300662357065497872e+03 -1.009159378339627074e+04
-4.212166764170381157e+02 -5.930658230463329801e+02 -1.009915520454815669e+04
-1.117205190912066200e+03 7.299992770967999149e+02 -1.014103305938721678e+04
-2.114207515790722482e+03 -3.271614784449940998e+03 -1.030308667452105510e+04
1.519693975631010744e+03 -1.002955090005235661e+01 -1.015589887285612713e+04
-1.501635155045266856e+03 -9.267040456192501097e+02 -1.017885036523689632e+04
4.471148683005928888e+02 5.072456404029835539e+02 -1.008237325621329001e+04
-1.783488885287760013e+03 -1.032257433274217419e+03 -1.009828528265161185e+04
-1.935233512718640441e+02 1.147604314628973952e+03 -9.937526548674255537e+03
9.508533146881975426e+02 1.423300902375452779e+02 -1.033435099432638708e+04
-1.106171096430825855e+02 1.172965063234159970e+03 -1.020065133719681944e+04
1.384743461485075613e+03 -3.676720787939265392e+03 -1.024796954433833162e+04
3.228927755182836790e+03 2.408378559622791272e+03 -1.010286996433306558e+04
-1.863719513030235248e+03 -8.157417833383703965e+01 -1.017594867200438421e+04
2.514215747442120573e+03 1.693374877972826198e+03 -1.019744403318025797e+04
-1.386923612580557119e+02 1.068965245368629667e+03 -1.024897590038162161e+04
-2.837390218157485151e+02 -5.134752637837583507e+02 -1.019775479790642203e+04
3.993081364730577434e+02 4.242735074883462403e+02 -1.035088750968843669e+04
-1.336704643890230045e+03 -1.133667990513115456e+03 -1.017273022618832329e+04
-3.197126046554768664e+02 -6.877198652399035836e+02 -1.018338932404448133e+04
-5.329304872391082881e+02 4.411475248265751361e+02 -9.928547239717208868e+03
-2.169612449256702575e+02 -4.272391049930849931e+02 -1.021956928044126653e+04
-9.844433610398180008e+02 -1.923511031535427719e+03 -1.014458424177342567e+04
-1.258121629448052772e+03 2.133244545306721420e+02 -1.007673983167487677e+04
-1.213405144785672064e+03 -9.725230123784717762e+02 -1.017555152563355477e+04
-1.183858263963570607e+03 6.170832543213062991e+02 -1.007517112477891715e+04
-1.185742026220271782e+03 -1.084673107873987874e+03 -1.018523137719711303e+04
-1.248594699269146531e+03 1.559741720003208911e+02 -1.008248573500875318e+04
3.248238133506098393e+02 1.061786037968176970e+03 -9.942614083919595942e+03
-5.200212683265280020e+02 1.201180093309407766e+03 -1.024099409631498747e+04
-1.816423596237850688e+02 7.169674767512495919e+02 -1.009586052977225336e+04
1.595103627731103415e+03 7.768061147173333438e+02 -1.027690926270825003e+04
-1.164041549301715577e+03 -6.433388753673322071e+02 -1.008510929240078804e+04
-1.795166755254193276e+03 -4.978911768243870029e+02 -1.020571965081870621e+04
-1.504868753898343357e+03 2.968025776367867365e+02 -1.030819439032827540e+04
-1.874233328642530296e+03 -4.323486258649891170e+02 -1.009738955339781751e+04
-8.386938076783134193e+02 7.529005455672740936e+02 -1.004540625739397365e+04
1.328670899716152235e+03 -1.582563788588713010e+02 -1.011729567887488338e+04
4.645621341837761520e+02 -6.671054540451984849e+01 -1.027504344376485460e+04
-1.037111440928268394e+03 2.780689872156839328e+02 -1.015370045713319814e+04
2.989776135799403164e+03 2.811086775038656924e+03 -1.016802625649045149e+04
1.725020442409670750e+03 2.769923529436861827e+03 -1.015897921483837854e+04
2.248815110276678297e+03 1.955069191973678244e+03 -1.014735288150695123e+04
-1.013346082827247983e+03 -1.135119711182441961e+03 -1.015187696876971313e+04
2.563291934286227161e+02 9.373593400220895546e+02 -1.030461296922266592e+04
-9.939589653516973158e+02 3.078476542918485848e+02 -1.028509146941560903e+04
5.676596878738113219e+02 2.483843670545867099e+03 -1.017133198417316817e+04
-1.479665424279769240e+03 -1.937698133607984801e+02 -1.025689831550161762e+04
-7.133620241121219578e+02 4.354444608367747378e+02 -1.013708658464420296e+04
1.078009214965942647e+03 5.133118628230268996e+02 -1.020123086590268940e+04
-9.824966713559992968e+02 1.333480726979673136e+03 -1.017319142439070856e+04
1.062957377223776803e+03 1.598495614884592442e+02 -1.029417786069826616e+04
-1.743510496535443963e+03 -3.156169242547481190e+03 -1.025435450210699128e+04
3.954022336237989066e+02 5.882275605383188122e+02 -1.021750920463484908e+04
-3.361164344239383581e+02 1.064789335646241625e+03 -1.016380026817827638e+04
-1.131739585061822027e+03 -9.518149207544178125e+02 -1.005051563101386455e+04
4.197680796450370053e+02 -8.779389956346676627e+01 -1.012666407662675374e+04
-1.698130754847338267e+03 -1.487804323999052940e+02 -1.035939863974209766e+04
-4.778535366841368841e+02 7.944818190865014458e+02 -1.010592349444329193e+04
2.875062830915617269e+03 2.768033104613416981e+03 -1.005278291889736829e+04
-1.517389474567774414e+03 -6.811862638590010874e+02 -1.017088174386787978e+04
-1.681291643996237326e+03 7.492713396814758653e+01 -1.012683577006203814e+04
-2.362207077217618689e+02 -5.961953731267406056e+02 -1.017799596454422135e+04
9.412536825008585311e+02 1.760093872152841641e+02 -1.026544839083832267e+04
-1.802344827380115703e+03 -9.202309538040680081e+01 -1.008418913358040845e+04
-1.772177688058663989e+03 -5.431104211898768881e+02 -1.015651100503546695e+04
2.337751440075802748e+03 1.061468830185828210e+03 -1.016804989440394820e+04
-1.477905836873886528e+03 1.589622251487312496e+02 -1.026532621962760641e+04
-2.393267955007233923e+02 -3.606554781312012210e+02 -1.016009445382214835e+04
-2.044975426257099116e+01 8.962177890251814460e+02 -1.001306572386902189e+04
-6.752835108020319694e+02 -1.082345066530482200e+03 -1.009514193481789880e+04
1.049911426381992442e+03 4.030764871256116066e+02 -1.020293905509048454e+04
-1.630501974750835643e+03 -1.417737975958665857e+03 -1.023723088706596900e+04
-1.175888092899912635e+03 -8.149423546129085025e+02 -1.017022454017431301e+04
1.969563748255804057e+03 1.104485886491312840e+03 -1.025234310645099868e+04
-1.845119733641447510e+03 -6.546706160441099200e+02 -1.032583276981888230e+04
-1.125208295756158918e+02 -2.382334562883791477e+03 -1.020131333538310355e+04
3.923248878858582430e+03 2.219238333946606190e+01 -1.032904157979527554e+04
-8.629817264310771634e+02 -1.508260083229817155e+03 -1.021633812472688260e+04
3.861037080822976804e+03 -2.048478262532074723e+01 -1.032799896886162605e+04
1.916333160626109020e+02 -1.076811687476613997e+03 -1.016583651736374486e+04
-2.817089729275608079e-01 2.190840358222455052e+03 -1.012820278758485256e+04
-1.395165344494302644e+03 -1.210764037151949424e+02 -1.009303916459642278e+04
6.957971313065371533e+02 -4.056450626357328701e+02 -1.017362548951715326e+04
-8.928910468151443638e+02 -8.925417095958528080e+02 -1.015221166513338176e+04
5.471240810783143615e+02 -3.322951414354040026e+03 -1.005052343097143603e+04
4.385052325289466353e+03 1.299347208137892494e+03 -1.016213989534770735e+04
-1.656345352241193268e+03 2.883150306466425718e+03 -1.007537621888100330e+04
-1.309353449139874328e+03 3.646979078962192489e+01 -1.021758404377097031e+04
-1.703359929592917524e+03 -1.398457623436307813e+03 -1.022153223931443426e+04
1.064565816256933886e+03 -3.480353436253336099e+02 -1.015105217157530024e+04
-5.413515198538038931e+02 8.531159241479483626e+02 -1.023187697869266412e+04
-2.185590653337625326e+02 -8.738160019034411334e+02 -1.016128349114751290e+04
-1.824591965200437699e+03 -1.033087905089647620e+02 -1.018243543113023406e+04
-2.394510915905703314e+03 -7.271086221428708996e+01 -1.013581852002363121e+04
1.315810067905923916e+03 -1.248649688052862075e+03 -1.021821602214275117e+04
-8.987829730743632126e+02 4.238159309176929810e+02 -1.007257503576433919e+04
8.109281126343347523e+02 3.891217850673365319e+01 -1.005615290154051218e+04
-2.033917001860322443e+03 5.038913278749382698e+02 -1.018636542828456368e+04
-1.325398338481810015e+03 -2.777096611571183757e+02 -9.992903860631324278e+03
-7.833478901318424050e+02 2.938926875535370527e+03 -1.008987244621185528e+04
8.974176462011471358e+02 5.825215471360437505e+02 -1.012089189590355636e+04
3.898899458193193368e+02 -1.377043230326171397e+03 -1.021062938597404172e+04
-1.686234642875479494e+03 -1.305865991696380661e+03 -1.009366855098014275e+04
5.221290968029123860e+02 -3.780208756220661144e+02 -1.017324386394608155e+04
5.346554824637239562e+02 -6.187584854690931024e+01 -1.013270405882447267e+04
-1.166458247019886358e+03 1.963613225981997630e+02 -1.020946769324638990e+04
8.569979122183121945e+02 3.025472440592097882e+02 -1.024123837939713485e+04
-1.224145346654950572e+03 4.092501108109075858e+02 -1.033311718192969965e+04
7.528559654049872734e+02 2.993639836004682593e+02 -1.006075645438439642e+04
-1.234850722367681328e+03 1.483226399571009324e+02 -1.031387294013622522e+04
3.801053831317199638e+03 -2.842048243446107563e+02 -1.029605988055549642e+04
2.758783976511434730e+02 1.787586224037083866e+03 -1.012027726363747934e+04
-2.719741097635221649e+01 -7.007258098898764729e+02 -1.020436183211315620e+04
1.103617906838454928e+03 2.273987557312810850e+02 -1.015279231123953832e+04
-1.291920436847833344e+03 3.196481857677445078e+02 -1.024548331167364086e+04
8.583503064868807542e+02 9.101010435603100177e+02 -1.007617802305109035e+04
-1.066586392933180832e+03 -1.251112704763602324e+02 -1.012017741529317027e+04
-2.459334866524245626e+02 1.893719282965079856e+03 -9.989188280109707193e+03
9.161748595501426280e+02 4.337140837956948189e+02 -1.025372794799847361e+04
-4.976682072735235352e+02 -1.673642127405771816e+03 -1.008454695630529386e+04
8.848576020646647748e+02 -1.738729876816903470e+02 -1.018138158250079323e+04
6.591673808914310939e+01 -1.285751609425106381e+03 -1.019314903247116126e+04
2.902903909041413044e+01 -5.681850879496586231e+02 -1.015079096435446627e+04
-1.209860232058719703e+03 -6.740906826510988594e+02 -1.021632186146859203e+04
-4.377399081035522954e+02 -2.497958340288289492e+03 -1.015434869042349055e+04
5.750094404173827343e+02 4.540134805820798647e+00 -1.008433695556949715e+04
-5.497511158658592194e+02 -2.315510475797839263e+03 -1.016096779898966088e+04
1.122779372352264090e+03 1.310627568527769199e+03 -9.997419387262394594e+03
-1.079836772820433453e+03 -2.227389323428433272e+02 -1.023515515566175054e+04
-2.083401588832468860e+02 -4.673413819305113748e+02 -1.020817573102395727e+04
4.189609707193566805e+02 2.012312977645018464e+03 -1.009020829193799364e+04
-9.194294051997305814e+02 3.770702343840773665e+02 -1.025705416680344933e+04
2.623827052215018512e+02 -1.011741145675786015e+03 -1.022243043357659735e+04
-8.452165005065060086e+02 -9.116847436669102080e+02 -1.005749848912235029e+04
7.871397565543323935e+02 3.588092632624179714e+02 -1.023548806369184422e+04
-1.217838163743290806e+03 4.810575999450986728e+01 -1.024469376721956723e+04
8.070817293774757673e+02 4.919100523691312219e+02 -1.011763007417415974e+04
-4.458874397253348434e+02 3.671208394728908388e+03 -1.007215438364589681e+04
7.549716009552614651e+02 -6.828745323707328225e+02 -1.023842235862696180e+04
6.133887476091033477e+02 1.894429401425446031e+03 -1.024672157928236265e+04
-2.019449594761867502e+03 1.761696774826713863e+03 -1.016634087498382542e+04
-8.878396728894763328e+02 2.888756561251961102e+03 -1.028670445192131228e+04
8.342152675457830355e+02 1.897164706557306317e+02 -1.009862373466349891e+04
-1.695619726515608363e+03 -1.513448212826501958e+03 -1.025288522272094087e+04
-1.596528862705198208e+03 -4.623463103132196466e+02 -1.003278698301392251e+04
-2.449575355242259320e+03 1.287070373389497490e+03 -1.014870479140472162e+04
-1.346806502028484374e+03 -2.349952589399564431e+02 -1.005434162302000186e+04
-4.817211957720940063e+02 -1.088947788281973317e+03 -1.013572044943940637e+04
-1.293683810242662958e+03 2.933787262760127305e+03 -1.008915095969133654e+04
-2.426308904325762342e+03 1.982435213236514073e+02 -1.016483828797058050e+04
7.179154083536735698e+02 1.316404852416103495e+03 -1.016403595012529513e+04
-1.728333057028146186e+03 -1.126531940182841254e+03 -1.016817172872548508e+04
-9.192588007700837807e+02 -1.069223198066563327e+03 -1.010045881903532245e+04
-1.292478056595544786e+03 -8.741041283955440804e+02 -1.019988697915649391e+04
-1.015097475905308102e+03 -1.978268633158811099e+03 -1.021887047379418073e+04
8.963359054585718013e+02 7.273906743923770364e+02 -1.008837969233084004e+04
-7.690243781647786818e+02 -1.596357598543241238e+03 -1.016179955291306578e+04
-9.130298998635489625e+02 -1.582964813914240494e+03 -1.007003701632854245e+04
-1.383388879479413163e+03 2.841231996732726657e+03 -1.007250085742507144e+04
1.026101881824910379e+03 -2.437103191923905001e+02 -1.014051176012588803e+04
-1.582409194617696357e+01 -7.858049367594730938e+02 -1.018930711649731529e+04
-1.464602425050657530e+03 3.718643218743149191e+03 -1.023837502750593376e+04
7.032010829955586360e+02 1.853176155886964352e+03 -1.003242993972463773e+04
-6.018206624705314880e+02 -2.193924743632938316e+03 -1.014210726669223732e+04
5.336302608687580005e+02 -2.630989676012255813e+02 -1.018386812966299294e+04
1.011910425699466032e+03 6.508976634107136761e+01 -1.016733687147891578e+04
-1.481515763575889196e+03 -1.574866245557564071e+02 -1.017807467402015209e+04
9.060954838424161153e+02 5.394229841372207375e+02 -1.006784150243142722e+04
-1.227411829644809131e+03 2.451729455789859458e+01 -1.007191119668552710e+04
-1.428717614396906129e+03 -7.063644872642915971e+02 -1.018325626281609584e+04
-2.799319488658884438e+02 2.721169248799685192e+03 -1.019704096572881463e+04
6.706905237843172927e+02 -1.238609674912913761e+01 -1.023481688067402138e+04
7.773310889142661608e+02 -5.677312668669248978e+02 -1.014833324223583259e+04
-4.710896322947128283e+02 3.748889333727591293e+03 -1.022541799295523197e+04
4.553566320568064043e+02 -6.099565705057785863e+02 -1.012869271948256755e+04
-3.693048959330463731e+03 -1.160701979747666701e+04 4.347126346016540083e+03
-4.809509052134830199e+03 -1.135857107543618440e+04 4.586125009006311302e+03
-5.540616961086592710e+03 -1.335046551195531902e+04 2.826394851483773436e+03
-4.198243773190561114e+03 -1.290487717679548950e+04 3.306185145222985739e+03
-9.309279846171877580e+03 -8.013904035010416919e+03 7.440779758611562102e+03
-4.586736660789727466e+03 -1.175284101112978897e+04 4.395884557408486216e+03
-4.252854833422416050e+03 -1.171911903923446880e+04 4.202627827765154507e+03
-4.699898042323097798e+03 -1.176568376267927306e+04 4.288673429167116410e+03
-4.144562512922766473e+03 -1.259728009746220414e+04 3.636087592892510202e+03
-4.574289991624307731e+03 -1.085706324713393042e+04 5.062963110358420636e+03
-4.168237463441839282e+03 -1.174147986459148160e+04 4.411759117999118644e+03
-3.605129574499079354e+03 -1.159637628964795658e+04 4.366078620414416946e+03
-4.676935862844138683e+03 -1.148671108916712183e+04 4.612383946070949605e+03
-4.827460669189237706e+03 -1.145683626766729685e+04 4.705220430147386651e+03
-4.792548312753619030e+03 -1.130799908545727158e+04 4.809547436521844247e+03
-5.336042415255492415e+03 -1.095969969693051826e+04 5.131233330079207917e+03
-3.345807755822255785e+03 -1.186794833282181025e+04 4.252913145181043546e+03
-4.767199691685776997e+03 -1.141181784300006075e+04 4.718633346551398972e+03
-5.497684531011545005e+03 -1.020069165447429259e+04 5.670992331672048749e+03
-4.199089112157742420e+03 -1.171171179516509619e+04 4.260616028102236669e+03
-4.576613914725035102e+03 -1.156542366488763764e+04 4.541588754435401825e+03
-6.206803992788351025e+03 -1.232021062736996464e+04 3.855989129156298986e+03
-4.334077380506783811e+03 -1.180106934035104496e+04 4.469739779415473095e+03
-5.649901870839630647e+03 -1.206588727472614846e+04 4.068829954263022046e+03
-4.693586368342205787e+03 -1.142683842841573278e+04 4.693992824565687442e+03
-5.947313192939968758e+03 -9.704228980223198960e+03 6.190795725116681751e+03
-3.887120781817863644e+03 -1.171718717606346763e+04 4.400980983940216902e+03
-3.473091545117335045e+03 -1.145114320402482372e+04 4.569113927991124001e+03
-4.563269850987250720e+03 -1.131678966233402753e+04 4.641740428803176655e+03
-4.746286275349904827e+03 -1.152326179652573774e+04 4.676421469713443912e+03
-5.959559475659656528e+03 -1.189672983709706750e+04 4.137390318922597544e+03
-5.898597178116737268e+03 -1.248433276753759128e+04 3.826054854241368048e+03
-5.960668557461815908e+03 -1.229907395626191465e+04 3.734453575804875982e+03
-3.985307863507112415e+03 -1.162357864364296802e+04 4.560842358693811548e+03
-6.540296708111274711e+03 -1.291512246240077548e+04 3.230739814159124307e+03
-5.891318855556977724e+03 -1.023233204195886719e+04 5.733532748564389294e+03
-8.562607614477277821e+03 -7.730635900797682552e+03 7.894168335279421626e+03
-5.227289053356210388e+03 -1.349032892071164861e+04 2.800861657584082877e+03
-5.530877160782407373e+03 -1.178492775441133017e+04 4.310608311367552233e+03
-6.094974229545413436e+03 -1.315226020912492459e+04 3.057472799910990034e+03
-3.532998348514797271e+03 -1.156048001900772033e+04 4.487437198946762692e+03
-5.036126945512969542e+03 -1.198882789487365335e+04 4.250921362770888663e+03
-4.447843477680784417e+03 -1.179480736297713702e+04 4.461087489261956762e+03
-3.976005805306002912e+03 -1.175249217475023397e+04 4.266562751471820775e+03
-3.691290105347542521e+03 -1.172924709950393299e+04 4.219300814111673390e+03
-4.123549531589032085e+03 -1.176257883371985736e+04 4.334158178643676365e+03
-4.134370976408094975e+03 -1.159193262287942889e+04 4.525774689556904377e+03
-4.658526729568081464e+03 -1.162557958253211109e+04 4.607903014862920827e+03
-5.663053432280614288e+03 -1.331837590286181694e+04 2.925659667437692860e+03
-3.667857382199839321e+03 -1.171610683736466308e+04 4.353297110619614614e+03
-4.960644002910643394e+03 -1.131516648520380295e+04 4.766815665337160681e+03
-5.922467276404439872e+03 -1.233857225053114598e+04 3.715058386223265188e+03
-5.192251810660386582e+03 -1.170710067458209596e+04 4.295613593750856126e+03
-6.553526728727014415e+03 -1.291645802431646553e+04 3.211641212419090152e+03
-6.467464540234704145e+03 -1.294409899496003709e+04 3.183782182412484417e+03
-5.586540868439326914e+03 -1.254906313376668004e+04 3.658499535954705152e+03
-5.275317498778585104e+03 -1.144871630563331018e+04 4.568874605672871439e+03
-5.502706197312698350e+03 -1.213214906915220854e+04 4.033110912750497391e+03
-3.808287979758189067e+03 -1.170748725147218465e+04 4.238402761186506723e+03
-6.245160546166222957e+03 -1.267453488589306835e+04 3.544525491752588550e+03
-5.048049994052313195e+03 -1.164444037981047586e+04 4.510087424857613769e+03
-6.398794580354137906e+03 -8.953375790216150563e+03 6.925388340267840249e+03
-8.109153871205457108e+03 -8.657116095310295350e+03 6.994464541788903261e+03
-4.107093882385618599e+03 -1.175593065106952054e+04 4.339570713985327529e+03
-4.897384886651195302e+03 -1.080735532966742539e+04 5.436925898241381219e+03
-5.413764028091905857e+03 -1.337459414709221346e+04 2.809627736877442658e+03
-6.173301591905321402e+03 -1.226994807601449429e+04 3.805254659874867684e+03
-6.590441642613915064e+03 -1.255815261834659032e+04 3.664989465081266189e+03
-4.776974319526231739e+03 -1.167083227468387850e+04 4.177905836466743494e+03
-6.291161870675442515e+03 -1.229117578715034506e+04 4.005455987858032586e+03
-2.086701325807203375e+03 -1.084173151544203029e+04 5.204769024605752747e+03
-4.431637445548465621e+03 -1.180584900078620376e+04 4.450186575644622280e+03
-3.454942158734315399e+03 -1.150682719575536248e+04 4.413999530288419919e+03
-4.429714574608529801e+03 -1.167194760687311646e+04 4.531647782265059504e+03
-5.472704017792759259e+03 -1.210292408490822345e+04 3.934248100605173022e+03
-6.624463653002841056e+03 -1.292966585245933493e+04 3.280639690635628085e+03
-3.560520368626959680e+03 -1.154257165699398865e+04 4.466473057365440582e+03
-5.248573346833510186e+03 -1.089429497088736207e+04 5.390043961984493762e+03
-7.207594049803973576e+03 -1.250708686102415231e+04 3.659764887204363731e+03
-4.042554122888015627e+03 -1.166666641789329515e+04 4.336033353050788719e+03
-4.929515785236593729e+03 -1.046865745976914513e+04 5.869502493699272236e+03
-6.373351429084675146e+03 -1.304891633432952040e+04 3.160783973016749314e+03
-5.179943700915832778e+03 -1.199368945675559917e+04 4.365832737338705556e+03
-5.696112167585270981e+03 -1.137616392424560945e+04 4.889417442171681614e+03
-5.682298844687727978e+03 -1.255184673747571651e+04 3.743797051964627826e+03
-5.442514552787393768e+03 -1.174167579656601265e+04 4.500799627720135504e+03
-4.740214411915334495e+03 -1.142667080082699977e+04 4.729406669800909185e+03
-4.184381635131348958e+03 -1.153938359446939467e+04 4.399105379659753453e+03
-4.503188056675207918e+03 -1.091137413991394169e+04 4.956386767591862736e+03
-3.912324035078565885e+03 -1.154507269691991314e+04 4.727363643369048077e+03
-4.147288208343828046e+03 -1.165081502999675467e+04 4.519783376231256625e+03
-5.033942075118509820e+03 -1.202591158946873293e+04 4.320139624860245021e+03
-4.722329570676158255e+03 -1.283794017499823894e+04 3.332258349588791134e+03
-5.023804818203629111e+03 -1.152014748778747889e+04 4.591439224460574223e+03
-4.537259657851724114e+03 -1.159588902772629808e+04 4.539140109525288608e+03
-5.554268482821381440e+03 -1.159357031521913268e+04 4.573846719595820105e+03
-5.026823695438878531e+03 -1.194088695852196179e+04 3.982315149003795341e+03
-5.862950360204260505e+03 -1.285345152748573491e+04 3.369743234995649345e+03
-4.550611556095787819e+03 -1.141308113304485414e+04 4.668538804137024272e+03
-6.129181817693534867e+03 -1.223040836939549627e+04 3.771685930377855129e+03
-4.210075886758038905e+03 -1.170387315525061786e+04 4.544754538741001852e+03
-3.532749511334183353e+03 -1.124369855803479368e+04 4.794446987823331256e+03
-2.843111646952655065e+03 -1.319286448145908616e+04 3.047236208173337218e+03
-2.355429976017343961e+03 -1.144295005115606364e+04 4.571920651026196538e+03
-9.030510351100110711e+03 -1.312041704083559489e+04 2.690966942386427036e+03
-3.412185772797649861e+03 -1.118305609858142452e+04 4.816698461513115944e+03
-3.171117364753911716e+03 -1.128745375733009132e+04 4.650817635103367138e+03
-3.193193634497885796e+03 -1.116473208773000806e+04 5.070174326893042235e+03
-2.568797232364454430e+03 -1.139091411183880518e+04 4.632535121218889799e+03
-3.506696902256467183e+03 -1.125604019408429485e+04 4.739471632748449338e+03
-4.546425620489955691e+03 -1.160811770742697627e+04 4.498466255437674590e+03
-3.395562731376822740e+03 -1.106175205789024403e+04 5.010282040501017946e+03
-3.668911541445803778e+03 -1.164025183775099867e+04 4.421801927308893937e+03
-3.444640576298108499e+03 -1.149626446264717561e+04 4.500343749021991243e+03
-3.796508305857229061e+03 -1.141470754622451204e+04 4.476488504908591494e+03
-2.673981518233382303e+03 -1.122411496671528948e+04 4.866974234263503604e+03
-3.941333754229691749e+03 -1.153518272901823184e+04 4.574977316854116907e+03
-4.342226054885799385e+03 -1.173242383731202426e+04 4.377134953532441614e+03
-3.297853284913347125e+03 -1.139054443062352038e+04 4.519961054481635074e+03
-3.421080329756709943e+03 -1.129598641168111135e+04 4.968153341500470560e+03
-3.709702790921055566e+03 -1.159791078052151715e+04 4.423144811579446468e+03
-2.593238853561890664e+03 -1.237277215903529941e+04 3.669196304200401300e+03
-3.364966753780120598e+03 -1.129202704876496500e+04 4.935218488355378213e+03
-3.140250423175958531e+03 -1.190418798094607519e+04 3.933529077585151299e+03
-3.655229762103146641e+03 -1.139184804122937021e+04 4.648929691173449100e+03
-3.663264575016259641e+03 -1.163923683098823676e+04 4.615507856295957026e+03
-3.295333763013612952e+03 -1.132845412004848367e+04 5.064602556179944258e+03
-3.420544396694175703e+03 -1.110049138513336584e+04 4.821691864348837953e+03
-3.347224529113650533e+03 -1.114768131828475816e+04 4.793658774382462070e+03
-3.627289391129828800e+03 -1.131608131734136623e+04 4.746053546024335446e+03
-3.386660610228863789e+03 -1.355361236654610912e+04 2.657015111907157461e+03
-2.286601903635843428e+03 -1.239243523093947078e+04 3.862243520704530965e+03
-2.281028176109952710e+03 -1.206381732824825849e+04 3.735357691185272415e+03
-3.358872400650866439e+03 -1.120974072307196366e+04 4.825363685130059821e+03
-2.033846494964076783e+03 -1.206057190529107720e+04 4.133813699477507726e+03
-4.843555750905921741e+03 -1.185961206863955158e+04 4.208704542374572156e+03
-8.283493784617388883e+03 -1.299024683311518311e+04 2.896527977524756807e+03
-2.454429045592699822e+03 -1.196458340967602271e+04 4.071399926943673563e+03
-3.252369754658666352e+03 -1.317892477454701293e+04 2.920796624714128939e+03
-2.240281787511515176e+03 -1.182981281880467941e+04 4.219870692706843329e+03
-3.095495325916125694e+03 -1.212952227039594072e+04 3.859403355476994875e+03
-3.371124491679001949e+03 -1.318164367204875998e+04 2.951324508649583549e+03
-3.978075828586808257e+03 -1.148400508770495253e+04 4.532351293872618044e+03
-3.335087583479558816e+03 -1.095063574146522114e+04 5.086565414614355177e+03
-3.454337118417821785e+03 -1.165513587155629648e+04 4.491472641206468325e+03
-3.389943512623844981e+03 -1.122039968667050925e+04 4.699673232356242806e+03
-3.438641323680722508e+03 -1.159275791709918849e+04 4.728873070291951080e+03
-3.363377259082674300e+03 -1.105780911765099336e+04 4.804032792468195112e+03
-2.242390869234367983e+03 -1.265132265052420007e+04 3.511496167206258633e+03
-3.362543167821877432e+03 -1.096241682654090982e+04 5.039288150500377014e+03
-3.196721455232682729e+03 -1.110040272386110337e+04 4.994322868531568020e+03
-2.398658216684296804e+03 -1.219755344409337340e+04 3.764698952014278802e+03
-3.448352928851414163e+03 -1.155807511853420692e+04 4.478138773310080069e+03
-2.495158116334867373e+03 -1.271390729853114135e+04 3.447322650065717880e+03
-2.890994634340906487e+03 -1.359320459010342347e+04 2.643732378664639327e+03
-3.185024752019442076e+03 -1.165267199156137940e+04 4.242330214318709295e+03
-3.789080253355419245e+03 -1.134675662458216175e+04 4.501367522422900038e+03
-3.015897748778540063e+03 -1.246677681756792299e+04 3.838702314473614933e+03
-3.638210592518603335e+03 -1.132733722697184749e+04 4.836109991765456471e+03
-2.478191757812575815e+03 -1.327265987719818804e+04 2.929717478386178300e+03
-3.138292010054324692e+03 -1.149483152649705335e+04 4.502383258905085313e+03
-6.592832516591424792e+03 -1.173256775526336423e+04 4.245336150309971345e+03
-8.412428955831912390e+03 -1.299291638698225688e+04 2.865222716229962771e+03
-3.372875251193317126e+03 -1.086260097694553951e+04 5.063229038122311977e+03
-3.734327020015037760e+03 -1.140660788719450284e+04 4.702464043799627689e+03
-2.290088171706262074e+03 -1.202363824761907563e+04 4.060710208675653575e+03
-3.740268482786669665e+03 -1.317645240861105049e+04 2.898575018240237569e+03
-3.177478221628295614e+03 -1.319727508029127057e+04 3.002745956659331114e+03
-3.749769070754154200e+03 -1.274856629810286722e+04 3.334212034927787045e+03
-2.685996768361470004e+03 -1.251451798380229957e+04 3.719222135089815310e+03
-4.539479824137900323e+03 -1.105288877316961407e+04 5.085444834774150877e+03
-3.356883123351220092e+03 -1.090134331965544152e+04 5.009243468589562326e+03
-3.405034911037651000e+03 -1.100804261904427040e+04 4.882638976664817164e+03
-3.357122206939535317e+03 -1.152775589324994689e+04 4.625488184513901615e+03
-2.822208028620714231e+03 -1.244987318707188206e+04 3.710674893980171873e+03
-2.529318044312584334e+03 -1.301465318199959984e+04 3.123825262980577008e+03
-3.339856414475015754e+03 -1.229932531712402670e+04 3.728400041150262041e+03
-3.455988268773873187e+03 -1.137964684287384080e+04 4.837367315847396640e+03
-2.598436830420391288e+03 -1.301809410592370114e+04 3.085734520047203659e+03
-3.361980444055928274e+03 -1.120400740727120865e+04 4.798876484424237788e+03
-4.009619769295660262e+03 -1.165542225752456579e+04 4.487373797281792577e+03
-2.781907916060044499e+03 -1.229018281870744613e+04 3.768101304012648598e+03
-2.779181163874171034e+03 -1.242185816869004339e+04 3.772053662449869080e+03
-5.843611282392615976e+03 -1.187286110458006442e+04 4.169345385652854930e+03
-2.646959029611838560e+03 -1.309426638500698755e+04 3.045663861755602284e+03
-3.379783625817880420e+03 -1.099530727191239203e+04 4.877228632371186904e+03
-3.480799466876938823e+03 -1.118776082022477567e+04 4.810249837551389646e+03
-3.620014179871821398e+03 -1.225916077418424902e+04 4.036851318126854039e+03
-3.732766871310002443e+03 -1.164828015495422733e+04 4.452513910707007199e+03
-3.284872757482342877e+03 -1.229845044075425540e+04 3.730248057368767149e+03
-3.980482066199616838e+03 -1.162485230781311475e+04 4.557169383624849615e+03
-3.139208506053623751e+03 -1.225283900708018518e+04 3.840454394350610528e+03
-1.409282476759206929e+03 -1.280056646356000965e+04 3.381043090357768961e+03
-2.634649433821225102e+03 -1.180843690936628082e+04 4.512299028977903617e+03
-4.870688547207741067e+03 -1.185998193039794569e+04 4.156275013337615746e+03
-3.351195781301188163e+03 -1.139670251177829778e+04 4.739656042814943248e+03
-2.534522382886989817e+03 -1.302597369210023680e+04 3.041277792040113582e+03
-1.689403815793027434e+03 -1.287842602384850579e+04 3.469734668528446491e+03
-4.469660444599492621e+03 -1.033806377721010176e+04 5.469603553660283069e+03
-2.765534055359269587e+03 -1.304914035593541121e+04 3.019276422373664445e+03
-2.296728946322733918e+03 -1.077026042286122174e+04 5.003509702047418614e+03
-3.173881730219341080e+03 -1.048258872437101672e+04 5.421867069531205743e+03
-8.837932107826619585e+02 -1.018593853243740159e+04 6.104441474417457357e+03
-1.740150682371290713e+03 -1.022810224548959923e+04 6.079007154531027481e+03
-2.444422571313076787e+03 -1.465569912479919185e+04 8.134351507722192309e+02
-3.418220304442055749e+03 -1.047770014688660558e+04 5.640682468487812002e+03
-2.978372785243286216e+03 -1.076458304505936940e+04 5.496623799165900891e+03
-2.694715410962145143e+03 -1.060804638684227211e+04 5.444899517183406715e+03
-2.940760847697304143e+03 -9.722318454919013675e+03 6.515199050914495274e+03
-3.949250466758483071e+03 -1.203097017376941403e+04 3.945053622080380592e+03
-3.870401985382664861e+03 -1.179679810162706781e+04 4.437013839912157891e+03
-3.222439836063360872e+03 -1.057856552604400713e+04 5.493235674234905673e+03
-3.127404773223246593e+03 -1.093786837724474026e+04 5.271169764834964553e+03
-3.141399297868542817e+03 -1.093414569149358613e+04 5.310285975424273602e+03
-3.643824117283630585e+03 -1.048378866902145637e+04 5.634620733957427547e+03
-2.993103503281713074e+03 -1.105381395582168443e+04 5.052042638017939680e+03
-3.275958893197533143e+03 -1.047828837846686292e+04 5.519765557067467853e+03
-3.153047253418360469e+03 -1.106552853204877465e+04 5.142065561722773964e+03
-3.167920069371016325e+03 -1.153166314365210565e+04 4.422153673100132437e+03
-2.662313602072932099e+03 -1.160737293785275870e+04 4.485712488335813759e+03
-3.307688386233890469e+03 -1.127169979981954384e+04 4.951494175685782466e+03
-5.391763348567454841e+02 -1.066433930237286040e+04 5.424447120191507565e+03
-3.311534197944423795e+03 -1.054247452623986464e+04 5.563845944013650296e+03
-2.995682577495173973e+03 -1.057682200071381521e+04 5.596581155209303688e+03
-2.916664530710894269e+03 -1.075359265803134804e+04 5.418514009586602697e+03
-3.076699002148761338e+03 -1.145408535873770415e+04 4.702166465332781627e+03
-3.073608389031135630e+03 -1.091240178406262930e+04 5.316261258523638389e+03
-1.322271578698830581e+03 -1.148426290557473840e+04 4.359772435468592448e+03
-3.384726715308685016e+03 -1.053524469504899389e+04 5.612003491084324196e+03
-3.604446175993084580e+03 -1.055272525553478954e+04 5.438748869001399726e+03
-2.829017876750209780e+03 -1.049646181247098684e+04 5.509792428035537341e+03
-1.415926835731620031e+03 -1.062185906864383105e+04 5.656898544740798570e+03
-2.995622269624016553e+03 -1.047488793582718426e+04 5.538638576173430010e+03
-3.102881554462866461e+03 -1.068055315001722556e+04 5.526610105533545720e+03
-1.444439673933831045e+03 -1.036276272551575312e+04 5.761121453735347131e+03
-3.299829218302351819e+03 -1.211098633116148812e+04 3.900368730935679196e+03
-3.388391913981128255e+03 -1.511257727319243713e+04 3.633492140386458686e+02
-1.749168295543372096e+03 -1.057330845045695969e+04 5.647003945574766476e+03
-2.441947731327485144e+03 -1.060723171861757692e+04 5.534028119833218625e+03
-9.257286204017875662e+02 -1.009625703966758920e+04 6.110793482023880642e+03
-2.704469333576552344e+03 -1.065915775263790420e+04 5.499390021413983050e+03
-2.560306089772809628e+03 -1.043576098475650542e+04 5.419888872402961169e+03
-2.899647913762577900e+03 -1.073877542014755090e+04 5.466852074940514285e+03
-3.005730911836559244e+03 -1.178183330008005214e+04 4.479355036818934423e+03
-3.035964167005925901e+03 -1.128106620340949303e+04 4.758569764178781043e+03
-3.793373449309623084e+03 -1.049307127703116385e+04 5.528916824482867924e+03
-3.458814676708735988e+03 -1.063461661231880498e+04 5.295207276209415795e+03
-2.912778238649369086e+03 -1.113412562340156546e+04 4.679829637021053713e+03
-2.374228283344433521e+02 -1.003935084551103137e+04 6.110998001524210849e+03
-2.810092497378008375e+03 -1.091939256026918520e+04 5.315459447248034849e+03
-2.602961582760213787e+03 -1.207585827752557270e+04 3.873949240859421479e+03
-7.032531156435134108e+02 -1.022233280986644422e+04 5.931015054082449751e+03
-2.425131447465960264e+03 -1.128352615675500238e+04 4.642080469743926187e+03
-5.584519453733307728e+02 -1.005569661258549604e+04 6.140036082380333937e+03
-1.395964517801409784e+03 -1.045536273773224457e+04 5.852103840630894410e+03
-2.936622080744896266e+02 -1.104065150933595578e+04 5.025227154330659687e+03
-2.653844576426674394e+03 -1.060913125903512264e+04 5.421938943734314307e+03
-2.461605201971882707e+03 -1.063116928163983721e+04 5.619839753397520326e+03
-3.185377202289611887e+03 -1.051252591740080061e+04 5.423636716391124537e+03
-6.555041700436423753e+02 -1.024064675329414604e+04 5.834141943130035543e+03
-2.786837002188971837e+03 -1.047656751132888348e+04 5.432489670704264427e+03
-3.318726189083790814e+03 -1.258479169835637913e+04 3.290312641870186781e+03
-2.976253570607324946e+03 -1.506443038689371315e+04 6.944057045600658284e+02
-2.979231963914146945e+03 -1.181532344143789305e+04 4.158956034350602749e+03
-3.471052850061561912e+03 -1.056218836780473248e+04 5.385952561581657392e+03
-1.950278366559454298e+03 -1.040746917602086069e+04 5.901696609713845646e+03
-1.714697029074889087e+03 -1.084619648885912648e+04 5.017390692379942266e+03
-5.511969212114483980e+02 -1.067321984436623279e+04 5.560207762031616767e+03
-2.135275296034281837e+03 -1.110259814544358414e+04 4.929438512909360725e+03
-2.468380255813714030e+03 -1.046154009333671456e+04 5.465871293786400201e+03
-3.810378552763875632e+03 -1.149954313132181233e+04 4.630125913319273423e+03
-3.149709147868657055e+03 -1.093546488629125815e+04 5.314477511507769123e+03
-2.499312473483568738e+03 -1.167601753263549472e+04 4.172360123534354898e+03
-2.482734176430965363e+03 -1.164163568894240234e+04 4.219475839121333593e+03
-3.174857784704191999e+03 -1.053568897514770470e+04 5.596469725178563749e+03
-1.420546674834438363e+03 -1.050475214141510696e+04 5.795510002812610765e+03
-2.219672854241907771e+03 -1.063283835605415334e+04 5.530550264444720597e+03
-3.146738050700450913e+03 -1.110796424625919281e+04 5.084028067649962395e+03
-1.365613121277265464e+03 -1.064080142475887442e+04 5.457340862629916955e+03
-2.440604911938053647e+03 -1.132551928029483679e+04 4.939342728680060645e+03
-3.277200362398553352e+03 -1.122561314703103562e+04 4.956335505526297311e+03
-5.548453452850080794e+02 -1.064831223090416643e+04 5.587876256758775526e+03
-2.150469427529023960e+03 -1.050140829257540281e+04 5.498350879499603252e+03
-3.069291984714823229e+03 -1.074312350256531499e+04 5.411995303664109997e+03
-1.400496626484423359e+03 -1.050528703943045002e+04 5.595071248673189984e+03
-2.681770268343804219e+03 -1.068731535401701331e+04 5.224553335644744948e+03
-3.423650434760795633e+03 -1.073199086934303887e+04 5.183705046630363540e+03
-2.391488372521061592e+03 -1.046399861307152241e+04 5.360030877737789524e+03
-4.858711412197648315e+03 -1.223014299575877703e+04 3.566400201350133102e+03
-2.283952828463093738e+03 -1.063792587024825480e+04 5.510024717426494135e+03
-3.405830591017432198e+03 -1.145712593495273177e+04 4.769697427497665558e+03
-2.582981708536061888e+03 -1.057337866073873556e+04 5.598140719661022558e+03
-6.055497383031702157e+02 -9.597415746964999926e+03 6.615446689267670081e+03
-2.546085463236005580e+03 -1.055399172563023603e+04 5.626434441710872306e+03
-3.246878029168361536e+03 -1.056161042273342719e+04 5.509597827069612322e+03
-2.217694797503155769e+03 -1.093111377239760441e+04 5.401057898069936527e+03
-1.432099844019893453e+02 -1.054444637790745946e+04 5.655363639706261893e+03
-1.645586734013564410e+03 -1.047514252051645053e+04 5.878754940250090840e+03
-4.663095183960300346e+03 -9.805031325597356044e+03 5.953843447050061513e+03
-2.225534653906228414e+03 -1.043730180414546157e+04 5.450798187627049629e+03
-4.413464231153449873e+03 -1.085133202498988976e+04 5.188980981143462486e+03
-3.353355208692448286e+03 -1.052388364954223835e+04 5.581263542168057029e+03
-4.874684954725467833e+03 -9.415271024366262282e+03 6.915501963996822269e+03
-5.181360750842844027e+03 -9.801782686311986254e+03 6.455762739115529257e+03
2.469956043584806139e+03 -1.129534549336138480e+04 4.254115435147874450e+03
-4.174765908559106720e+03 -1.064147850498519801e+04 5.322745996483129602e+03
-3.446585728611692502e+03 -1.048345198666460055e+04 5.395667646859401430e+03
-4.614999461396392689e+03 -1.085994028387058461e+04 5.248021421987209578e+03
-4.498704459743377811e+03 -1.018787250388615030e+04 6.036855696816426644e+03
-3.510776790883585363e+03 -1.065733677838681979e+04 5.430794164891918626e+03
-3.156907678026017948e+03 -1.054268650420937593e+04 5.497589291137411237e+03
-2.701826506610169872e+03 -1.041531130332874091e+04 5.871578615945251840e+03
-3.920128124515698346e+03 -1.053519464051238174e+04 5.480985866979017374e+03
-3.476930884691957090e+03 -1.047983185522624626e+04 5.642184424675346236e+03
-4.442610436799566742e+03 -1.082981474782238547e+04 5.096475908203624385e+03
-3.968470580306879583e+03 -1.022429141106313728e+04 5.897050860572686361e+03
-4.277452759079839780e+03 -1.075040263978974144e+04 5.394119702675550798e+03
-3.326990354672461308e+03 -1.056648522408287317e+04 5.613849708989016108e+03
-4.379014128440188870e+03 -1.074292420422091163e+04 5.197226056195519050e+03
-2.549045129020468266e+03 -1.061057075193621677e+04 5.524802378964255695e+03
-3.501803888077452939e+03 -1.059551729188571335e+04 5.479643465700234628e+03
-4.108627437995386572e+03 -9.339762191624125990e+03 6.721204429051585976e+03
-4.375468239070705749e+03 -1.068947883065854512e+04 5.253824936582110240e+03
-2.757776814182243925e+03 -9.320442453611718520e+03 6.887537830518590454e+03
-3.247159085257567313e+03 -1.059266189754677544e+04 5.569534428704882885e+03
-3.623109331085066515e+03 -1.048902489744570630e+04 5.704291003931439263e+03
-3.730411141102034890e+03 -1.058185426828056370e+04 5.455925715751207463e+03
-4.227019661497540255e+03 -1.059039506791985332e+04 5.265795516415766542e+03
-3.744815844142769038e+03 -1.055791141577316739e+04 5.546705411964991981e+03
-3.462940765093104346e+03 -1.050675429847793202e+04 5.510109109670898761e+03
-3.876817922834041383e+03 -1.038857070973099690e+04 5.902730492756374588e+03
-3.512101104958227097e+03 -8.317023348354454356e+03 7.873850047244276539e+03
-4.121390525987428191e+03 -9.700488512251080465e+03 6.265739310469418342e+03
-4.062595125519732392e+03 -1.062638501906652164e+04 5.409891459097623738e+03
-3.512587729185016087e+03 -8.658935202130698599e+03 7.469117497889133119e+03
-1.381688437715368707e+02 -1.184316924718790870e+04 3.654863588972618345e+03
1.568272075133745147e+03 -1.090557289533995026e+04 4.478977819488930436e+03
-5.485654160211875023e+03 -9.868100460754138112e+03 6.339195783488005873e+03
-4.535291943832294237e+03 -1.095269149142536662e+04 4.970487140340831502e+03
-4.786594175912614446e+03 -8.570523505328357714e+03 7.693118017506497381e+03
-4.175126809464288272e+03 -1.062016433662839700e+04 5.413493305556232372e+03
-3.476229706721262573e+03 -9.734214722458327742e+03 6.296228056987903074e+03
-4.290337331062062731e+03 -1.083131399136098116e+04 5.205243966564108632e+03
-3.614372439516874692e+03 -1.059042739753578280e+04 5.502793698103545466e+03
-3.486120309199356598e+03 -1.051418801340631035e+04 5.613134929943244970e+03
-4.263094146287645344e+03 -1.069087552502805374e+04 5.268300360196007205e+03
-3.809718591456842205e+03 -1.057254634821564650e+04 5.517222188144465690e+03
-3.904036121831077708e+03 -1.062554431971815393e+04 5.415734268101410635e+03
-4.612726753757722690e+03 -8.802741454934406647e+03 7.489619791596406685e+03
-4.511376995653580707e+03 -1.086202967098272711e+04 5.070628879845537085e+03
-3.681203612104052809e+03 -1.057065294879847534e+04 5.471098980942449089e+03
-4.016857982652461942e+03 -9.305053562991563012e+03 6.878791668819467304e+03
-4.038201837225068175e+03 -1.063977751278266805e+04 5.542061795224327398e+03
-5.023249905063436017e+03 -8.588959587221606853e+03 7.662645390238973960e+03
-3.508637641883618926e+03 -8.568280592964150856e+03 7.700962785239438745e+03
-3.902378776033185659e+03 -9.219037650304484487e+03 7.041364582528960455e+03
-4.490993223983018652e+03 -1.086394027623855254e+04 5.092929376189249524e+03
-4.310968142459068986e+03 -1.002622573103037757e+04 6.011010255516887810e+03
-4.483102618696898389e+03 -1.085143745090768607e+04 5.116991548381872235e+03
-4.259114619322738690e+03 -9.312068821206152279e+03 6.938988052169958792e+03
-3.407800538198407594e+03 -1.018362221078717994e+04 5.676858378082686613e+03
-1.160451732437180226e+03 -1.107908420412780652e+04 4.660123043693600266e+03
2.160037209584533230e+03 -1.072833735875149614e+04 4.807011334712915414e+03
-4.442606156202732564e+03 -1.088988978338099878e+04 5.092112659786558652e+03
-4.269429711246906663e+03 -1.065480267236572581e+04 5.283165538621366068e+03
-4.316623737588012773e+03 -9.580937911106801039e+03 6.667905221033518501e+03
-3.857323406442960732e+03 -9.453159619357324118e+03 6.917530299222903523e+03
-3.713033667468908334e+03 -9.308041359981962160e+03 6.852731000188071448e+03
-3.368840296392562323e+03 -9.336811838066530981e+03 6.810461567045966149e+03
-4.305825838097713131e+03 -1.037603836283018791e+04 5.520873940494303497e+03
-3.383556794750099016e+03 -1.134022714327605354e+04 4.939568315461847305e+03
-4.575887862960996245e+03 -1.102895804081253664e+04 4.810005998767243000e+03
-3.561692392872319488e+03 -1.029619246857605867e+04 5.554910793815092802e+03
-3.684251739421951243e+03 -1.054212651045131861e+04 5.388387067211707290e+03
-3.122866530400026022e+03 -9.282501858588948380e+03 7.054466093283936061e+03
-4.046330776422586951e+03 -9.174611074932747215e+03 6.873434868570326216e+03
-4.508452885904952382e+03 -1.078341249460447216e+04 5.344788961990725511e+03
-4.809879505361106567e+03 -1.046240753975016560e+04 5.630649487566229254e+03
-3.605184596584839710e+03 -9.287069127369995840e+03 6.899114831093186694e+03
-4.635804271041477477e+03 -1.116301271862806607e+04 4.785553749315909954e+03
-3.169406910703232825e+03 -1.122851118207802210e+04 4.826327910416859595e+03
-3.560600036768545579e+03 -8.274898119474370105e+03 7.910697286058966711e+03
-3.506103925941185025e+03 -9.338691258208391446e+03 6.768304895661667615e+03
-3.069099599587213561e+03 -1.091964840948470373e+04 5.315232334547220489e+03
-4.323504258468246917e+03 -9.353144951577871325e+03 7.013466692941158726e+03
-4.390983871615963835e+03 -1.075942570796699511e+04 5.252249232175618090e+03
-4.299334829764718052e+03 -1.082459715181325919e+04 5.198840370812475157e+03
-4.426941198188891576e+03 -1.058710543421685725e+04 5.299946997814500719e+03
-3.531061660232839586e+03 -1.162073077558130717e+04 4.575304740973303524e+03
-4.016541235993350256e+03 -9.949057351665942406e+03 5.992343516629329315e+03
-4.218646714840348977e+03 -1.065080502532742321e+04 5.360123887251788801e+03
-4.483930599694310331e+03 -1.070644982502066159e+04 5.272877247163613902e+03
-4.669224130411715123e+03 -9.190204724689767318e+03 7.012204846457509120e+03
-3.708780437026412983e+03 -1.031583917508158083e+04 5.826118954540801496e+03
-3.537864250366795204e+03 -1.054402794692919815e+04 5.660090799229184995e+03
-4.111023156244626989e+03 -1.033851761316760349e+04 5.595931454241785104e+03
-4.124653218209395163e+03 -9.296420260309509104e+03 6.918822407377371746e+03
-4.137625787696596490e+03 -9.282915815025218762e+03 6.935225007970723709e+03
-3.696526210467257442e+03 -1.185301332590853235e+04 4.536764854121520329e+03
-3.946378064284238462e+03 -1.006035769093095951e+04 6.149259195954777169e+03
-4.762781121371796871e+03 -1.118916722710241629e+04 4.737760660072674000e+03
-4.553023684613438490e+03 -1.114369776391049163e+04 4.771435683922217322e+03
-7.038631335385993225e+03 -1.035271856891862262e+04 5.745820499703345376e+03
-6.255739798358898042e+03 -1.169823164723145055e+04 4.470205886091951470e+03
-2.427244823474316945e+03 -6.714519532191658072e+03 8.998129918681974232e+03
-4.577209928619506172e+03 -1.056197955921037646e+04 5.627335231745541023e+03
-4.561643961930910336e+03 -1.111238844834221891e+04 4.805495235536361179e+03
-5.420123301509102930e+03 -1.081726078915859398e+04 5.225648230952516315e+03
-5.767307137852604683e+03 -1.148406456100550895e+04 4.638923053338115096e+03
-4.095822424632755428e+03 -1.067764649996421758e+04 5.489984450343863500e+03
-3.693469923167380330e+03 -1.055214558640886571e+04 5.571015064422380419e+03
-5.343552637817295363e+03 -1.102680307398716650e+04 5.168751640167435653e+03
-4.567735022944286357e+03 -1.082731949703993814e+04 5.279879097197762349e+03
-4.157929287539987854e+03 -1.071146240427307021e+04 5.417718413876546947e+03
-4.477076299491059217e+03 -1.178321220673848620e+04 4.399585310591874077e+03
-5.093985003689411315e+03 -1.109874866282920448e+04 5.161343903490505909e+03
-4.565266909813497477e+03 -1.105619669048448304e+04 4.905146663642452950e+03
-4.198587730321745767e+03 -1.081325884064250567e+04 5.340882981902192114e+03
-4.571767407407902283e+03 -1.105488138274191624e+04 4.779053052929711157e+03
-4.524860025565455544e+03 -1.133593113533783253e+04 4.672481317165770633e+03
-4.807702400791013133e+03 -1.112147513947690641e+04 5.146593398812105079e+03
-6.021570629166678373e+03 -1.099290830557162190e+04 5.296303948959774971e+03
-4.737102927372784507e+03 -1.144071331352629932e+04 4.665987418943229386e+03
-7.228530923004467695e+03 -9.709934620443702443e+03 6.444681343520549490e+03
-3.969501333901253929e+03 -1.060402361654185370e+04 5.413296036950558118e+03
-4.145584473829346280e+03 -1.005592140316751647e+04 6.023452262503582460e+03
-4.783947640383201360e+03 -1.115194841787565565e+04 4.977710976609621866e+03
-4.772631760520414900e+03 -1.138226012687738330e+04 4.728588324847984950e+03
-4.551446868381667628e+03 -1.102713873265433540e+04 4.972577672813662502e+03
-4.385142538387631248e+03 -1.064710983046235742e+04 5.188279642372236594e+03
-4.910833546587144156e+03 -1.040274268722844499e+04 5.520108939558353086e+03
-5.821692272083934768e+03 -1.086683791157121050e+04 5.018157563281424700e+03
-6.424619793272612696e+03 -1.050396987271342005e+04 5.497553112831592443e+03
-4.766941660716463048e+03 -1.139835895667494697e+04 4.732615595816322639e+03
-5.996710578222362528e+03 -1.100460141025927442e+04 5.285521719234448938e+03
-4.047605122893591670e+03 -9.972443411366271903e+03 6.085054352630663743e+03
-1.966948461993557430e+03 -6.991860080744566403e+03 8.757351563232714398e+03
-5.909032747997806837e+03 -1.143003219267315399e+04 4.828553094348324521e+03
-4.830733698972718230e+03 -1.082918200041785349e+04 5.319010679446382710e+03
-7.522772115185798611e+03 -1.019867747558778319e+04 5.972308881194552669e+03
-5.010234294035337371e+03 -1.113758767907319998e+04 4.810968521423605125e+03
-6.151060419920238019e+03 -1.031099011394135232e+04 5.819075827909383406e+03
-5.042843006522220094e+03 -1.115789312528931805e+04 4.789479062773520127e+03
-4.562426803488919177e+03 -1.137229212128406652e+04 4.704388711442182284e+03
-4.665598329141564136e+03 -1.152100670951000211e+04 4.538328141878555471e+03
-4.429368740480289489e+03 -1.181302335187177232e+04 4.278542492841732383e+03
-4.554378565322106624e+03 -1.093010636339320627e+04 4.906824570015984136e+03
-4.605592866500093805e+03 -1.135262188835199413e+04 4.663120010945935064e+03
-7.166144427690750490e+03 -1.066101357853795889e+04 5.574787235538165078e+03
-4.588700028299574114e+03 -1.164109672223247617e+04 4.371673176596103986e+03
-4.715093438298631554e+03 -1.134844012720279716e+04 4.710824949778204427e+03
-6.850924871835797603e+03 -1.028440592571233174e+04 5.899362434075830606e+03
-4.871661775903594389e+03 -1.107397838833961941e+04 5.107623958656817194e+03
-7.602661845483446086e+03 -1.066652011363501333e+04 5.513446458458328379e+03
-7.329632858439545089e+03 -1.031927943357327240e+04 5.951704636108865998e+03
-5.757770098619434066e+03 -1.056745778205356874e+04 5.412174823542691229e+03
-4.309617613794863246e+03 -1.045208952975046850e+04 5.700528178027808281e+03
-5.540616705378082770e+03 -1.038089300459838341e+04 5.733309831756958374e+03
-4.527512835391939007e+03 -1.100170856304771587e+04 4.976677254659032769e+03
-7.046624394024214780e+03 -1.050826513400699332e+04 5.706745084106551076e+03
-4.520695633339585584e+03 -1.173291106693245274e+04 4.277619038120299592e+03
-2.137486021911386160e+03 -8.910870126004636404e+03 6.837358935507372735e+03
-1.403282309126354221e+03 -6.652564234422230584e+03 8.926817260879912283e+03
-4.545576238498723797e+03 -1.040764329655601978e+04 5.658468825700738307e+03
-4.651496591951854498e+03 -1.092729756145760257e+04 5.247425927150342432e+03
-7.557489565571336243e+03 -1.076099065198105018e+04 5.488716968166322658e+03
-5.525668136070254150e+03 -1.071706339426372506e+04 5.224629168581511294e+03
-6.231645562169322147e+03 -1.036334159362744322e+04 5.759305359170876727e+03
-6.083680299090951848e+03 -1.012582353044618685e+04 6.109775688800272292e+03
-5.484064366241398602e+03 -1.074087148789908133e+04 5.173374417035922306e+03
-3.729229298162275427e+03 -1.107916167561966722e+04 4.761553697714939517e+03
-4.273352711587066551e+03 -1.184757606399178076e+04 4.342266688319335117e+03
-4.644621814649802218e+03 -1.022149207794177164e+04 5.686589539721106121e+03
-4.396407853098075975e+03 -1.052208463490101713e+04 5.335438053431622393e+03
-5.791414237812186002e+03 -1.079884338914719956e+04 5.341714131651718162e+03
-5.898718980484964050e+03 -1.088893775079899933e+04 5.351057453322317087e+03
-5.084267082957187085e+03 -1.125605252624524474e+04 4.902734148335001919e+03
-4.638587069643221184e+03 -1.089699240274077238e+04 5.279305844396705652e+03
-5.842129258580307578e+03 -1.082244885916268140e+04 5.284528341619527964e+03
-4.848934775214092952e+03 -1.151713593563116774e+04 4.739475504099393220e+03
-3.618041207073051737e+03 -1.057622949259411143e+04 5.466102426953007125e+03
-7.202589329728410121e+03 -1.065617220072752752e+04 5.514002742208756899e+03
-5.473535887099152205e+03 -1.097434344790177056e+04 5.374598658512451948e+03
-4.429861204212150369e+03 -1.065881569347211553e+04 5.287062622511752124e+03
-7.328323958811322882e+03 -9.993438614418413636e+03 6.240418893902779928e+03
-5.038163773853161729e+03 -1.085398490420595226e+04 5.215405150422135193e+03
-4.860693783087717748e+03 -1.133642480370431986e+04 4.934855635422351043e+03
-4.970821571809331545e+03 -1.071448156309476144e+04 5.403739481898476697e+03
-5.151251754868435455e+03 -1.085793052014480782e+04 5.334261083573503129e+03
-5.189276805305635207e+03 -1.131384729852914643e+04 4.901798566357788332e+03
-4.699007642828558346e+03 -1.096284312459231660e+04 5.175711626483107466e+03
-5.392437250158089228e+03 -1.081912182589856093e+04 5.274711606208547892e+03
-6.431462346035969858e+03 -1.110587562221827102e+04 5.091028364486463033e+03
-5.862844900687794507e+03 -1.171272240433765910e+04 4.486721727337147968e+03
-4.637332307630125797e+03 -1.124904398288110860e+04 4.689362971436800763e+03
-5.036494131031783581e+03 -1.060941786036559097e+04 5.397025865530280498e+03
-6.418766706359134332e+03 -1.051678665969466783e+04 5.819359429281345001e+03
-7.057825568500463305e+03 -1.041143383086325412e+04 5.658049571276486859e+03
-4.286752181688337259e+03 -1.046879833347263047e+04 5.787188347987033922e+03
-5.156014228691388780e+03 -1.130502425900071648e+04 4.947334412028032602e+03
-5.719255205228776049e+02 -1.099207325758347906e+02 -1.017518101433100674e+04
-3.931026329896640618e+03 -1.096616838348460078e+04 4.874835693817265565e+03
