-3.403922703256380828e+03 -3.325101421001182644e+03 -2.690653289675672568e+03
-3.410513662723723883e+03 -3.647127659866077011e+03 -2.538425770548133642e+03
-3.767445025682440701e+03 -2.560222224280805676e+03 -2.927971721730065383e+03
-3.890357364867425076e+03 -5.516499678288645555e+03 -1.674733134689328608e+03
-5.843249237406796055e+03 -5.103791338110729157e+03 -2.244334164080569280e+03
-2.892305070034216442e+03 -4.072820975277486014e+03 -2.833459732713708036e+03
-3.300606089531302587e+03 -3.897949037935075467e+03 -2.334642052004997822e+03
-2.191833966765832884e+03 -4.436560897414436113e+03 -1.982673747703735216e+03
-2.983286731656387019e+03 -3.824607397265862346e+03 -2.438070352006129269e+03
-3.055127929285855771e+03 -3.352882361556617070e+03 -2.777105321170790376e+03
-4.051355907222908172e+03 -3.945563824299807948e+03 -2.277252282864854351e+03
-3.505285227995852892e+03 -3.485121587245266710e+03 -2.357061367448995043e+03
-2.774234442314615990e+03 -3.583002305967766461e+03 -2.630881663581178600e+03
-3.553341248455357345e+03 -4.061646839804055162e+03 -2.251593357593980727e+03
-2.979529094877323587e+03 -3.167444357121706616e+03 -2.571488806969869529e+03
-8.856562097680582156e+03 2.685441503260688023e+03 -4.915950597585141622e+03
-5.472454220366990739e+03 -5.796964288922231390e+03 -1.613583232568006224e+03
-5.203323804979715533e+03 -5.340966940627801705e+03 -1.834804261802954898e+03
-4.039862461805378643e+03 -5.820269444717083388e+03 -1.894927440733838012e+03
-2.843564766128386964e+03 -3.998230218426102965e+03 -2.650189436250935614e+03
-3.732492401234817862e+03 -3.593475635152027280e+03 -2.425237652986641478e+03
-4.109527801977963463e+03 -4.006745490319546207e+03 -2.433299361153796781e+03
-2.839025472249654285e+03 -3.900741404442140720e+03 -2.793058115113663007e+03
-6.344076867213932928e+03 -6.010693349811643202e+03 -1.982041825421797512e+03
-7.585665295697608599e+03 -2.266399403606782471e+03 -3.078376581769022778e+03
-3.216549287031164567e+03 -3.418194871930285444e+03 -2.470209375714896851e+03
-1.883135730683106885e+03 -4.928797436861732422e+03 -2.614597783213458115e+03
-7.154244624148059302e+03 -4.965628213560780750e+03 -2.479181875038479575e+03
-5.486672820330762988e+03 -4.353112659868872470e+03 -2.328936520126434971e+03
-3.967726207382751454e+03 -5.370647072760641095e+03 -1.766219121563764247e+03
-3.806792589564454374e+03 -5.466006958424640288e+03 -1.724968027177303384e+03
-2.824780435161788773e+03 -3.837542383273850646e+03 -2.735745660013619272e+03
-5.302931741432514173e+03 -4.984463817552997170e+03 -2.092118751603189594e+03
-3.422819801721936074e+03 -4.056824746486835465e+03 -1.600261982260378772e+03
-1.405220826666188941e+03 -3.406168494924146216e+03 -3.271454848971736283e+03
-3.935157231972671070e+03 -4.025066990422386880e+03 -2.153400813441923674e+03
-3.605747223926955030e+03 -3.514067253013320624e+03 -2.406224369090969049e+03
-2.682526352996684182e+03 -3.567885937276534605e+03 -2.848985172837836217e+03
-1.648786667790993306e+04 -2.835439729594952041e+03 -5.122431684301786845e+03
-3.289259165604714326e+03 -3.621119659648864399e+03 -2.433340131500019197e+03
-4.213095482704054120e+03 -6.623000900460530829e+03 -1.645508866822502114e+03
-2.929341849491136145e+03 -3.807390295301430342e+03 -2.452523294216809518e+03
-2.781216564635442865e+03 -3.571134387808137944e+03 -2.651059210399130279e+03
-3.770435346731516802e+03 -3.266023081975888999e+03 -2.181127921086658262e+03
-3.083379436166859705e+03 -3.752916030986161786e+03 -2.543574906486995133e+03
-3.851672108989278513e+03 -5.705234127255274871e+03 -1.840338569628333971e+03
-3.250238364807211838e+03 -3.497481623204517291e+03 -2.476185578720092963e+03
-2.749692295244046818e+03 -3.868688455067139785e+03 -2.717687814746166623e+03
-1.138648328287433287e+03 -4.464675417217599716e+03 -2.850621513663546466e+03
-3.981010275658853061e+03 -5.457872231324797212e+03 -1.787343261670151151e+03
-2.840144953600760346e+03 -3.831437314149139638e+03 -2.782444629701587473e+03
-2.837424619076778527e+03 -3.985717612583230220e+03 -2.917244256394546483e+03
-3.802799134336875795e+03 -3.480571233718185340e+03 -2.321409676708247389e+03
-2.450912320275047023e+03 -4.799330492519688050e+03 -3.048147434111522671e+03
-3.472327166018204935e+03 -3.546249595645575937e+03 -2.499083441532006873e+03
-3.830275427696974930e+03 -3.976577602330099126e+03 -2.369115239123774245e+03
-3.940247877859402706e+03 -5.571410992993199216e+03 -1.809277601660382288e+03
-2.806058844623331879e+03 -3.669009308373358635e+03 -2.874675045866568325e+03
-2.823175356345712316e+03 -4.040130558354442655e+03 -2.686159293006068765e+03
-2.351888906149898503e+03 -3.912036811834954278e+03 -2.953019359551091384e+03
-2.901866172230568736e+03 -3.584276914106557342e+03 -2.529274737461828863e+03
-2.847424590169621297e+03 -3.953616565611651822e+03 -2.641583768107817832e+03
-2.058779610280180350e+03 -3.776425755500470132e+03 -3.041551773189284177e+03
-5.871620067108068724e+03 -5.662591313587403420e+03 -1.879777072144575868e+03
-3.885523390643848870e+03 -3.668034159534796345e+03 -2.608166116355375379e+03
-8.306028779600135749e+03 -5.263271073148901451e+03 -2.533556478806639916e+03
-2.938618039235343986e+03 -4.049503640192884177e+03 -2.639286868924107694e+03
-4.468280212194520573e+03 -6.913234507583890263e+03 -1.586683065396220854e+03
-4.096663203144336876e+03 -3.618699993831850861e+03 -2.408005147683451014e+03
-2.862754441079558092e+03 -3.908086682014853977e+03 -2.675794866199766147e+03
-3.989237930234390660e+03 -5.852578563486025814e+03 -1.772878919778451063e+03
-3.764870751146491330e+03 -4.136807082856434135e+03 -2.123616956233842757e+03
-2.851622617029533558e+03 -3.997996313010422455e+03 -2.829552815779182311e+03
-1.849517683544462670e+03 -3.998739046433171097e+03 -2.951159646519617127e+03
-4.675665118388247720e+03 -5.277883877085805580e+03 -1.519752028350488445e+03
-1.690341313002328661e+03 -3.676219697164832724e+03 -2.993007513026924698e+03
-1.526552992342278912e+03 -4.488713318719976087e+03 -2.930524729414431022e+03
-6.710724353353845800e+03 1.842724927205782478e+03 -4.588281690581186012e+03
-3.005625626650435152e+03 -3.739674194051211998e+03 -2.973606648102721920e+03
-2.081896866366059385e+03 -3.699822988711774087e+03 -3.705681226392202916e+03
-3.906236466950213526e+03 -4.730567724826233643e+03 -1.501454627498135324e+03
-3.074915359887727391e+03 -4.171086622738141159e+03 -2.597299529310138951e+03
-3.847651417538827445e+03 -6.121321782466309742e+03 -1.724385330931982708e+03
-2.808270595470258286e+03 -3.963208473846912057e+03 -2.645476946387491807e+03
-5.973747938887525379e+03 -5.065742202374725821e+03 -2.218677816238031937e+03
-6.120518673677571314e+03 -5.544992200927560589e+03 -2.023822700009424352e+03
-3.001599728810024317e+03 -3.874869214014445788e+03 -2.928370252187883125e+03
-2.831805365229550716e+03 -3.799242261839639923e+03 -2.709017099969936680e+03
-1.548687798490868090e+03 -2.924135642939625995e+03 -3.220306093411030361e+03
-4.833532096586282023e+03 -1.869408871165970822e+03 -3.302217206508543313e+03
-5.022624876784193475e+03 -5.569092413765705714e+03 -1.569829624215149124e+03
-3.941433618107715120e+03 -5.484009915442566125e+03 -1.674407474539945269e+03
-4.523965638249018411e+03 -5.498079540580867615e+03 -1.374716157311712777e+03
-3.993430274896573792e+03 -5.370896047688775980e+03 -1.836762315995051040e+03
-2.823292986778620616e+03 -4.050956070546420960e+03 -2.832915364003753439e+03
-5.095946629821050919e+03 -5.681982072901145330e+03 -1.460674254395888738e+03
-4.136225274302772050e+03 -2.228597110564468494e+03 -3.157433412582726760e+03
-1.306036334858445116e+03 -3.364233703505912672e+03 -3.017966513279360242e+03
-6.273884340915443317e+03 -6.119122659601372106e+03 -1.835684269391982525e+03
-2.838187918407606958e+03 -3.879022661814048661e+03 -2.568792547073482638e+03
-3.847256755257597433e+03 -4.103764327418920402e+03 -2.566823556979290515e+03
-3.969197570760365579e+03 -4.582743696974504019e+03 -2.345253362016359461e+03
-3.792541460689348696e+03 -4.683695135918701453e+03 -2.047723416544826478e+03
7.310731051779353038e+02 -6.363764631742313213e+03 -2.777394861188633058e+03
-3.200153194728527978e+03 -2.992892365441600759e+03 -2.491520637570008603e+03
-3.435074134649663847e+03 -4.164707691232296384e+03 -2.183516649217266604e+03
-2.950811554894284654e+03 -4.283756199431058121e+03 -2.866996468982525585e+03
-3.488267244677721010e+03 -9.117268786949163768e+03 -2.114936559608988318e+03
-3.532574214109312834e+03 -4.306626602880460268e+03 -1.898824028614360941e+03
-3.103039207178172092e+03 -3.890941263321188217e+03 -2.347999569784732103e+03
-3.852871406302930609e+03 -4.645931467178876119e+03 -2.056937143071560058e+03
-3.353886504573692037e+03 -4.143030517993895046e+03 -2.129881701508917104e+03
-3.709939015487403140e+03 -4.236240752656021868e+03 -2.151880558395997468e+03
-3.922296824886849663e+03 -4.658584012903561415e+03 -2.302784058002761412e+03
-3.903548642586357801e+03 -4.583167436280590664e+03 -2.205460077564957828e+03
-7.133834276892302114e+03 -6.126982412505935827e+03 -3.795891633827426631e+03
-4.646928033777888913e+02 -6.243014850244941044e+03 -2.890727997690825759e+03
-2.563614984466649275e+03 -6.753200065634528983e+03 -2.343229247962268801e+03
-9.025269078978659536e+02 -5.274028802506631109e+03 -2.457620905874706750e+03
-2.920750310185805574e+03 -3.826399065355934908e+03 -2.466290412899413695e+03
-3.949281741950566811e+03 -4.438799160414021571e+03 -1.976416812075693542e+03
-3.545446575661165753e+03 -4.427415703071129428e+03 -1.891400321302444127e+03
-3.199664956321804311e+03 -4.059620351008305533e+03 -2.206480494132943932e+03
-2.501695808519773891e+03 -9.713017897884577906e+03 -2.376293358806632568e+03
-1.936542770504679083e+03 -2.761024061426313892e+03 -3.030630081441756374e+03
-3.628937260053308819e+03 -4.275131742654919435e+03 -1.962202010563120211e+03
-3.516412486267722670e+03 -3.212019198605289148e+03 -2.367833330035481595e+03
-2.888786460428947521e+03 -2.287735821149290587e+03 -3.265145843254435022e+03
-3.788914566945467413e+03 -6.569389804610896135e+03 -1.775498119237522587e+03
-4.604314713734307816e+02 -5.249900442762478633e+03 -2.646446956080676955e+03
-1.614948352595437768e+02 -5.766585945686245395e+03 -2.528139416576992971e+03
-3.500125682845648043e+03 -4.464930751458339728e+03 -2.752273173728504844e+03
-3.604510697548803364e+03 -3.062167036734475005e+03 -2.241283941858305752e+03
-1.282087505572231294e+03 -6.825793414321590717e+03 -2.648164967847187654e+03
-3.436737445656582167e+03 -6.172981451529056358e+03 -2.350577566527118051e+03
-4.967456885537155358e+03 -6.031213624694283681e+03 -1.564332036721386430e+03
-3.797401147345545724e+03 -4.504888380102414885e+03 -1.942529247173176827e+03
-3.496033283126049810e+03 -3.793340142459289837e+03 -2.338881726946239723e+03
-5.938349111121791793e+03 -1.564416620514181523e+04 -4.763254309879186621e+03
-2.755558374830893626e+03 -3.899739180279490938e+03 -2.668575287228024990e+03
-5.444083350680267586e+02 -5.676188638045722655e+03 -2.711472004054918216e+03
-3.100564429945419306e+03 -3.979108580547851034e+03 -2.303725027974544446e+03
-2.866318658324036278e+03 -3.876266433392389899e+03 -2.527208335166279539e+03
-2.961787756967615223e+03 -3.910977161663627157e+03 -2.469445812534225752e+03
-3.074144757682432100e+03 -3.983646804595074627e+03 -2.410481273991578746e+03
-5.479110505867134862e+02 -5.541272248505169955e+03 -2.676289481057341163e+03
-3.167901901405222816e+03 -3.627601154656336803e+03 -1.788873770827262661e+03
-3.311758930111642712e+03 -4.179063172390723594e+03 -2.156524323789629307e+03
-2.340750656955720842e+03 -2.967125371215340238e+03 -3.281156288317982671e+03
4.180336782152476189e+02 -5.937841987561752831e+03 -2.694554222015370669e+03
-3.494935647822569081e+03 -3.869603092097462650e+03 -2.448204828420568447e+03
-2.789835541026317514e+03 -4.047135612141272304e+03 -2.761919143688712666e+03
-3.609720881958765858e+03 -4.363764000921431034e+03 -1.937934049499785715e+03
-1.426388976616834952e+03 -4.129272147947154735e+03 -2.692549361801140549e+03
-3.874126599314461146e+03 -4.498373369330672176e+03 -2.481653951243161373e+03
-3.884541429126281855e+03 -4.711804454340639495e+03 -2.226802824790684099e+03
-6.483462072472175350e+02 -5.595871300020029594e+03 -2.574551521373504329e+03
-3.950979865109468392e+03 -4.429004890136770882e+03 -2.047863444447133134e+03
-2.790603888151836145e+03 -3.887704548500851160e+03 -2.626672452111270104e+03
-3.724452675568639734e+03 -4.431935730472288924e+03 -1.942552433932307395e+03
-3.482895161473766166e+03 -4.102655949241815506e+03 -2.839217293509559113e+03
-2.820444619177283585e+03 -3.986164492086523751e+03 -2.671976885749427311e+03
-5.585115732443900924e+03 -8.451587648063339657e+03 -1.677916499514692532e+03
-2.750933713774822536e+03 -9.546830852029597736e+03 -2.301415626918868384e+03
-2.753881352418246479e+03 -3.898905899328353826e+03 -1.768477355810046902e+03
-3.587177395515738226e+03 -5.807943431038987910e+03 -1.800369472416160306e+03
-3.023643534866830123e+03 -4.109790070950603877e+03 -2.679063790942502237e+03
1.333249384168228175e+02 -6.116885773652138596e+03 -2.559613309075156849e+03
-3.583776431043721004e+03 -4.938433150854380983e+03 -2.436866894414207763e+03
-3.316424480853715977e+03 -3.842112013647163167e+03 -2.277176739342874953e+03
2.257405813169295641e+02 -6.110535282877950522e+03 -2.649913500742653014e+03
-3.333157068188555968e+03 -4.082257013312425443e+03 -2.884912389975790575e+03
-2.731007120627085442e+03 -3.919929100911111163e+03 -2.734177712691423039e+03
-3.604680329332719339e+03 -4.401436015277005936e+03 -2.077263221957372480e+03
-3.412223320575211346e+03 -6.511230158548430154e+03 -2.242074516145288726e+03
-2.349893626386654887e+03 -2.654219078381087002e+03 -3.291714267529033805e+03
-3.373327454638483687e+03 -3.231578735664877058e+03 -2.440276447943340372e+03
-6.890978051078662247e+03 -5.104092620398880172e+03 -3.784613894304239693e+03
-2.684708298463784104e+03 -2.339454342405447278e+03 -3.147729451422349484e+03
-1.521785627536150059e+03 -3.955510478431067895e+03 -2.584734794558693466e+03
-3.181079567288325961e+03 -5.489836431891147186e+03 -2.353275733792726442e+03
-2.954676010232556564e+03 -3.913220447189265087e+03 -2.424726986062867581e+03
1.199225141006797912e+03 -5.953237481563131041e+03 -2.861808883011701255e+03
-3.026553586904147323e+03 -3.907757123093051632e+03 -2.406785685901214038e+03
-3.523544099142459800e+03 -5.624913909179682378e+03 -1.755505932980213174e+03
-2.642935939398603750e+03 -2.857687572374183219e+03 -2.988607583781770700e+03
-3.136684330531882551e+03 -4.686203184314589635e+03 -2.786829923762150429e+03
-3.753651693247049479e+03 -4.136812387348506491e+03 -2.155445593287627617e+03
-2.839714306661040609e+03 -6.116980316662204132e+03 -2.434995677792385322e+03
-4.613552360368796144e+03 -5.908736818653203045e+03 -1.313529777274781281e+03
-3.424484586936915093e+03 -5.612807699945102286e+03 -2.296894412611323787e+03
-1.654691149271486665e+02 -6.363307932049803640e+03 -2.383899769655018645e+03
-2.137526836521512905e+03 -5.442142377509604557e+03 -2.532180542688615333e+03
7.209383467632937936e+01 -5.515210262797951145e+03 -2.655842735159581935e+03
-2.940761656298457638e+03 -3.900851822703493781e+03 -2.475858517424556794e+03
-3.514526562940954591e+03 -6.037938722014263476e+03 -1.982341302515801544e+03
-3.299138060943577329e+03 -4.154925772765840520e+03 -2.240023767409777065e+03
-3.393834542162001526e+03 -6.454233078897983432e+03 -1.846117263896242093e+03
-3.211186429305249476e+03 -6.621654140112196728e+03 -2.419235280020078790e+03
-3.594813787383353883e+03 -3.742139834411030733e+03 -2.318664468789515013e+03
-3.596397542031349985e+03 -4.266791484732557365e+03 -2.037524229564716052e+03
-3.240410039250573391e+03 -4.841009497567226390e+03 -2.322137717396241896e+03
-2.621363886046667176e+03 -4.090122618368045551e+03 -2.880355331645351271e+03
-9.930552541870264349e+01 -1.324416076963081650e+03 -4.470232135232646215e+03
-7.335000771935048078e+02 -3.955692860258314795e+03 -3.297357800817937914e+03
-3.125502540422446600e+03 -3.919601189848432568e+03 -2.375892044772023382e+03
-3.075863133698561796e+03 -4.446647576092041163e+03 -2.595113149451633944e+03
-2.366137078509534604e+03 -4.434915971836438985e+03 -2.754837574992085138e+03
-3.446051676996075912e+03 -4.252345878079987415e+03 -2.255138715121304813e+03
-3.222990468918073475e+03 -4.111694817702183173e+03 -2.183827754362037467e+03
-3.470470031092610952e+03 -4.132868568774400956e+03 -2.543016946173100223e+03
-2.654926855744855857e+03 -4.096553162427824645e+03 -2.886933357751047424e+03
-3.026677348090076066e+03 -3.841977264926657426e+03 -2.472001713655390631e+03
-3.059745484673881037e+03 -4.725953606324920656e+03 -2.389023299809876335e+03
-3.538281087814540570e+03 -4.202704337173102431e+03 -2.180535604766400866e+03
-6.345137996626756376e+02 -8.773724632482399102e+03 -4.209027334840308868e+03
-4.849084883022908343e+02 -2.823741558574243754e+03 -3.754466858744086494e+03
-3.573410811259756201e+02 -3.419222119316625594e+03 -3.409090824896186859e+03
-1.014583505393007613e+03 -1.973282287723191303e+03 -4.356140811248467799e+03
-3.505756238317986572e+03 -4.070221771280937446e+03 -2.118168103183394123e+03
-3.356577664379358794e+03 -4.609000005978045920e+03 -2.444746772743485963e+03
-7.906376224015089065e+02 -4.567400307312401310e+03 -3.193891088108683107e+03
-3.557878658873983113e+03 -4.121729043232601725e+03 -2.253887203979549668e+03
1.648495593619879173e+03 -4.404058500774951426e+03 -3.657414772585264473e+03
-2.926162307653759399e+03 -4.708913786461313066e+03 -2.530338452375448469e+03
-3.021991395268065389e+03 -4.806676186779856835e+03 -2.413122117876101129e+03
-3.317023486484671594e+03 -5.923106610217108027e+03 -2.328251105563657347e+03
-3.004135157982133023e+03 -2.791836408093465252e+03 -3.077054800019369395e+03
-8.385475989722560826e+02 -4.445316259612448448e+03 -3.083885125211788818e+03
-1.771864043832682455e+03 -2.595199095160322941e+03 -3.593189891428228748e+03
-1.733159844854844209e+02 -1.435798458550852956e+03 -4.429375904895996428e+03
-2.734621340983635037e+03 -2.280632246908707657e+03 -3.195498785665834475e+03
1.884265310585918201e+02 -4.512638036483911492e+03 -3.352725373117922118e+03
-3.182461284773238503e+02 -2.900182264252741788e+03 -3.580758853261213972e+03
2.123317722554638181e+02 -4.535970662078255373e+03 -3.165949657789880803e+03
-3.782795516432541262e+03 -2.489066581587702331e+03 -2.826391760820972650e+03
-3.405223835686825623e+03 -4.466001595372254087e+03 -2.400972821654736890e+03
-3.653515681764978126e+03 -4.448576345686942659e+03 -2.111969910847333722e+03
1.032333517022977321e+04 -1.016270846634462941e+04 -4.861420323041619667e+03
-3.570953830280827788e+03 -4.400994122267919010e+03 -2.276644175133365934e+03
1.257297894231825921e+03 -6.818654559737677801e+02 -4.345292996891912480e+03
-3.336976937913434995e+03 -4.194618476260322495e+03 -2.154694762078939220e+03
-3.555252980250767450e+03 -4.236524832948594849e+03 -2.099569454241059248e+03
-3.163168063368487310e+03 -4.443452581576359989e+03 -2.618107712260032258e+03
-3.482948342046950984e+03 -4.702137825905364480e+03 -2.331263602662265839e+03
-7.659393673976888977e+02 -1.679638477376795436e+03 -4.607375490598607939e+03
-3.539792601194142662e+03 -4.376428471340953365e+03 -2.174095708410838142e+03
-3.592956657778373028e+03 -4.249981159505122378e+03 -2.078901624457498656e+03
-3.176726021283366663e+03 -2.419424838504901345e+03 -2.816429418372400960e+03
-5.139895152286970870e+01 -1.212697335475487989e+03 -4.365610165495973888e+03
-3.502098228535120597e+03 -4.558985338913520536e+03 -2.223692977926477397e+03
-3.573296954130371432e+03 -4.272108168004517211e+03 -1.974313902990112183e+03
-2.611755780540765045e+03 -4.044022063035432893e+03 -2.884506188454017774e+03
-3.277261829666931135e+03 -3.692402098470024612e+03 -1.221092191128346940e+03
-3.051323625344277843e+03 -4.742201185154406630e+03 -2.715688434766535465e+03
-3.199009047150052083e+03 -4.534911621990750973e+03 -2.577818856650546422e+03
-8.205425405658382942e+02 -1.692826486267199471e+03 -4.551796776698303802e+03
-3.014771391712032710e+03 -4.262212658351662867e+03 -2.872036143409578472e+03
-3.476258580875907683e+03 -4.298176916669634920e+03 -1.932900040732365596e+03
-3.003796752204329550e+03 -4.358729544329441524e+03 -2.749265484000397464e+03
-3.025068905796391846e+03 -4.719942903368141742e+03 -2.402076859286052240e+03
-3.452112165926708713e+03 -4.126620633908877608e+03 -2.128107823838665354e+03
-3.884080223132036735e+03 -2.474790927222814389e+03 -2.694684402979969036e+03
-3.368982031338724937e+03 -3.522173166345093705e+03 -2.954907517031879252e+03
-2.530880627286396702e+03 -3.845231063806305428e+03 -2.859856756153574224e+03
-3.366679271037103717e+03 -2.286855988328732565e+03 -2.749177539607284416e+03
-3.527024258234516310e+03 -4.378793318849438947e+03 -2.091885599128516787e+03
-9.167708141488778892e+02 -2.564889116859467322e+03 -3.728710595288462628e+03
-2.282085885271897951e+03 -4.666981704909077962e+03 -2.672640302830077417e+03
-3.633762815796681934e+03 -4.393779169569676924e+03 -2.171941971344259400e+03
1.553067556614199702e+02 -1.221418575309113976e+03 -4.253052095831671068e+03
-3.564974405537977873e+03 -4.290143711547575549e+03 -2.115538621967030849e+03
-3.072772418482449666e+03 -3.767290073016351471e+03 -2.432774512453790521e+03
-2.854637556080716422e+03 -4.656030073517817073e+03 -2.612970448132197362e+03
-8.359486774367951512e+00 -2.703106952269777139e+03 -3.762178014927763343e+03
-2.893506024817848811e+03 -4.740070916753726124e+03 -2.504818385397569273e+03
-2.690572499458207403e+03 -4.497694211500084748e+03 -2.591537767412335143e+03
-3.289997594036851751e+03 -4.841964167402136809e+03 -2.669783517355547701e+03
1.736761698991920639e+03 -5.540998194920438436e+03 -3.442632847284990930e+03
-3.566281247362404883e+03 -3.353558667547713867e+03 -6.830723868286896732e+02
1.775604619063128894e+03 -3.019427767066435536e+03 -3.700691342427895052e+03
-3.837054625142998248e+03 -4.613202041499365805e+03 -1.984293505138026831e+03
-3.162185214460548650e+02 -1.338705694183968035e+03 -4.496986280196459120e+03
-3.545014210141532203e+03 -4.168633041806094297e+03 -2.112610935441996389e+03
1.343967154124244416e+03 -5.781345027652739191e+03 -3.407738689792800869e+03
-2.108681135935456041e+03 -4.479271956435582069e+03 -2.560505561902201407e+03
-2.547072457643971120e+03 -3.817940069329030848e+03 -2.864823888226649615e+03
-3.286903427683137124e+03 -3.973731399913640871e+03 -2.305658579310817004e+03
5.023068901765270766e+00 -4.165746107702132576e+03 -3.405069810382182823e+03
-2.948559531659388995e+03 -4.918161221180026587e+03 -2.692312968301330329e+03
6.143195472406270028e+02 -3.614664227446019140e+03 -3.511285671172764523e+03
1.523730620732268562e+03 -7.042894968634179804e+02 -4.286117587732560423e+03
1.602284676893807500e+03 -2.382367875182178977e+03 -3.816379374266712603e+03
-7.540504357271163371e+02 -1.639635405927023612e+03 -4.553598271975812168e+03
-3.643319909208237277e+03 -4.523285281999129438e+03 -2.278911715455110880e+03
-2.871145951675961783e+02 -3.612718944803251361e+03 -3.480191722200763706e+03
-3.176181780737615554e+03 -4.554503216034222532e+03 -2.545688469189679381e+03
-4.669759467956670278e+02 -4.041909693171734489e+03 -3.373844349047651122e+03
2.342010224282752915e+03 -3.341785375643111365e+03 -3.678221030344385326e+03
-3.438147291458707514e+03 -4.064707861538263842e+03 -2.201725784060207388e+03
-3.307357421873802650e+03 -4.242571407022826861e+03 -2.534894782155179200e+03
-2.300338960780361049e+03 -4.491359435793603552e+03 -2.753692082205772749e+03
-3.470451848523625358e+03 -4.394410195613764699e+03 -1.810264452667709065e+03
-3.144195977639909415e+03 1.454375213141296172e+03 -3.920343523390327391e+03
-3.915564538444697519e+03 -4.704862520137864522e+03 -1.888042034523998382e+03
-3.482028859733888112e+03 -4.142463752087050125e+03 -2.493120413483779885e+03
-3.131722636485201747e+03 -4.078122258141863313e+03 -1.826804526253902168e+03
-3.271154397193131445e+03 -4.117690470773445668e+03 -1.788368300139484063e+03
-3.284907297327988090e+03 -4.401694425464042070e+03 -2.529336616340134242e+03
-3.117363104484295945e+03 -4.132977819639172594e+03 -2.539971677939483016e+03
-2.493222077680203256e+03 -3.968460926340266269e+03 -2.655422642299378822e+03
-2.437494301070242727e+03 -4.554705805497000256e+03 -2.790656864295247033e+03
-2.595465434931762502e+03 -4.676613869415647969e+03 -2.687591792731730038e+03
-2.494147027822949440e+03 -4.270344001440143074e+03 -2.711899841125038165e+03
-2.913536268131123506e+03 -4.220597943242058136e+03 -2.581695761974272955e+03
5.133888360800218834e+03 -2.771913818440682462e+03 -4.949793672060292010e+03
-8.334475866057634903e+02 1.798478941618526505e+02 -4.150258657910338115e+03
-1.636917882762494401e+03 -4.644722959947829963e+02 -3.832269809106410321e+03
-3.258760207861466824e+03 -3.688593374672448704e+02 -3.486397312180169138e+03
-3.433139710898727117e+03 -4.115319780930389243e+03 -2.379578692887540456e+03
-2.399873117063132668e+03 -3.886505806808741909e+03 -2.685789905378118419e+03
-2.670178553099181954e+03 -3.708940957946113940e+03 -2.323098691273735767e+03
-3.384237135628629403e+03 -4.061843573408537395e+03 -2.611830448322799839e+03
-3.290402965102543931e+03 -3.596675773090971688e+03 -1.894601244056634641e+03
-2.505776519647668465e+03 -3.469247236847159456e+03 -2.910976439022096656e+03
-2.892288057621445660e+03 -4.006305473112669461e+03 -2.861967034146744936e+03
-2.393423336017663132e+03 -3.634234287631534244e+03 -2.893975353357328459e+03
5.051500226375321745e+02 2.554696072236384680e+03 -4.148901227982651108e+03
-2.584548739627891791e+03 -3.327989729005319987e+03 -2.753547727628859320e+03
-3.171766784079717581e+03 -4.453821650339961025e+02 -3.425745672042848582e+03
-3.421611456873261432e+03 -1.125111812310910864e+02 -3.533823490796948590e+03
-2.175467539470011616e+03 -3.733014559253577318e+03 -2.695582999809775174e+03
-3.106045250044656314e+03 -3.796414617141289909e+03 -1.874814983760006044e+03
-1.723042578020057363e+03 -6.033592107354406835e+02 -4.039874336163428325e+03
-3.942592496754044987e+03 -4.544839952123718831e+03 -1.841388959018275955e+03
-3.158631984111756083e+03 -4.254862950699179237e+03 -1.797911620303817926e+03
-2.897538693738723850e+03 -4.378802164825387081e+03 -2.710615340009769170e+03
-3.123786929100052475e+03 -4.060480797462838837e+03 -2.751194631789041523e+03
9.927626078873023289e+03 7.442564895550515757e+03 -5.288141181450811928e+03
-3.243651141242206904e+03 -4.167787464906093192e+03 -2.385057340339298207e+03
-2.838327131669948358e+03 -4.945152624427482806e+02 -3.623004870990062045e+03
-3.437317259632302921e+03 -4.165671611155233222e+03 -2.507512165273949449e+03
-3.186713699026203813e+03 -3.935381163596771330e+03 -2.391155744213146590e+03
-2.531865685534675777e+03 -4.576319979410776796e+03 -2.735374005150724770e+03
-3.375320263933685055e+03 -4.192782009423741329e+03 -2.632500072398916018e+03
-3.234584482917031437e+03 -4.668671800889405858e+02 -3.193187563279904225e+03
-3.253915107524753239e+03 -4.058573993267532387e+03 -2.747349696484774086e+03
-3.085248693236866529e+03 -4.643015564037372314e+03 -2.531190470312819798e+03
-2.391205889717212358e+03 -3.398944102566928905e+03 -2.569572723990665509e+03
-3.231886504058642458e+03 -5.501088286966438545e+02 -3.327834480642589824e+03
-3.514338880042981145e+03 -4.129589245559058327e+03 -2.382067414020270917e+03
-3.401038159052614446e+03 -4.052237944464563952e+03 -2.410166959532357851e+03
-2.283907633571454880e+03 -3.823998653992659911e+03 -2.664382317449444599e+03
-4.841626396481557094e+03 -1.723999726461573573e+03 -2.515607600922067832e+03
-2.454654944657470878e+03 -3.849120388338958037e+03 -2.683256435675362354e+03
1.341029618375667383e+02 -1.749336604742714599e+03 -3.809386310890416553e+03
-3.248672242531413758e+03 -5.737095893069787280e+02 -3.296061055063667482e+03
-3.306785478872120621e+03 -4.066821306641120827e+03 -2.592121211681088425e+03
-3.501941858259494438e+03 -4.134278614389962058e+03 -2.365460046323193637e+03
-3.518208341490091698e+03 -4.420598149243384796e+03 -1.747318658986014952e+03
-2.086479846883317805e+03 -4.046032482512127444e+03 -2.715238718488933500e+03
-3.462055701116058117e+03 -4.225396080853816784e+03 -2.088941430746275728e+03
-2.533271922629156052e+03 -3.834667142335906192e+03 -2.934512984632224288e+03
-2.810209623888091301e+03 -3.478067447514348260e+03 -2.530406761269369781e+03
-2.323022615205660713e+03 -3.677079990108378752e+03 -2.913834040142231970e+03
-2.880305082780516841e+03 -3.750520514096552233e+03 -2.225705584136654579e+03
-3.427354909304462126e+03 -4.471209185237191377e+03 -2.181378645907941518e+03
-2.351877250586863738e+03 -2.064408807389922458e+03 -3.538897400182446290e+03
-2.844038565235126043e+03 -3.591046141360934598e+03 -2.215096728224224080e+03
-3.389285847438820838e+03 -4.232077284941341532e+03 -2.446265117554226890e+03
-3.162351361120074216e+03 -3.102589039613127397e+01 -3.464720156192820468e+03
-3.017552053735681511e+03 -4.033646113563000654e+03 -2.664120566303746727e+03
-3.325911279038415159e+03 -4.231571711811908244e+03 -2.316771514545763239e+03
-3.492470945423925059e+03 -3.989501738481805660e+03 -2.916284355989372216e+03
-1.094864840669548585e+03 -1.423963841885139345e+02 -4.013172596488647287e+03
-2.541437340003079953e+03 -3.710371195728980183e+03 -2.959573968145985873e+03
-2.700126501895891124e+03 -3.374907571878201452e+03 -2.815841015371081539e+03
3.264782952962942090e+03 -3.556951982566775769e+03 -4.590783529406307935e+03
4.711543709884672353e+02 -2.416800996134485899e+02 -3.917279233722814752e+03
-4.057143145221566556e+03 -2.754738172012612722e+03 -2.528254048025578413e+03
-1.902669415111842909e+03 -8.933277453519106075e+02 -3.726604404752275514e+03
-2.919808875269927739e+03 -4.049492658585659228e+03 -2.582682562454802792e+03
-3.188785900798349758e+03 -4.528930789908557699e+02 -3.433541379121133104e+03
-3.156697231075888340e+03 -4.298208527718196819e+03 -2.440233080709755995e+03
-1.029641922612212966e+03 -2.120953701332840865e+03 -3.770946285793281731e+03
-2.229950123337571767e+03 -3.789716791250540609e+03 -2.589733527920656343e+03
2.791787218113016934e+03 2.736022025653336414e+02 -4.060244443914084513e+03
-3.128734613761831952e+03 -4.119003748227771212e+03 -2.703422599509383872e+03
-6.675050052262332656e+02 1.591391838528942571e+03 -4.136370071293988076e+03
-2.812928216590525608e+03 -4.097039525173614493e+03 -2.004155142230330966e+03
-1.196019980452389063e+03 -7.187888609630470000e+02 -4.002758853144634486e+03
-3.113264463227792476e+03 -3.914801821641001425e+02 -3.706085771015846149e+03
-1.650824274319043070e+03 -2.116207563639979981e+02 -3.968787861779516788e+03
-4.084284932503053369e+03 -6.603376334309128879e+02 -2.814466226863568409e+03
-3.379609677874650060e+03 -4.090984203277161214e+03 -2.653601000584810208e+03
4.488899321970549181e+02 2.097909421283176925e+03 -4.149605215838022559e+03
-2.719068931106674427e+03 -3.861629696338867234e+03 -2.774874103996798567e+03
1.347477166400569786e+03 2.163205981633831925e+03 -4.138420981409812157e+03
-2.568387558605697336e+02 3.489855402406986741e+03 -4.152680708005045744e+03
-3.207971269889608266e+03 -4.344955972264887350e+03 -2.472869896910171519e+03
-2.887672054374792424e+03 -3.970789953307337782e+03 -2.648396849708572972e+03
-2.794626540634742014e+03 -3.808669856536391308e+03 -2.712586402708894639e+03
-3.252299909747926904e+03 -3.412652142091459609e+03 -2.721847436434520660e+03
-5.275946562485841241e+03 -4.458539013281986627e+03 -1.919534936171167146e+03
-6.235504679768582719e+03 1.143546291392269154e+02 -3.451783976794795763e+03
-2.884007505248016969e+03 -3.977963726315228541e+03 -2.840605524784084082e+03
-3.162514726414296092e+03 -3.290695956342327008e+03 -2.647556683063611217e+03
-3.674286376495205332e+03 -3.690283613107448218e+03 -2.355125481732428852e+03
-2.903717814862055548e+03 -3.942092914756601658e+03 -2.842855836188869034e+03
-2.668875578040527216e+03 -3.404346266864567042e+03 -2.632416502381994178e+03
-2.869056052123081372e+03 -3.681337423105078415e+03 -2.744587313844586333e+03
-2.634101485995189250e+03 -3.369771851165196495e+03 -2.876959349992389889e+03
-2.678866464786388860e+03 -3.551628576820309263e+03 -2.902999946491139781e+03
-2.823518752942147785e+03 -3.952579763016932702e+03 -2.785835889808805405e+03
-2.951869986472205710e+03 -4.032260100400329065e+03 -2.755471195241750593e+03
6.468078188597678491e+02 5.030710179282892568e+03 -4.936466756993451781e+03
-5.293111324331033757e+03 -1.222415500660541738e+03 -3.178145535793131785e+03
-4.794787208836987702e+03 -1.718893396079262629e+03 -3.033755788532993392e+03
-5.153347661170791980e+03 -4.416801638825759255e+03 -1.870383258075352387e+03
-2.836810198523828149e+03 -4.082695771986438558e+03 -2.765232554523558065e+03
-3.622383562337494368e+03 -5.498788827013614537e+03 -2.293664095666955745e+03
-3.305785506313979113e+03 -1.894807087353281986e+03 -3.467908709920076035e+03
-2.571010686366438222e+03 -3.775089900481041695e+03 -2.692435005511512827e+03
-5.975262771262444403e+03 -3.080335821964393404e+02 -3.484813688345074297e+03
-3.166452887088566058e+03 -5.288555841658716417e+03 -2.437393939966567814e+03
-2.828205650881566271e+03 -3.353231585074542636e+03 -2.700721917835000568e+03
-2.958612941023116946e+03 -3.375516428095257652e+03 -2.813476598111893509e+03
-3.537269777380784944e+03 -3.199260473612575879e+03 -2.600498169297503409e+03
-5.453241358814348132e+03 -5.964061333277365975e+02 -3.408708932036258830e+03
-4.947428698142137364e+03 -4.681186190967246148e+03 -1.714218823283630627e+03
-5.938665618307886689e+03 -4.007953320673471353e+03 -2.226919945331000235e+03
-2.890079128791409858e+03 -3.303108900900511799e+03 -2.804198084122390810e+03
-5.948242057982885854e+03 -1.006520779608298312e+03 -3.253836826207513241e+03
-6.766030593337201935e+03 -1.993104320233897624e+03 -2.779021941311096271e+03
-5.927897098476089923e+03 -7.572992872598140366e+02 -3.349040696419333926e+03
-3.156826248198171470e+03 -3.322484221266099212e+03 -2.701752371265922193e+03
-2.480956391058442478e+03 -3.470364196123702186e+03 -2.869097130388782716e+03
-3.326206388549635449e+03 -4.162342274535742945e+03 -2.638050411684068877e+03
-7.338946651955901871e+03 1.138100743938275991e+04 -5.088387208701641612e+03
-3.302958073795603468e+03 -4.147190327045051163e+03 -2.716055191930122419e+03
-5.688773615611310561e+03 -4.113947598266014211e+03 -2.193865496278759565e+03
-3.465816105119866734e+03 -4.249704353382714544e+03 -2.306874795305373482e+03
-2.913170128232703519e+03 -4.018835453061367843e+03 -2.537295550337757049e+03
-2.748900670878824712e+03 -3.799347956581920698e+03 -2.623766814787046314e+03
-2.531147853483249492e+03 -3.360426837367430380e+03 -2.664442799153483520e+03
-4.882265550352598439e+03 -4.751199545742966620e+03 -1.621165107431443630e+03
-2.881486422204363407e+03 -3.766397782687728977e+03 -2.610371521750308148e+03
-2.883317812853273608e+03 -4.021331117236934915e+03 -2.886489501272592406e+03
-3.671889930712202840e+03 -3.230645759780570643e+03 -2.361883971838005891e+03
-5.042388616468368127e+03 -4.651393755852066533e+03 -1.696491561197582996e+03
-2.306919035863124464e+03 -3.803602145420846682e+03 -2.711307390034367927e+03
-2.847761244937455103e+03 -3.663941286273733567e+03 -2.554703165726510633e+03
-2.804753979319099471e+03 -3.706400290074494023e+03 -2.824710751513874584e+03
-2.654663502435181726e+03 -3.460123558441454861e+03 -3.754253621207360084e+03
-3.563486712082068152e+03 -3.607364787830866590e+03 -1.937936479828190841e+03
-3.034879344371936895e+03 -3.198897249126407587e+03 -2.724766006100557661e+03
-6.281980888155170760e+03 -4.510259276696346205e+03 -1.907025952517278711e+03
-2.730005060470199169e+03 -3.698018008890163856e+03 -2.961066915719681674e+03
-3.101814958257121816e+03 -4.047056841365835680e+03 -2.755931086636650434e+03
-2.759670215571207336e+03 -3.268419445530189478e+03 -2.663204968630256189e+03
-2.864245712309539158e+03 -3.714764822862165602e+03 -2.773989069274315625e+03
-3.146558278285046981e+03 -4.211124196176382611e+03 -2.465209678070554219e+03
-4.204569955346185452e+03 -1.032969528935507469e+03 -3.332902548449209462e+03
-3.755847263219098750e+03 -3.302080622952455087e+03 -2.378838765473646163e+03
-2.920123203462891070e+03 -3.524799101302296094e+03 -2.710700653667932329e+03
-2.899351449057562149e+03 -4.753498388396656082e+03 -2.715990177401833989e+03
-3.043261014644953775e+03 -4.165222366291491198e+03 -2.763992301204021715e+03
-5.266945714307865273e+03 -2.515345864741103469e+03 -2.712290892931387589e+03
-3.944540717586082337e+03 -4.737594739252484032e+03 -1.875134568381153031e+03
-3.278177081670807638e+03 -4.135343249695540180e+03 -2.545437428950729554e+03
-6.387957223568810150e+03 -3.970647801973543210e+03 -2.111866282357979799e+03
-3.804780603881553361e+03 -3.534347443166259836e+03 -1.982610033908673131e+03
-3.349010860150689041e+03 -4.162615502650777671e+03 -2.439973070911374634e+03
-2.953420480596319067e+03 -3.246796172669907719e+03 -2.713710628389819249e+03
-6.570603066042430328e+03 -1.294166614596303361e+03 -2.955346170101803182e+03
-3.351664437057083887e+03 -3.119942460965870850e+03 -2.355554020050912641e+03
-3.118203736082646174e+03 -4.494793868710455172e+03 -2.474306402578356938e+03
1.201924002002511315e+03 4.047009034307649017e+03 -4.776748458895185649e+03
-5.818672405162948053e+03 -3.811519591600398371e+02 -3.508914717997322441e+03
-4.483324794657725761e+03 -4.526063148135361189e+03 -2.135518502849508423e+03
-6.857714644926346409e+03 -5.862695465328987439e+02 -3.264184659606238711e+03
-3.034177767736681290e+03 -4.081020062472907284e+03 -2.583066867464419829e+03
-5.292192353438883401e+03 -4.550516505151546880e+03 -1.791676839501448512e+03
-3.022274800084504022e+03 -4.016180498740077837e+03 -2.884169791275470743e+03
-5.155413015426235688e+03 -8.016668951705310064e+02 -3.604679428639195066e+03
-2.731259408376716237e+03 -4.899676215274181232e+03 -2.504894135139487844e+03
-2.940735496082466852e+03 -3.405888181779469505e+03 -2.730892021564600782e+03
-2.916009184348361941e+03 -3.959959898172565772e+03 -2.688112126561707555e+03
-5.696770825515016440e+03 -5.773367529651039831e+02 -3.514704198796219316e+03
-2.896284757877144330e+03 -3.292010854587529593e+03 -2.657240100175485622e+03
-6.021419214595005542e+03 -9.601206415573713002e+02 -3.219047664919422459e+03
-5.256699516523793136e+03 -3.585134492115747435e+03 -2.409707966332531214e+03
-6.142422843682449638e+03 -1.493769369109315448e+03 -3.130641564490662859e+03
-4.827852832552912332e+03 -4.608279610731426146e+03 -1.736812158213599332e+03
-2.358587588694929309e+03 -3.754666544533810793e+03 -2.683878517185366036e+03
-5.812952712648800116e+03 -5.862704116262912066e+02 -3.510757494741042592e+03
-2.731357892781075861e+03 -3.690036875533069178e+03 -2.914993632766509108e+03
-6.553251597649116775e+03 3.201348425256360883e+02 -3.557474907497439744e+03
-6.423235070439272022e+03 1.971178947735591009e+02 -3.619527433393912361e+03
-2.951228676626111337e+03 -4.069944073641659088e+03 -2.618665395547037406e+03
-3.241065168508363058e+03 -3.477230624505065862e+03 -3.496370806638086378e+03
-2.695208893050130882e+03 -3.266203449109715621e+03 -3.280722642095624906e+03
-2.832322101872835447e+03 -3.423676132067014805e+03 -3.887317568336536169e+03
-3.035617456911017143e+03 -3.645710482718507137e+03 -3.445148911636427329e+03
-2.825792427921703165e+03 -3.589442041873171092e+03 -3.717567856898695482e+03
-3.565921892563414076e+03 -3.240393769499596601e+03 -3.848168550296757530e+03
-3.975392972469858705e+03 -3.282779764391630124e+03 -3.854375922359984997e+03
-3.979615186178903059e+03 -4.744681380535832432e+03 -5.663935024689178135e+03
-3.402876486532054969e+03 -3.400190391168308452e+03 -3.739619629133884700e+03
-5.977243935273810166e+03 -4.497199398951858711e+03 -3.481142379408654961e+03
-2.994756827778049683e+03 -3.673932839586427690e+03 -3.708402813386375328e+03
-9.969516789329907624e+03 -2.031615728602510899e+03 3.627793166269668291e+03
-3.107604505383721062e+03 -3.675801531608311961e+03 -3.737827020725487728e+03
-2.854299992377530543e+03 -3.475807185545106677e+03 -3.860011317132751628e+03
-7.776321845325345748e+03 -5.796490490589359979e+03 -6.380503138144926197e+03
-4.064746442676261267e+03 -3.904009215286837389e+03 -3.583933927713679623e+03
-3.559783885256455051e+03 -3.566356602918851422e+03 -3.176461606435359045e+03
-2.935261771177610171e+03 -3.535934706911010835e+03 -3.223371937329241064e+03
-2.806720831321970763e+03 -3.561456122747862992e+03 -3.606185038794834782e+03
-3.992451618756308562e+03 -3.217373729392211771e+03 -3.513380326154295744e+03
-3.144407289576777657e+03 -3.143538370792488422e+03 -3.663916946528126573e+03
-4.054772195704917976e+03 -3.514076058571507929e+03 -3.644019994799107735e+03
-3.936438013081964073e+03 -5.221446437693729422e+03 -6.388511786186778409e+03
-4.704632185086285062e+03 -4.272845145386486365e+03 -3.557732394919700710e+03
-4.175929955539232651e+03 -3.483261884052648838e+03 -3.075614209384295464e+03
-3.066566134647913714e+03 -3.695183587070576323e+03 -3.208768824431149369e+03
-4.494895128032550929e+03 -3.844911322781300441e+03 9.091916517594154357e+01
-4.861638641643185110e+03 -4.317139729229964360e+03 -3.439837155839178195e+03
-3.804488412454455101e+03 -3.459121440584771335e+03 -3.019816858646021956e+03
-2.818069968667924059e+03 -3.613167112980738693e+03 -3.524116715824179209e+03
-3.287860621797690328e+03 -3.560131627749991367e+03 -2.920608680997518150e+03
-5.194724367258731036e+03 -3.119188996995566413e+03 1.592056086651921305e+03
-3.778276030396983970e+03 -3.587754891359240446e+03 -3.002213840868354055e+03
-3.103407781051773782e+03 -3.791549261829378793e+03 -3.517009542424956180e+03
-4.987734137163896776e+03 -4.263659611675465385e+03 -3.837506411170887077e+03
-5.165991752958951110e+03 -4.261293994331559588e+03 -3.767549073610272899e+03
-2.920994707911933801e+03 -3.723202800935310279e+03 -3.352651215872590910e+03
-4.922655877660879923e+03 -3.931614678959326739e+03 -2.829539756459871114e+03
-5.683164761145165357e+03 -5.059330606953742972e+03 -5.054201509294408424e+03
-5.191094818903219675e+03 -4.448630577297822128e+03 -4.087498009492676374e+03
-3.886254883380829142e+03 -3.854153480777734330e+03 -3.906458425614563566e+03
-4.153378888465408636e+03 -3.339267227786845524e+03 -3.004413860397902681e+03
-2.975353981546229988e+03 -3.682675818247437746e+03 -3.762137157416597347e+03
-4.340933162121592432e+03 -4.133183520278343167e+03 -3.324050969515639736e+03
-3.054318459290622741e+03 -3.317879659732226173e+03 -3.269407475671596330e+03
-3.123052114341919605e+03 -3.673120340024714551e+03 -3.473387368238601084e+03
-3.505981543447852346e+03 -3.575708072025005094e+03 -3.021498554964794039e+03
-5.288129592948837853e+03 -4.877233716252349041e+03 -4.892068898790492312e+03
-2.947898674846355789e+03 -3.721068525570682596e+03 -3.488921670487965457e+03
-2.939604399773503246e+03 -3.674990916019289671e+03 -3.776813484796807188e+03
-6.724588946597351423e+03 -5.238189370260002761e+03 -5.217872881244869859e+03
-3.128747098922654914e+03 -3.622194078500668638e+03 -3.292025715283314639e+03
-3.068641815710195260e+03 -3.821127033015493907e+03 -3.299523742501246488e+03
-3.793240371755236538e+03 -3.011429380638749535e+03 -2.775911054686554962e+03
-6.708891582215862400e+03 -5.906262409590361131e+03 -6.286914555273840051e+03
-3.112849209067462652e+03 -3.517407347341763398e+03 -3.690263033879737577e+03
-3.995236180024829537e+03 -3.486822428418355230e+03 -3.894783223018054741e+03
-2.735638851747814442e+03 -3.429946292947899110e+03 -3.631346998496717788e+03
-5.036578551492945735e+03 -4.341432436082005552e+03 -3.715211478055088719e+03
-6.972884713798868688e+03 -5.026910303656216456e+03 -4.043127313614388186e+03
-3.296209571429964853e+03 -2.855457801683396610e+03 -2.544247182232913474e+03
-3.874387473934777972e+03 -3.053900285972858910e+03 -2.711814968171247529e+03
-3.485951324520667185e+03 -3.426333556194191715e+03 -3.028706542662727315e+03
-3.180886122605809760e+03 -3.608308717195196550e+03 -3.077943960193447310e+03
-5.491594910825867373e+03 -4.442225034042150583e+03 -3.367854036662384715e+03
-3.059793344352554413e+03 -3.545246171536447036e+03 -3.163364849668810166e+03
-4.229898592273306349e+03 -3.903744590941138995e+03 -2.049949393641313691e+02
-4.591454718089919879e+03 -5.283731138381169330e+03 -6.232501460766521632e+03
-6.037073832613748891e+03 -5.995498004891509481e+03 -6.598113703213650297e+03
-3.118111400098793638e+03 -3.745807744656093291e+03 -3.378850191526392791e+03
-3.926023580247165683e+03 -3.188679469987655011e+03 -2.679216649451740523e+03
-3.277792887245331258e+03 -3.180876389558067785e+03 -3.445118415755625392e+03
-2.858019187028549823e+03 -3.617745239707634482e+03 -3.262213668819012582e+03
-3.711290267591994052e+03 -3.791135109198334703e+03 -3.264859247693046655e+03
-2.996407038112106420e+03 -3.675167341295325969e+03 -3.615714060657157006e+03
-3.216556204583819635e+03 -3.441892332871071176e+03 -3.515790864811016036e+03
-3.109635925587901056e+03 -3.552033148160942801e+03 -3.226937672190063495e+03
-3.445520425833178706e+03 -3.431122764432530857e+03 -3.015972093367328853e+03
-3.105549521378633017e+03 -3.800807126514925585e+03 -3.504767748241542449e+03
-4.507259890544100017e+03 -4.946511678500014568e+03 -5.648001758769123626e+03
-4.179792628125097508e+03 -3.438904154608722820e+03 -3.060327590302774297e+03
-4.133200811224585777e+03 -3.335052840921241568e+03 -2.923386384029367946e+03
-3.101372162143707101e+03 -3.414525534246313327e+03 -3.581210596513751625e+03
-4.059440075113707280e+03 -3.801771730406680490e+03 -3.430163076685433680e+03
-3.791179730401557663e+03 -4.735420147200420615e+03 -6.070604939783301234e+03
-4.196651375165969512e+03 -3.511312453536296744e+03 -3.183697766134358972e+03
-2.723127597447034987e+03 -3.390977906632779650e+03 -3.469788581614730447e+03
-3.701501400225090038e+03 -3.318763492799494088e+03 -3.885373217951780134e+03
-4.775657473525359819e+03 -3.611219719530640759e+03 6.414743980001258024e+02
-3.422392366268965816e+03 -3.506253940852476717e+03 -3.595219487580101486e+03
-7.903708082620029927e+03 -4.705424952365657191e+03 -3.517580592931724823e+03
-3.563465249092644171e+03 -3.626853801388190277e+03 -3.095599318092266003e+03
-3.379977475362356017e+03 -3.315515875057905760e+03 -3.585169414917791983e+03
-8.894228262395734419e+03 -2.617427122967840205e+03 2.648748574966870365e+03
-2.899430259102825858e+03 -3.448146634125276250e+03 -3.654928417292250742e+03
-2.821945430984221275e+03 -3.539520627542121474e+03 -3.774200096477457009e+03
-7.682185767763413423e+03 -2.627258662926715260e+03 2.394073394091162299e+03
-4.033706280439502279e+03 -3.175748756660616436e+03 -3.102996892353811745e+03
-2.433287199347736987e+03 -3.288119393509437941e+03 -3.321640968481177879e+03
-3.005941948374459571e+03 -3.736550199116300973e+03 -3.662442469232638359e+03
-3.072740793982655759e+03 -4.521690284107865409e+03 -4.306055935598215910e+03
-2.927901653024583084e+03 -3.277817579148951154e+03 -2.982221176661735626e+03
-3.004194981012665721e+03 -3.486124799586567406e+03 -3.722569166099661743e+03
-2.846028815777543969e+03 -3.620148253817861132e+03 -3.452096464986912451e+03
-2.935045243474133258e+03 -3.737616826485234469e+03 -3.305570725945335653e+03
-3.559724493813585013e+03 -3.314659812239722669e+03 -2.430753145505019347e+03
-3.734871294874805244e+03 -5.438860724961086817e+03 -5.025507978799473676e+03
-1.382665037131577492e+03 -2.971347851905436073e+03 -4.883463058332141372e+03
-2.933690559932889300e+03 -3.576375539160778317e+03 -3.365609699941245253e+03
-2.695832725987667800e+03 -4.068195189586705965e+03 -4.316671891643068193e+03
-3.544829452840854174e+03 -3.652677619455434524e+03 -3.091640377105381503e+03
-1.065846647254864365e+04 -8.601921456688762191e+03 -2.893350572057482168e+03
-2.911818283721960142e+03 -3.453796857109199209e+03 -3.630470549594584554e+03
-2.869252622453189360e+03 -3.433661554350543611e+03 -3.278022078308694745e+03
-1.698253991886452013e+03 -4.462891560620047130e+03 -5.863873058004768609e+03
-3.445787650373842098e+03 -3.614156736414809984e+03 -2.900033646822318588e+03
-3.677321168321875120e+03 -3.586778024813622324e+03 -3.339684561354048128e+03
-3.020372423000086201e+03 -3.294177216956657503e+03 -3.110813017173003118e+03
-3.419584473875707317e+03 -3.681453993472994625e+03 -3.102482816389730033e+03
-3.154327727805949962e+03 -3.587685969770000611e+03 -3.162275491775540104e+03
-3.163823526494407815e+03 -3.640875271724279173e+03 -3.239226525054342346e+03
-2.965987009897456574e+03 -5.450402062860058322e+03 -5.278250769185910031e+03
-1.560192838154830042e+03 -3.403246977625180989e+03 -5.162828343240598770e+03
-2.750431893190381288e+03 -3.944341365774327642e+03 -4.271683076187129700e+03
-2.629779105919177709e+03 -2.643897816647606305e+03 -2.327432450680578313e+03
-2.782500344068042068e+03 -3.395726609139927859e+03 -3.186772264563912813e+03
-4.597077142022579210e+03 -4.725121934411700749e+03 -1.382972886128992741e+03
-2.551577121395189806e+03 -4.669033545074238646e+03 -5.184368766859705829e+03
-3.464541773809308324e+03 -3.926856776094778525e+03 -3.936990006407860619e+03
-2.793336872350660997e+03 -3.247965636217243173e+03 -3.276539721786452446e+03
-2.809973862220574119e+03 -3.338088655671891047e+03 -3.241380124610286202e+03
-6.568644352692686880e+03 -5.320587965200956205e+03 -9.125518048926335268e+02
-3.382825802457582540e+03 -3.822989757197844028e+03 -3.286890420145390181e+03
-3.053541381429803096e+03 -3.791150136864067917e+03 -3.227274824055622048e+03
-2.367029682437216707e+03 -4.055435292745979950e+03 -4.695116896612941673e+03
-2.511634055004481979e+03 -4.895276291162462257e+03 -5.476283979161275056e+03
-2.998912292408624126e+03 -3.392281931072355292e+03 -3.078183783320336715e+03
-3.507760937284390366e+03 -3.875069955982519787e+03 -3.493254681038033596e+03
-2.061983531923819555e+03 -4.634193234198231039e+03 -5.444786505774192847e+03
-2.256898650924040794e+03 -4.602319770161609995e+03 -5.009909501831013586e+03
-3.958712818862237782e+03 -2.695464447260789257e+03 -1.512847817805351951e+03
-3.612680878981744172e+03 -3.681004910040456707e+03 -3.390973797013991316e+03
-2.763574574809205387e+03 -3.260998362960768191e+03 -3.499820372278936702e+03
-2.412078554455263657e+03 -4.249228539188906325e+03 -4.718777298270647407e+03
-2.986446918326461855e+03 -3.598259054651787665e+03 -3.209748559169506734e+03
-2.900796135646114635e+03 -3.420508569972009354e+03 -3.546687035828769694e+03
-1.998834927425082469e+03 -4.716808731481046379e+03 -5.542239927878206800e+03
-1.714418030867748485e+03 -5.080425712755491986e+03 -6.224547063100836567e+03
-2.787334431980340014e+03 -3.510522868890897371e+03 -3.222583864741918660e+03
-3.158679743247199440e+03 -3.238273864103491633e+03 -3.391713442533084162e+03
-6.747345416872556143e+02 -4.732752981788889883e+03 -6.270993665924757806e+03
-2.672434771728340820e+03 -3.305114471708716337e+03 -3.381513660836560575e+03
-2.951202162525355106e+03 -3.512730640211506397e+03 -3.129614277833145934e+03
-3.099450287855396709e+03 -3.477545006920885044e+03 -3.270439161659452111e+03
-1.712398556160947464e+03 -4.444838144038057180e+03 -5.555324602921579753e+03
-2.816917935467468396e+03 -3.462344895368937159e+03 -3.209411636495237872e+03
-3.150736179876482765e+03 -4.171860769071230607e+03 -4.166993374734764075e+03
-2.811731800970179847e+03 -3.139467026581649407e+03 -3.248255080961216663e+03
-2.497909371041169834e+03 -4.728690976530571788e+03 -4.812883349581957191e+03
-2.608240934372039646e+03 -4.292972943892928015e+03 -4.408868663839246437e+03
-4.062378303231724658e+03 -3.655120915364979737e+03 -3.217156533660597688e+03
-3.320116672561686300e+03 -3.725638548975246977e+03 -3.249971488854664585e+03
-2.905558905470262289e+03 -3.296219204353862551e+03 -3.248306854897070480e+03
-3.167304626725653179e+03 -3.613954716823494891e+03 -3.140124625681895395e+03
-2.555562212079960773e+03 -4.497622695776977707e+03 -4.651631634594487878e+03
-3.083487158037451991e+03 -3.488595980188983049e+03 -3.108788776160024554e+03
-6.264476379376678778e+03 -5.061931266629463607e+03 -8.550151761887711928e+02
-1.254695848311382406e+03 -3.572221553742733704e+03 -5.367152649091395688e+03
-1.003801664645663550e+03 -4.674567873672311180e+03 -6.334521023531170613e+03
-2.770840111768676252e+03 -3.508350848162617240e+03 -3.389388118356056111e+03
-2.837473725231625394e+03 -3.242791767626309138e+03 -3.289658834971579381e+03
-3.397877172469952257e+03 -3.331025061308101613e+03 -3.527706814034792842e+03
-2.937797042893895195e+03 -3.359632995851188753e+03 -2.789561908185010452e+03
-5.081124338902529416e+03 -5.603800390356637763e+03 -5.002986763177749708e+03
-2.849732309404600073e+03 -3.396653909361779824e+03 -3.179441959100571694e+03
-2.912737190136617301e+03 -3.700321963887267884e+03 -3.268067508614506551e+03
-2.816589561348284406e+03 -3.544040360636408877e+03 -3.337808436678326871e+03
-3.614967709742214993e+03 -4.046868303092135193e+03 -4.178627684293873244e+03
-2.752443706366485458e+03 -3.388093869969265143e+03 -3.576955156326930592e+03
-1.444764636166050423e+03 -3.931031304688407999e+03 -5.538141667319382577e+03
-2.888887754624776335e+03 -4.006467933289710345e+03 -4.269179575949712671e+03
-2.773972483636763172e+03 -3.159398030285405639e+03 -3.333774531448238577e+03
-3.014237510150113394e+03 -3.221822371807439595e+03 -3.204136004198694081e+03
-3.343718571836052433e+03 -3.885657788108385830e+03 -3.871866760161873117e+03
-1.724551614606379871e+03 -3.110694392696487284e+03 -4.818331266319672068e+03
-3.362931405370893117e+03 -4.077447737566876185e+03 -3.907923223621440229e+03
-3.036269311242111144e+03 -3.326740268845849641e+03 -3.131263751407498603e+03
-3.448303664499254864e+03 -4.027829318643512124e+03 -3.895817447005460963e+03
-6.496892588990921467e+03 -5.280888019966713728e+03 -1.085104266095998355e+03
-3.550914940719467268e+03 -4.126931843619644496e+03 -3.601314371928378023e+03
-3.587285340825246749e+03 -3.340681641907900485e+03 -2.214294982768150021e+03
-3.698140648948862690e+03 -3.977792289740398701e+03 -4.121409074116386364e+03
-3.158687724269964292e+03 -3.537750610374351709e+03 -3.268992778926133724e+03
-1.019922838490325194e+04 -8.300116393480586339e+03 -2.958177440851180108e+03
-2.904263934021933892e+03 -3.211828164190248572e+03 -3.454489724898086934e+03
-2.771681934462902063e+03 -3.241790828144911757e+03 -3.262375591906039972e+03
-9.120744790303557238e+03 -7.264011851819221192e+03 -1.951090770896550112e+03
-2.988488774215236845e+03 -3.376088937325888764e+03 -3.088137109234748095e+03
-3.137045478534562790e+03 -3.682266571781703533e+03 -3.442543719958221118e+03
-2.994817934735612653e+03 -3.549382546931237357e+03 -3.420001035169741044e+03
-1.864781746950321576e+03 -3.252455664279583743e+03 -4.121954208557527636e+03
-3.429618929926924466e+03 -2.676344631004084476e+03 -3.381910758605797582e+03
-3.068281333197920503e+03 -3.558877576596534709e+03 -3.152076266400920758e+03
-2.916524569971076744e+03 -3.139641807480702482e+03 -3.194849522583241196e+03
-3.125476285722367265e+03 -3.167999599864391712e+03 -3.253771279878284986e+03
-4.866529838146968359e+03 -3.560283065641015128e+03 -2.645740200766426824e+03
-3.722934525841554205e+03 -2.774306884522431574e+03 -3.371842572049100454e+03
-1.219659159911141614e+03 -1.351347027431044353e+03 -2.536467996188248435e+03
-3.021950014195514996e+03 -3.305247902950311072e+03 -3.200918944895815002e+03
-3.666144681205125380e+03 -3.733098285464303899e+03 -3.224612373154522629e+03
-2.993287656042042272e+03 -3.188462626361319963e+03 -3.455997215204594795e+03
-1.553558094721297266e+03 -1.043334245197436576e+04 -5.145363807000231645e+03
-3.068094011429544480e+03 -3.360471426474963209e+03 -3.335163633595252122e+03
-2.842399104068485030e+03 -3.481563790517794587e+03 -3.159421835768977871e+03
-2.079269347329023276e+03 -3.040968288902146469e+03 -3.779648683944187724e+03
-6.190365919392793330e+02 -3.530344512397172366e+03 -4.132485121455205444e+03
-3.011001455670447285e+03 -3.645818768790683862e+03 -3.590866479418962172e+03
-2.442865808511799059e+03 -3.687405131509432067e+03 -4.062664956098664788e+03
-3.051726734205312823e+03 -3.000269040414196752e+03 -3.317908135435954591e+03
-4.785046373917451092e+03 -3.064234445072281233e+03 -1.929786947119976730e+03
-2.507762885949370229e+03 -3.968455226056704305e+03 -4.202618588358128363e+03
-4.039833502215737099e+03 -3.496274422653797501e+03 -2.283978032736418754e+03
-1.447767163094103125e+03 -1.883405118602685434e+03 -3.111193161390829118e+03
-1.810233657292580801e+03 -3.123590800970960572e+03 -3.938836664320909676e+03
-4.108800216278989865e+03 -3.167447652416130040e+03 -1.814652657945548071e+03
-2.962421250441709617e+03 -3.213139715019197411e+03 -3.562824883764744300e+03
-4.438965910666303898e+03 -6.786068949423270169e+03 -3.040869836351666436e+03
-1.986077675032416607e+02 -3.206245285711804627e+03 -4.156119163645727895e+03
-3.261917917207500068e+03 -3.245842117765770126e+03 -3.438672046826895894e+03
-3.064483333204123937e+03 -3.215470031875830500e+03 -3.383258323297922288e+03
-3.038279973655502545e+03 -3.391768730202808001e+03 -3.244548222941079985e+03
-4.418059019050883762e+03 -7.288994306941711329e+03 -3.380175080357438219e+03
-4.276576595726650339e+03 -3.026960738411842158e+03 -2.267930361789600738e+03
-3.258248433642703731e+03 -3.315429455058139865e+03 -3.419116565227958290e+03
-1.368737947357994699e+03 -3.035595240293907409e+03 -4.119166036960185011e+03
-1.261184698646408833e+03 -3.554136662663300285e+03 -4.284795913492022009e+03
-3.327171419169001638e+03 -3.102140435984005308e+03 -3.551731737218778562e+03
-2.263845262076872586e+03 -3.290956497540212695e+03 -4.279737275844739997e+03
-1.743224718740418211e+03 -2.810051565965283771e+03 -4.037251638429314880e+03
-2.062278988761080996e+02 -3.289097231438166091e+03 -3.761692538631489697e+03
-1.185424506320408113e+02 -3.275389373698606505e+03 -3.819258307067690112e+03
-2.828523504968269663e+03 -3.650843014852619945e+03 -3.711692684224943150e+03
-3.197752985508359416e+03 -3.289222210263679699e+03 -3.250849308689740610e+03
-4.420540542480182921e+03 -3.683409214362843613e+03 -3.061659851238906867e+03
-2.838045082994884979e+03 -3.293443680398621837e+03 -3.245247072068727903e+03
-2.971928079324466125e+03 -3.251570896726459978e+03 -3.251505855815922587e+03
-2.727107273218425235e+03 -3.203274890903121559e+03 -3.739840757017997021e+03
-8.712910695354166819e+02 -2.795797669267170022e+03 -3.642092000015819394e+03
-3.348097393526405540e+03 -3.334219579600920952e+03 -3.541758939833381646e+03
-3.066351648350295363e+03 -3.207457565795515620e+03 -3.190859873172669268e+03
-3.825840773655015710e+02 -1.775990565085695835e+03 -2.424475795805615689e+03
-3.343508822584103655e+03 -3.242384367908634886e+03 -3.557666647924370409e+03
-2.534408910632667812e+03 -4.059718287267304277e+03 -4.096825199826233074e+03
-3.035487679020109681e+03 -3.279088716715732517e+03 -3.244670262509952408e+03
-1.235225569353633546e+03 -2.602307658618656660e+03 -3.686953917663100583e+03
-2.889636497118496663e+03 -3.232548401777783511e+03 -3.215071524622467223e+03
-2.396345966578998741e+03 -3.213555768947186152e+03 -4.107021986991161612e+03
-3.028389231721425404e+03 -3.715321341344480516e+03 -3.559789597656460046e+03
-1.140531537151954581e+03 -3.118453103714427016e+03 -3.870400490491376331e+03
-6.181909108309466774e+02 -3.206460057809773389e+03 -4.482373517379564873e+03
-2.995133185513007902e+03 -3.387248364542680520e+03 -3.072218171375822294e+03
-3.080550407899979291e+03 -3.089267224125957455e+03 -3.336069781505731498e+03
-1.973486527135689130e+03 -4.230482939890021044e+03 -4.875574155502673420e+03
-2.356572424326407599e+03 -3.809779921160166396e+03 -4.107529549378935371e+03
-7.376484539115474490e+02 -3.209542717727146737e+03 -3.960014892888881604e+03
-3.432293499948923454e+03 -3.593849847436263644e+03 -2.715976516289344090e+03
-3.317665292146882621e+03 -3.518330731288289371e+03 -2.104078930416969342e+03
-6.100350052613721346e+02 -1.215408475333437536e+03 -2.421292484071725085e+03
-6.577778739015509473e+02 -2.108133926979315675e+03 -3.412619505031445897e+03
-2.996721971789173949e+03 -3.261223248566971051e+03 -3.150569091212595595e+03
-3.117586879978458910e+03 -3.241643142729347801e+03 -3.353029749927687590e+03
-2.983652435726819022e+03 -3.513112632051947003e+03 -3.732013765502576462e+03
-2.972092207358858104e+03 -3.439701881116653567e+03 -3.836063890600361901e+03
-2.488233385418082435e+03 -3.772173224847927031e+03 -4.073614655054875584e+03
-2.898934528020230573e+03 -3.350148848623700360e+03 -3.680888128890042026e+03
-3.027731160598877977e+03 -3.137702522242364466e+03 -3.332507301232370082e+03
-3.016737613485674956e+03 -3.175180382242676387e+03 -3.176429267127044568e+03
-2.321137504795719906e+03 -3.846674918093376618e+03 -4.088680558528527399e+03
-2.979599136117970374e+03 -3.170931911194839813e+03 -3.322391038502095853e+03
-9.792969985823783645e+02 -1.553015627249480985e+03 -2.648832891077373461e+03
-2.497680902719406731e+03 -3.755148739105589812e+03 -3.451637890805136522e+03
-2.708299014174025615e+03 -4.072864555482917240e+03 -4.054817816858174865e+03
-3.197175408854623129e+03 -3.172702000283494272e+03 -3.309511551101410532e+03
-1.848592756663284490e+03 -3.894597749497268524e+03 -4.725271737462980127e+03
-1.378575935260520509e+03 -1.475195491907083124e+03 -2.717111471489674841e+03
-2.994833321320858886e+03 -3.832164748397929543e+03 -3.377968559697364981e+03
-3.738565443623167994e+03 -3.239829675764825424e+03 -2.306579912451899872e+03
-2.873623039578979842e+03 -3.315339047516973551e+03 -3.883369327201676242e+03
-4.092484131630953925e+03 -5.653893124800067199e+03 -2.485053532374469341e+03
-3.832392805284871883e+03 -2.886746910952477720e+03 -2.402346695518831893e+03
-4.148293452547640072e+02 -3.242189722837474164e+03 -3.807726618758054428e+03
-4.116979945759370821e+03 -2.952217851613438597e+03 -1.857997251973908760e+03
-2.970838315042121849e+03 -3.181193551270396711e+03 -3.260100859628203125e+03
-2.505350051915564109e+03 -1.043271275214408161e+04 -5.360346747961879373e+03
-2.988059313375319562e+03 -2.990682111282247206e+03 -3.289065530583829513e+03
-2.949210583854710421e+03 -4.026990552313939133e+03 -4.168690068425981735e+03
-3.527681030037627352e+03 -8.871919083480524932e+03 -4.479414511268176284e+03
-3.064318534788641045e+03 -3.342267467916202804e+03 -3.363634074837309072e+03
-4.213872314202272719e+03 -3.120462066807001520e+03 -2.208128101225974206e+03
-2.842099473519109779e+03 -3.289853201233835534e+03 -3.400362665750593806e+03
-2.344407213875657362e+03 -1.795930766915868844e+03 -1.234207957713204451e+03
-1.485474682799994071e+03 -1.361206481660732152e+03 -7.024601693890674596e+02
-3.035987638204955147e+03 -3.315703838068130608e+03 -3.216747411573060617e+03
-3.401495261457637753e+03 -3.392577058619795935e+03 -3.681900130606315088e+03
-3.285652035699001772e+03 -3.133690167233718967e+03 -3.645949239103254513e+03
-3.978562149162154583e+03 -4.964054743098328800e+03 -4.112242514120692249e+03
-4.340290577271250186e+03 -4.733216092243585081e+03 -4.099618511647035120e+03
-5.852107400844180120e+03 -8.377298507843783000e+02 -3.512054211456713801e+02
-3.076391022774057546e+03 -3.479765296656250030e+03 -3.297005225516315022e+03
-2.896918119900605689e+03 -2.624974224807086102e+03 -1.721380325190593339e+03
-3.362333850790672841e+03 -3.513806222182799502e+03 -3.526416344993103849e+03
3.701571250341611631e+03 -5.924957910966231793e+03 -6.235609754192404353e+02
-3.148083436523105775e+03 -3.435146560664890785e+03 -3.264472069033099615e+03
-3.125901037649522095e+03 -3.355598140614274143e+03 -3.263100056557034804e+03
-4.345720597000247835e+03 -2.472228780829583457e+02 3.523217242476991942e+02
-3.387052162901230531e+03 -3.901056652137849596e+03 -3.512717761623939623e+03
-2.560298505888372347e+03 -3.375331166057191695e+03 -3.698352010259754479e+03
-3.225487893519663430e+03 -3.367941254706227483e+03 -3.752166374842773166e+03
-3.188696729422388671e+03 -3.222046171406703252e+03 -3.287083301174291591e+03
-2.243688291070515334e+03 -3.112598148840188514e+03 -3.074049519316722126e+03
-2.389916529850885581e+03 -3.110724422212047102e+03 -3.194370611352381275e+03
-1.970241961105716882e+03 -1.849331632480793587e+03 -1.296671003632805878e+03
-4.931344763230949866e+03 -1.321488449660718288e+03 -1.309780488801065530e+03
-2.770473556351642401e+03 -2.038040758292767350e+03 -1.185115600550003364e+03
-3.134952510414997960e+03 -3.341780495948369662e+03 -3.829981711397514118e+03
-3.325043745803966431e+03 -3.160043748620497809e+03 -3.665748653403066783e+03
-2.844185015101609679e+03 -4.553395463174688302e+03 -2.616201970902937319e+03
-2.582780591119223573e+03 -1.656956711488789551e+03 -8.095070200927035557e+02
-2.778988987744521182e+03 -3.219965508486682211e+03 -3.000018635685131812e+03
-2.489185559545789602e+03 -3.310013646520356815e+03 -3.554206825156218201e+03
-3.347297738285834839e+03 -3.350583267363985215e+03 -3.620407125191282830e+03
-2.910097314185352843e+03 -4.479522114655437690e+03 -2.651951848984504068e+03
-2.134187565845751124e+03 -2.976064199578310763e+03 -3.281158892506571647e+03
-3.178623577270442183e+03 -3.323843957191609661e+03 -3.454935389597122594e+03
-2.990152853687853167e+03 -1.190945719794199249e+03 -4.641970714496131336e+02
-2.545350296761807385e+03 -1.671463385825482874e+03 -1.138891836896063069e+03
-2.762544302631650680e+03 -3.454629387457950543e+03 -3.840938504605251183e+03
-1.715617452926902160e+03 -1.650231699670026956e+03 -1.080602374935842590e+03
-2.984675938131562361e+03 -1.294580442541184311e+03 -5.394443439587134890e+02
-2.620064960264031470e+03 -9.842326487841040716e+02 -9.522312723728077799e+00
-2.533458849768762320e+03 -1.818983247204562304e+03 -1.046178905312868892e+03
-4.520932711318828296e+03 -4.351690247619585534e+03 -3.622457693972372908e+03
-3.300536618216209718e+03 -3.160873274060754738e+03 -3.475216149402598148e+03
-2.158749756750074994e+03 -9.549770006307048789e+02 -4.749563219716911249e+02
-3.148093879528694288e+03 -3.190544194450478699e+03 -3.343395301511666275e+03
-2.847545818558344763e+03 -3.134391066600291197e+03 -3.227991659470318609e+03
-3.416845832162584884e+03 -2.108849602563582266e+03 -1.314672914158634740e+03
-2.947242711423141827e+03 -1.286536020245207965e+03 -4.461169961485127260e+02
-4.862511767627647714e+03 -3.565940776984869444e+03 -2.200290466861130881e+03
-3.029817341929085615e+03 -3.094988593507244332e+03 -3.332343427909321690e+03
-4.554272419873318540e+03 3.761971915147967138e+01 6.925970329722038059e+02
-2.470985719666116893e+03 -3.388338907957054744e+03 -3.983655390991184959e+03
-3.293166512149869504e+03 -3.158703743099849817e+03 -3.573687388777314482e+03
-3.375524633515113237e+03 -3.451343475931430476e+03 -3.610801627540359732e+03
-3.359533212669372915e+03 -1.857103909464711933e+02 1.542100819149499671e+02
-3.404776188426200406e+03 -3.172513089105915697e+03 -3.588816830362650762e+03
-3.978110750740900130e+03 -4.530194517964877377e+03 -4.031585445432178858e+03
-2.579377409232502487e+03 -3.448372422246015503e+03 -3.899441248679024284e+03
-2.373200746900824470e+03 -1.291561808234982209e+03 -4.869414581780765729e+02
-2.373849225277117512e+03 -8.235088348407879266e+02 -3.174504155946497690e+02
-2.977389452320122018e+03 -3.361854418048284060e+03 -3.826834781296888195e+03
-2.359154394025524653e+03 -3.353066780829783056e+03 -3.109827383219622789e+03
-4.989701377641148611e+03 -4.058307033728968236e+03 -3.196561784350260496e+03
-3.282220982576671304e+03 -3.650094495851125885e+03 -3.223549827814646960e+03
-2.979360149580705183e+03 -1.978263316298208110e+03 -9.350937796188435414e+02
-2.622583956125179611e+03 -3.294206304870663189e+03 -3.010440832671116823e+03
-3.048510725368148996e+03 -4.347399760686076661e+03 -2.663839461757992467e+03
-5.008830941778304805e+03 -1.232207850384982521e+03 -1.369162075092957366e+03
-5.706603505200565451e+03 -4.959353887731595023e+01 3.448668056521623271e+02
-2.636373056501726751e+03 -3.980956595552495855e+03 -3.839587585494651648e+03
-2.738965382948693787e+03 -3.412240510641048331e+03 -3.855719064840810461e+03
-3.305903860223234915e+03 -3.487418368859965994e+03 -3.518425740182961817e+03
-3.667261114629430267e+03 -3.753420966559214776e+03 -3.535688172975096677e+03
-2.369975410648294655e+03 -2.912901011988893515e+03 -3.041348577991996990e+03
-3.366563329483179587e+03 -3.377227543577203051e+03 -3.709918062155143161e+03
-3.342337141587119731e+03 -3.221126870456018878e+03 -3.446305268539977078e+03
-2.965503546746693246e+03 -3.337236247659169749e+03 -3.784278462475586821e+03
-4.533296303441538839e+03 -3.683323298144965520e+03 -2.754566908842387420e+03
-3.129730222016059088e+03 -3.030199759323724720e+03 -3.350859428510294947e+03
-5.570879714341244835e+03 -8.370869474540749025e+02 -6.586675355630095510e+02
-2.531208023690464870e+03 -2.810438411371878829e+03 -2.852123255108086596e+03
-2.235240310882980793e+03 -3.844607556417855903e+03 -3.731709694169278009e+03
-3.120979692625256575e+03 -3.471160898736659874e+03 -3.743060837618691949e+03
-1.282443480946574709e+03 -2.851670139836947328e+03 -2.918118336859293777e+03
-5.355957990969923230e+03 -1.226074128453585445e+03 -1.284513997235512306e+03
-2.892531264248158550e+03 -3.255424446482514213e+03 -3.409488382413200270e+03
-1.046864790359120207e+03 -1.867637760494058966e+03 -1.474776610829954279e+03
-2.055961090615215653e+03 -3.069516487171704284e+03 -3.294727021345419416e+03
-1.483879099570596054e+03 -5.681142627197436013e+03 -2.541554537189442271e+03
-3.127115233253138285e+03 -3.543441282196333759e+03 -3.425413880148740645e+03
-1.960490330116992936e+03 -1.228077642125974080e+03 -4.894856696979369985e+02
-3.178195233246588032e+03 -3.634244007592221351e+03 -3.451593978441643230e+03
-3.211954272307521933e+03 -3.459155680321698583e+03 -3.366058119484334384e+03
1.987795573726312568e+03 -5.559295343818390393e+03 -1.062692420952302882e+03
-2.749167201237701647e+03 -3.664624369023582403e+03 -3.771779756606756564e+03
-3.396377350353843212e+03 -3.335529928121090052e+03 -3.487379700551221504e+03
8.758844403811115171e+02 -6.325113035428006697e+03 -2.026886326049438139e+03
-3.487632154887178331e+03 -4.040751477126476402e+03 -3.367442119679800726e+03
-3.280662041894987851e+03 -3.774040127673054485e+03 -3.242095719378940885e+03
-3.255879828037306652e+03 -3.204092221864548264e+03 -3.553427622233548391e+03
-4.223001248078185199e+03 -3.349587604334315074e+03 -2.042493421538225448e+03
-3.901700167095562392e+03 -1.819840043713524437e+03 -5.937467198822509999e+02
-3.386841795536248355e+03 -3.486527919807680519e+03 -3.810890751263980746e+03
-3.353535655042133840e+03 -3.327719152220289743e+03 -3.582543309937492268e+03
-3.380285909161035761e+03 -3.475001623963469228e+03 -3.855558901934662117e+03
-3.348051672061827958e+03 -2.812367074406328356e+03 -2.645011826961087991e+03
-3.588043962333706531e+03 -2.752841493159497077e+03 -2.967224880043238045e+03
-6.381591487748695727e+03 -3.607135124165976777e+03 -3.874924576943508782e+03
-3.415010357647818637e+03 -3.342130410703063717e+03 -3.553666124016627236e+03
-4.545831547373152716e+03 -3.056837441202284936e+03 -1.761274856505265916e+03
-3.330152952450510384e+03 -3.538929468702017402e+03 -3.798802666592301648e+03
-1.215848407968245965e+03 -9.221503944229921217e+02 4.661938750972018170e+03
-3.251732996494586587e+03 -3.374915542125701904e+03 -3.363734219210763513e+03
-3.248436101837316983e+03 -3.542442908560823525e+03 -3.692226337737184622e+03
-7.813841242433280968e+03 -2.398899558905595313e+03 -1.420688534843867046e+03
-4.989279964861939334e+03 -2.634880105737137910e+03 -1.377771025745326824e+03
-3.207921750040234656e+03 -3.569873933498718543e+03 -3.591901102558727871e+03
-2.846706455518050007e+03 -3.145274390797220349e+03 -3.002037185672163105e+03
-3.392454082188115080e+03 -3.545974565323444040e+03 -3.721256997498378496e+03
-3.035581313913732629e+03 -2.684418023825076489e+03 -2.743102103397775409e+03
-2.853196686945837428e+03 -2.084281049969156811e+03 -9.372354566028204772e+02
-6.235840740881342754e+03 -2.187677672549738418e+03 -5.748015320033578064e+02
-6.764776721272849500e+03 -3.434051574709387751e+03 -3.966028038039241892e+03
-7.470222355599636103e+03 -1.594806281828757619e+03 -6.384892039796168319e+02
-3.152738495335107928e+03 -2.605177041894065951e+03 -2.781091638101111130e+03
-3.193179629648361697e+03 -3.670540857317045266e+03 -3.605766926596669236e+03
-1.879112654629756435e+03 -3.859358611478781768e+03 -3.456595401088454764e+02
-5.329877405272214673e+03 -2.524520303730174419e+03 -1.100511000838222117e+03
-2.561970122300561343e+03 -2.709158263603279920e+03 -2.745488860137249958e+03
-3.164240683579029792e+03 -3.719372593747908923e+03 -3.634510470050292952e+03
-3.204458085100813150e+03 -3.547704943094559894e+03 -3.844864953079728821e+03
-1.988658393420681932e+03 -3.848974400639027863e+03 -1.858086927255925502e+02
-3.790626750124515183e+03 -3.111255149589304892e+03 -2.614453451271561335e+03
-3.235314509490591718e+03 -3.498685872780111367e+03 -3.505258071666543401e+03
-6.760395002151301014e+03 -2.169040953938616894e+03 -1.142470369702373091e+03
-3.379007983725889972e+03 -3.804649663460074862e+03 -2.783926547003216911e+03
-3.137820934116250100e+03 -3.801923346634424888e+03 -3.473708707341686932e+03
-4.248371052013620101e+03 -3.126170219825367894e+03 -1.925110172206206926e+03
-6.253404339665239604e+03 -2.388512946515395470e+03 -1.340669191898959980e+03
-3.810013665478546045e+03 -3.506754166985709162e+03 -2.319242209071339857e+03
-4.479225182446001781e+03 -3.081842700034640529e+03 -1.955626459788887132e+03
-2.954363228349453493e+03 -3.042598452270789039e+03 -2.908242765171242809e+03
-2.783063017389147717e+03 -3.180258902050783945e+03 -3.123259969049681786e+03
-4.417897348902155500e+03 -3.158856253337792168e+03 -1.735331775769429669e+03
-3.361026251494891767e+03 -3.417064637696574209e+03 -3.552617846473960526e+03
-2.925498771615700207e+03 -3.446129773707044478e+03 -3.600241614286998356e+03
-7.037460488245251327e+03 -1.868396485997950549e+03 -8.254957947439761483e+02
-8.576966708088695668e+03 -2.461715280915565017e+03 -1.778988249539623439e+03
-3.102213325393487139e+03 -3.645106190146761037e+03 -3.415587428659488978e+03
-3.347122826311683184e+03 -3.615250282629207504e+03 -3.748425665667645262e+03
-6.976406679331616033e+03 -2.671051671365547918e+03 -1.685603930970361944e+03
-3.199215250714012654e+03 -3.731935487981738788e+03 -3.627291260036807216e+03
-2.859093961862904507e+03 -3.011223958872913499e+03 -2.815335429788790861e+03
-3.373463136302255407e+03 -3.527594049835137866e+03 -3.653453203839081652e+03
-5.206325678101757148e+03 -2.936881395276885996e+03 -1.894268904271624251e+03
-2.909017671316452379e+03 -3.528259671328234617e+03 -3.630660200807480578e+03
-3.357345512734076237e+03 -2.715561308761018608e+03 -2.956873688162636427e+03
-3.218994505671272691e+03 -3.620317550123704677e+03 -3.694594254567727148e+03
-5.535703317642670299e+03 -2.173015594985613006e+03 -7.407597514450071685e+02
-3.796291500595622892e+03 -3.476370981204003328e+03 -2.449977757220352942e+03
-3.194787524080048115e+03 -3.708895081174817733e+03 -3.748185154919302022e+03
-2.969772200811222774e+03 -3.287631742099890744e+03 -2.853226489670036244e+03
-2.557756123754876626e+03 -2.691340697929269481e+03 -2.799028575112914496e+03
-3.080950199534270723e+03 -3.639680263820660457e+03 -3.449266856647552231e+03
-4.530353928545870076e+03 -3.187111908442090225e+03 -1.868139168499661992e+03
-3.118715483410152046e+03 -3.367505486774875408e+03 -3.076888775641057691e+03
-3.241958729863087228e+03 -4.121758328984736181e+03 -1.809480753070691890e+03
-7.110701296833329252e+03 -3.154346640226111049e+03 -3.470087266639792688e+03
-9.103323542984353480e+03 -2.825437297193429004e+03 -2.281658339925520067e+03
-2.923237984726941704e+03 -3.383228416532480423e+03 -3.478275231631321731e+03
-3.158146220870156867e+03 -3.744720439576938134e+03 -3.551669019877096162e+03
-2.831413089771101568e+03 -3.448992883259533301e+03 -3.888958557111029222e+03
-3.222667322833028265e+03 -2.942467734314024256e+03 -2.591969476590644263e+03
-3.149983157132855922e+03 -3.073804176345637643e+03 -2.781611666408162819e+03
-3.076509792222632768e+03 -3.694053071004801495e+03 -3.249205594779235980e+03
-3.478265867959846673e+03 -3.465731335395347742e+03 -3.568984606898609400e+03
-3.025592371014135097e+03 -3.408022850544254652e+03 -3.442405535761567080e+03
-3.094574024729624398e+03 -3.755323126688154844e+03 -3.284614276138728655e+03
-3.187764478756150311e+03 -3.575507276837970039e+03 -3.691549620923545262e+03
-6.753582613471003242e+03 -3.365468303197030309e+03 -3.560781726598807836e+03
-5.041214847060434295e+03 -2.112978508720007540e+03 -8.406155211882296499e+02
-2.868982786834395483e+03 -2.830401470774232621e+03 -2.630624388169292160e+03
-2.862969122703287667e+03 -2.872664829762459703e+03 -2.605424357175955720e+03
-3.164412738044575690e+03 -3.658668870717761365e+03 -3.420783703463501297e+03
-5.809425739940894346e+03 -3.286922117014637479e+03 -3.902044407575171135e+03
-3.479796373959694847e+03 -3.010201135020317452e+03 -2.615728240553946762e+03
-3.059728946333390923e+03 -3.679914144632898115e+03 -3.461871781324173753e+03
-3.257298539716295181e+03 -3.380710501498647318e+03 -2.828241462253825375e+03
-1.544062067789397588e+03 -3.661915205772992067e+03 8.220856864811639753e+01
-4.090660364214517358e+03 -3.088808918759595599e+03 -1.959844334650547353e+03
-3.332960992688159422e+03 -2.695520122899369198e+03 -2.987178554329732378e+03
-3.152530131867984892e+03 -3.636606173499359102e+03 -3.271222965674617171e+03
-3.016187828254926899e+03 -3.330863536214744272e+03 -3.287257749226962915e+03
-1.009096554477266068e+03 -1.862250864137388589e+03 3.255855648072918029e+03
-3.389072335309570917e+03 -3.298325436128189722e+03 -3.405142089026276153e+03
-3.162571260187832650e+03 -3.362907693683074740e+03 -3.151896085205613417e+03
-7.043977844974059508e+02 -1.715569075492999673e+03 3.488990291703342791e+03
-3.141088396235778418e+03 -2.813900649343222085e+03 -2.632058068693204859e+03
-3.381385661161779353e+03 -3.035385304220209036e+03 -2.671145571645333348e+03
-3.079456156839040887e+03 -3.764281894863822799e+03 -3.950918778883329651e+03
