-2.976092471452845984e+03 -4.460704014379740329e+03 -2.615755603307211913e+03
-2.891288009536326626e+03 -4.378906538348925096e+03 -2.500955983132516849e+03
-2.554164560847898429e+03 -4.362190678812100487e+03 -2.534420008857821813e+03
-4.111459862621543834e+03 -4.841427434192151850e+03 -1.185271374127350327e+03
-5.106250807315245765e+03 -5.203006619804598813e+03 -1.682854858334518667e+03
-3.823553082786331288e+03 -4.309976395275132745e+03 -2.393823768579602074e+03
-2.993881003548778608e+03 -4.315966875672367678e+03 -2.288725175876683807e+03
-1.489723092845435986e+03 -4.861232293182550166e+03 -1.586331502732863328e+03
-3.189350267109666220e+03 -4.397053539264513347e+03 -2.483907618472515878e+03
-3.221786934405852662e+03 -4.566800299029257985e+03 -2.671680300132686625e+03
-3.760306987200652657e+03 -4.415229455798434174e+03 -1.683158301653374110e+03
-3.048910614524831090e+03 -4.474122022616271352e+03 -2.352500239672294811e+03
-3.689067859809779293e+03 -4.553078552199209298e+03 -2.640838817484925130e+03
-3.092001005713330414e+03 -4.377077215028007231e+03 -1.972818843969730096e+03
-3.246613726462570867e+03 -4.403503495574910630e+03 -2.634072270658906291e+03
-8.532432670883041283e+03 2.403174146074958571e+03 -4.821912703398211306e+03
-5.064584337536569365e+03 -5.603450173709264163e+03 -1.027635718218954253e+03
-4.476587568961754187e+03 -5.129052257182418543e+03 -1.307739210736024233e+03
-4.542919584347657292e+03 -5.621182243198214564e+03 -1.152428770302743942e+03
-3.621978617464707895e+03 -4.418625933403886847e+03 -2.453464130075805315e+03
-3.084755748434524776e+03 -4.330379333331582529e+03 -2.221898401386084970e+03
-4.392724544106489702e+03 -4.445530547038743862e+03 -1.661706543089816023e+03
-3.462874222096515950e+03 -4.429118266441446394e+03 -2.495107274331560347e+03
-5.982147328882966576e+03 -6.029039276752118894e+03 -1.424270937310457384e+03
-7.521596455223572775e+03 -2.512010437073775392e+03 -2.675840686066781927e+03
-3.112701972968574864e+03 -4.549120093943202846e+03 -2.569883035149074658e+03
-2.231148032555282498e+03 -5.752882369747323537e+03 -1.907217039404748448e+03
-6.845576074504691860e+03 -5.234165197032372816e+03 -1.971864939687807919e+03
-4.567781504219022281e+03 -4.648244545413489504e+03 -1.795392843719752364e+03
-4.735399396526161581e+03 -5.256082742184887138e+03 -7.638696990979403836e+02
-4.343929596267005763e+03 -5.394307360971139133e+03 -7.282438749951932095e+02
-3.407819605801983016e+03 -4.455609977573569267e+03 -2.531603608722301033e+03
-4.407692720127269240e+03 -5.013019377197698304e+03 -1.544816586077338798e+03
-2.939880127568414991e+03 -3.087217903491065499e+03 -2.082361249082406630e+03
-2.429858862148188564e+03 -3.933639043566774035e+03 -2.821870374378750057e+03
-3.617905440723137872e+03 -4.474578306972991413e+03 -1.598111756850585152e+03
-3.012787939733103030e+03 -4.404263345736989322e+03 -2.324640258461051417e+03
-3.844019797352862042e+03 -4.484134909858568790e+03 -2.650430732174896548e+03
-1.626642838726391892e+04 -2.825661458148124893e+03 -5.077736576575005529e+03
-3.043663067314834279e+03 -4.504163294449639579e+03 -2.495900819632094226e+03
-4.415653120355057581e+03 -6.447209295929068503e+03 -9.698472323944719165e+02
-3.329663556999435968e+03 -4.404326918602108890e+03 -2.521385500212887564e+03
-3.670586339419761316e+03 -4.555709009399161005e+03 -2.645288645524526601e+03
-3.963017129177172592e+03 -3.279534074558636803e+03 -1.818125617450169557e+03
-3.104638070941587102e+03 -4.464380573598604315e+03 -2.536612296389854691e+03
-4.784811327983010415e+03 -6.163505430033492303e+03 -6.361599924779950470e+02
-3.083594457442132807e+03 -4.545484620682090281e+03 -2.555620576544632968e+03
-3.652523368930046217e+03 -4.121863375952500064e+03 -2.504820248895150598e+03
-1.246426740920325983e+03 -5.171037433480872096e+03 -2.348123512537730221e+03
-4.488216071250029017e+03 -5.138522609466937865e+03 -9.515505486197930622e+02
-3.606346997683935115e+03 -4.472474715884780380e+03 -2.534836740939897481e+03
-3.849709065174633452e+03 -4.339095150500134878e+03 -2.440397339912694861e+03
-3.377553427185671353e+03 -4.251346789701596208e+03 -2.024479554986476387e+03
-3.628836727865228568e+03 -5.764306121069088476e+03 -1.770380022082059895e+03
-2.932503816262128112e+03 -4.454428943882264321e+03 -2.483078689490825582e+03
-3.226026129053173008e+03 -4.377115773543256182e+03 -1.956642696495532846e+03
-4.733228583749809331e+03 -5.750557930374117859e+03 -7.221816151371178876e+02
-3.633200975148268299e+03 -4.515711227209925710e+03 -2.589006701180458094e+03
-3.690756895697260916e+03 -4.365784558120368274e+03 -2.429894909036469926e+03
-4.690412294408210073e+03 -3.802368615478127140e+03 -2.544100987234146487e+03
-3.406187316449584159e+03 -4.576176345279223824e+03 -2.616137030220250836e+03
-3.757277398807093959e+03 -4.250095210340736230e+03 -2.481348254308418291e+03
-4.336587002873322490e+03 -4.000434680408387521e+03 -2.534556305620676994e+03
-5.342429621296696496e+03 -5.606649197252384511e+03 -1.311859594931531774e+03
-4.285018088900609655e+03 -3.870698795103750854e+03 -2.022301908795503095e+03
-8.365626411026089045e+03 -5.560431771814544845e+03 -2.034316276789740641e+03
-3.908446303467835151e+03 -4.229086384320767138e+03 -2.432188099721623075e+03
-4.687819924828946569e+03 -6.927665066297921840e+03 -8.438144811788398556e+02
-4.064003992813395598e+03 -4.084034528036370830e+03 -1.852423931867307147e+03
-3.555625941114302805e+03 -4.470494099091213684e+03 -2.496305234346601537e+03
-4.488759338556786133e+03 -5.710435639094054750e+03 -1.002967409191673823e+03
-3.373261528288107456e+03 -4.496447699105206993e+03 -1.662636900367870339e+03
-3.802003952357026719e+03 -4.375053269571585588e+03 -2.448641279998507798e+03
-3.735486567759809532e+03 -4.089509525468019092e+03 -2.494844289802168987e+03
-4.042404812237683018e+03 -4.983946266208469751e+03 -9.823236822370981827e+02
-3.459019946361898292e+03 -4.089825577521196010e+03 -2.571855909441769654e+03
-2.566376998642696890e+03 -4.716824402522050150e+03 -2.421554129742184159e+03
-6.313858894447047533e+03 1.372638248456511064e+03 -4.455265148491040236e+03
-4.582920262292819643e+03 -4.286267101148780966e+03 -2.273546693857306309e+03
-3.344181038903998797e+03 -5.273566452829563787e+03 -2.451799704726056916e+03
-2.949448785867994957e+03 -3.945092977165528737e+03 -1.435609387381040278e+03
-3.910030644920246232e+03 -4.055671955443885054e+03 -2.293837284431792796e+03
-4.188997733186070036e+03 -6.036336394093462332e+03 -9.800712021765147028e+02
-3.444206655570036673e+03 -4.358806423190570968e+03 -2.455042696557158706e+03
-5.278762244779441062e+03 -5.201302552496776116e+03 -1.658295725673604920e+03
-5.706833031771155220e+03 -5.661805195276585437e+03 -1.453398782098737456e+03
-4.614454047378430005e+03 -3.639751744583581512e+03 -2.257249389408296338e+03
-3.635017701637301798e+03 -4.495661963286936952e+03 -2.555217663477593305e+03
-2.517197998019582883e+03 -3.732326342546904925e+03 -2.797669962303705233e+03
-4.202116512549175241e+03 -2.601444583625803261e+03 -2.806994098187728923e+03
-4.453569687800250904e+03 -5.147783336774693453e+03 -1.050440534938051314e+03
-4.086066610659599974e+03 -4.801678459769173969e+03 -1.187572103692614519e+03
-4.068144126822956878e+03 -4.903616276411963554e+03 -8.885634088513621691e+02
-4.777303456530085896e+03 -5.134736529586773031e+03 -9.139975920592461307e+02
-3.612792895490617866e+03 -4.381299164764572197e+03 -2.411589638941291014e+03
-4.647369522234193028e+03 -5.361069022392755869e+03 -8.832014659931284086e+02
-3.224159109676167645e+03 -3.535650057768234547e+03 -2.603061832365228383e+03
-2.035439432117591423e+03 -3.855826673099315030e+03 -2.664880105131668643e+03
-5.919386709485586834e+03 -6.081860002893192359e+03 -1.244972171682692533e+03
-3.295661298463287494e+03 -4.311136070012777054e+03 -2.476034070588048507e+03
-4.265526407695486341e+03 -4.531525512331592836e+03 -1.768960531354186514e+03
-4.278485901898561679e+03 -5.052523975222185072e+03 -1.482927084866193582e+03
-3.966778064348990483e+03 -4.931656689126913989e+03 -1.217869607606638283e+03
7.545935492009816699e+02 -6.893773276222193090e+03 -2.332236951841504833e+03
-3.406183473632598634e+03 -3.779588136231087447e+03 -2.844301052597739726e+03
-3.117817183143335569e+03 -4.380388418643620753e+03 -1.885059702792503231e+03
-3.864064265432906723e+03 -4.865242881039832355e+03 -2.243333583420915602e+03
-3.711752808404519328e+03 -9.256643124621512470e+03 -1.603687176124231428e+03
-3.411604966745223010e+03 -4.607846406898210262e+03 -1.461828952204801226e+03
-3.111653929831626101e+03 -4.347530948805434491e+03 -2.367073772233676209e+03
-4.067178511971147600e+03 -5.012014674355905299e+03 -1.197982381963235639e+03
-3.155966825811318358e+03 -4.391028164488061520e+03 -1.890564164935140525e+03
-3.304567017927414327e+03 -4.493797504156214927e+03 -1.680587918626479677e+03
-4.196058680518552137e+03 -5.084392323221106381e+03 -1.449828019561872225e+03
-4.205810964435844653e+03 -5.029131611823466301e+03 -1.324428532836511749e+03
-6.376075464750359970e+03 -5.668839026403556090e+03 -3.457544281895513450e+03
-9.028419209310280849e+02 -6.276279813053799444e+03 -2.470856440096844381e+03
-3.179118729469381378e+03 -6.500944924172471474e+03 -1.824145206627510788e+03
-8.684485732101015856e+02 -6.214159937428081321e+03 -1.710343401795564660e+03
-3.324968930560894478e+03 -4.517578224568039332e+03 -2.528488335128401559e+03
-4.033476790768368119e+03 -4.845878820581675427e+03 -1.163338541140945836e+03
-3.459041289679231340e+03 -2.789670011337667347e+03 -2.132770818056249027e+03
-3.231138346578017718e+03 -4.259961459426785950e+03 -2.079602282204344192e+03
-2.753624581484829832e+03 -1.004181653415161054e+04 -1.899029791287855915e+03
-2.572118436390820079e+03 -3.363147483605655907e+03 -2.926585826833878400e+03
-3.381246398737327127e+03 -4.586143802687290190e+03 -1.485463947056569850e+03
-3.404099285486159715e+03 -3.443974329991653576e+03 -3.052643036178130842e+03
-3.167162469407503977e+03 -3.433809668053484529e+03 -2.926995192690400472e+03
-3.873374618459429257e+03 -5.875957594895739021e+03 -1.282521633852053355e+03
-4.577874529883042669e+02 -6.040291712114216352e+03 -2.047719529592802019e+03
-5.860025303485734582e+01 -6.563569413955431628e+03 -1.924287249880832633e+03
-4.185848055439857490e+03 -4.924293589039360086e+03 -1.958958247309623403e+03
-3.637782135189742803e+03 -3.127874477304516404e+03 -2.446003799306302426e+03
-1.767562503915033631e+03 -6.875002298617498127e+03 -2.199331680031568794e+03
-3.954317906151544321e+03 -5.287867157592191688e+03 -1.846079695586443904e+03
-4.609542031530834720e+03 -5.464475837970909197e+03 -1.032230864739082790e+03
-3.743677166143427712e+03 -4.763948596375593297e+03 -1.201333390528732252e+03
-2.980794284538978900e+03 -4.384384415673705007e+03 -2.247479760114164037e+03
-5.907279566520484877e+03 -1.536895204048782216e+04 -4.701978649796341415e+03
-3.371833585235146529e+03 -4.269295117095428395e+03 -2.484661420208415166e+03
-9.268852003112392595e+02 -5.887641412332581240e+03 -2.263233460721521624e+03
-3.167193048875300519e+03 -4.185909988000479643e+03 -2.239853863415631167e+03
-3.322058017403277972e+03 -4.255618757130447193e+03 -2.464477064276411966e+03
-3.221495406729383376e+03 -4.092200272365880664e+03 -2.393116871919153709e+03
-3.089283293380365649e+03 -4.131953230537204945e+03 -2.300967072681606624e+03
-7.963115678772933279e+02 -6.084360554082314593e+03 -2.180186977630253750e+03
-3.098741569160291874e+03 -3.272434968649360144e+03 -2.744633071035991634e+03
-3.168631099052424361e+03 -4.289152043416859669e+03 -1.883118274923695253e+03
-3.886766793682189473e+03 -4.757543332524521247e+03 -2.589086190432288731e+03
4.622222007049279568e+02 -6.537700358625001172e+03 -2.193785623893085813e+03
-2.915560490166346881e+03 -4.291241784510632897e+03 -2.296775390827668616e+03
-3.633821804721459102e+03 -4.199872039182948356e+03 -2.409120489318033833e+03
-3.770620783671579375e+03 -4.365708639724970453e+03 -1.429870394634711602e+03
-8.848567194494679597e+02 -5.323906070791650563e+03 -1.888272845229370432e+03
-4.290765839790724385e+03 -4.948084849613360348e+03 -1.620039482564308855e+03
-4.116193452994206382e+03 -5.041969437939485942e+03 -1.384659303707072013e+03
-8.548422704012436952e+02 -6.173274446505329252e+03 -2.035211559148364813e+03
-3.947687224951732787e+03 -4.780968918982878677e+03 -1.269558552810476613e+03
-3.356926557396567659e+03 -4.262826429035865658e+03 -2.486237688479776807e+03
-3.568449261691753236e+03 -4.693629660947201955e+03 -1.295061217064182074e+03
-4.230490939237547536e+03 -4.373235876915503468e+03 -2.236210682023250229e+03
-3.575929518725181424e+03 -4.282006014088542543e+03 -2.447105726970290107e+03
-5.730815245911240709e+03 -8.558038353402898792e+03 -1.067723304746240728e+03
-3.003670180689627159e+03 -9.821515366802250355e+03 -1.809753855051549863e+03
-2.248424453811687272e+03 -3.403352308436785734e+03 -2.298451293767891912e+03
-3.695607400449216129e+03 -4.698710452531821829e+03 -1.442307587816861997e+03
-3.916365967586042643e+03 -4.117458094658402842e+03 -2.362448547104601403e+03
1.830865234693366972e+02 -6.656205549720920317e+03 -2.040753970456724119e+03
-4.103344140644461731e+03 -5.221114484699750392e+03 -1.573302121904233900e+03
-3.227380409655722360e+03 -4.369218991202230427e+03 -2.317291179106176514e+03
2.572657281942244936e+02 -6.679903660674858656e+03 -2.153231750187958369e+03
-4.256812847730145222e+03 -4.453653918087952661e+03 -2.320495745964585694e+03
-3.460030696816744239e+03 -4.210139706265788845e+03 -2.467654912455070189e+03
-3.649742004152371919e+03 -4.242122024312380745e+03 -1.530080949983664823e+03
-3.855147741963901353e+03 -5.886532011390199841e+03 -1.737228312972550157e+03
-3.491141989897939311e+03 -4.478208708003465290e+03 -2.678805900105310684e+03
-3.367727054758688155e+03 -3.727441062128824797e+03 -3.087605552765912307e+03
-5.945436438196806193e+03 -4.774061442555005669e+03 -3.384072167381808868e+03
-3.256074639747394940e+03 -3.946325930922270345e+03 -2.707387635911221878e+03
-7.423083084225083894e+02 -5.003241296465456799e+03 -1.775847039589176802e+03
-3.995802679643566989e+03 -4.311844738477502688e+03 -1.922012292267669181e+03
-3.237409901348911262e+03 -4.222025994573202297e+03 -2.399759495047623204e+03
1.288460078072186661e+03 -6.495452175768866255e+03 -2.406573058772967215e+03
-3.212123625861061555e+03 -4.115454362254249645e+03 -2.371815270633357613e+03
-3.745552960632650411e+03 -4.423508617337435680e+03 -1.484253298915638197e+03
-3.484847217865522907e+03 -5.078226844456454273e+03 -2.693121890713865923e+03
-3.854883196797224173e+03 -5.299586826280513378e+03 -2.043034507051215314e+03
-3.320129463140812732e+03 -4.479346898882638925e+03 -1.713641461851025042e+03
-3.602873499258919310e+03 -5.384848548126516107e+03 -1.966107960920500773e+03
-4.281104767780307156e+03 -5.210351407549569558e+03 -8.415491427428894440e+02
-3.984857904648957629e+03 -4.484168942870666797e+03 -1.836948977239755095e+03
-1.677091904678062235e+02 -6.866586853363506634e+03 -1.831813468506275967e+03
-3.137174002591795215e+03 -4.843541978578279668e+03 -2.111572213543511680e+03
2.768996405790494464e+02 -6.365562743546612182e+03 -2.121556612243374730e+03
-3.245414581763700880e+03 -4.124171356164851204e+03 -2.406380317554939666e+03
-3.972612523661658088e+03 -5.098860689863932748e+03 -1.568051758569700951e+03
-3.152911382603982474e+03 -4.169225827833720359e+03 -1.959701950155517807e+03
-3.714650120232195604e+03 -5.649613792043972353e+03 -1.400689559269109623e+03
-3.725793032368945660e+03 -5.967941080846693694e+03 -1.926182580849681926e+03
-3.034402109556253890e+03 -4.404765258555567016e+03 -2.174008074200247393e+03
-3.787419036438797775e+03 -4.210681271266828844e+03 -1.623455751015517990e+03
-3.940492805332431999e+03 -4.836608881556217966e+03 -1.582497973998911675e+03
-3.681863318510658246e+03 -4.956394473369246043e+03 -2.297749475769150649e+03
-9.179961736970926722e+01 -1.466391253660605344e+03 -4.295389976899605244e+03
-1.953779031189761099e+03 -4.014924761073495574e+03 -2.838632195043865977e+03
-3.254329467027816918e+03 -4.122765006241763331e+03 -2.327560537352394476e+03
-4.037669454714230596e+03 -3.968126670885273597e+03 -2.077046789809017355e+03
-3.590402030945951083e+03 -4.404923507966417674e+03 -2.246687439537813589e+03
-3.907308786401146335e+03 -4.117444427315788744e+03 -1.944021719913107518e+03
-3.196549960298219503e+03 -4.235652142126252329e+03 -1.986609287858972266e+03
-3.817274706769043860e+03 -3.787871135644469177e+03 -2.137682680071987761e+03
-3.751412681366799006e+03 -4.962674222454088522e+03 -2.489180883004499265e+03
-3.280882003301711848e+03 -4.083422005749612254e+03 -2.434070076902406527e+03
-3.942791714198794125e+03 -4.563044560874562194e+03 -1.742727650331583845e+03
-3.816516088913821932e+03 -4.137816675656454208e+03 -1.847545344578096547e+03
-1.023143197973002998e+03 -8.162011850149456222e+03 -3.987917971749688604e+03
-1.357056991654088051e+03 -3.375373322868396826e+03 -3.328508670093615819e+03
-1.385658771609478663e+03 -3.731595151113670454e+03 -2.987118746010020004e+03
-1.121959559887139221e+03 -2.168775740367033904e+03 -4.314120638713266999e+03
-3.162574985819874655e+03 -4.455199488433710940e+03 -1.859540907046546636e+03
-3.919880552514114243e+03 -4.235075732754608907e+03 -1.829118976669379663e+03
-1.866793347954484716e+03 -4.395719798170201102e+03 -2.728996525808820479e+03
-3.765714557059015988e+03 -3.965613692256741615e+03 -1.924390645537557702e+03
1.299428402745780431e+03 -4.597579828852998617e+03 -3.369005563612184687e+03
-3.908742871048211327e+03 -4.497230826843387149e+03 -1.875078513175537864e+03
-3.905704376267787666e+03 -4.719693279060184977e+03 -1.705450906072685257e+03
-3.958832678908960588e+03 -4.859074692646295262e+03 -1.862375798904916564e+03
-2.913360730930261070e+03 -4.896516455709672300e+03 -2.549435150450774017e+03
-1.981678389047543760e+03 -4.283462669475948132e+03 -2.630134095712533053e+03
-2.362981944071444559e+03 -3.147991785948090183e+03 -3.855363941909074583e+03
-2.100935904067803790e+02 -1.640545272418872173e+03 -4.261856289725660645e+03
-3.060885676193782274e+03 -3.882997782530500444e+03 -2.688250085812363523e+03
-5.991984016961307589e+02 -4.560890005045850558e+03 -2.943312208447536250e+03
-1.181422870436569156e+03 -3.392973925326798053e+03 -3.163581446398539811e+03
-4.304773891863622453e+02 -4.660485716869379758e+03 -2.755456622878148664e+03
-3.434911456499665746e+03 -3.609198680075400262e+03 -2.396951717058697341e+03
-3.920305063763405997e+03 -4.049187166547779270e+03 -1.881846687079482081e+03
-3.868253662805013391e+03 -4.254432618941764304e+03 -1.531001329012027782e+03
1.013433609123415954e+04 -1.010601269317189872e+04 -4.834115467602398894e+03
-3.902966447082605100e+03 -4.058826813961040443e+03 -1.768125456163507351e+03
1.498385327576369491e+03 -6.643093578548994174e+02 -4.170867911642852960e+03
-3.249698857428846622e+03 -4.200391896405481020e+03 -1.842251436590471258e+03
-3.883859301410591343e+03 -4.161490960787598851e+03 -1.757577151341912668e+03
-4.011505210765104039e+03 -3.913125702387036199e+03 -2.087164296234776884e+03
-3.967866473039201082e+03 -4.511903130604211583e+03 -1.638370444057980421e+03
-7.556626266474172553e+02 -1.815886640195980362e+03 -4.559926623625089633e+03
-3.965088018825068957e+03 -4.136180744608992427e+03 -1.719799759878940222e+03
-3.794420563485574803e+03 -4.153700384243340523e+03 -1.676162174337568331e+03
-3.006582441324840147e+03 -4.189434880896655159e+03 -2.528492980642558905e+03
4.227964325375008059e+01 -1.254255081761694555e+03 -4.253792293751868783e+03
-3.962815444108690826e+03 -4.338832780820058360e+03 -1.632938834622455033e+03
-3.754487043719447684e+03 -4.300920670133655221e+03 -1.580244008836740704e+03
-3.648449207795069924e+03 -5.009646701725856474e+03 -2.457062408587382834e+03
-3.471161956753925551e+03 -3.867661385666019669e+03 -2.206984430003456964e+03
-3.801075266822110279e+03 -5.330544662536087344e+03 -1.903342588303030425e+03
-3.980600505778703337e+03 -4.059867916642254386e+03 -1.995178386979124525e+03
-7.779539736559495395e+02 -1.826315622866740341e+03 -4.550960723481520290e+03
-3.898442521498807764e+03 -4.849696247613965170e+03 -2.275901303501457733e+03
-3.503440996044687381e+03 -4.441093903293850417e+03 -1.555129946070286678e+03
-4.082608462910740400e+03 -3.832494938454252861e+03 -2.223712397289062210e+03
-3.933211314384464458e+03 -4.558447678748319959e+03 -1.759333068090028291e+03
-3.559707831269843155e+03 -4.122369395929338680e+03 -1.854673488540606968e+03
-3.675959174237959360e+03 -3.379562800820091979e+03 -2.235269501158524236e+03
-4.631427101510870671e+03 -4.150226180933667820e+03 -2.254748601461866201e+03
-3.334529557148632648e+03 -5.044766121771601320e+03 -2.494329046321410715e+03
-3.257744087111751924e+03 -3.376165686257116249e+03 -2.401904830871132162e+03
-3.675991007397629801e+03 -4.469777616308727374e+03 -1.634001703069462110e+03
-1.740172634660234962e+03 -3.230512144461301432e+03 -3.248650682352349577e+03
-2.891098487550296340e+03 -5.252524994885136948e+03 -2.099297147219527687e+03
-3.932323905447107336e+03 -4.143162832754578631e+03 -1.649941462760962168e+03
2.557991932609820651e+02 -1.221822310811135139e+03 -4.141932581720855524e+03
-3.964603108282590711e+03 -4.132230062787764837e+03 -1.738156079626833161e+03
-3.295586144930738101e+03 -4.324378895067758094e+03 -2.512740354042964100e+03
-3.913061263220256478e+03 -4.407581357401600144e+03 -1.981889203496558366e+03
-7.432538281440547507e+02 -3.156497582208512085e+03 -3.396142851063105354e+03
-3.879874232730584026e+03 -4.587218764930868929e+03 -1.832098883507894243e+03
-3.914620224355424398e+03 -4.293134225839420651e+03 -2.047176750555565604e+03
-3.567074256716085529e+03 -2.236726388035761374e+03 -2.224019504498078277e+03
1.495078841594164032e+03 -5.727549814552576208e+03 -3.104578439471612000e+03
-3.580554484503663843e+03 -3.038456428348897589e+03 -1.200839825959457357e+03
1.725557236934409275e+03 -3.265298723806582984e+03 -3.395611767921135652e+03
-4.076947757685070883e+03 -5.002332453138652454e+03 -1.115999997184525682e+03
-2.663373343140542033e+02 -1.456657666102145413e+03 -4.371256027166890817e+03
-3.744866235232792860e+03 -4.127416323255462885e+03 -1.796969082717368565e+03
1.034694418955850097e+03 -5.941311436772066372e+03 -3.095335716927618250e+03
-2.766076996615961889e+03 -5.000132857352705287e+03 -1.957071719278504133e+03
-3.289265728103539914e+03 -5.034425771566347976e+03 -2.480169291723468632e+03
-3.341498065915514871e+03 -3.984513185815038923e+03 -2.149822763398186453e+03
-7.496383570729838084e+02 -4.318843947858375032e+03 -3.005499581450975256e+03
-3.799267565485480645e+03 -5.004147640072754257e+03 -1.948612467182231285e+03
7.116085011001041494e+01 -3.902950649987934867e+03 -3.141540606248802760e+03
1.852621995510180568e+03 -6.488117154709915440e+02 -4.144483530306181819e+03
1.551621328675809536e+03 -2.617900682623325338e+03 -3.519890580067507017e+03
-7.088031780805625885e+02 -1.800120700597483165e+03 -4.536341218561485221e+03
-3.900811530642065463e+03 -4.251688468590890807e+03 -1.643108941828197203e+03
-1.233277245415881453e+03 -3.914466518983562310e+03 -3.050192218177644463e+03
-3.986284159269204338e+03 -4.119120622612664192e+03 -1.961562057762245786e+03
-1.513638147927078080e+03 -4.107051724770620240e+03 -2.937418980377457046e+03
2.203044851087621282e+03 -3.551632540258411154e+03 -3.379043825739315707e+03
-3.514846013551833039e+03 -4.016206796740002119e+03 -1.944559005504568177e+03
-4.000056134888466659e+03 -3.874912360296333645e+03 -2.158753907153255568e+03
-3.398820255106067634e+03 -4.573237807784772485e+03 -2.235979478603807820e+03
-2.795713107373529965e+03 -3.769962268169931122e+03 -1.443964747039289477e+03
-3.269001623395151000e+03 1.713466684760394173e+03 -3.713145422451909326e+03
-3.508160952072947566e+03 -4.376413331764662871e+03 -1.076864158185816223e+03
-3.830956443323386793e+03 -3.831328548312286784e+03 -2.115025307884733593e+03
-2.810017971994985146e+03 -3.665448568766768403e+03 -1.942918796001902820e+03
-2.871519796309026788e+03 -3.594482955274263531e+03 -1.918456671550053898e+03
-3.971950167124721247e+03 -3.891510927323051419e+03 -2.047463966003335827e+03
-3.986458360589642780e+03 -4.098292236857811076e+03 -2.331106533465520442e+03
-4.074669097506498929e+03 -4.163246969320911376e+03 -2.458846214125299412e+03
-3.583948596860152975e+03 -4.496201916163279748e+03 -2.249499403356007861e+03
-3.691595654274520257e+03 -4.606271149744666218e+03 -2.063574130176235030e+03
-3.926155882070339430e+03 -4.111036006603209898e+03 -2.294979094315413931e+03
-4.127882080789308930e+03 -3.945178789133617101e+03 -2.271800372473684547e+03
4.658237653776201114e+03 -2.856098486784390843e+03 -4.853769018363731448e+03
-9.158271957315655527e+02 -1.027857934259530452e+02 -3.884237582548269529e+03
-1.814462027930298973e+03 -1.208070124679441733e+03 -3.475471126524995725e+03
-3.339723353020200648e+03 -3.142967262908546218e+02 -3.196238413403038066e+03
-3.416783885481417201e+03 -4.157067234475995065e+03 -2.047979255296986139e+03
-3.994668381813109590e+03 -4.187783771131102185e+03 -2.487895370711353280e+03
-3.318362990360832555e+03 -3.835378334438021739e+03 -2.598527389422655688e+03
-3.934456907151628002e+03 -3.888938008820160121e+03 -2.296508497201698447e+03
-3.112975427530213892e+03 -3.383915692233021218e+03 -2.004043998174516446e+03
-3.832402878492633135e+03 -4.258349060544136591e+03 -2.753811127975470299e+03
-4.126027885004205018e+03 -4.084254548636304662e+03 -2.450001177371254471e+03
-3.886004037571204208e+03 -4.223195781778080345e+03 -2.697075388868920527e+03
6.110371189975500101e+02 2.692600557350093823e+03 -3.967300908435524434e+03
-3.633572462017730686e+03 -4.150810729700469892e+03 -2.770552845745814921e+03
-3.193863068745095006e+03 -5.516601212419104741e+02 -3.099990984097681121e+03
-3.598375093578821634e+03 2.321148460938210860e+02 -3.278475334372154521e+03
-3.451839269397252338e+03 -4.083484196333887667e+03 -2.510889291537276222e+03
-2.956424744591743092e+03 -3.509790802315177643e+03 -1.963881545048069711e+03
-1.824963525029696711e+03 -1.131929714470955332e+03 -3.700681352079196131e+03
-3.729572999304220502e+03 -4.047149397920412412e+03 -1.118171532325195130e+03
-2.601384644611065141e+03 -3.879755066313970929e+03 -1.613724602258298773e+03
-4.073806301239437744e+03 -3.913067348739735735e+03 -2.209117165890070737e+03
-3.994287787994070641e+03 -4.077239076776516868e+03 -2.378246124738340313e+03
9.829519519410665453e+03 7.320746821451384676e+03 -5.269299572315316254e+03
-3.977794306036256330e+03 -4.049647254644814893e+03 -2.211250627185882877e+03
-2.892752493011794741e+03 -8.337977263349686154e+02 -3.250672742319203280e+03
-3.681392504488830127e+03 -4.009949992963674049e+03 -2.083722616589643167e+03
-3.282235030916748656e+03 -4.075617288344812550e+03 -2.295298084671390825e+03
-3.692276791008556302e+03 -4.461352777328347656e+03 -2.157301418859719888e+03
-3.916273694467945006e+03 -3.779923854657236006e+03 -2.191880415594320311e+03
-3.193843681541893147e+03 -4.503699160239149251e+02 -2.812948583534189311e+03
-4.006004614043999027e+03 -3.836621974064811184e+03 -2.344354950028262920e+03
-3.975053363120412087e+03 -4.315462527669053998e+03 -1.905253147720820834e+03
-3.454850730321865740e+03 -3.993324201135453677e+03 -2.565469850288344787e+03
-3.227734055917538626e+03 -6.431480064719333996e+02 -2.964425764373433594e+03
-3.837182522080313447e+03 -3.914533549184403455e+03 -2.048190992875499433e+03
-3.351662287409883902e+03 -4.104788104903557723e+03 -2.125255231296147940e+03
-3.825367178977424828e+03 -4.210301562585964348e+03 -2.454113359722680798e+03
-5.696058290901863984e+03 -1.414877675068125654e+03 -1.768377992255415165e+03
-4.025418852952007910e+03 -4.234002381136673648e+03 -2.508999530029857851e+03
-4.013465725482819266e+02 -2.280966780857146659e+03 -3.489463895625138775e+03
-3.239881508969956940e+03 -7.102273590812392285e+02 -2.946978296001149374e+03
-3.998528110237051351e+03 -3.965796577742500176e+03 -2.335365758536564954e+03
-3.826448528109645395e+03 -3.983231175113879999e+03 -2.045653274562970182e+03
-2.956149796692649943e+03 -4.072218564289844835e+03 -1.392639917049418727e+03
-3.285334927313649587e+03 -4.340069831363171033e+03 -2.351221058719888788e+03
-3.561277328411878898e+03 -4.301360854969051616e+03 -1.768974472032579342e+03
-4.087485060828066253e+03 -4.177442164519966354e+03 -2.606230305405382751e+03
-3.441088230037807989e+03 -3.958862354063227031e+03 -2.872878282094099632e+03
-3.836581995890769122e+03 -4.163650100505302362e+03 -2.714703345490981064e+03
-3.265084594668300724e+03 -3.776016272867218504e+03 -2.622652962458329057e+03
-3.998653566616187163e+03 -4.263628989002086200e+03 -1.714494573742378861e+03
-2.719579585899522044e+03 -3.638977099205929790e+03 -2.878207291925901245e+03
-3.278705871038463556e+03 -3.803738941676354898e+03 -2.511683093555704090e+03
-3.947448528443067516e+03 -3.917971551646640364e+03 -2.090861024344886573e+03
-3.190239573746473070e+03 -4.963529327182788364e+01 -3.150924098687949481e+03
-4.126431225824313515e+03 -4.025140889216556843e+03 -2.432954340396589942e+03
-3.958289406849082297e+03 -4.073689718698255547e+03 -2.086733055457214959e+03
-4.332283298689169897e+03 -4.470940434531848041e+03 -1.936254783810915569e+03
-1.208644940799730193e+03 -5.627000434188068994e+02 -3.682170451501120624e+03
-4.038971495832607616e+03 -4.263501631259400710e+03 -2.640567464762766122e+03
-3.657890425901727212e+03 -4.440317967941409734e+03 -2.731708462548837815e+03
2.595876758895885359e+03 -3.588829025823221855e+03 -4.455454311681367471e+03
2.328632725532562802e+02 -5.763965673004928476e+02 -3.663140618581890521e+03
-5.141544104520292422e+03 -2.485956955428355286e+03 -1.649286211063524661e+03
-2.047664905338177959e+03 -1.742590075292180472e+03 -3.299975872312694719e+03
-3.949498578418395937e+03 -4.176990149395182925e+03 -2.436551697498395697e+03
-3.224725387465238782e+03 -5.607148072779820041e+02 -3.121981505310859575e+03
-4.079017433716920095e+03 -4.033383830266706354e+03 -2.116089292878410106e+03
-1.906177473395380275e+03 -3.002544995424377703e+03 -3.344313184407571498e+03
-3.171342938852375482e+03 -4.029484126517402728e+03 -2.508286517923658266e+03
2.964838027070055432e+03 2.724210105609174661e+02 -3.862203678071501145e+03
-4.082622665257343215e+03 -3.832155797755017375e+03 -2.353114430966040800e+03
-6.858695986571456160e+02 1.431499052581105843e+03 -3.937334119413052122e+03
-2.784538329417727255e+03 -3.973194468451215926e+03 -2.182428296196205338e+03
-1.478737623803737961e+03 -1.406598161230990399e+03 -3.664368202980426759e+03
-3.235753598328707085e+03 -4.887765542101549272e+02 -3.445419851831498363e+03
-1.771574886254649527e+03 -8.306012498078625867e+02 -3.649533062980356135e+03
-4.229090458120929725e+03 -4.083026559531980979e+02 -2.396457220641294043e+03
-3.805011404959440370e+03 -3.900349660089302688e+03 -2.244515231167989896e+03
5.182954038172701985e+02 2.160200370515157374e+03 -3.974225307357552083e+03
-4.135723599676981394e+03 -4.252313590944245334e+03 -2.546573276832274587e+03
1.494977400164451865e+03 2.298451415333635396e+03 -3.957369848632976300e+03
-1.388344922493609772e+02 3.730527158456319285e+03 -3.992459140256895807e+03
-4.034875512605238328e+03 -3.965817308099331058e+03 -2.077034825829383408e+03
-4.026002783937611639e+03 -4.315780475905884487e+03 -2.486403033633718678e+03
-3.764075455311687165e+03 -4.483554343285717550e+03 -2.559750407967122101e+03
-3.027294558883292211e+03 -4.519465100540535786e+03 -2.622785995188522520e+03
-5.061609364995610122e+03 -5.084974466359444705e+03 -1.142936473563832351e+03
-6.274469133049800803e+03 -2.301155832672946531e+02 -3.102514710727786678e+03
-3.965745554206405359e+03 -4.302238275438284290e+03 -2.455028999704921262e+03
-3.137429832314613122e+03 -4.539065611061067102e+03 -2.653097948130494387e+03
-3.943309888107990446e+03 -3.072632936884350329e+03 -2.180352128449120755e+03
-4.020106271337445833e+03 -4.295869115116855937e+03 -2.471457156200948702e+03
-3.710341799052735041e+03 -4.459323478393616824e+03 -2.653293153660998541e+03
-3.547211246906256747e+03 -4.547017715346947625e+03 -2.595774841779203143e+03
-3.645281417464975220e+03 -4.282815198841668462e+03 -2.797414117663722664e+03
-3.843956444317368550e+03 -4.462994140134500412e+03 -2.656799682680894875e+03
-3.880681368191833826e+03 -4.395608589258515167e+03 -2.487405468636299702e+03
-3.989508645538014207e+03 -4.235280516287341925e+03 -2.427344556063860637e+03
5.371838403494177783e+02 4.629284972771364664e+03 -4.871408487478506686e+03
-5.186702980443244996e+03 -1.730142492435967824e+03 -2.766707709469262227e+03
-4.414159674173499297e+03 -2.498183070499570022e+03 -2.570421984879561478e+03
-4.789344783172827192e+03 -4.935241316381314391e+03 -1.152754081298843630e+03
-3.708176517403871912e+03 -4.206583859470467360e+03 -2.383592310890674526e+03
-4.457523326608233219e+03 -5.988767329328496089e+03 -1.266509911776116496e+03
-3.076224264974582638e+03 -3.628121538383496045e+03 -2.857360185548576283e+03
-4.087193313201382807e+03 -4.284243058124806339e+03 -2.564377856297280687e+03
-5.968957943157568479e+03 -7.194164287585092552e+02 -3.135074008452890666e+03
-3.992201234878963078e+03 -4.973891870637650754e+03 -1.650889338159817498e+03
-3.486968200891834385e+03 -4.536382985242182258e+03 -2.684567259571539125e+03
-3.305705518334345470e+03 -4.555239403684742683e+03 -2.691293676445905476e+03
-3.116644471770714063e+03 -4.251372000843080968e+03 -2.584640892906491445e+03
-5.470441315358445536e+03 -1.153938722049220587e+03 -3.022768074156955663e+03
-4.766373145689152807e+03 -5.220047943429375664e+03 -7.495418330840925591e+02
-5.713735356520565801e+03 -4.551629158086354437e+03 -1.600664426852587439e+03
-3.379419043054786471e+03 -4.486011974024631854e+03 -2.744708248274643665e+03
-5.801551238000227386e+03 -1.340293475132224557e+03 -2.880893409338337733e+03
-6.818686610395478965e+03 -2.245799664218954604e+03 -2.312605364902166002e+03
-5.898947748681223857e+03 -1.142202529354528224e+03 -2.979057499654006733e+03
-3.133274519779321963e+03 -4.546638377291197685e+03 -2.666119564319214533e+03
-3.705011177047641468e+03 -4.125498472204935752e+03 -2.816868465865831240e+03
-3.786250429981821981e+03 -3.947741107598963481e+03 -2.190076514716390193e+03
-7.261000788091516370e+03 1.122358270338424882e+04 -5.065898049721827192e+03
-3.877648409807552980e+03 -3.959247656689251926e+03 -2.250392690981196210e+03
-5.320035384711219194e+03 -4.648384112792753513e+03 -1.565743379193401097e+03
-3.461139448094117597e+03 -4.312909062551450006e+03 -1.889389186455564641e+03
-3.985719757681874398e+03 -4.216665136577767043e+03 -2.462945072718536721e+03
-3.944405964452334501e+03 -4.445688079850147915e+03 -2.570592288547560656e+03
-3.684855268966530275e+03 -4.186994325764016139e+03 -2.666245780451220071e+03
-5.195420837922920327e+03 -5.661652138172744344e+03 -3.203867144406638090e+02
-3.466760042321161109e+03 -4.535015405358332828e+03 -2.564097775807296784e+03
-3.904739555343040138e+03 -4.295046438707357083e+03 -2.418431527407590238e+03
-3.502128662772579901e+03 -3.823920815694267276e+03 -2.225500525303010363e+03
-4.757225127407158652e+03 -5.062888104953734000e+03 -8.885945202798812943e+02
-3.871638665958912497e+03 -4.203834411217432717e+03 -2.508722877663258714e+03
-3.670344535238078606e+03 -4.349981350426123754e+03 -2.649682046484227158e+03
-3.648360917613772017e+03 -4.511168144000076609e+03 -2.581936113023513371e+03
-4.648689551031942756e+03 -4.638731734329467145e+03 -2.198087177335124125e+03
-3.303171193063664305e+03 -3.280099969067602615e+03 -2.158706184258299800e+03
-3.217437020045276768e+03 -4.414006743515273229e+03 -2.766825070664911436e+03
-6.413893897960658251e+03 -5.022635072602507535e+03 -1.199462751293292968e+03
-3.961451791992424660e+03 -4.395909637032958017e+03 -2.576208935898335312e+03
-4.028630500093670889e+03 -4.071906127232182826e+03 -2.392721210580814841e+03
-3.528077025638388477e+03 -4.427266629558805107e+03 -2.685203801007775382e+03
-3.540765664216747609e+03 -4.521926604973690701e+03 -2.571337758038174343e+03
-4.093604842423157606e+03 -4.002595258169757017e+03 -2.211912497027290101e+03
-4.065930020194649842e+03 -2.020783107869143123e+03 -2.908487792063860070e+03
-3.602612102355049501e+03 -3.803293626654036416e+03 -2.252808888007671158e+03
-3.387224130093979511e+03 -4.591004933052059641e+03 -2.637926657551921835e+03
-4.012463923553387303e+03 -3.430902947746714744e+03 -2.059003829914785456e+03
-3.856226822945656750e+03 -4.065104115590699621e+03 -2.296543289071000345e+03
-4.656819216130351379e+03 -3.130784703543432443e+03 -2.223413545940482436e+03
-4.431959021818920519e+03 -4.233756069251183362e+03 -1.210281889967646066e+03
-3.894257123360816422e+03 -3.993768133347300591e+03 -2.260094993288855221e+03
-6.570505869259924111e+03 -4.533233410668579381e+03 -1.434962428408828600e+03
-3.780344188229231349e+03 -3.017439857605941597e+03 -1.919743998708669324e+03
-3.982929509337718173e+03 -3.983186172854933375e+03 -2.176618239086389622e+03
-3.302300589151739587e+03 -4.483881832944281996e+03 -2.719491506877489883e+03
-6.641474231295867867e+03 -1.480542957552424923e+03 -2.534601800610096689e+03
-3.273414580237000791e+03 -3.977895520268857581e+03 -2.348195964631269817e+03
-4.105900083335774980e+03 -3.295075389420207102e+03 -2.158909909065872853e+03
1.021475942694978471e+03 3.624377545593405557e+03 -4.710162135583785130e+03
-5.820442035807008324e+03 -8.182366495659991870e+02 -3.159963162320663741e+03
-5.225567533313215790e+03 -5.185421689812721525e+03 -7.914459447254948827e+02
-6.753323604394377980e+03 -7.900680067977903036e+02 -2.906963447314688892e+03
-3.974200458835013251e+03 -4.125062939368420302e+03 -2.398104141331048140e+03
-4.999326558089018363e+03 -4.974203804103932271e+03 -1.029915657051353264e+03
-4.035252995518187618e+03 -4.138745820212843682e+03 -2.400519094270059213e+03
-5.070409380209291157e+03 -1.479025510977695603e+03 -3.211103716082669052e+03
-3.876352282567911971e+03 -4.038295931581965306e+03 -1.999337502691321788e+03
-3.352327867440825685e+03 -4.582624158931708735e+03 -2.667250324130937315e+03
-4.116202306895665060e+03 -4.243535394548399381e+03 -2.481853876549505458e+03
-5.668232125906282818e+03 -1.060315566793302878e+03 -3.160458097703654403e+03
-3.378563837826613963e+03 -4.509688271474353314e+03 -2.674365049527265001e+03
-5.908813274524020926e+03 -1.270224116031777157e+03 -2.843807211084193113e+03
-4.520084640231300909e+03 -4.181886849964444991e+03 -1.870549480669266359e+03
-5.906933064827429916e+03 -1.794830712575976577e+03 -2.740604931182651853e+03
-4.599985337801302194e+03 -5.237949425838216484e+03 -7.241054882394527112e+02
-3.899128844157956337e+03 -4.232554293504750603e+03 -2.516873161567556508e+03
-5.775925494678209361e+03 -1.042520653309561112e+03 -3.162345716232119685e+03
-3.875559065491033380e+03 -4.442764758955172510e+03 -2.593134581520080246e+03
-6.608425186537865557e+03 4.765714522960774957e+01 -3.242087861214327404e+03
-6.458002303306795511e+03 -1.112560448053002347e+02 -3.318061871999190316e+03
-3.934864749402341658e+03 -4.168048341636382247e+03 -2.415311533944206985e+03
-3.711670273956498022e+03 -3.509372498580881256e+03 -4.243436730157785860e+03
-2.333966683090991410e+03 -3.052968552747102422e+03 -3.770204363070231921e+03
-2.647285653130555147e+03 -2.906343916616295246e+03 -4.198424040772611988e+03
-2.585984289618667844e+03 -3.170104400601278940e+03 -3.983604858479871837e+03
-2.467241308812789612e+03 -3.188306333524936690e+03 -4.119919825815680269e+03
-4.051482683503165390e+03 -2.918723961473554482e+03 -4.262836386153649983e+03
-4.184553902211051536e+03 -2.895062719494158500e+03 -4.459979646588891228e+03
-3.662872689329464720e+03 -4.133799630131705271e+03 -6.236521402646404567e+03
-2.805895528012376417e+03 -3.007162611973177263e+03 -4.009329825484567209e+03
-5.000833990634341717e+03 -3.963894697177567195e+03 -3.763865894420983750e+03
-2.537481198582833258e+03 -3.416625213752603031e+03 -4.251513340615575544e+03
-9.650528492843475760e+03 -2.085258080406848421e+03 3.319192870338881221e+03
-2.687492072476340127e+03 -3.179307459889137135e+03 -4.157064166081889198e+03
-2.579625210022815736e+03 -3.050467644042805659e+03 -4.199669212398503078e+03
-8.138188989794908593e+03 -5.653392409232608770e+03 -7.360143170450612160e+03
-2.818974150365551395e+03 -3.200894065982528900e+03 -3.827146167364179291e+03
-2.194393607809472087e+03 -3.025821835759845726e+03 -3.741611564638923483e+03
-2.455734863806055728e+03 -3.106624422174756546e+03 -3.850303182617596576e+03
-2.457195808706762364e+03 -3.171738573507589990e+03 -4.016637290952621242e+03
-3.426867995164677268e+03 -2.940401893149755324e+03 -3.831415498134150766e+03
-3.795832114804818048e+03 -2.436280588686539431e+03 -3.478685392083554234e+03
-3.326345447174177934e+03 -3.121152475565574150e+03 -4.077491518033255488e+03
-3.717614572147767831e+03 -4.791459902525994949e+03 -7.278583489643693611e+03
-3.196201278895296127e+03 -3.328869892549255837e+03 -3.444431541098424532e+03
-2.809829514081727211e+03 -3.239894210206243770e+03 -3.521157853881542451e+03
-2.311448743312182160e+03 -3.415486714128659059e+03 -3.959274925471830556e+03
-3.934640769543395891e+03 -4.062120204322179234e+03 -1.244046636705942092e+03
-3.381365344535372969e+03 -3.497792746199161229e+03 -3.455199888922469199e+03
-1.915913464585611109e+03 -3.314399854983211753e+03 -3.671190948958399986e+03
-2.426133048823518948e+03 -3.191108289264848281e+03 -3.996939164974367486e+03
-2.282612138935986877e+03 -3.646441445576179376e+03 -4.048858150895653125e+03
-4.792577200417958920e+03 -3.344970420987472608e+03 7.026417655467380428e+02
-1.868459771602774936e+03 -3.309964729042985709e+03 -3.555065653907987326e+03
-2.683602333379612901e+03 -3.265445870339891371e+03 -4.049021953031543489e+03
-3.852629934495113048e+03 -3.437987487478190815e+03 -3.769920594084678669e+03
-4.007708352381528584e+03 -3.568959761797610554e+03 -3.868456328098052381e+03
-2.377251098528633975e+03 -3.253616657444840712e+03 -3.961698820765121582e+03
-3.207766637045851894e+03 -3.511455505029739470e+03 -3.324629769969998961e+03
-5.306233755207859758e+03 -4.492656715684450319e+03 -5.343429853443046341e+03
-4.299631253127460695e+03 -3.667877227927265267e+03 -4.069878866034094244e+03
-3.204812315765763742e+03 -3.294219878082923969e+03 -4.366270512918395980e+03
-2.591577622642003007e+03 -3.133634166184469905e+03 -3.667175327488268522e+03
-2.541292938149983001e+03 -3.391475275122494168e+03 -4.289298909087266111e+03
-2.424744569795262578e+03 -3.064863163884039750e+03 -3.110334307567170072e+03
-2.518556146859124055e+03 -3.027531318363365244e+03 -3.758667046085326092e+03
-2.809747706193169961e+03 -3.462249840317985672e+03 -4.109028192771347676e+03
-1.499175250009987394e+03 -2.729802718894068221e+03 -2.706296702917918083e+03
-4.817994275027247568e+03 -4.265341894158495052e+03 -5.145781097957788006e+03
-2.415920196250371646e+03 -3.329792972770556389e+03 -4.038851188658752562e+03
-2.542093875356281842e+03 -3.255648662217867695e+03 -4.223173937725119686e+03
-6.567631967017450734e+03 -4.827180840732074103e+03 -5.709254520040565694e+03
-2.503064909370059922e+03 -3.543096933418950357e+03 -4.065529764386835268e+03
-2.525632257177348038e+03 -3.373615434905287202e+03 -4.024669202862718521e+03
-2.732403119137861722e+03 -3.208227134132177525e+03 -3.521267100138578371e+03
-6.844619848099941009e+03 -5.677930238783430468e+03 -7.157804288465613354e+03
-2.699608294921296419e+03 -3.033196497082519727e+03 -4.060196492293544452e+03
-4.065604589277835657e+03 -3.109487880785944071e+03 -4.641935487471972010e+03
-2.459935215121710371e+03 -3.127000926959482058e+03 -4.042718841576172963e+03
-3.780918709675785067e+03 -3.538550829406954563e+03 -3.707421984721524495e+03
-6.459351005389084094e+03 -4.528634852854330347e+03 -4.357814432641967869e+03
-2.657134228590346993e+03 -3.400401755999381294e+03 -3.792351874909821618e+03
-2.726931659081364160e+03 -3.254856623230934474e+03 -3.547076777920598033e+03
-1.935965556959213473e+03 -3.491185368398666014e+03 -3.850604849729071702e+03
-2.049687032811033077e+03 -3.233236470746518989e+03 -3.643413235422211983e+03
-4.305213738836868288e+03 -3.827027465456561004e+03 -3.574886862384042615e+03
-2.103595865634737493e+03 -3.277420924210307930e+03 -3.740185514841318764e+03
-3.726485701016748408e+03 -4.159438453207902967e+03 -1.714220027486957861e+03
-4.446905345672895237e+03 -4.855115459420602747e+03 -7.088007146763481614e+03
-6.097691969163785870e+03 -5.746378565408442228e+03 -7.475047718966327011e+03
-2.758918922204190949e+03 -3.443855784565399063e+03 -4.069630369444196276e+03
-2.516329454168943812e+03 -3.431408321908246307e+03 -3.660622368574808206e+03
-2.621765371011721527e+03 -2.993605434161094308e+03 -3.746795997734418506e+03
-2.301877930797023510e+03 -3.219647566382707737e+03 -3.889075606875288941e+03
-1.929098565664561875e+03 -3.026000297543057968e+03 -3.339551774766576273e+03
-2.453780851190078465e+03 -3.417467011968983570e+03 -4.162158670392220301e+03
-2.853561278923378268e+03 -2.896472515228733755e+03 -3.780807265634363375e+03
-2.583018218374376374e+03 -3.620623767780197795e+03 -4.101074071252542126e+03
-1.968860058090075654e+03 -3.533516935104992626e+03 -3.894389680489582588e+03
-2.682657341001527129e+03 -3.286048815000885952e+03 -4.055811306713924296e+03
-4.227290964040767903e+03 -4.339941127762785982e+03 -6.158447367897584627e+03
-2.623245009545057655e+03 -3.154121194840244243e+03 -3.616167311535409226e+03
-2.835499520414065955e+03 -3.253592462208092911e+03 -3.478781902836436075e+03
-2.731411995628967816e+03 -3.007118722858594992e+03 -4.080067738053243374e+03
-2.519521652389958945e+03 -3.130475649328962390e+03 -3.670738936021783047e+03
-3.551980182388165304e+03 -4.263406626923160729e+03 -7.240510734334828157e+03
-2.816962439873512722e+03 -3.170050809782338092e+03 -3.647573836088855387e+03
-2.450047301282730587e+03 -3.145539284478303671e+03 -3.947900705011672926e+03
-4.063706434479497602e+03 -3.017120960032767471e+03 -4.408714815886504766e+03
-4.275656200336568872e+03 -3.834465404322841550e+03 -4.931260452260219154e+02
-3.775124703709893765e+03 -3.319782212675691881e+03 -4.274068752581848457e+03
-7.568372518503033461e+03 -4.370070174248362491e+03 -3.899683832264235207e+03
-1.840703197588293733e+03 -3.198307034699704673e+03 -3.500314522904832302e+03
-3.005373145582551388e+03 -2.922666450877817624e+03 -3.818528850315222826e+03
-8.482628619553626777e+03 -2.686304462229513319e+03 2.263083745225357234e+03
-2.609307992410963834e+03 -3.038148930652717354e+03 -4.046150971453308102e+03
-2.501315223006557062e+03 -3.135314749121052046e+03 -4.154472692270396692e+03
-7.238164104592375224e+03 -2.743401762487770156e+03 1.900497454837944133e+03
-2.966789309967432473e+03 -3.037085513891039227e+03 -3.606942900113444921e+03
-3.851740284306714784e+03 -3.281875374199745693e+03 -4.251973241928514653e+03
-2.587924658397490020e+03 -3.275909380537717425e+03 -4.136859061293677769e+03
-2.694129155102370532e+03 -2.827614245039395428e+03 -3.431084930604552028e+03
-2.820957274987545134e+03 -2.373858382121829436e+03 -2.421892004916164751e+03
-2.667049625217883204e+03 -3.004414748433403020e+03 -4.079138865080541564e+03
-2.447576001135761089e+03 -3.166408551671882378e+03 -3.953236484606969498e+03
-2.404946294396969279e+03 -3.228154248775992528e+03 -3.939182734397257718e+03
-2.400785626264783787e+03 -3.928201905349865228e+03 -4.589290738533118201e+03
-3.311404362750974542e+03 -4.420849924841376378e+03 -4.849342083066033410e+03
-1.436558331092164963e+03 -2.155239085007972790e+03 -5.688824103312476836e+03
-2.488227151955219142e+03 -3.139350938597696768e+03 -3.921172496270321062e+03
-2.856774359467752674e+03 -2.481776836212934541e+03 -3.174909895797948138e+03
-1.842220274543363530e+03 -3.186229092488692913e+03 -3.483816486000364421e+03
-1.027557988751621815e+04 -8.308598570278058105e+03 -2.893608444299517942e+03
-2.901392027356325343e+03 -2.745764668077066744e+03 -4.048135720697245688e+03
-2.163652000122108802e+03 -3.222949180627525493e+03 -3.806711781525572860e+03
-1.661888400552866869e+03 -3.744464656763387211e+03 -6.236429792827654637e+03
-2.492603143021239703e+03 -3.877129646393967050e+03 -4.709073923282601754e+03
-1.922608491221506938e+03 -3.003166774883549351e+03 -3.489758967715982180e+03
-2.555989043997285535e+03 -2.882658922394490673e+03 -3.464452073870256754e+03
-1.887994934088753325e+03 -3.120474948784450135e+03 -3.446989903564494398e+03
-3.425640263159063579e+03 -3.693761159326918460e+03 -4.491976778726363591e+03
-2.359832756404081010e+03 -2.738198376966331125e+03 -3.154350988878743919e+03
-2.702473346541788942e+03 -4.408882112049551324e+03 -5.105552043912160116e+03
-1.507184705644321639e+03 -2.537464531383474423e+03 -5.808658144712921967e+03
-2.966391004109753339e+03 -2.444170876193754339e+03 -3.041891145779714407e+03
-2.013520025785387134e+03 -1.905831449427421376e+03 -2.576857361331261473e+03
-2.346489555585755625e+03 -3.029240284779317335e+03 -3.697768043103233140e+03
-3.045982794080076928e+03 -4.021799192442063486e+03 -2.331642415232850908e+03
-2.462118659756597481e+03 -3.565183250609192328e+03 -4.853416200213540833e+03
-2.460410430700327652e+03 -2.706636507377485486e+03 -3.750072846662110351e+03
-2.233101337236820200e+03 -2.978911216584113390e+03 -3.599579468339253708e+03
-2.212683250096000393e+03 -3.039951805110123132e+03 -3.652090226737343073e+03
-5.545992847286052893e+03 -4.916370881269135680e+03 -1.327503181551016269e+03
-2.437989808311152956e+03 -3.669120938706571451e+03 -4.575358420089182800e+03
-2.427838284881556319e+03 -3.323768926585307327e+03 -3.973402931713180806e+03
-2.786121851967039674e+03 -2.828284581677993629e+03 -3.995051680922535979e+03
-2.394271771187813556e+03 -3.903148398952936986e+03 -5.350067304642541785e+03
-2.500038182764468729e+03 -2.950146208453766121e+03 -3.598109959730533774e+03
-2.125658654519177617e+03 -2.277061075223636180e+03 -2.313752803858373227e+03
-2.208107165738127151e+03 -3.673052272023628120e+03 -5.325564933498721075e+03
-2.479154562824922778e+03 -3.409366916358811068e+03 -4.629287225211093755e+03
-3.547914834169576352e+03 -2.526287548338769739e+03 -2.488106056702857586e+03
-1.948014771257256825e+03 -2.928089112427865530e+03 -3.379332789977546781e+03
-2.526585871083951133e+03 -3.096806639305434601e+03 -3.960163659375287807e+03
-2.676250136580026719e+03 -2.984525496657541225e+03 -4.077657171104320696e+03
-2.458767211796473021e+03 -3.120629706797178642e+03 -3.860290402138706668e+03
-2.587683360203799566e+03 -3.078663256767747953e+03 -3.988372155333480805e+03
-2.157120035175531939e+03 -3.812547468522840973e+03 -5.496721792894270038e+03
-1.621848686824700508e+03 -4.396269665768143568e+03 -6.605791148533107844e+03
-2.363936409868929331e+03 -3.124037101222055753e+03 -3.837866090117844124e+03
-2.641010122946732736e+03 -2.977983997530199304e+03 -4.109288054462114815e+03
-4.222803825594091904e+02 -4.157323580133910582e+03 -7.065235760053325976e+03
-2.264975451651384901e+03 -3.111407254943876524e+03 -3.835375045581286031e+03
-2.218726843545489828e+03 -3.046697591846224896e+03 -3.566510829738421307e+03
-2.149669172094730129e+03 -2.897731646608187930e+03 -3.334771901401783907e+03
-1.920163149221078584e+03 -3.651307199777021196e+03 -5.690047535957763102e+03
-2.265001322951198745e+03 -3.117987970801837491e+03 -3.767853878889586213e+03
-2.563928427487147928e+03 -3.684890550982438072e+03 -5.109548397818276499e+03
-2.359131449827927554e+03 -2.945549180619202616e+03 -3.587305196477218487e+03
-2.506103399667000303e+03 -3.416748842467160557e+03 -4.310275483728653853e+03
-2.781562722271264647e+03 -2.720075872004755183e+03 -3.512098152171207857e+03
-2.317972348194757615e+03 -3.160388384442830557e+03 -3.587775190480192123e+03
-2.065565131144893712e+03 -2.870266715838287837e+03 -3.222786911861247972e+03
-2.249419556232700870e+03 -2.908787091156669703e+03 -3.433349540547671040e+03
-2.110688268021393014e+03 -2.986052111268029876e+03 -3.391238678602554046e+03
-2.608908345973383348e+03 -3.092072239452481881e+03 -4.007677753051307718e+03
-2.451247703626401744e+03 -2.816266751036003370e+03 -3.312968631101032315e+03
-5.168613968222497533e+03 -4.692689883727075539e+03 -1.355743570348566436e+03
-1.376534645433007654e+03 -2.807923578529796032e+03 -5.906373602884475986e+03
-8.225779995106007618e+02 -4.088064963683782480e+03 -7.005516932180572439e+03
-2.296575352031747116e+03 -3.224518906366003648e+03 -3.909771627896610880e+03
-2.488824691872766380e+03 -3.041474075689902293e+03 -3.780304682071494881e+03
-2.823125807162478850e+03 -2.946964043912286797e+03 -3.773392541133918712e+03
-3.495663056907379541e+03 -3.884853229772939358e+03 -4.717769704518956132e+03
-4.592115204530849951e+03 -4.833448847073836077e+03 -5.051073129456228344e+03
-2.459737811350562879e+03 -3.031696905349515418e+03 -3.751541118371106677e+03
-2.424685868422035583e+03 -3.171845680831824666e+03 -3.911687259933169116e+03
-2.440189186809732746e+03 -3.140482343716306787e+03 -3.911853190575832286e+03
-3.207077176965573472e+03 -3.582893388259813491e+03 -4.968210337751704174e+03
-2.481740351622792332e+03 -3.125300245124293269e+03 -4.001992460602965366e+03
-1.471521032352357906e+03 -3.141780950226686400e+03 -6.001933572434886628e+03
-2.399496279272922038e+03 -3.186026615439694979e+03 -5.030833897213745331e+03
-2.465190422122569544e+03 -3.030637461334637919e+03 -3.793040511918352422e+03
-2.466595452501572254e+03 -2.824913099108743154e+03 -3.338587465405761577e+03
-2.419260173487676639e+03 -2.625459622486540866e+03 -3.538851929305237718e+03
-2.055761926484130981e+03 -2.300616897602739300e+03 -5.272725609478995466e+03
-2.774399859774755441e+03 -3.697048886057628351e+03 -4.974535621724614430e+03
-2.613144203080799798e+03 -2.817044692171156839e+03 -3.351327676844297457e+03
-3.030161192067603679e+03 -3.795413997714741527e+03 -4.939072533317163106e+03
-5.423452523670297523e+03 -4.867751219121217218e+03 -1.468385085124893521e+03
-2.202377590964537376e+03 -2.133467233909841980e+03 -2.440979811590265399e+03
-2.653493561605168452e+03 -3.790541425736640122e+03 -4.355375669708442729e+03
-3.227295794441901307e+03 -3.416252796061011850e+03 -4.796740269769839870e+03
-2.676234049859813240e+03 -3.230204523186778715e+03 -3.999278953955118141e+03
-9.782635532647003856e+03 -7.986124830403717169e+03 -2.947168667096980244e+03
-2.621077190740903461e+03 -3.084242936619235479e+03 -3.971792706547682883e+03
-2.299355193315237102e+03 -2.987850490394069766e+03 -3.629008020823316656e+03
-8.564496436893163263e+03 -6.903176064865924673e+03 -2.012331990188003829e+03
-2.447546334347694483e+03 -2.891389036920828858e+03 -3.458548721342591307e+03
-2.452797687001551822e+03 -2.656377295866434906e+03 -3.127687130148238339e+03
-2.530403894421485347e+03 -3.129261161661057940e+03 -3.934982637571729356e+03
-3.319904131582647551e+03 -2.657262248890042883e+03 -4.004641282421908727e+03
-3.842337442175634351e+03 -2.443091395690554691e+03 -2.716800125106288760e+03
-2.164718528720462018e+03 -2.986993545091404485e+03 -3.424089284577290982e+03
-2.479931722918568539e+03 -2.972026507031360325e+03 -3.624390383003189072e+03
-2.692385090651060636e+03 -2.915537644687243755e+03 -3.561966441507076070e+03
-3.749194694495530712e+03 -3.091204409518391003e+03 -3.335481894132160505e+03
-3.813959404034751969e+03 -2.893931672986714602e+03 -2.966014123073215615e+03
-7.272019712733590495e+02 -6.530473462807004807e+02 -3.472322555877268769e+03
-2.540359033478874153e+03 -2.979138174323893509e+03 -3.659804091992411031e+03
-1.440655529745685726e+03 -2.788267754249745849e+03 -3.338863960359700741e+03
-2.776181601137370762e+03 -2.655063764989489755e+03 -3.368095117022740851e+03
-1.702095681889102480e+03 -9.872388910386736825e+03 -4.992224092860855308e+03
-2.503096408605829311e+03 -3.043475329859306839e+03 -3.830082905235551152e+03
-2.289404629918337378e+03 -3.073190920564820317e+03 -3.700642464412469963e+03
-3.861465757938848583e+03 -3.329013897610047025e+03 -4.319518168085001889e+03
-1.453508817692131288e+03 -2.931496886643153175e+03 -4.493698711251691748e+03
-2.621181548380796812e+03 -2.601843595660374376e+03 -3.199879735124828585e+03
-2.723997707386096863e+03 -2.786799125990622542e+03 -4.332321888646643856e+03
-2.702406813167898235e+03 -2.756339805205871926e+03 -3.509221125237887009e+03
-4.127260925733966360e+03 -2.726025731592066677e+03 -2.692706425311482690e+03
-2.224988798212879828e+03 -3.224872541297561384e+03 -4.892994789789727292e+03
-2.239717500061748069e+03 -3.448200927656600015e+03 -3.758830910260217024e+03
-1.410571610769055269e+03 -1.665539994544182264e+03 -4.194110669485065955e+03
-3.390382664154934901e+03 -2.938912780901831411e+03 -4.308653404337890606e+03
-3.039394744976544189e+03 -3.180184372076745149e+03 -3.200294554030053860e+03
-2.784815918322334255e+03 -2.602585514983323264e+03 -3.399777773600158980e+03
-4.015618507945588135e+03 -5.515408505819871607e+03 -2.745967525807025140e+03
-8.170134032345525839e+02 -2.793826968759669398e+03 -4.736547248037561076e+03
-2.901438918729922079e+03 -2.805358398288260105e+03 -3.520869899765826176e+03
-2.852594727097125542e+03 -2.734789582076361057e+03 -3.391804576400265432e+03
-2.724957924795350209e+03 -2.746536730259805154e+03 -3.284886017742902823e+03
-4.106193798830637206e+03 -6.171658917301043402e+03 -3.083994855937727607e+03
-3.613093131804153927e+03 -2.782574815414316163e+03 -2.789990701816052933e+03
-2.559289263638863304e+03 -2.916791753444858387e+03 -3.787900099220840275e+03
-2.440809390917940618e+03 -2.772048870958846237e+03 -4.621278381883485054e+03
-2.289486516061674592e+03 -2.788424894446984126e+03 -4.348304270558229291e+03
-2.903188595190545584e+03 -2.800032559611022407e+03 -3.693591877483629105e+03
-3.626468658397475792e+03 -2.532209358339217033e+03 -3.589366938716331788e+03
-2.823225456289571866e+03 -2.853467573553328748e+03 -4.697909033225209896e+03
-9.347160062038146862e+02 -2.917255845856428095e+03 -4.405382804300025782e+03
-8.197345529651822744e+02 -2.869864294302637518e+03 -4.467244381969972892e+03
-2.895638423242423414e+03 -2.599513228385079856e+03 -3.402507049375288261e+03
-2.805871949246082750e+03 -2.856325204173869224e+03 -3.449259461198545523e+03
-3.740985897883734197e+03 -3.353859386407331840e+03 -3.296733406835718597e+03
-2.466350037710435117e+03 -3.028527380254529817e+03 -3.745202968746721126e+03
-2.518674838110549445e+03 -3.041111782923194824e+03 -3.744258608106867086e+03
-4.085880110007228268e+03 -3.786359618141887950e+03 -4.230014785237021897e+03
-1.661917062758617249e+03 -2.665365261922458103e+03 -4.470566040614932717e+03
-2.992755719209496874e+03 -2.894466923669054268e+03 -3.721496045935895381e+03
-2.601782464641356000e+03 -2.972944065653553025e+03 -3.610443260076880961e+03
-4.852421854516163080e+02 -1.523685596782222092e+03 -3.267198571171896674e+03
-2.697047914119397319e+03 -2.970775608158114665e+03 -3.812215071752549193e+03
-2.100442921799808573e+03 -3.524935843074083550e+03 -4.974008539753986042e+03
-2.465173979239237269e+03 -2.803177618780387547e+03 -3.300912883390990373e+03
-1.906476033529830374e+03 -2.563699359436799114e+03 -4.588142809621052038e+03
-2.326244697348381123e+03 -2.915570797268002934e+03 -3.473338512786850970e+03
-3.963500033689088013e+03 -2.553854421022031147e+03 -3.315868204293572944e+03
-2.611977791010280271e+03 -2.611292205509086671e+03 -3.168190729121214645e+03
-2.201011049460778850e+03 -2.854485410078365931e+03 -4.476426278939034091e+03
-1.254146204147192748e+03 -2.613683386715676988e+03 -4.855435801071320384e+03
-2.500361428083687315e+03 -2.933156771137750184e+03 -3.562752110716431616e+03
-2.557624254242700772e+03 -3.065282838880797044e+03 -3.797588299074865972e+03
-2.633582303335064353e+03 -3.159509486506247413e+03 -4.568164051497496985e+03
-2.414841741566874134e+03 -2.984453369088706495e+03 -4.604919691231096294e+03
-1.598343624009537280e+03 -2.840227294302058908e+03 -4.529500425750959039e+03
-2.077091543228779301e+03 -3.775714540487845625e+03 -4.699931686470885325e+03
-2.192249906498069322e+03 -2.063903332912521364e+03 -3.374810273068027072e+03
-2.218075590905160652e+02 -6.017358442242067440e+02 -3.245425535297591523e+03
-7.653720822938106494e+02 -1.785576804742330296e+03 -4.378962319819920594e+03
-2.539798507590854570e+03 -2.971564218760086078e+03 -3.613039147992294602e+03
-2.852684880640117626e+03 -2.779850217897147559e+03 -3.411014660877392089e+03
-2.649155174965078459e+03 -3.043449731941727350e+03 -4.087691053856048256e+03
-3.553437733099694015e+03 -2.329298660397820186e+03 -2.510833676793901759e+03
-2.654037066439261707e+03 -2.796402668885601088e+03 -4.299597574012491350e+03
-2.907161956391655622e+03 -2.582275512723385418e+03 -3.462676182485130539e+03
-2.551526232618553422e+03 -3.069945790487933664e+03 -3.824851965504897635e+03
-2.593819495058510256e+03 -2.901048120016749635e+03 -3.498467014886816742e+03
-2.084312084740288356e+03 -3.227961288650077222e+03 -4.943961657746840501e+03
-2.550074351301068418e+03 -3.056581836917788223e+03 -3.814404938511496312e+03
-8.608660645918190539e+02 -1.228041315849980037e+03 -3.575303617236681021e+03
-1.949480684140621634e+03 -3.354954277169762918e+03 -4.389980394161579170e+03
-2.213760305779965620e+03 -3.491849369436895813e+03 -4.985431084767445100e+03
-2.805692572634031421e+03 -2.836825531928066084e+03 -3.495840425688560572e+03
-2.716343559299784374e+03 -2.891565263895139651e+03 -4.420273851696571001e+03
-8.388442145230194456e+02 -7.815623444233882537e+02 -3.747242147015783303e+03
-2.118106446093803243e+03 -3.731722983681647747e+03 -4.402487920234634657e+03
-2.177481330173069182e+03 -3.720154825980680926e+03 -4.147431221262833787e+03
-3.148950228869940474e+03 -2.644169373738817285e+03 -3.914163316591618695e+03
-3.398378508204417358e+03 -3.856921239390688243e+03 -2.282783497172898933e+03
-3.101489264619913229e+03 -2.727091557152459700e+03 -2.904623792542484807e+03
-1.210234081719399683e+03 -2.861091451239799881e+03 -4.456946171044396579e+03
-3.179528041746759754e+03 -2.943260151656823382e+03 -3.104140105186142137e+03
-2.537081985138018808e+03 -3.039096453174853650e+03 -3.754008834985775593e+03
-2.584263740227484050e+03 -9.857460121937161603e+03 -5.179091690599365393e+03
-2.586502276846026689e+03 -2.868979409537042557e+03 -3.622717070536459232e+03
-2.514220794331076831e+03 -2.903679448115783998e+03 -4.311101576198541807e+03
-3.518557326830419242e+03 -8.075686536459450508e+03 -4.219890318263713198e+03
-2.878959112989553432e+03 -2.747252950199746465e+03 -3.349220013674603251e+03
-2.859599612171641638e+03 -3.172257637874037300e+03 -3.498228705227583305e+03
-2.532077808531868868e+03 -3.089611354324383228e+03 -3.886022056060864998e+03
-2.637555374345614837e+03 -1.945070659325130919e+03 -2.283396974467353175e+03
-1.743047356466736801e+03 -1.275776569724572482e+03 -1.484708125716773338e+03
-2.543378359159717093e+03 -2.978329015389350843e+03 -3.665737008400564719e+03
-2.792576911220875445e+03 -2.989317711014080942e+03 -3.955320157059213670e+03
-3.029253884191632096e+03 -2.770563557419337940e+03 -3.775036532946884108e+03
-3.412077022565608786e+03 -4.187015279471301255e+03 -4.624932851801955621e+03
-3.739654431415537601e+03 -4.023530720336567356e+03 -4.686480586746036352e+03
-5.902678108393157345e+03 -2.524230898547444895e+02 -6.873719075814226471e+02
-2.910065274662212687e+03 -3.199544019830449542e+03 -4.020231577506137000e+03
-3.277758153175836924e+03 -3.281226566007114798e+03 -3.428343338703572044e+03
-2.966390048587448746e+03 -3.000777185340303276e+03 -3.807981571777763293e+03
3.208505654841118030e+03 -5.737578294708820977e+03 -8.391922972022437079e+02
-2.470381232977138097e+03 -2.976014454833502441e+03 -3.712999986393339896e+03
-2.557276587855945309e+03 -2.941100986594184633e+03 -3.641705002175742266e+03
-4.222011902288199963e+03 2.063996411201730439e+02 -5.960621302917343201e+01
-1.957071735097670853e+03 -2.272960238510800991e+03 -2.931762145023405083e+03
-3.231961459230207765e+03 -3.144650210905037056e+03 -4.228735099249507584e+03
-3.263795329051341469e+03 -2.938105083909812492e+03 -3.994572368868778540e+03
-2.705043932495317677e+03 -2.926639693193265430e+03 -3.587887045001578372e+03
-1.821487357101716498e+03 -2.586600052531849542e+03 -3.814051593690121990e+03
-3.073312099596335429e+03 -3.303143995362238456e+03 -4.165421196146872717e+03
-2.392594978127492595e+03 -1.935169500865187274e+03 -2.278803060212284890e+03
-4.866203981363768435e+03 -6.710421879267024678e+02 -1.759842872059033198e+03
-2.831052788245020565e+03 -2.314090403453551971e+03 -2.371816270548208195e+03
-3.312770705017440832e+03 -3.194512760391483880e+03 -4.318054751311818109e+03
-3.029375644947042019e+03 -2.816672358509719743e+03 -3.838078873279176150e+03
-4.365728180755364519e+03 -2.389735975997872174e+03 -3.141295473737755856e+03
-2.597602500064574997e+03 -1.789552361430282190e+03 -1.841229948451515611e+03
-3.162089409535563391e+03 -3.683368053944859184e+03 -4.197084259043599559e+03
-3.234468307849308076e+03 -3.216880075296346604e+03 -4.197833950922266013e+03
-2.667134130020235716e+03 -2.988262051433945999e+03 -3.882020234892684130e+03
-4.378655633264164862e+03 -2.272677641212981143e+03 -3.163056695245810261e+03
-2.325306365441970684e+03 -2.758135598853717056e+03 -4.205746375345614069e+03
-2.944735841013200570e+03 -2.775727383727976303e+03 -3.462511991362424396e+03
-2.809144776427503984e+03 -1.171336951154690269e+03 -1.284049920299883297e+03
-2.680017126300177097e+03 -1.821959033175481636e+03 -2.168382884262296557e+03
-3.237726930360862752e+03 -2.862671351258879440e+03 -4.023257291080438790e+03
-2.069328628703450704e+03 -1.641421322883571293e+03 -1.962840737357765647e+03
-2.786744976910980768e+03 -1.319588624994332122e+03 -1.414786464079870711e+03
-2.503322999986568448e+03 -9.529594808849185483e+02 -8.080360483859706164e+02
-2.710147133666147511e+03 -1.981219972620951239e+03 -2.104429696288871128e+03
-4.145576961508109889e+03 -3.934004978330827726e+03 -4.256909639265268197e+03
-2.686799984126758773e+03 -2.938999463989267497e+03 -3.723167355648695320e+03
-2.195415850190217498e+03 -8.697733836814795723e+02 -1.231472906355398209e+03
-2.550081794845135846e+03 -3.074084494291761985e+03 -3.833344855717624796e+03
-2.449882862311635108e+03 -2.994862728552057888e+03 -3.673598432927225986e+03
-3.165224019997803680e+03 -2.469861846055688602e+03 -2.550912414494884160e+03
-2.759483822263298407e+03 -1.310216697945348869e+03 -1.313226745783259730e+03
-4.136171858832784892e+03 -3.212399133176225860e+03 -2.843730747323074866e+03
-2.684781477368049309e+03 -2.730456058968024536e+03 -3.407489321068854224e+03
-4.470717826988665365e+03 6.197020497792476590e+02 3.878402665423242865e+02
-3.071266860431358509e+03 -2.815506237219101877e+03 -4.374190860399703524e+03
-2.978099715430104425e+03 -2.790320142448565548e+03 -3.695340639224791175e+03
-3.021537167833044350e+03 -2.993902170828987437e+03 -3.881071986707307133e+03
-3.169914501437945091e+03 2.629139416042976336e+02 -2.774852537061960902e+02
-2.909646405759684058e+03 -2.883662084580968440e+03 -3.803360652551584280e+03
-3.452559306493025360e+03 -4.070398023566881875e+03 -4.960460719127246193e+03
-3.170561556397264212e+03 -2.866178059373768519e+03 -4.204023116144549931e+03
-2.408095804347734429e+03 -1.331012619578152680e+03 -1.399182337047212968e+03
-2.336733061514426936e+03 -6.809102808517790208e+02 -1.015966526732112470e+03
-3.298110918436646443e+03 -2.870251818513681428e+03 -4.023735196892660952e+03
-1.722304401616267114e+03 -2.866764345879039865e+03 -3.886321961764224852e+03
-4.121055090245545216e+03 -3.441199668866749107e+03 -3.758442599150957903e+03
-1.575229281416193089e+03 -2.650666302811408514e+03 -3.147849401331390709e+03
-2.831444261231019937e+03 -2.245563759320396912e+03 -2.125533155960162730e+03
-1.895729638209294990e+03 -2.574248631972906423e+03 -3.500055183617965668e+03
-4.310602417884307215e+03 -2.052042016555920327e+03 -3.173554490791969783e+03
-4.985997391026590776e+03 -5.048015236869329101e+02 -1.788411336610540729e+03
-5.808337796272160631e+03 6.872658236754463132e+02 1.559921216126073205e+02
-2.183541570448498533e+03 -3.428146923308707301e+03 -4.748503013531539182e+03
-3.249515235164925798e+03 -2.918282675343118171e+03 -4.144228438094418379e+03
-2.896520188047656575e+03 -2.980797614583256745e+03 -3.817664097964438952e+03
-3.780161704911786728e+03 -3.848363718737348336e+03 -4.397696066780389629e+03
-2.702770866465240942e+03 -3.056462272398342066e+03 -4.053620552182300344e+03
-3.085410439892230897e+03 -2.974477694471755512e+03 -3.998437766909936272e+03
-2.837422864350352484e+03 -2.862099593076909514e+03 -3.606424047022844206e+03
-3.159660910236748350e+03 -2.683171155898074176e+03 -3.747936110399575682e+03
-2.880979965391543374e+03 -3.151021578420675723e+03 -3.467621713257732154e+03
-2.787340993304951553e+03 -2.749085468650202529e+03 -3.507539690497043921e+03
-5.631599204238242237e+03 -1.397026550164468972e+02 -9.788691866273716187e+02
-2.077815156820518041e+03 -2.261873833754776570e+03 -3.471666533540682849e+03
-1.843164195925733338e+03 -3.395873285708799813e+03 -4.548949144895208519e+03
-3.305266761953916102e+03 -3.124063780121784930e+03 -4.087900902713417963e+03
-2.378009500232146820e+03 -2.935158219508715320e+03 -3.964979823023229073e+03
-5.435701556512414754e+03 -3.811852936776193701e+02 -1.610024194288879244e+03
-3.233976476652819656e+03 -3.496276651936161215e+03 -4.145798371563686487e+03
-1.443083566376935323e+03 -1.811706893768095142e+03 -2.348489043927208513e+03
-2.163629787077964920e+03 -2.816011181571599536e+03 -4.123506663262230177e+03
-2.566735706557505182e+03 -4.535353062069497355e+03 -2.746587020727866275e+03
-3.084155967214044722e+03 -3.474200890824038652e+03 -4.044758712011926946e+03
-2.111149591891117780e+03 -1.206838159901881454e+03 -1.326123084976202563e+03
-3.106833263124598034e+03 -3.361974607960630237e+03 -3.990876327953882083e+03
-2.544314312428816265e+03 -2.855275043146476492e+03 -3.619954600581191698e+03
1.315720329288357789e+03 -5.302941485203580669e+03 -1.356545434573528382e+03
-2.953422720969341299e+03 -2.622770292801618780e+03 -3.546826510650579166e+03
-2.828198079288994904e+03 -2.938108317272954991e+03 -3.726877681068368929e+03
1.009844834360985715e+02 -5.834110336416800237e+03 -2.263038585933742979e+03
-1.822074086518910917e+03 -2.244330959086448729e+03 -3.066187002688676330e+03
-1.891402933267676872e+03 -2.253018321288882362e+03 -2.932665468768088886e+03
-2.978238021567964097e+03 -2.778532498912159099e+03 -3.629617338127417042e+03
-2.642681006204319601e+03 -3.708701607845649050e+03 -3.515437148438243639e+03
-3.543764884157346387e+03 -1.966221283901730658e+03 -1.609524436163902010e+03
-2.913040273865930885e+03 -3.084572316723852964e+03 -4.169340258774485847e+03
-2.729674869870756993e+03 -2.965407222630234173e+03 -3.849688689791169054e+03
-3.022677774316084651e+03 -3.131051301022183907e+03 -4.271390454545084140e+03
-2.673224786889402822e+03 -3.172770024197008752e+03 -3.630720098964875433e+03
-3.042678654261385418e+03 -2.682680183357099850e+03 -3.340843637718674927e+03
-6.414240451336233491e+03 -3.132103888125572212e+03 -4.570594629452526533e+03
-2.536164853761464656e+03 -3.024575032159013972e+03 -3.813649112156505453e+03
-3.448914088675805942e+03 -3.394155929183124954e+03 -3.056615791470238946e+03
-3.067359510012196552e+03 -3.242613883230334068e+03 -4.281980917434216281e+03
-1.331713530567024236e+03 -1.083442381298123564e+03 4.170217110071061143e+03
-2.758949950783746317e+03 -2.876314856255437917e+03 -3.576972642066932622e+03
-2.761647286649537818e+03 -3.043516347345190752e+03 -4.035282878506348879e+03
-7.759415834023403477e+03 -1.928816058472219993e+03 -1.789956480818424779e+03
-4.199081211162039835e+03 -2.805518412830310353e+03 -2.418378848521258988e+03
-3.135724795325775631e+03 -3.340176625543310820e+03 -4.060636775769711221e+03
-3.051956797816870676e+03 -3.721769914148723728e+03 -4.254011707887188095e+03
-2.939213196816445816e+03 -3.082300449695867428e+03 -4.080088144181386269e+03
-2.580047442856414818e+03 -2.768447145447014918e+03 -3.434384554893197674e+03
-2.747282705833253658e+03 -2.329906798654620616e+03 -2.121485117548350900e+03
-5.755164587310872776e+03 -2.055115560679664668e+03 -1.186383228093637626e+03
-7.113058274040303331e+03 -2.924607138867750109e+03 -4.757718647770380812e+03
-7.471497889565306650e+03 -1.134717070052608960e+03 -1.005042236668665282e+03
-2.801818438834919561e+03 -2.237186788936531684e+03 -2.923623285904045588e+03
-2.899671142159168994e+03 -3.377549059006289099e+03 -4.125218337811095807e+03
-2.718937878465484573e+03 -3.906671537250590518e+03 -1.561283445459533368e+03
-4.597717157468906407e+03 -2.585630869712342701e+03 -2.019086779620012749e+03
-2.143418719696879180e+03 -2.429182466081734674e+03 -3.256759091496126075e+03
-2.783079772790260904e+03 -3.373853207141685289e+03 -4.163578636223246576e+03
-2.711788810270501472e+03 -3.074135217443813417e+03 -4.169348640821287518e+03
-2.748562877216190373e+03 -3.909849074079577804e+03 -1.417690629203049411e+03
-2.480567824901699169e+03 -3.485898862633415774e+03 -3.757458074073921580e+03
-2.902904360225699293e+03 -2.986848672011416511e+03 -3.835386261905080119e+03
-6.437230121736580259e+03 -1.801804821075382506e+03 -1.590225668096766867e+03
-1.675932539211515859e+03 -3.757142995063080889e+03 -4.417830367596699944e+03
-2.740865310638115261e+03 -3.282308085550107080e+03 -4.031374235804967611e+03
-3.049215680372838506e+03 -3.684042123517495838e+03 -3.512245396678331417e+03
-5.727504309807192840e+03 -2.078241795306674248e+03 -1.875873103806716699e+03
-1.843611758861205544e+03 -3.916927309829817204e+03 -4.039715794005753651e+03
-3.123567109606981830e+03 -3.413508709126570011e+03 -3.280078222592855127e+03
-2.348878242112196858e+03 -2.551055782671565339e+03 -2.893239871081069850e+03
-3.187562131196526934e+03 -3.631176065291660052e+03 -4.183919079359016905e+03
-3.208410571654852902e+03 -3.518439518163235789e+03 -3.157937680649927188e+03
-2.995505148716039457e+03 -2.962027082957662060e+03 -3.788699332349550332e+03
-2.937094305907205580e+03 -2.815757556604327419e+03 -4.013811443347722616e+03
-6.878091580163014441e+03 -1.499933878252814338e+03 -1.226665075400752812e+03
-8.748600958591581730e+03 -1.985256191007436200e+03 -2.121669458319262958e+03
-2.816568606435361289e+03 -3.492764870324138428e+03 -4.111817316121764634e+03
-2.908238943638040837e+03 -3.197844447018768733e+03 -4.184639954632508307e+03
-6.614889615384279750e+03 -2.294762502898111052e+03 -2.134127365182030189e+03
-2.840262851274205786e+03 -3.320498993322680690e+03 -4.120392300485575106e+03
-2.926270721022929592e+03 -3.735720153797798048e+03 -4.262816056346224286e+03
-2.882911470607020419e+03 -3.042127827988638273e+03 -3.973627679308658571e+03
-4.165991983950648319e+03 -2.776319218777060541e+03 -2.600589929063006821e+03
-2.918257098734363808e+03 -2.755991415521224553e+03 -3.897723064756688927e+03
-3.100863691728936374e+03 -2.139788796264707344e+03 -3.068092755334944286e+03
-2.923689488736114981e+03 -3.375160124301420637e+03 -4.220230588338326015e+03
-5.008460093438692638e+03 -2.157214153181492748e+03 -1.543327489735595464e+03
-1.765810365812571490e+03 -3.982060082174011768e+03 -4.170795048792490888e+03
-2.798980613761796121e+03 -3.290752760532060165e+03 -4.242395302501241531e+03
-2.943395519984183011e+03 -3.806366346554264965e+03 -4.250405559589425138e+03
-2.121409519477268987e+03 -2.291645083445703676e+03 -3.422361692134932127e+03
-2.705881489496718132e+03 -3.516685637153113930e+03 -4.140020155530923148e+03
-3.162128699462911754e+03 -3.372574885689899475e+03 -3.060165466661686423e+03
-2.253174395762515360e+03 -2.356273211482180159e+03 -2.939903123459495873e+03
-4.177706248737451460e+03 -3.821541080140042595e+03 -4.219157212050812632e+03
-7.663720366947703042e+03 -2.602416198335614808e+03 -4.231038402953543482e+03
-9.617387668344212216e+03 -2.306421585087051426e+03 -2.691464578996548880e+03
-3.307166344126861986e+03 -3.408823202866245992e+03 -4.043876039557109380e+03
-2.791929420122955889e+03 -3.373338853395652222e+03 -4.114881903092237735e+03
-2.605786192915556057e+03 -2.978436620269733794e+03 -4.219719235286343974e+03
-2.646789071145542039e+03 -3.680860713328771453e+03 -4.076793027645970142e+03
-2.645179592848002358e+03 -3.841273726669611278e+03 -4.277839807734422720e+03
-2.665500305902975470e+03 -3.522787974390437284e+03 -4.071357575846808686e+03
-2.472360352025419161e+03 -2.899695394343088992e+03 -3.844286516119685984e+03
-3.171124239930039039e+03 -3.500307799721527317e+03 -4.092228412162853601e+03
-2.516726116285947683e+03 -3.454216005698490790e+03 -4.028038219610091346e+03
-2.748115707772597034e+03 -3.059734838609190774e+03 -4.060957295482023710e+03
-7.034029042022317299e+03 -2.871745586459270271e+03 -4.299668510295979104e+03
-4.527138643519779180e+03 -2.191926600722343210e+03 -1.782190253476653197e+03
-2.670637436184249054e+03 -3.326326557281729947e+03 -3.911363579142882372e+03
-2.696025820559341355e+03 -3.435572103739048544e+03 -3.927976463838264863e+03
-2.812542318356439864e+03 -2.123594986336802322e+03 -2.791331848337819338e+03
-6.168902457874036372e+03 -2.602459902738656638e+03 -4.860097852626536223e+03
-2.533546348723287338e+03 -3.679867247823001435e+03 -4.031939916337877548e+03
-2.508516591717397205e+03 -3.473973411993243644e+03 -4.112045130144428185e+03
-2.514652957617110133e+03 -3.821875466656048957e+03 -4.179310177003638273e+03
-2.266849827307523356e+03 -3.755741335858900584e+03 -9.710992381054516045e+02
-2.963153493954311671e+03 -3.806013008038227781e+03 -3.694008102433752356e+03
-3.137778943417496521e+03 -2.180294859342350264e+03 -3.011909597763244165e+03
-2.385107793364222289e+03 -3.511327524668882234e+03 -4.013189099970380084e+03
-2.515810554075531400e+03 -3.037260792527708418e+03 -3.784427668085093956e+03
-1.229225495216588115e+03 -2.041277489071830360e+03 2.649559937038748558e+03
-2.512258156013502230e+03 -2.965140831884590170e+03 -3.879383801650877103e+03
-2.572876702849030153e+03 -3.733477882272087754e+03 -4.172455191097782517e+03
-9.238688567488401304e+02 -1.882050158848323690e+03 2.923751823319835239e+03
-2.662596118739858412e+03 -3.425505881535078970e+03 -4.060166068589531733e+03
-2.524470031339791603e+03 -3.778553081517003648e+03 -4.142417553138331641e+03
-2.571602946880624131e+03 -2.761942391715329904e+03 -3.890125436619647644e+03
