-1.884398130554790896e+03 -3.453186287235580494e+03 -3.902737569159713985e+03
-2.247998098753077102e+03 -2.549952222818321843e+03 -4.363751758395565048e+03
-1.640357378010488219e+03 -1.071382443480429174e+04 -1.211360616100976131e+03
-2.230355869530311793e+03 -2.318120252334022553e+03 -2.831370454801803589e+03
-3.327746047184415147e+03 -1.641399073491342506e+03 -6.494246025780924356e+03
-2.612197308905137561e+03 -2.752001375517106680e+03 -3.489590855174305489e+03
-2.862060031312654701e+03 -2.421358371908285335e+03 -4.160840907300706021e+03
-4.225062132513590768e+03 -2.227509967519705242e+03 -3.894844534730917985e+03
-2.873564099613713552e+03 -2.347418957865324955e+03 -3.708313248891096009e+03
-2.711052896781615800e+03 -2.634904256130252179e+03 -3.628395215438948981e+03
-2.536593417574538762e+03 -2.758366296602083366e+03 -3.302568058899506468e+03
-2.246600122004656896e+03 -2.856539218463086854e+03 -4.330583647360742361e+03
-2.684756240784673082e+03 -2.314274459457431476e+03 -3.175448373513371735e+03
-2.891708051316554702e+03 -2.373160370292359858e+03 -4.459982325570164903e+03
-2.691756004637832575e+03 -2.940997008889280551e+03 -3.778285318675653343e+03
-3.263371394277922263e+03 -2.893973947337324717e+03 -3.168636720083242380e+03
-2.177975325941185929e+03 -2.671408476250495369e+03 -6.921940228117634433e+03
-2.556310581078577343e+03 -2.419346814898133744e+03 -7.479519391329797145e+03
-2.803233819680709075e+03 -2.376640687231260927e+03 -3.091084432238493264e+03
-2.640841497357131630e+03 -2.547466996091535293e+03 -3.403212463266973373e+03
-2.236222717913196902e+03 -2.795925878397787983e+03 -4.287897571597881324e+03
-2.376688686128392874e+03 -2.755277757461716192e+03 -3.260014891203878506e+03
-2.945126084772008198e+03 -2.496105616291523802e+03 -3.372880156587702459e+03
-3.005585717687028591e+03 -2.089512488323207890e+03 -5.902820521510287108e+03
-7.704094446241003880e+02 -3.037768278365218976e+03 -5.048783626150472628e+03
-2.487901091080173956e+03 -2.782039622064781270e+03 -4.045177875336270517e+03
-6.951201321034417560e+03 -2.942565336269181898e+03 -1.692563167442522854e+03
-2.193524802701707813e+03 -1.256929104057109726e+03 -5.260068834383904687e+03
-8.111787185331173760e+02 -1.142747727150589071e+03 -5.696011576118045923e+03
-3.174365293167768868e+03 -2.561072601447037869e+03 -4.035938791335537189e+03
-2.083751880564846942e+03 -2.918328255683096359e+03 -4.860898114168008760e+03
-2.945235568155929741e+03 -2.399794773968040772e+03 -3.328332752167614672e+03
-4.076074861287222120e+03 -2.013058281433553020e+03 -6.876600725827813221e+03
-1.693042698485837263e+03 -3.709507490495684578e+03 -4.683249416383778225e+03
-6.066082442066242038e+03 -3.930471505956191777e+03 -5.257362365765709455e+02
-2.599221909146518556e+03 -2.676219164634861045e+03 -3.523589054130274690e+03
-2.106681691815573686e+03 -2.963584523599733984e+03 -4.259869339358121579e+03
-2.790019234061622228e+03 -2.537941631131886879e+03 -3.011880010289740312e+03
-1.353285742326037507e+04 -2.795640169987769696e+03 -4.567243103188276109e+03
-2.592890551183184471e+03 -2.453982299811833400e+03 -4.085094219736107334e+03
-2.621263065959948563e+03 -3.476613148465329687e+03 -4.756521252402404571e+03
-2.805031940324660809e+03 -2.370590598843732096e+03 -3.481795576355470985e+03
-2.710941469309307195e+03 -2.310489507630687513e+03 -3.180663243477366450e+03
-3.135134383449402776e+03 -1.758287549089146751e+03 -3.063743969705906238e+03
-2.863707816622825248e+03 -2.317288729695873371e+03 -3.822356260113088865e+03
-9.447711767857159430e+03 -5.889740848354977061e+03 4.766461244620950310e+03
-2.502922521034570764e+03 -2.652355933714724415e+03 -4.052082465065943779e+03
-2.581482863477955107e+03 -2.821310284843731552e+03 -3.348871011016798548e+03
-6.230115961370084733e+03 -1.915852131564334741e+03 -2.991663771416452619e+03
-2.876407079274014905e+03 -1.910972627392478444e+03 -2.730535675900333899e+03
-2.805094105854219833e+03 -2.391405342795519573e+03 -3.264971817892436320e+03
-2.678070696573288387e+03 -2.702351869619714307e+03 -3.338622778076353825e+03
-2.215237446369113059e+03 -3.014572478914597923e+03 -4.184398456995590095e+03
-1.095552348284088657e+04 -5.124029911125753642e+03 4.030273107302892640e+03
-1.990114894507709550e+03 -2.923698904349619625e+03 -4.232594130791007956e+03
-2.513049906675105831e+03 -2.433690043094163229e+03 -4.331283496100316370e+03
-6.935999389580475508e+03 -3.158040311770950211e+03 1.238399554307280596e+03
-2.862806737767854429e+03 -2.267689295257088816e+03 -3.125315625736102447e+03
-2.595322829228010960e+03 -2.648305687000621674e+03 -3.411445350936053728e+03
-1.009606253142133755e+04 -4.502843803576151913e+03 2.165664937334491640e+02
-2.753824063065624159e+03 -2.219912719168182775e+03 -3.396307154767023803e+03
-2.484984940428521440e+03 -2.720461456618902503e+03 -3.387395956423845291e+03
-7.160255493025612850e+03 -4.964231084931716396e+03 -4.331536599119546338e+01
-2.952414748531326950e+03 -2.021002266023248239e+03 -6.944144341491590239e+03
-2.351712967513951298e+03 -3.016646621470320952e+03 -3.479030845023398797e+03
-4.903277016265940802e+03 -5.750745762373814614e+03 4.937570980335153763e+02
-2.370805041737019565e+03 -2.806063710845975038e+03 -3.473397347423509473e+03
-4.336189619000609127e+03 -1.844901310869924600e+03 -9.881123034653090826e+02
-2.609275512544036246e+03 -2.916780683828591464e+03 -3.200801315476479886e+03
-2.757013286118929500e+03 -2.411468474678811617e+03 -3.340570281780518599e+03
-2.402355988833805895e+03 -2.756127915696612945e+03 -3.733796924576556194e+03
-2.713151812662258635e+03 -2.429452508622112418e+03 -4.031453228318456240e+03
-2.624950368850639734e+03 -2.649785215463128225e+03 -3.376269873474783253e+03
-2.893169967629495204e+03 -2.860760152641772947e+03 -3.205052289873431164e+03
-1.132117233157783630e+03 -2.219026982393935668e+03 -6.555345410392304075e+03
-6.468945842014582013e+03 -4.119089932943011263e+03 -9.094180217584654429e+02
-4.267607163038551334e+03 -2.945724135482240854e+03 -2.753724630015229650e+03
-8.040607536050972612e+02 -5.784229234536726835e+03 -3.300325307881856588e+03
-2.568555470258500009e+03 -2.631920301597906928e+03 -4.102740932108392371e+03
-1.192508898751267589e+04 -6.326078836887287252e+03 5.207137185709705591e+03
-1.821651692023509440e+03 -2.687203228417337868e+03 -8.273473299831133772e+03
-2.377207605345683987e+03 -2.989858461215802890e+03 -3.698293744277840688e+03
-2.289453960584721699e+03 -3.202749115268790320e+03 -3.967933025226901009e+03
-2.821538079689752976e+03 -2.577385188905646373e+03 -3.416420371056107342e+03
-3.355942580828043901e+03 -1.508772808520736362e+03 -6.422234695867935443e+03
-3.257842928385593950e+03 -2.189937719720793211e+03 -5.856862335344841085e+03
-2.670539145957934124e+03 -1.495939079019506380e+03 -4.233827483746262260e+03
-2.705782898678759921e+03 -2.314813155209236356e+03 -3.217860692211428614e+03
-5.854156648195610614e+03 -3.547326265363388302e+03 -2.691560779052784369e+02
-1.447472991322471444e+03 -9.382989797179852758e+03 -1.812595071165555737e+03
-1.295017776064535838e+03 -2.679199301778959580e+03 -7.309765712803127826e+03
-2.038121152146130498e+03 -2.395170379142254660e+03 -2.951369935485502083e+03
-4.378369870783877786e+02 -2.920742212977253985e+03 -6.116516827130672027e+03
-2.035160729623135239e+03 -3.041836122150685242e+03 -4.906236275715169540e+03
-2.806247985847167911e+03 -2.686748044293142357e+03 -3.451611706986005629e+03
-1.669776532223742379e+03 -2.678108519440204873e+03 -6.659636745064515708e+03
-1.095781507339489053e+03 -1.155732367069924476e+04 -1.029020405979947100e+03
-5.589781633393041375e+03 -3.358582156683773064e+03 -9.690425410657966268e+02
-2.856428704394654233e+03 -1.866161265340771479e+03 -5.664020223504650858e+03
-2.906128482856173378e+03 -2.531285501357660905e+03 -3.475999414853526105e+03
-2.500810799800015047e+03 -2.488809209708930666e+03 -3.569151603444769535e+03
-2.499252252189222418e+03 -2.549481915016429866e+03 -2.822310995063552127e+03
-2.762219965603186211e+03 -2.438086447298705480e+03 -3.094352966001792538e+03
-1.982701868833583831e+03 -8.148186172352942776e+03 3.593353742547507750e+02
-2.468488157640979807e+03 -3.038736058585509909e+03 -4.051383037212672207e+03
-3.000258412906692683e+03 -2.390507018689176675e+03 -4.434351832988671958e+03
-2.808916222292687053e+03 -2.185895171302568087e+03 -3.409789042466609317e+03
-5.085861315334925166e+03 -6.802919971918769988e+03 1.135217756912426466e+03
-2.930345415568143835e+03 -2.366474873945113359e+03 -4.143114586066863922e+03
-2.888444405502820700e+03 -2.375661475718864040e+03 -3.959032742802913617e+03
-2.670832011648973094e+03 -2.672029360211126914e+03 -2.848843081501327561e+03
-2.973934094205505062e+03 -2.376092297369348671e+03 -4.345551621053885356e+03
-2.763712432369390626e+03 -2.345198650475827435e+03 -4.170071347772455738e+03
-2.604858600779943117e+03 -2.469346191492160415e+03 -2.931062748578724950e+03
-2.655355923211568097e+03 -2.706971265343869163e+03 -2.748839432711460631e+03
9.557332653354568492e+02 1.645090188050600091e+02 -9.442536074260162877e+02
-6.510164911887091876e+03 -3.173370704682198493e+02 -4.736446850301937047e+03
-2.983151421472073707e+03 -2.443845166517356574e+03 -4.429729807876077757e+03
-2.914178254773839853e+03 -9.887838776362284989e+03 1.891584069845346221e+03
-2.837330173636924883e+03 -2.259650829586624241e+03 -3.452057054370481183e+03
-2.402924336645566655e+03 -2.849767201483924055e+03 -3.051546912960168356e+03
-1.158674514780661411e+03 -4.475721067273497283e+03 -5.421912461819746568e+03
-2.841392035083509199e+03 -2.547162749722702756e+03 -4.051134198235497479e+03
-4.821594207046818156e+03 -9.898088216802592797e+03 1.229618934350624841e+03
-2.953357042898896907e+03 -2.104959353858864688e+03 -3.536133225150010276e+03
-2.802539226895027241e+03 -2.446853832463651088e+03 -3.899134767761810963e+03
-4.320490714321864289e+03 -3.713982940057880114e+03 -3.160042922074945636e+03
-4.379466403875945616e+03 -1.458008311413246702e+03 -2.659868022795124489e+03
-2.971691000681761125e+03 -1.910419398927258271e+03 -5.937814506536655244e+03
-3.211110430498377809e+03 -8.486219962047287481e+03 6.342897139462714904e+02
-1.725222014088542437e+03 -9.605079379639793842e+03 1.240971071144980897e+03
-2.671534126449775158e+03 -2.103188516440089643e+03 -3.412260472036058673e+03
-4.322827700545800326e+03 -1.058257923071368850e+03 -2.699732599521991233e+03
-4.702490276277416342e+03 -3.508099277760278483e+02 -4.839886802298468865e+03
-2.653491512884308577e+03 -2.103713699428192740e+03 -4.795851592274011637e+03
-9.231941020367548845e+02 -3.286016509796459104e+03 -7.288337668576433316e+03
-2.585593325726212697e+03 -2.549246321195977998e+03 -3.337643699593410929e+03
-2.624442003940530867e+03 -2.383000752341278258e+03 -4.385013267958372126e+03
-5.411477335784004026e+03 -1.206350590415088664e+04 -4.044985649779674077e+03
-2.881436276921903755e+03 -2.646029653276671525e+03 -3.407321865503796289e+03
-5.652614254125569460e+03 -4.379961170458851711e+02 -4.686991604631669361e+03
-2.873314689232047385e+03 -2.590647930402798465e+03 -3.979241107423778431e+03
-2.846696659707468825e+03 -2.580787235891194541e+03 -3.493319575577574597e+03
-2.833237172314740747e+03 -2.699979605872463708e+03 -3.810482009381156331e+03
-2.914320555759257786e+03 -2.613509856499260877e+03 -4.058843965432899495e+03
-5.925814155270706578e+03 -4.412231007924689038e+03 -1.251306568646398318e+03
-4.926283524777189086e+03 -3.258503476726232293e+03 -3.208453846762315152e+03
-2.942357431381046354e+03 -2.523178145998599121e+03 -4.377866492233342797e+03
-9.490778840815917647e+03 -8.114410854725902936e+03 3.326128920273603399e+03
-2.150010717287768330e+03 -8.282907772772501630e+03 5.522491901958870812e+02
-2.532739433360282874e+03 -2.415607884524216843e+03 -4.486053195480945760e+03
-2.684913414888055286e+03 -2.847014817408159615e+03 -3.459362051578656974e+03
-2.883681240839108796e+03 -2.447334549994420286e+03 -3.830783270529537731e+03
-1.142294277097521871e+02 -1.157659743408636677e+04 2.039052457299749676e+03
-2.637380554630291044e+03 -2.399665258534416807e+03 -3.102065908499803299e+03
-2.664542255582970938e+03 -2.378954916384628632e+03 -3.019913130981955874e+03
-5.484455509454630374e+03 -5.317920031142783955e+03 -6.885131387191081558e+02
-2.460517092713617785e+03 -2.625434258809805215e+03 -3.238606273889513886e+03
-2.864227279808971161e+03 -2.628381242535639558e+03 -3.422200258028791723e+03
-2.625506431619825435e+03 -2.529370992088331150e+03 -3.491329840201450679e+03
-2.340065480967818075e+03 -2.648956953717168290e+03 -3.638001371370194647e+03
-2.669917662157552513e+03 -2.709384173053482300e+03 -3.440189671000264298e+03
-5.409971752771132742e+03 -6.189947090787555680e+03 2.041093995039252377e+03
-4.969821112673486823e+03 -9.055481519085511536e+03 1.289756350267731477e+03
-2.406609547388562078e+03 -2.875814123014141842e+03 -4.122622105758764519e+03
-1.631282924954739883e+03 -3.196220678609410697e+03 -5.058311565023342155e+03
-2.403272889212521932e+03 -2.944927476104204743e+03 -3.606221069901997907e+03
-2.326237750706931820e+03 -7.740306703867659962e+03 5.594929048617418630e+02
-3.119508161630631548e+03 -2.056863084865502969e+03 -3.005384914120049871e+03
-2.789070353429262013e+03 -2.388281513577067471e+03 -3.946129769480550749e+03
-2.357067551898554939e+03 -7.982304459612145365e+03 4.666984193002128336e+02
-2.343788303436489059e+03 -2.567870672876388198e+03 -3.434087977833961304e+03
-2.825982695905599030e+03 -2.747570482093939972e+03 -3.395418262633608720e+03
-2.849339903378701365e+03 -2.372476340231909035e+03 -3.877243594467904131e+03
-2.892729965435481517e+03 -1.470590549095098595e+03 -5.278416440101477747e+03
-9.452138699992787224e+03 -8.302902731418262192e+03 2.572902683498767601e+03
-2.688126048351420195e+03 -2.698986976280897125e+03 -3.827409676320200560e+03
4.281266649863075145e+03 -8.330341275427929304e+02 4.702635448610626554e+02
-7.105718764782173821e+03 -6.364637664230642258e+03 -6.821142760905713942e+01
1.374498841615153879e+03 -1.085891695154477384e+04 2.005723844137055721e+03
-2.431960057989315374e+03 -3.668360711397853265e+03 -3.352375343538690686e+03
-2.840882563826171918e+03 -2.571196389046519016e+03 -3.738520085454199943e+03
-1.251992518196553647e+03 -8.466463767350065609e+03 4.420281931624296590e+02
-2.811276711857710779e+03 -2.663618243803710811e+03 -3.863183384226005273e+03
-1.102222037637564881e+03 -3.835566265829515032e+03 -4.311156291791156036e+03
-8.696676955507122329e+03 -9.895433415503997821e+03 1.093269699425142335e+03
-3.119668226718454207e+03 -1.815833041284475939e+03 -3.270102683188239553e+03
-2.711754774592540343e+03 -2.370262676940336405e+03 -4.246254787920815033e+03
-3.340011801563123754e+03 -2.184230787744641020e+03 -4.102841834696306250e+03
-4.334752187283215221e+02 -3.348338766502013641e+03 -6.666846255121693503e+03
-2.116661152838768885e+03 -4.414891225272624069e+03 -3.507812714122141642e+03
-2.581959396772638684e+03 -7.402646199883647569e+03 5.826469105093945018e+02
-6.435333886778296801e+03 -1.329367999975684143e+03 -3.113246330265123106e+03
-1.000287188944660784e+03 -1.013080448595171401e+04 9.688109316846912407e+02
-2.831034944395919410e+03 -2.676977153558328610e+03 -3.741275230807596017e+03
-1.956815345971722536e+03 -3.526995934120929178e+03 -4.327023477537933104e+03
-2.903754229231668432e+03 -2.635765084352476606e+03 -4.342880482243698680e+03
-3.003635311077804090e+03 -1.667362213918572934e+03 -5.792547745748954185e+03
-3.609165862779713279e+03 1.455572792684130263e+02 -5.083100728937027270e+03
-2.567859253512734085e+03 -2.441791216227757104e+03 -4.397235619622709237e+03
-2.642946082738244513e+03 -2.584331001992335587e+03 -4.045468303450443273e+03
-2.940669812081317559e+03 -2.095367146068815146e+03 -3.695702778611364920e+03
-3.224654508282210827e+03 -2.093897301349908048e+03 -3.174418849443801264e+03
-5.646351232003329642e+03 -3.549998765245720278e+03 -2.377852897136504453e+03
-9.502620970841022427e+03 -4.739878822770964689e+03 -1.326483877525448349e+02
-2.797800702692621144e+03 -2.682734658469874375e+03 -3.839246550521591416e+03
-2.592448154212415830e+03 -2.602189921204777420e+03 -3.750473464313481145e+03
-3.187462195432270619e+03 -1.916580596934105870e+03 -3.892344064022189741e+03
-2.238851889890798702e+03 -2.859993880846913271e+03 -4.109514118221555691e+03
-2.883946184968813213e+03 -2.575128609328875427e+03 -4.192116993335614097e+03
-2.348117415701550726e+03 -3.081095907367183827e+03 -4.064363883329923283e+03
-3.034095539051545529e+03 -2.068480360817814471e+03 -3.046911750713523361e+03
-2.781208465439351130e+03 -2.718819444458038561e+03 -3.749531011864715310e+03
-2.842636013603477295e+03 -2.158217513096310995e+03 -3.812553837101341742e+03
-2.326803828061163586e+03 -2.795250631782429082e+03 -4.215637473760641114e+03
-7.163573159946519809e+03 -1.419473879578456490e+02 -1.933495853101831017e+03
-7.904516760361466368e+03 -4.553181911757155831e+03 8.614443562444600957e+02
-8.952652184098056750e+03 -4.777326219786302318e+03 1.141800308282660694e+02
-4.389294924038284080e+03 -2.880924969243466876e+03 -5.151484168841094515e+02
-2.913134198191003179e+03 -2.265842627454229842e+03 -4.467931434889237607e+03
-2.564274623693939702e+03 -2.465803323761157571e+03 -3.928793964522676106e+03
-9.628630884288779271e+03 -3.944406077138561614e+03 -9.593769595768279714e+02
-2.332332400843102732e+03 -2.919330539257799956e+03 -4.224555418616772840e+03
-6.204070103191334965e+03 -1.298091877820566651e+03 -3.503386659308344861e+03
-2.869603176541005269e+03 -2.166676038361139490e+03 -3.777979803685323532e+03
-2.943825413575438233e+03 -2.027360802382830798e+03 -3.756884104412158649e+03
-2.846478614723567262e+03 -8.744419196293050618e+02 -4.739763157183461772e+03
-6.521983349063551941e+03 -9.550511595941658015e+03 5.489898747200495563e+02
-9.778004392659790028e+03 -4.139745716466269187e+03 -1.029617187842925659e+03
-3.487912626553624250e+03 -2.419991896853709022e+03 -2.665324055120022877e+03
-4.847411032163916389e+03 -3.204758872707699538e+03 -1.598128283855822701e+03
-7.482724882208426607e+03 -6.131450647334350833e+03 -3.904200328115678076e+02
-9.101965728271419721e+03 -3.371394590042662003e+03 -1.614426486652152562e+03
-8.630184273767819832e+03 -4.543138231046874353e+03 3.838214831550256463e+02
-9.837449051367839274e+03 -2.261002864637453058e+03 -2.802678150307734995e+03
-4.200612101260494455e+03 -7.163267939497309271e+03 -2.223564592382259889e+03
-2.491874222120822651e+03 -2.623255436906918931e+03 -3.967022766373305785e+03
-2.848761804342756477e+03 -2.340346332538008028e+03 -3.659726440605646076e+03
7.974953626398672895e+03 -9.318045202197701656e+03 -4.537096111392517741e+03
-2.590340897600990502e+03 -2.525550560185754875e+03 -3.870378592251505324e+03
-2.123615977487321288e+03 -2.996491008096678343e+03 -3.040627632896072100e+03
-2.838359744969097846e+03 -2.653488784290033891e+03 -4.433367014518244105e+03
-2.425851368513082889e+03 -2.685671924044879233e+03 -4.080344633045548107e+03
-2.562796048127836912e+03 -2.598212935199625463e+03 -3.778262421582236129e+03
-2.762298560401356553e+03 -2.211388544060521781e+03 -3.742392371058493154e+03
-5.329923776362946228e+03 -3.271602971231992342e+03 -4.340966006745530308e+02
-2.598149402416406701e+03 -2.554982487065545683e+03 -3.887111381325188177e+03
-2.588046851439217789e+03 -2.631313316247372313e+03 -4.056239362890234588e+03
-6.481220330190307322e+03 -6.736677487068493065e+03 -1.466217349738570192e+03
-5.396130805328702991e+03 -3.382344749428802515e+03 -2.345198751647833888e+03
-2.710723026993988242e+03 -2.397776889390561337e+03 -3.845088783552163477e+03
-2.667826264875342531e+03 -2.532769710532691533e+03 -4.101383767268944212e+03
-3.075454747249370030e+03 -2.161392726370154378e+03 -3.266396253806065488e+03
-2.722957790908066727e+03 -2.109858037311822045e+03 -1.769999427827478485e+03
-3.296560284054360636e+03 -1.986091451466427770e+03 -3.198443363061943728e+03
-2.568242482912862215e+03 -2.550213880116009477e+03 -3.822250078943288827e+03
-5.146308026422409057e+03 -3.195655888458311892e+03 -5.641169494740372556e+02
-2.735970971841406936e+03 -2.194745616104170495e+03 -3.436962110365154331e+03
-2.790103990890675959e+03 -2.385518867896539632e+03 -4.391822872202661529e+03
-2.693525658445324552e+03 -2.546228317643915489e+03 -3.560206035359299676e+03
-2.837036732783853950e+03 -2.163171917959984512e+03 -3.823167813095526981e+03
-2.469272133924180253e+03 -2.778224671706163917e+03 -4.366658764805824831e+03
-4.179516165804571756e+03 -6.106937403856985839e+03 -2.876538111792428936e+03
-2.686906940497563482e+03 -3.102803923496522657e+03 -3.158656328629086602e+03
-2.496257173709567269e+03 -2.869604140201126484e+03 -4.228902274025144834e+03
-5.607271550844080593e+03 -6.170079780690829466e+03 -2.242592057134528204e+03
-2.615836992419344824e+03 -2.406083721469939519e+03 -4.290405373546483133e+03
-7.717663334269481311e+03 -4.872159206234520752e+03 1.133753542474440792e+03
-2.753119365365083922e+03 -2.634223138849115912e+03 -3.785087884021595983e+03
-2.763255333363871614e+03 -2.408234978510283781e+03 -3.688462467833440769e+03
-5.718518402417941616e+03 -3.683149893544052702e+03 -2.900376710127527076e+03
-2.554126639637418521e+03 -2.626036766096630345e+03 -3.919360515954751463e+03
-2.780913601446256507e+03 -2.446601465672973973e+03 -3.644947606175895999e+03
-2.880317869991010411e+03 -2.239742427623278672e+03 -3.698775341731557091e+03
-8.384461648740874807e+03 -4.477934129662040505e+03 -2.756183603745606092e+02
-2.932578191420815529e+03 -2.086495000868017996e+03 -3.787219370268104740e+03
-2.882985968933335698e+03 -2.447660538235423701e+03 -3.620748316047509434e+03
-3.824624217747174043e+03 1.115632799087732565e+04 -2.361504064299972924e+03
-4.933303999847017622e+03 -3.510124959524689984e+03 -2.139333790342419888e+03
-1.497641659729207277e+03 -3.194560560854425148e+03 -6.076403589505171112e+03
-4.684689441534077559e+03 -2.029424369276726111e+03 -3.830413692051497037e+03
-2.690809183757261962e+03 -2.875313384514505287e+03 -2.662925888935518742e+03
-5.124614963072692262e+03 -3.206360049221265399e+03 -1.841967488652252541e+03
-2.383053224033777951e+03 -2.771491886750847243e+03 -4.266424540638886356e+03
-5.650659075444352311e+03 -2.382956632518942570e+03 -2.725177591273191865e+03
-2.655937903607526096e+03 -2.680221263413187444e+03 -3.868626883099363567e+03
-2.464768102012651070e+03 -2.926007251920571434e+03 -4.219368175675857856e+03
-2.684040880876721985e+03 -2.824474602802139998e+03 -4.078566370888084293e+03
-9.289639052509048270e+03 -3.525715511148257519e+03 -1.085753823400946203e+03
-3.003764299023071089e+03 -1.707704887955003414e+03 -3.672619650159930188e+03
-9.120852285949717043e+03 -2.724291615071882461e+03 -1.903100423485124111e+03
2.481576890686908428e+02 -2.063582056770878808e+03 -3.051411581946150363e+03
-6.092271357737240578e+03 -2.023559225550312021e+03 -4.208281004223575110e+03
-5.135820806811996590e+03 -3.220441293492949626e+03 -5.455629083012786396e+02
-2.718037899477918927e+03 -2.309211311012955775e+03 -3.719046461990794796e+03
-9.099569094414155188e+03 -4.278849797276050595e+03 7.108001056401406004e+00
-2.583559795023589231e+03 -2.541451666442180340e+03 -3.824603189121523883e+03
-8.972407083857620819e+03 -4.518366179715722865e+03 -3.482757224008506682e+02
-4.980184713198383179e+03 -2.365126254926440197e+03 -3.609506324150565888e+03
-2.503424141675989631e+03 -2.875903182249624479e+03 -4.309894572172635890e+03
-2.318563321905174689e+03 -2.996420608121248279e+03 -3.892649142324576133e+03
-3.098035087283100438e+03 -1.698360588916025335e+03 -4.150792598164640367e+03
-1.172123087892719013e+03 -2.620343031839228843e+03 -4.892411409876296602e+03
-3.718909342419060977e+03 -1.860157905427066680e+03 -2.383948920705079672e+03
-3.670927565441025308e+03 -2.902262825051915570e+03 -3.129651228399192860e+03
-2.321560651135554508e+03 -3.063098255036815317e+03 -4.083980393310262571e+03
-2.502789953570112630e+03 -2.709938121223496182e+03 -1.861385447574703448e+03
-1.758225603649789718e+03 -2.428935536201186096e+03 -2.498900559602057911e+03
-2.458277593597130817e+03 -2.701492851781637910e+03 -3.885377621444287797e+03
-2.270677484516394543e+03 -2.949263861679336969e+03 -3.656307003669343885e+03
-2.760558554678071687e+03 -2.751724327128295045e+03 -3.146251653235605772e+03
-3.252887223323513808e+03 -1.933927037972536937e+03 -3.708178646284628485e+03
-3.240133501398316184e+03 -2.102541651537423149e+03 -3.557649372262800625e+03
-2.907525100931882207e+03 -2.718755773061443506e+03 -3.380436522002536094e+03
-2.492683609372589672e+03 -2.760602611303172580e+03 -3.569639572800631868e+03
-3.741002314011249837e+03 -3.075874888885462497e+03 -3.424482898799801205e+03
-5.556363168874531766e+03 -5.940110095163716323e+03 -4.676181494323098377e+03
-7.141888078246455734e+03 -8.127420341702621045e+03 -3.321750790164286627e+03
-3.720735199626652502e+03 -5.925997266389758806e+03 -4.006002123825893250e+03
-2.763350373748094171e+03 -2.728880198812082654e+03 -4.150526120139981685e+03
-2.947105369169385540e+03 -2.737715475016380424e+03 -3.222431435560751652e+03
-2.632777275908817501e+03 -2.732064769643046020e+03 -4.107668703585640287e+03
-2.323675810021309644e+03 -3.121395936489143423e+03 -3.860609136221652079e+03
-3.475877435497664919e+03 -1.799998063890653384e+03 -2.031798762467040888e+03
-2.750869274721208058e+03 -2.787631639347740929e+03 -3.318430674423958408e+03
-2.382495167722629958e+03 -2.942044955723003568e+03 -3.312420260767158652e+03
-2.834644086842198249e+03 -2.762414249529459084e+03 -3.392532774866777800e+03
3.189712639713889075e+01 1.220690272414872197e+03 -2.544944909728556922e+03
-2.660970224045961004e+03 -2.739996567905208394e+03 -3.289643641680822839e+03
-3.818430416940201212e+03 -5.923480482654455955e+03 -4.167332321423196845e+03
-3.733154875001932851e+03 -5.064707529566301673e+03 -4.133473840721710076e+03
-2.784528996893778185e+03 -2.591819234359937127e+03 -4.212031106694415030e+03
-3.288020175460149403e+03 -1.948858174666348077e+03 -2.121114240808700742e+03
-6.547225788081188512e+03 -6.974344927691970042e+03 -2.896414012137547161e+03
-2.397270802399567401e+03 -2.032116258601389291e+03 -2.524618465051567000e+03
-2.460463267228883979e+03 -2.617804410219927377e+03 -3.267854674235678431e+03
-2.721301748635001786e+03 -2.575430656823554273e+03 -3.562651677553519221e+03
-2.369640711232257672e+03 -2.992359388414884506e+03 -3.640690256965125627e+03
8.605992569966851079e+03 5.990280409548857278e+03 -5.050965790087806454e+03
-2.183741919881649210e+03 -2.951148997874243378e+03 -3.814557087151415544e+03
-4.390067490139123038e+03 -6.595627747255647591e+03 -3.718680482670214133e+03
-2.533313644951238530e+03 -2.974247025194596063e+03 -4.124313332230303786e+03
-2.788480264021929088e+03 -2.737738098156739397e+03 -3.890023084837828719e+03
-3.242689313373199639e+03 -2.142418613883181933e+03 -3.572106284918673282e+03
-2.351404946169292089e+03 -3.037460796071899495e+03 -3.915035298159695685e+03
-3.868937998371404319e+03 -5.345590425216463700e+03 -4.594846618110547752e+03
-2.353749929569854885e+03 -3.173284968447690062e+03 -3.727440190521408567e+03
-2.678534692975238613e+03 -2.382496866173126364e+03 -3.807685743555975023e+03
-2.863325129256345008e+03 -2.914063755435477560e+03 -3.693753601210112720e+03
-4.017755809198481529e+03 -5.666345207763341932e+03 -4.207997046429922193e+03
-2.273890132857072786e+03 -3.009363450031514731e+03 -4.132614612334027697e+03
-2.792702421890962796e+03 -2.743777594691415288e+03 -4.108259243977156984e+03
-2.990645898738914184e+03 -2.671080102945728413e+03 -3.644578462090466928e+03
-8.327315584476018557e+03 -2.135018298127728031e+03 1.289106460949311668e+03
-2.883388844940619947e+03 -2.735553718272931746e+03 -3.124459800201303551e+03
-7.780680049045234227e+03 -4.298997242377474322e+03 -1.320571176867010763e+03
-3.988476767648503028e+03 -5.721440390964397011e+03 -4.225044730469589922e+03
-2.274678717501801202e+03 -3.079819104167228033e+03 -3.769411533227653763e+03
-2.286961922137872079e+03 -2.977693558673491680e+03 -4.139058256060700842e+03
-2.111374798055483552e+03 -2.309242404020345020e+03 -2.379665711905126500e+03
-2.604491167673052132e+03 -1.838264067163106120e+03 -4.941866000831709243e+03
-2.512808870024601674e+03 -2.574778412630877483e+03 -4.409655587190489314e+03
-2.787726004716175794e+03 -2.781954669246586036e+03 -3.037090039096744476e+03
-2.401819424650562269e+03 -2.750927758752418868e+03 -3.846750469880816127e+03
-2.815262233020516305e+03 -2.700567282893073298e+03 -3.536052515893424243e+03
-2.286435347806877417e+03 -2.615048121283516593e+03 -4.425857233701977748e+03
-2.573607474453977375e+03 -2.507571644154535079e+03 -3.923266627582657293e+03
-7.709474866732703049e+03 -3.765753012993166067e+03 -3.824645611202105897e+02
-2.496416155635308314e+03 -2.908099177416444491e+03 -4.144407089701335281e+03
-2.276449804853132719e+03 -3.003169092975521380e+03 -3.985163090935139735e+03
-3.844066945271468740e+03 -6.036768059596844068e+03 -4.185627441770460791e+03
-2.205832180683594288e+03 -2.952300396386053308e+03 -3.476930962878687751e+03
-2.176333742172976145e+03 -2.916596085869493436e+03 -3.966864883523106982e+03
-2.593610327302862970e+03 -2.710770851404744917e+03 -3.233235044289398047e+03
-6.263517042455047886e+03 -5.981049540898192390e+03 -4.057218493740208032e+03
-2.805700973079506184e+03 -2.765406865269168975e+03 -3.093527889396140381e+03
-2.757498354431654207e+03 -2.662693295524024961e+03 -3.265847674252370325e+03
-7.937421176789245692e+03 -1.599070509926076966e+03 -2.962395042150328209e+03
-6.737114628462819383e+03 -4.858026027939353298e+03 -4.353592980611987514e+03
-7.338115658250934757e+03 -4.015940338736939793e+03 3.712267201509847609e+02
-7.287513597176188341e+03 -5.842631438498136959e+03 -2.043230262578502334e+03
-2.300464615642339595e+03 -2.827577182549842746e+03 -3.473118448646067009e+03
-3.760877460766818331e+03 -5.982972973848725815e+03 -4.100585161513570711e+03
-2.276913516457139849e+03 -2.883049317485266329e+03 -3.804224789182765107e+03
-9.827683885114964141e+03 -6.500570890580018386e+03 1.743480157855955895e+03
-2.764451135968917697e+03 -2.404727315128994633e+03 -4.672995285637322922e+03
1.555879402370314892e+03 -1.193191016359175592e+03 -2.467994978375542814e+03
-2.310630524754744329e+03 -3.063353626226600227e+03 -3.646254269940188351e+03
-4.871909097787483915e+03 -4.599275391692629455e+03 -4.107408183636325703e+03
-3.047185506746061037e+03 -2.332980320860814572e+03 -3.986402441716410067e+03
-7.963180013765601871e+03 -7.197171061214553447e+03 -2.287463246953468115e+03
-3.577851268132155838e+03 -6.325262560974721055e+03 -3.565515497242558922e+03
-6.212803593381425344e+03 -6.567373158548160973e+03 -3.327766246333836534e+03
-3.697516438680597730e+03 -4.682179743627362768e+03 -4.615821705660779116e+03
-2.489634539236466480e+03 -3.105191470533197389e+03 -3.938855877410190260e+03
-8.690188222529225186e+02 -4.768146009734809923e+02 -2.667363291580581517e+03
-2.432433988947231683e+03 -2.707562384469843892e+03 -3.055860059232576532e+03
9.141532802003787310e+02 1.229565948330080573e+03 -2.553644203470100820e+03
-2.282720409489537872e+01 3.400359543169983681e+03 -2.660292581287025769e+03
-2.376595943482933762e+03 -2.853430589248278466e+03 -3.866538499040356783e+03
-2.289081659874264005e+03 -2.648823697883581190e+03 -3.327651963522139795e+03
-2.596755650136717577e+03 -2.345444525391044863e+03 -3.156582070309733808e+03
-2.405641689873991709e+03 -2.894921769853928708e+03 -3.903459952608961885e+03
-3.284855406695349302e+03 -2.020741277843336775e+03 -4.375468284348857196e+03
-1.384326414725679570e+03 -7.517704455232184046e+03 -3.549776573848756016e+03
-2.494457740241200554e+03 -2.714798972327796491e+03 -3.358535336836806891e+03
-2.471829925262889446e+03 -3.045703569271845481e+03 -3.859860763285254961e+03
-3.517066820834538703e+03 -1.186160526783112573e+03 -2.933453060431562335e+03
-2.435634649164628627e+03 -2.706577121060138325e+03 -3.322176684474993181e+03
-2.796854157829899577e+03 -2.712157088714495785e+03 -3.338880440100937449e+03
-2.845601726640950801e+03 -2.212040044753996426e+03 -3.222310839542388749e+03
-2.698949305598077899e+03 -2.656754114998426758e+03 -3.226734814779017142e+03
-2.803012745884237120e+03 -2.586788980733099379e+03 -3.014725746081006037e+03
-2.534095847656813476e+03 -2.579872116739676130e+03 -3.268243233937464993e+03
-2.385579439547806487e+03 -2.785248503764669294e+03 -3.479261376675045085e+03
-1.504181389847365153e+03 -1.173302564753725619e+03 -3.878138552508719840e+03
-2.488002302344388681e+03 -8.541565432838980996e+03 -2.753540129128214176e+03
-2.226279097668851591e+03 -9.854851069068739889e+03 -2.089241963583680445e+03
-3.834808686939204563e+03 -1.467498924402754255e+03 -4.675473994224932540e+03
-2.633523403267322010e+03 -2.861788620981565145e+03 -3.502946939712971016e+03
-7.105383486360216011e+03 -3.427606334520617111e+03 1.375665387437808931e+03
-4.955467298440169543e+03 -1.051892000581994216e+04 -7.853667901056155642e+00
-2.697995919623508144e+03 -2.699909100784210295e+03 -3.025275153757694625e+03
-2.163602743771113182e+03 -6.921683372145103931e+03 -3.244218191197067881e+03
-3.206255199140629884e+03 -1.584263884141791323e+03 -3.375906947578368090e+03
-2.780845706635161605e+03 -2.544016073209065325e+03 -3.376579488406400742e+03
-2.797180523258356970e+03 -2.485523131623222071e+03 -3.493410941980191183e+03
-1.952072887249195219e+03 -3.425745130219237126e+03 -3.990936471504753172e+03
-2.633793587537159510e+03 -6.879354367253562486e+03 -3.002054744229763855e+03
-2.777805171106785565e+03 -2.972667526496697974e+03 -3.411475518221649054e+03
-3.548880366753598537e+03 -1.221987925620091346e+03 -5.084589053965503808e+03
-2.747974234514847012e+03 -2.555367919474072551e+03 -3.436760738432689323e+03
-2.803420567625781587e+03 -8.031140872196630880e+03 -3.359272327213237077e+03
-1.389519877672213170e+03 -3.368540580617491742e+03 -5.426393723166921518e+03
-1.713366552245944149e+03 -8.309856616141756604e+03 -3.051567576652834759e+03
-2.493129927876815600e+03 -2.965664801468539281e+03 -3.815041097107668975e+03
-2.697180771415959953e+03 -2.737823119822457102e+03 -3.282988220465029826e+03
-2.532850265740305076e+03 -3.070958990615459697e+03 -3.950672284994880101e+03
-6.454057732848993510e+03 9.285887113963235606e+03 -4.798539646332835218e+03
-2.513788349466518412e+03 -3.095861543444108975e+03 -3.854681302968612727e+03
-4.040678188925874565e+03 -1.323130982213936250e+03 -4.859082150172630463e+03
-2.748262159999487267e+03 -2.633280155897311033e+03 -4.267722858221687602e+03
-2.244485492835027799e+03 -2.754894598704765485e+03 -3.413452252467878679e+03
-2.451246739531275125e+03 -2.410787874309607105e+03 -3.101124873846260471e+03
-2.772914394172635184e+03 -2.821988210487430024e+03 -3.369916804552311078e+03
-5.262117730981057321e+03 -9.647190021724492908e+03 5.524066621091459638e+03
-2.807130010290101836e+03 -2.223780643605527530e+03 -3.300020460951612222e+03
-2.597647578780858112e+03 -2.754585576746701008e+03 -3.414443723290876278e+03
-2.400306104211857928e+03 -3.225800276534273053e+03 -3.876009890367981370e+03
-3.799016881970726445e+03 -1.524844907044799584e+03 -4.891109417762065277e+03
-2.942119909006104081e+03 -2.694480410006884540e+03 -3.543171013387093353e+03
-2.526938981373450588e+03 -2.409470154348271535e+03 -3.217954305690926958e+03
-2.805980301239802884e+03 -2.276317169591933634e+03 -3.145998184301537094e+03
-1.082926940829053456e+04 -9.241742985060323917e+03 7.625788440583937700e+03
-2.960743913706563944e+03 -2.331948902002819523e+03 -1.980987009428398324e+03
-2.564688945141249405e+03 -2.911198780514338523e+03 -3.740436732987413052e+03
-2.428576489686667628e+03 -5.382924720113258445e+03 -3.195973576674323340e+02
-2.724815567664647460e+03 -2.591076227784599723e+03 -2.901344784187157074e+03
-2.324993163418188487e+03 -2.986754113919604606e+03 -3.607336562866965323e+03
-2.761705123965300118e+03 -2.759724413531945174e+03 -3.482120139449227281e+03
-2.881540042748109499e+03 -2.248827630457095438e+03 -3.230651153764170431e+03
-2.205636683138625813e+03 -2.948963580028816068e+03 -3.737472404195780200e+03
-2.719770835590216393e+03 -1.156863711784607403e+04 -9.036310607076163706e+02
-2.573372633547081932e+03 -2.938046679748007136e+03 -3.646977067082652411e+03
-2.875595447065716144e+03 -2.232104688456074655e+03 -3.375488238667636779e+03
-2.551545469474765923e+03 -3.255336057532455925e+03 -3.772113228857437207e+03
-2.527397126494533040e+03 -3.018096348985421628e+03 -3.689889573827402273e+03
-1.861732440908603166e+03 -6.906636248221730966e+03 -3.598102081941221513e+03
-2.914575065721989631e+03 -2.054754317215425544e+03 -2.917686530505881365e+03
-2.357096118212609326e+03 -3.043068074921022799e+03 -3.844969083980657160e+03
-2.351015344962237577e+03 -5.571783053762392228e+03 -6.917750053743043281e+02
-3.413050981191150186e+03 -1.973410847746997433e+03 -2.662080705499353371e+03
-2.202286904797993884e+03 -3.016594127146127448e+03 -3.915508192655542189e+03
-2.675011351335341260e+03 -2.739610615839555066e+03 -3.628418740752299527e+03
-1.459215846797962513e+03 -5.356429435223985820e+03 -4.899913975733651569e+03
-2.481766815458155179e+03 -3.369640234003210935e+03 -4.137617157259426676e+03
-3.397195570431789292e+03 -3.649120786129615226e+03 -2.958798720335571488e+03
-2.570704960720886447e+03 -3.066174059750554534e+03 -3.583407602161312752e+03
-1.566811951476867080e+03 -8.688997757978126174e+03 -2.493863698650843617e+03
-6.762667738296817333e+03 -7.532432847240764204e+03 4.636259287921547184e+03
-1.838631313534674746e+03 -6.835129841316824240e+03 -4.025029302035599358e+03
-2.277759369963435802e+03 -2.912054795453287170e+03 -3.559306120859022940e+03
-3.956845084321608283e+03 -1.221960809506213536e+03 -5.268460046407572008e+03
-2.414928627078202680e+03 -2.906581750298800216e+03 -3.530519493886391501e+03
-2.183856592625371832e+03 -9.560938246568242903e+03 -1.083693357191694304e+03
-3.308519610069147348e+03 -1.368164514533832062e+03 -3.911676131197433733e+03
-2.814865006525555145e+03 -2.409581192450706567e+03 -3.455831252624181616e+03
-2.246533518044750053e+03 -2.723083556078780475e+03 -3.320392747759452504e+03
-2.155635092172948134e+03 -8.384030190091074473e+03 -2.529934538810983668e+03
-2.742699377804267897e+03 -2.615774955197527561e+03 -3.528403452552638100e+03
-2.394082104316905315e+03 -7.983275841078169833e+03 -3.412188630688975991e+03
6.252827323942241833e+01 -3.590371403330976591e+03 -4.602360924187097226e+03
-3.082814926937277050e+03 -6.633609972338229454e+03 -3.750789189381481719e+03
-2.294482690438730970e+03 -4.014849876418491021e+03 -2.254144448857357929e+03
-2.958955125366867378e+03 -2.743180674724656910e+03 -3.404004477808666252e+03
-1.767573050127363103e+03 -8.859472324022313842e+03 -2.460255709953008591e+03
-2.735315201152379359e+03 -2.480350960608448986e+03 -2.953653831786503360e+03
-1.633942241819324408e+03 -5.721376468185888370e+03 -3.812217968463492070e+03
-1.795740709265040095e+03 -6.122908351377281178e+03 -3.387292717304881535e+03
-2.338605244967598992e+03 -2.856865210376281993e+03 -3.507585498914834716e+03
-4.683432713842098565e+03 -3.299725240312708138e+03 -2.773985920775530758e+03
-4.410437325967113793e+03 -2.954321122854393252e+03 -2.794722908562053817e+03
-4.423702852320266175e+03 -3.166038197350125301e+03 -2.537670553883885077e+03
-4.249373222061156412e+03 -3.035973599917125284e+03 -2.743513398923228124e+03
-4.446462198734095182e+03 -3.044212436994307609e+03 -2.583698549748607093e+03
-3.249594053596418235e+03 -2.362045392239459943e+03 -3.979515820383640403e+03
-3.241805548700457166e+03 -2.603365545033087528e+03 -3.334531314758442022e+03
-2.229643494770367397e+03 -3.067821828110702427e+03 -8.833193969959481819e+02
-4.301081460290862196e+03 -2.879228175041902432e+03 -2.892163296906271171e+03
2.842670572847056974e+03 -3.155808763488494151e+02 -5.173501451174538488e+03
-4.349934192172564508e+03 -2.776459053586568643e+03 -2.497514397201810425e+03
-5.170508258866465439e+03 -3.105219978166685905e+03 -1.201849352865468063e+03
-4.301936384447222736e+03 -2.988168542938590690e+03 -2.663563656590589289e+03
-4.466657410076865744e+03 -3.058321348165633481e+03 -2.536675613180435903e+03
-9.661291091624354522e+03 -3.998376304783862906e+03 -1.374117175027032317e+04
-3.294428072152228651e+03 -2.356033184017178428e+03 -2.736786321479442449e+03
-4.191931366692970187e+03 -2.840863346135665324e+03 -3.403264596717728182e+03
-4.266001345312480225e+03 -3.046826863191762186e+03 -2.769751206917189847e+03
-4.403885086538620271e+03 -3.044032017057658777e+03 -2.659014879312502671e+03
-3.390690615145831543e+03 -3.252206279397025355e+03 -2.452668213659042976e+03
-3.994079937326053368e+03 -1.981162749194583512e+03 -3.530320870745415959e+03
-3.198005427724600850e+03 -2.724745205022732080e+03 -2.440579307848015560e+03
-1.377447126986085095e+03 -6.231399674645679170e+02 -9.467640007364496341e+03
4.534801481852085089e+03 6.910079275219197825e+02 -5.085865785099543245e+03
-3.758132288760816664e+03 -2.790688992360791872e+03 -3.003182292700455491e+03
-4.343580361415480183e+03 -2.797076779414551766e+03 -2.773976995076708135e+03
1.074889238071562431e+03 -1.232542743596131913e+03 -1.214766773766648657e+04
4.672998829578678851e+03 9.790189611355149282e+02 -5.273683985273412873e+03
-4.534257587971488647e+03 -3.744166480863743345e+03 -1.894350037174929867e+03
-4.378670930355037854e+03 -3.065444481436552906e+03 -2.670590083273279561e+03
-4.065775114498982475e+03 -2.243337016689508346e+03 -3.088016299821070788e+03
-2.444538989589854282e+03 -4.493091547228961645e+03 -1.005902256465900427e+04
-4.219153780834563804e+03 -3.689112701250848659e+03 -1.745311163822181470e+03
-4.153704654746883534e+03 -3.018811252685555246e+03 -2.708369634887963002e+03
1.623013328673655451e+03 -1.379960899739726074e+03 -5.417018954253655465e+03
2.362495900030185567e+03 -6.934672505986843589e+02 -4.958303164493681834e+03
-4.348527017703468118e+03 -3.046176459490944580e+03 -2.705598026724447209e+03
4.023000128079783281e+03 4.073543767841170506e+02 -6.988138496426789061e+03
1.496912904936368705e+03 -2.699861227108562616e+03 -6.521806033179880160e+02
4.138900421415667552e+03 -7.460672608008948146e+02 -4.164449048209600733e+03
-3.227739143510240410e+03 -2.456475590745808859e+03 -2.206177902314869243e+03
-4.191630967309268271e+03 -3.452114704749378234e+03 -2.522797711813478600e+03
-4.356979766487134839e+03 -2.803414807583204492e+03 -2.463528643170871419e+03
8.615038508834625191e+02 -6.955829015399385753e+02 -6.245137413094868862e+03
-4.340410515687161023e+03 -2.882317937000985239e+03 -2.919258938738988036e+03
-3.993198765264711710e+03 -2.733381785968192162e+03 -2.625845741668156279e+03
5.154303182950927294e+03 7.035330163454259491e+02 -4.434795932866376461e+03
8.720203076200307351e+02 -2.644036883438888708e+03 -1.279913577830644499e+03
-4.365474866786153143e+03 -2.964991652424082531e+03 -2.662522631580815414e+03
-4.386796174477268323e+03 -2.966178377901625026e+03 -2.519736638640247747e+03
-1.562052270391979164e+03 -1.608786504458442096e+03 -3.908410940843415574e+03
-4.228422561262203999e+03 -2.620634789450692551e+03 -2.648347862830595659e+03
-4.155136318165964440e+03 -2.948969394404463856e+03 -2.667005556233258176e+03
-3.832362092502184623e+03 -2.578860283444897959e+03 -3.642821293893431630e+03
-6.290293197252163736e+03 -3.052728677919890288e+03 -1.184148587178534945e+04
-4.341634373802322443e+03 -3.008093086008221235e+03 -2.784589949744040041e+03
-4.741865628105830183e+03 -2.953252533148399834e+03 -3.624143212365649561e+03
-4.443762937169341967e+03 -2.999064117483655991e+03 -2.599181426732907312e+03
2.251089285236351770e+03 -5.753747041720994275e+02 -5.450170276869630470e+03
1.275624850316060702e+03 -2.594608287825085426e+03 -2.569169322118993932e+03
-4.008204408080422127e+03 -2.972045411903889544e+03 -3.890718258030360175e+03
-3.746807204865780477e+03 -2.779166336578364280e+03 -3.611251165036419934e+03
-3.814470464109389468e+03 -2.243485859355211687e+03 -3.633335837691969118e+03
-4.475453076893845719e+03 -2.825674627797967787e+03 -3.281374944509372199e+03
3.839398889792623322e+03 7.355735034146813405e+02 -6.103396497452722542e+03
-4.547647214153264940e+03 -2.831726772481369153e+03 -3.060019413307600644e+03
1.328988124535541374e+03 -1.534182467527854897e+03 -1.443702568273225188e+04
-2.016658645208222651e+03 -6.951399820700717100e+02 -9.128648641325615245e+03
-5.149050172816791019e+03 -2.856092712371871585e+03 -1.190226519570334131e+04
-3.988694896958893878e+03 -2.828058454798564526e+03 -2.633731188002122053e+03
-4.338869043210538621e+03 -3.539400014470667884e+03 -2.928841980978633273e+03
-4.414685842626141493e+03 -2.749285998460542942e+03 -3.060224969159422017e+03
-4.385595999881219541e+03 -3.027090184913635312e+03 -2.732331296539147388e+03
-4.264047103376777159e+03 -2.737906957412465090e+03 -1.983159616316156416e+03
-4.399642444234370487e+03 -2.801043414431447218e+03 -2.588582736604526417e+03
-4.184861918723622694e+03 -3.005868146053211603e+03 -3.050301952981239083e+03
-4.090426994181990267e+03 -2.452887063444673913e+03 -2.565510374891320680e+03
-3.919158088999217398e+03 -2.177527231603543441e+03 -3.613031716271957521e+03
-4.139238177024772085e+03 -3.004702704597783395e+03 -2.696624168516556892e+03
-1.362061982872041426e+03 -2.761157176708055431e+03 -8.154158493603642910e+02
-4.110481521420388162e+03 -3.233146668823377695e+03 -2.540916600222697070e+03
-3.832138716376104185e+03 -2.934879665010268582e+03 -3.128268300177681340e+03
-4.282963230394367201e+03 -2.938938962563236601e+03 -2.724643174424258632e+03
-3.522374323125340197e+03 -2.461823274151443457e+03 -2.633425539441810542e+03
-1.199341283815142106e+03 -1.586424761571576596e+02 -1.196705587369526438e+04
-3.714629222703381856e+03 -2.893470235537668941e+03 -2.707426655246675182e+03
-4.354444482697810599e+03 -2.935927356971717927e+03 -2.649015387563170407e+03
-3.400903105666603551e+03 -2.531451895531693026e+03 -3.698978303178991609e+03
-9.054243738063410092e+02 -2.842777020585449463e+03 -1.034486901708013283e+04
-4.300445290283017130e+03 -3.207358221102915195e+03 -2.721714458891129652e+03
1.335954115060175582e+03 -2.649362832743243416e+03 -1.944254258128344645e+03
-4.116261188541555384e+03 -2.780470977762674465e+03 -2.722404701404137995e+03
-4.110348711160231687e+03 -2.878559623109971199e+03 -3.011764959123325752e+03
-2.131049195828177290e+03 -2.491718720519290400e+03 -5.232283443398206146e+03
-4.364500988934365523e+03 -3.022120343644566219e+03 -2.671969679475881094e+03
-4.463294607919508053e+03 -3.052915824647484897e+03 -2.555675428302191449e+03
-1.573255851981746218e+03 -3.128538243625323958e+03 -6.969852196785352135e+03
-3.485376487823571551e+03 -2.929635470503047145e+03 -3.253028944638850135e+03
-2.932168591367323188e+03 -2.639145870414401088e+03 -1.891500851356772955e+03
-4.293551074928693197e+03 -2.980257553725785328e+03 -2.613473565259940642e+03
-4.050035875888196642e+03 -4.157956459896335218e+03 -3.902499545565734479e+03
-2.177878422219562708e+03 -2.962675619668098079e+03 -4.162349748064029882e+03
-4.370300934957461322e+03 -3.050343814258838847e+03 -2.716363559694476407e+03
-4.340803563470402878e+03 -3.081632015538002634e+03 -2.700260556409632045e+03
-4.296379466233051971e+03 -3.080182548505427349e+03 -2.715784039882969410e+03
2.137933929752311542e+03 -2.269225316758741428e+03 -1.102588807749608713e+04
8.225697478668175791e+02 1.913514309700644390e+03 -1.182815281689340736e+02
-3.709633192214056635e+03 -1.955718791509328867e+03 -3.873565133005161442e+03
-4.292141168513124285e+03 -3.045269682357426973e+03 -2.742957872348182718e+03
-3.536301107686136675e+03 -3.597487286273540121e+03 -4.247410898676252145e+03
-4.044596925088391799e+03 -2.670456307970911894e+03 -2.852875392693457343e+03
-4.371436725337441203e+03 -3.900230659530671801e+03 -2.749194030141584790e+03
-4.073890610940934948e+03 -3.288150822273411450e+03 -2.656980882284577092e+03
-4.592393640890546521e+03 -2.894224000997292933e+03 -2.848943491692068164e+03
-3.865064051892838506e+03 -4.654252169989676986e+03 -2.593392290134852374e+03
-6.734544961186097680e+02 -1.146961805824701514e+03 -4.916150267957491451e+03
-3.711299185295062671e+03 -2.546961213227633834e+03 -2.755526320014663270e+03
-4.240215649894495982e+03 -3.013201813606026008e+03 -3.142874036987645013e+03
-4.132660809781260468e+03 -2.540147922939949240e+03 -3.736605010526856859e+03
-4.584861189773880142e+03 -2.954733669593279046e+03 -3.916688917911988028e+03
-4.446584498577628437e+03 -3.371318773533613239e+03 -3.509725260405957215e+03
-2.014796261387908089e+03 1.215708618739098711e+03 1.064736593270366484e+03
-3.912018431514502936e+03 -4.432843785016804759e+03 -2.577467723320681216e+03
-3.483465663952789782e+03 -3.467963846628597366e+03 -4.435232505544094238e+03
-3.609089355374064326e+03 -1.678294466583717394e+03 -2.431862534616043831e+03
-4.337363274048080712e+03 -3.056756977429859489e+03 -2.852139664398419427e+03
-1.151451767257038910e+03 9.773757408614211499e+02 -9.576770126996385443e+03
-3.864088517500441412e+03 -3.573691645322050135e+03 -2.928278913518322952e+03
-3.968806470163798622e+03 -2.819893378261687758e+03 -2.502639853348953238e+03
-4.571550632515864891e+03 -3.000220260142267762e+03 -3.014723954290251640e+03
-4.546783775268838326e+03 -3.010107027423425279e+03 -2.960994743187253789e+03
-1.034623561929231300e+03 1.026226909839771452e+03 -8.769896433530821014e+03
-3.469217279478943965e+03 -2.147553310527143367e+03 -3.217473210751488296e+03
-4.217761060362267926e+03 -2.980105667981164970e+03 -2.715473591102992486e+03
-3.882064948007469411e+03 -3.736792999153722121e+03 -4.174131327358936687e+03
-3.545961069519201828e+03 -2.554516104950471345e+03 2.498437816899240715e+02
-4.239297948093033483e+03 -3.047107346322331978e+03 -2.989512455713189411e+03
4.164563650160001089e+03 5.050636791345577876e+03 1.595531426398531494e+03
-3.911097058992263101e+03 -3.558289661173488639e+03 -3.102718702708609158e+02
-4.092806382963512988e+03 -1.014715934659747745e+03 8.600825669105420275e+02
9.505276231086687631e+02 -3.183475411119869023e+03 -7.289962042945857320e+03
-3.597014128792700376e+03 -2.355343641047631536e+03 -2.868754276105518784e+03
-4.353080348380524811e+03 -2.856455461967673273e+03 -2.665855917399679583e+03
-3.939894533458882961e+03 -3.558446274969468959e+03 -2.688743177997198472e+03
-4.260724255410030310e+03 -3.077210260687596019e+03 -2.782858499146620034e+03
-4.330513363176720304e+03 -2.959382201466492006e+03 -2.710505487798718150e+03
-3.632016784343913969e+03 -3.346054565248280596e+03 2.118161339673714565e+02
-3.754241417831258332e+03 -3.606550686975900135e+03 -1.613568180294171270e+03
-4.305424304184799439e+03 -3.056319870162308689e+03 -2.729691575100291629e+03
-4.306371618276812114e+03 -2.823991360953863477e+03 -2.708103344041330729e+03
-6.163518951610392378e+02 3.237666851884440007e+02 -9.029704571267126084e+03
-4.501506956393453947e+03 -2.935895042324493261e+03 -2.746403299528246862e+03
-4.508500521907338225e+03 -3.114188926492080100e+03 -3.078815665685021486e+03
-4.686224161834414190e+03 -3.199549815728234535e+03 -3.464481507269154463e+03
-3.712948723782565594e+03 -4.657325768588734718e+03 -1.471589324085241515e+03
-4.430335562744086928e+03 -3.027854657603579199e+03 -2.822388619302032566e+03
-4.386807065340294685e+03 -2.722841200893373752e+03 -3.839059452159901412e+03
-4.468881504953573312e+03 -2.927118913916509428e+03 -3.012353696293429493e+03
-4.078448295424816479e+03 1.509365241570438002e+03 1.274408474873732757e+03
-3.633671484331995089e+03 -3.950712214594665511e+03 -4.353984708218689775e+03
-4.151349958842281922e+03 -2.898614081999760401e+03 -2.338465137279664759e+03
-4.160334683126671734e+03 -2.870926705920656332e+03 -3.495033331561785872e+03
-4.617789043733244398e+03 -3.088013684170283796e+03 -3.224215810566972777e+03
-4.554701846801346619e+03 -3.118732704952636595e+03 -3.458338525023173133e+03
-3.822368030450212700e+03 -1.512239601764766576e+03 -9.743827414564748324e+02
-4.374335377194834109e+03 -3.275554729695993046e+03 -3.357539933325215316e+03
-2.229285504350453266e+03 6.297852380666838599e+02 -7.409050496205349191e+03
-3.555734394769052415e+03 -4.722490550823913509e+03 -2.761704038734681035e+03
-1.608141240676300413e+03 1.528281593548329056e+02 -6.930325929365622869e+03
-4.451572583296559060e+03 -2.962317774924777041e+03 -2.705091047736407290e+03
-4.308251382863883919e+03 -2.875271053942000890e+03 -2.831611343030151147e+03
-4.283215452563544204e+03 -2.850765554386387521e+03 -3.107213224363941663e+03
-3.115649000855127724e+03 -3.623300337635726919e+03 -9.557160479532209138e+03
3.526346728104880640e+03 8.381800624244516484e+01 -8.633724540237985821e+02
-4.249609339588428156e+03 -3.015063787360126753e+03 -2.816684677111195924e+03
-4.267903670361421064e+03 -3.122897206349082808e+03 -2.728428139688262490e+03
-4.302039038175566930e+03 -3.053097449303340909e+03 -2.692720492268921589e+03
-3.884945247599985578e+03 -2.704790409539421489e+03 -3.296820180952757710e+03
-4.402812667211232110e+03 -2.950461238570177102e+03 -2.631011000823999439e+03
-3.791731192422950699e+03 -4.570681061792533001e+03 -2.903865661579948210e+03
-3.501290612724747461e+03 -2.234935533404096077e+03 -2.772536810746765241e+03
-4.363971516984292975e+03 -2.849239496940962454e+03 -2.805879267899991191e+03
-4.440652973009092420e+03 -3.033266513357225449e+03 -3.316104032669473327e+03
-4.052358831554989592e+03 -2.724000675934477385e+03 -2.467625089256320280e+03
-2.641307515094160408e+03 -4.499198326038800587e+03 -2.682145455066877730e+03
-4.008088810332388675e+03 -2.582791941559026327e+03 -3.688313571885878901e+03
-4.216095033255821363e+03 -3.087107662177022121e+03 -3.257268144092390230e+03
-4.122291748432914574e+03 -2.824384957671404663e+03 -4.185530547244842637e+03
-1.714352552360470781e+03 6.692456619696138205e+02 -8.362522016329339749e+03
4.542307137570707710e+03 7.766330012715030534e+03 1.981529381844303089e+03
1.286723564902849375e+03 -1.085086802859832005e+03 -8.523821940334648389e+03
-3.599425410547623414e+03 -2.722723359393384271e+03 -2.751532011195072300e+03
-4.143780990397612186e+03 -2.836393301542063909e+03 -2.710667689899805737e+03
-2.448708801065656189e+03 -2.230444633770267956e+03 -2.911122477551837619e+03
-4.285362614611803110e+03 -2.776510797827218994e+03 -2.704024865016730473e+03
-4.490067134940862161e+03 -2.981708976411327967e+03 -2.959018564590391634e+03
1.236859447200723707e+02 -1.460456785868620955e+02 -4.471900323701191155e+03
-4.313324481894666860e+03 -3.106106080418537204e+03 -3.139994970268978250e+03
-4.359721814002746214e+03 -3.212715934988953450e+03 -3.150776014124546691e+03
-4.305673437841232953e+03 -3.002408007554707638e+03 -2.773359872795564115e+03
-3.913715440800190663e+03 -4.902440531622621165e+03 -2.357383671192480506e+03
-4.852363376522881481e+03 -3.260906883681388990e+03 -3.362451137601000937e+03
-4.612405750006027120e+03 -3.162583646741893972e+03 -3.322919987925748501e+03
-4.346984705481164383e+03 -2.864576309381477586e+03 -2.992303024599193122e+03
-4.238941341829227895e+03 -2.827385554800577665e+03 -3.115619153441117305e+03
-1.833813847818974807e+02 -2.098477595393409047e+03 -5.693036762930735676e+03
-4.615637621049469999e+03 -1.589151588515488129e+03 -3.185216829136516935e+03
-4.450729700043949606e+02 -2.465210538686235395e+02 -9.123490604499515030e+03
-4.275658647178048341e+03 -2.919306586805261304e+03 -2.971269411556153955e+03
4.747969823109297977e+03 1.001080730330945926e+03 -5.564737381049796568e+03
-4.269751688147143796e+03 -3.198677061099008824e+03 -3.287120222377114260e+03
-4.154609603712727221e+03 -2.448116020675893196e+02 -2.737915651697617704e+03
-4.377450024785635833e+03 -2.910768056315581362e+03 -2.894960746170065249e+03
-4.393805237071233933e+03 -3.087516142040672094e+03 -2.874961292284653155e+03
-3.454267549832790792e+03 -3.473033222236485017e+03 -9.060649659083564984e+02
-3.936950882467984229e+03 -5.344454749122941394e+03 -1.268801722264541468e+03
-4.378559175619451707e+03 -3.360802020063798409e+03 -3.045912700521492752e+03
-4.178077662633437285e+03 -3.545219453491257354e+03 -2.112107408508386925e+03
-4.301689238589066008e+03 -2.951951902229687676e+03 -3.158736579637577961e+03
1.531391785377092901e+03 -2.699985445139565400e+03 -7.239993524439870271e+03
-3.830361509805668902e+03 -2.319484397399247882e+03 -3.138347492807083654e+03
5.688945664211377107e+02 -1.265501915659147926e+03 -8.374076371140799893e+03
-4.022483781886093766e+03 -2.073610153661144068e+03 -1.764248191058916973e+03
-3.286198300843821926e+03 -4.572526236180980959e+03 -8.818736293734514220e+02
1.391392314554381301e+03 -1.967008572883134093e+03 -8.701782591983570455e+03
-4.312052805933531999e+03 -3.307597817384481914e+03 -3.239729501887504739e+03
-1.445328765325301674e+03 3.374443390924750929e+03 -3.264569918495540605e+03
-5.246880189092385081e+03 -6.240287720463286860e+03 1.245368462146459024e+03
-4.165382087771631632e+03 -2.957853509367525930e+03 -3.237967141954566614e+03
-4.166765973654630216e+03 -3.082880379352847740e+03 -3.252247981582489956e+03
-4.166872132110185703e+03 -3.188366059921041142e+03 -3.349707195637558925e+03
-2.368469069787905937e+03 5.616703071702204397e+03 -4.891258769025833431e+02
-4.048065680477499882e+03 -2.722452006200897358e+03 -2.732414389220793055e+03
-4.425652899238787541e+03 -2.940990714810486224e+03 -3.043411111853122748e+03
-3.480524329086268153e+03 -5.385630697521582078e+03 2.111663957439469073e+02
-3.745898633819145289e+03 -5.909750014647954231e+03 -1.241583488470348584e+03
-4.226413636138073343e+03 -2.944825135222687095e+03 -3.075010989604988936e+03
-3.206412078228561313e+03 -5.142277410532657086e+03 -4.072559883088795232e+03
-4.646652575582197642e+03 -3.789031074928562703e+03 -2.965777068038119069e+01
-3.677994005306916733e+03 -5.503499833603909792e+03 5.745481495843162065e+02
-3.994180493238476629e+03 -5.714780149486062328e+03 9.522182725007951376e+02
-4.207607457416954276e+03 -3.537499334766934226e+03 -2.878856456902460195e+03
-4.130296801198926914e+03 -2.923808623275574064e+03 -3.228618390991855449e+03
-3.957630547571635361e+03 -3.362335246873823507e+03 -1.906008273934574390e+03
-4.291927250836829444e+03 -2.935076510758281074e+03 -2.850462072870311658e+03
-4.305766153163545823e+03 -2.836374438852526509e+03 -2.895465229067032851e+03
-2.220289863883958333e+03 -1.532408707902937977e+03 -2.325581971130044622e+03
-4.070695775057501123e+03 -3.845035094900127206e+03 2.044688753015055624e+02
-4.113692024897120064e+03 -2.916067948435941616e+03 -3.092153116194044287e+03
-4.257354149588194559e+03 -2.833155134942877794e+03 -3.040228968460246051e+03
-4.231488847404853914e+03 -3.839422812083048484e+03 -1.251876698491543721e+03
-4.398337409195446526e+03 -2.812429949896695689e+03 -3.061753173174227868e+03
-3.682847955270799503e+03 -2.030483598966600312e+03 -3.482438815182802955e+03
-4.475746542899441010e+03 -3.105417010241474145e+03 -3.373093546401907133e+03
-5.087364642798128443e+03 -3.295262243479262452e+03 -5.880451890449009511e+01
-4.494089357351102080e+03 -3.010816588149052677e+03 -3.136412800516317475e+03
-4.332353666203592184e+03 -5.420396546685338762e+03 -1.395997003393954401e+03
-4.361840393895109628e+03 -3.246836591554186271e+03 -2.950075953483090416e+03
-2.486588177972638732e+03 -4.216611131600730914e+03 -7.590343737483319728e+02
-5.610761271686518739e+03 -5.574547816469351346e+03 -2.824915138140707995e+02
-4.240111779351404039e+03 -3.060240730284755045e+03 -3.023493893890024083e+03
-4.384516040685495682e+03 -2.684554301671831126e+03 -2.928876628146039366e+03
-4.575189853109322939e+03 -2.801944817641528061e+03 5.064721289051273061e+02
-4.144152845027449985e+03 -2.903094903581722065e+03 -2.551455117749769670e+03
-4.139485325962074967e+03 -4.768560318842140077e+03 -9.591754523703923496e+02
1.783183605795272797e+03 -1.254541854501005446e+03 -9.508076120968033138e+03
2.239371211088646874e+02 -2.265406564414018248e+03 -9.787718883218711198e+03
-9.978087084921916130e+02 -4.188385981938906752e+02 -8.460357206857863275e+03
-3.540837183208893748e+03 -2.759729576386185272e+03 -1.251286899113554909e+03
-4.264332284146601523e+03 -2.903990941034692696e+03 -2.996822980565444141e+03
-4.140143518055534514e+03 -3.008294108379834142e+03 -3.265343876396664655e+03
-4.370713881997550743e+03 -3.039909304142721339e+03 -2.697762776051114542e+03
-4.760819324851046076e+03 -2.750765012194598057e+03 -1.238902957591602956e+02
-4.247921494318824443e+03 -3.510955345479314019e+03 -2.161039425032589861e+03
-4.209402352613587937e+03 -3.471396619973122597e+03 -3.068295407512055135e+03
-4.360817674356564567e+03 -2.710945679182853382e+03 -2.883447975103808403e+03
-4.256617391557472729e+03 -2.904849227768044329e+03 -3.132427737206524853e+03
-4.025681172897238866e+03 -2.226432243983676926e+03 -3.417469795293620336e+03
-4.340929472663328852e+03 -2.760057554731001346e+03 -2.869026805814703039e+03
-4.161896000867014664e+03 -4.307085144990785921e+03 -2.355292815589369638e+03
-4.254531613502326763e+03 -2.608302613650964759e+03 -3.028230410681938338e+03
-3.612312504634638117e+03 -2.006137637442352798e+03 -3.347252857945355572e+03
-4.186681484735721824e+03 -2.880402894107645807e+03 -3.213534730077640688e+03
-4.748539614220405383e+03 -5.291848191041564860e+03 -2.051318809627656265e+03
-1.918838634915668990e+02 -4.318970054731386199e+02 -9.551305190960263644e+03
-4.012797823774350945e+03 -2.172077806950177091e+03 -3.125492413791662329e+03
1.080229466860301955e+03 -1.384569666915774405e+03 -8.908479493523982455e+03
-3.984639708557368067e+03 -3.439735465658338398e+03 -2.563074099956405007e+03
-4.826794719141583982e+02 7.219741352859405197e+02 -6.706707747669719538e+03
-4.198673578188329884e+03 -3.594985432260213202e+03 -2.470373457937552303e+03
-3.624413532146388661e+03 -5.313825586317292618e+03 1.462158117221117095e+02
2.273339502164120063e+00 -2.185443591260149788e+03 -6.750666869205691910e+03
-4.314205314403764532e+03 -2.788493803781782844e+03 -2.897324351205178573e+03
-4.038072512696352078e+03 2.894403838883838489e+02 -2.622140696023215696e+03
-4.364517966658193473e+03 -2.857165700543157982e+03 -3.047042305023521749e+03
-4.269715202616942406e+03 -3.060831233491029707e+03 -2.222922503448970019e+03
-5.431467919906463067e+03 1.665252431100210060e+03 -6.216267640459401491e+02
-4.087166802991780060e+03 -3.129017819043638610e+03 -3.301435475649036562e+03
1.221126639297456222e+03 -2.163673386399592346e+03 -8.063682835125044221e+03
-4.309209145821535458e+03 -2.855453817418039762e+03 -2.747513584568273927e+03
-7.449195017116148847e+02 -6.690018005158221968e+03 -9.093066271709565626e+03
-2.109931586081970181e+03 -7.332366094064240315e+03 -7.490459734392505197e+03
-4.285795347105413384e+03 -2.923330079017560365e+03 -2.972753736270874469e+03
-4.319470300675363433e+03 -2.878746546262025277e+03 -2.968574471514713878e+03
-4.128455975120101357e+03 -3.060998468286385105e+03 -2.922751667383950007e+03
-1.149073583837750448e+03 -1.890553362289066627e+03 -1.792961216208428141e+03
-1.465001227124944307e+02 -1.821947540422135717e+03 -1.256388409469975159e+03
-3.691126036305308844e+03 -2.191844361024943737e+02 -4.859959257719542620e+03
-3.913461667406522338e+03 -2.772399975946272207e+03 -2.650474146501984251e+03
-6.264999544080092164e+02 -4.986187633917635139e+03 -1.059977630787470662e+04
-4.085664573956241838e+03 -2.903702701097922727e+03 -3.073671963496506123e+03
-4.831369211129822361e+03 -1.979703678153013698e+03 -3.604939810662230229e+03
-4.390761484458394989e+03 -3.035654263594891745e+03 -3.003003979762771905e+03
-4.324625937969858569e+03 -2.969069464209762373e+03 -3.054499007184268976e+03
-2.614798386425958597e+03 -2.002428267427112132e+03 -5.319124108495471773e+03
1.703737419624359973e+03 2.087608977407295242e+03 -3.013950681091247588e+03
-3.768993252960594873e+03 -3.019989634687306534e+03 -2.159991043584818271e+03
-3.832827483415442657e+03 -3.020052965326897720e+03 -2.594810628141006418e+03
-4.245751624490512768e+03 -2.823230470736428288e+03 -3.121162980286765560e+03
-4.436491953000424473e+03 -3.329702881370970317e+03 -3.423450399970134185e+03
-4.819255863825574124e+03 -3.306137563202211368e+03 -2.783550740503270390e+03
-1.461241325661575047e+03 -6.893718456696048634e+03 -8.992547964268502255e+03
-1.899001356199463999e+03 -3.562688628800430706e+03 -4.880668436764103717e+03
-4.046038442277667855e+02 -4.683794758947738956e+03 -8.560784982085207957e+03
-3.684405914166411549e+03 -2.719243464297838273e+03 -2.291605635509720742e+03
-4.114924658988586089e+03 -3.003134945497515673e+03 -2.893605619694322286e+03
-1.101423529648241310e+04 9.255710448792469833e+03 -6.423926055850478406e+03
-1.176297731277142475e+03 -6.432816817695583268e+03 -9.429604727322943290e+03
-4.595299856044063745e+03 -3.096539235423228547e+03 -3.397181904075779585e+03
-3.975511702629866249e+03 -3.030264483710141576e+03 -2.208704871057007949e+03
-4.424603487465006765e+03 -2.873052105291804310e+03 -3.016857639470940285e+03
-1.100692025752065820e+04 9.775357198386249365e+03 -6.408317234905506666e+03
-4.585939047855001263e+03 -3.425509299945987550e+03 -2.685798721729818681e+03
-4.098610071444485584e+03 -3.067161733230987920e+03 -3.245303882207116658e+03
-1.099470228119852891e+03 -7.146555772065879864e+03 -8.338776085338107805e+03
-7.088129247681470133e+02 -7.023329949273848797e+03 -9.524364836962296977e+03
-3.820313682474353300e+03 -3.289040381680762948e+03 -2.405205197292969387e+03
-1.697122447717825253e+03 -6.560623243185612409e+03 -7.299300119630235713e+03
-1.005005972115134568e+03 -7.492109566546016140e+03 -9.095591430786009369e+03
-1.548493671703261043e+03 -7.192661907215821884e+03 -7.139182874771538081e+03
-5.592383274656218646e+02 -6.657413749078385990e+03 -1.001754219691163780e+04
-1.468467847560633800e+03 -2.489777567854663630e+03 -2.883678907451509531e+03
-4.391139437365722188e+03 -2.778330715203259388e+03 -3.103341256674159013e+03
-1.428406936846579356e+03 -7.208490792090285140e+03 -5.948050072934853233e+03
-4.390290182597668718e+03 -2.713322939344395309e+03 -2.926770005139590012e+03
-4.356239005395418644e+03 -2.861603451503743145e+03 -2.929775469219145180e+03
4.972121237496460822e+02 -3.343271659011133124e+03 -8.073489117997369249e+03
-1.010793708321300528e+03 -7.596358099270524690e+03 -9.470961671280732844e+03
-9.499135507020853311e+02 -1.003887729343873502e+03 -6.178690439840245745e+03
-4.312098270677584878e+03 -3.013325845877624488e+03 -3.249172773814599623e+03
-3.149470957205998275e+03 1.555025853018351427e+03 -4.023006473017288954e+03
-3.867444012964662306e+03 -3.455989264896838904e+03 -2.017819844567822201e+03
-4.160340812952890701e+03 -2.994347676277710889e+03 -3.048880703221792373e+03
-4.073737324105070002e+03 -2.886020017944178107e+03 -2.968005713288185689e+03
-2.333836216460591913e+03 -2.381834518581102202e+03 -5.607850094497552163e+03
-4.208554748724196543e+03 -2.852831839872354976e+03 -3.030069092192953576e+03
-4.464601582025872631e+03 -3.485458953909635511e+03 -3.397591672526229559e+03
-3.797736498175768702e+03 -3.363024437334919185e+03 -2.205167086352895694e+03
-1.042075971981648308e+03 -7.626019598724021307e+03 -8.938052047844172193e+03
-1.776316216857744166e+03 -7.800285993048201817e+03 -6.425711345807894759e+03
-3.797659544562725387e+03 -3.167240892913389871e+03 -2.445694182678017114e+03
-4.461838462415788854e+03 -3.035666622999102401e+03 -3.408821243140890147e+03
1.386769867066118877e+03 -1.704260752912531643e+03 -4.399378397836041586e+03
-1.573570028004176720e+03 -1.911314386464410518e+03 -5.155848975365626757e+03
-5.812199583256879123e+02 -5.337576278472402009e+03 -1.041400115058677329e+04
-4.518225000456890484e+03 -3.396665089433823596e+03 -3.435678136352037200e+03
-1.006493864711027527e+04 1.046386569491896262e+04 -6.531657912162585490e+03
-2.396416563156620668e+03 -1.584128411739818830e+03 -5.405710278111113439e+03
-5.316166141469901959e+03 3.830730396235941953e+03 -2.830294892036762121e+03
-3.913288643913372198e+03 -2.392853724569858969e+03 -3.081476062659905438e+03
-3.769287918503574929e+03 -3.213952985546911805e+03 -2.304551393421225384e+03
-4.147675691083085439e+03 -2.925569712209424779e+03 -3.048030135220145439e+03
-5.111919391998253559e+03 -3.567057857512428200e+03 -3.594835776931085547e+03
-4.550187772508564194e+03 -3.255511921369921311e+03 -2.809113397415240343e+03
-4.037934150179085464e+03 -2.898780770991303598e+03 -2.786817269168293478e+03
-4.236839979632313771e+03 -2.858479024897918407e+03 -3.213661511917071948e+03
-3.989399132856059168e+03 -3.363829899563348590e+03 -2.726334842698561260e+03
6.828059910002497190e+02 -1.831861134460448284e+03 -6.628352139683661335e+03
-4.244810313824466903e+03 -2.951347766483479063e+03 -3.183531789038952866e+03
-3.834046133074703448e+03 8.716659180041144737e+02 -4.849144254944440945e+03
-4.226844762678580992e+03 -3.488812024180698245e+03 -3.469684209056687905e+03
-4.095571190174203366e+03 -2.391321943102404930e+03 -3.360487667421445622e+03
-3.727220939375210946e+03 -2.893396044677838290e+03 -2.455481350547812326e+03
-7.781297000596884573e+03 -4.907511412999446293e+03 -3.708835050523322025e+03
-3.679303415176964791e+03 1.289116128766000429e+03 -5.127997727385335565e+03
-3.762281812647920106e+03 -2.591332196986913459e+03 -2.355489385997397221e+03
-5.211602918865719403e+03 -7.493241455704411237e+03 -7.802592343000365872e+03
-4.714525593872157515e+03 -3.372633491233879795e+03 -2.837187323865554390e+03
-1.165630628200011415e+04 4.464273768940252921e+03 -3.259680456316365962e+03
-3.726615381597772284e+03 -2.575619515303946628e+03 -2.639068200104029529e+03
-1.506603671736685783e+03 -7.386650649630928456e+03 -8.152921960402592049e+03
-3.758343743550839463e+03 -2.736589772605091184e+03 -2.718394886000718088e+03
-4.401896700993683226e+03 -3.128934154269865303e+03 -3.163559790464390517e+03
-6.875545095256465174e+03 -9.803846589556962954e+02 -4.842107995616656808e+03
-4.152655977205128693e+03 -3.549291744717793335e+03 -2.750152589673472448e+03
-4.266787089624728651e+03 -2.855699479456610788e+03 -3.145761036873004741e+03
-8.516187237201233074e+03 -2.825368290660889556e+02 -3.707184775259444905e+03
3.901758079785598511e+03 4.253559379075450124e+03 -3.763502761530122825e+03
7.595242837150419746e+02 5.936053320016437738e+02 -4.557708072400227138e+03
-4.151755189138502828e+03 -3.020765136319778776e+03 -3.101091809658872535e+03
1.516614768055980221e+03 -6.413866195779053214e+02 -9.039322022945436402e+03
7.491098010901314410e+02 -4.190161425632377359e+03 -8.742762118342971007e+03
-4.167694589963854014e+03 -2.844609313055379516e+03 -2.702023766760917624e+03
-4.373698644323161716e+03 -2.868597326803752821e+03 -3.034739160919469668e+03
-4.034596663240081853e+03 -2.782250741251292311e+03 -2.555031192551377444e+03
-4.057092991070785502e+03 -2.879010289676126376e+03 -3.615998148739539829e+03
-3.868327572959431564e+03 -3.380831282160520004e+03 -3.497584059302726928e+03
-1.580811242054479408e+03 -1.733050237155655623e+03 -4.925573308714653649e+03
-4.504670955270086779e+03 -2.851273447743497400e+03 -3.110729419850955765e+03
2.304191064826988622e+03 -1.284878590703144255e+03 -8.816762950693957464e+03
-3.962233148891273686e+03 -2.689813831034133727e+03 -2.551745176392072153e+03
-3.860071109749645984e+03 -3.350270982043973618e+03 -4.363863318582605643e+03
-4.221145902039143039e+03 -2.954045100248188191e+03 -3.193696070056831104e+03
-4.303760776935774629e+03 -2.966292803619884580e+03 -2.866456445587015878e+03
-2.125720113158888125e+03 -2.628950306527674002e+03 -4.141602281349264558e+03
3.764752385348977441e+03 -1.882055016773538000e+03 -9.555112747441204192e+03
-3.818431174988308612e+03 -2.688646803868211009e+03 -2.641850699514344797e+03
-4.512910952409979473e+03 -3.169686313002572206e+03 -3.525555521100700389e+03
-4.141137409793749612e+03 -2.877285081171440652e+03 -2.816781212921508086e+03
-4.419199158391602396e+03 -3.279810584383929836e+03 -3.673666087247203450e+03
-8.664663106452845796e+02 -4.975630634346406623e+03 -1.030973837209284284e+04
2.560219042310947771e+03 -3.861083673778036882e+03 -6.827881555941382430e+03
-6.216370673085618364e+03 4.298448399088803740e+01 -8.536208669555087909e+03
-3.301488773430581205e+03 -1.325127528739137915e+03 -4.681617589979013246e+03
-4.273709762728141868e+03 -3.517908058450188037e+03 -2.902827005214137898e+03
-4.018860701954884007e+03 -2.751564686105284636e+03 -2.680967587136381098e+03
-8.986193380376978894e+03 -3.685244386522182140e+03 -1.074726761796860228e+04
2.452017828879711942e+03 -1.905735523461883759e+03 -8.250745613093225984e+03
-4.198309922860182269e+03 -3.334036875112861708e+03 -3.340290122908123067e+03
-4.133456735668882175e+03 -2.816687104101662499e+03 -2.637625874856548307e+03
-4.365770133381737651e+03 -2.957048368920716712e+03 -2.698388590572792964e+03
-7.988399954778398751e+03 -3.627375428176615060e+03 -1.007678443842385241e+04
-4.516232433872330148e+03 -3.760719958951994613e+03 -2.933562185085213514e+03
-4.117848011402914381e+03 -2.933588001594126126e+03 -2.997594400223485081e+03
-1.527050528294871583e+02 -4.720962588005042562e+03 -4.009379879799942046e+03
1.921565256691360219e+03 -6.091369920343494186e+02 -9.519208098757202606e+03
-4.076146637508865751e+03 -3.003840041167447453e+03 -2.726236845823156727e+03
2.756260607585054913e+03 -1.010336000185251919e+03 -9.281329231374056690e+03
3.158773037904298690e+03 -5.428265357700857749e+03 -6.488851004216498950e+03
4.132655281935585663e+03 -1.467314550691828344e+03 -1.201631872154728262e+04
3.662160190660742501e+03 -1.920927781953117346e+03 -1.014587550129831106e+04
-4.418099474643418944e+03 -3.309102320548506214e+03 -3.316158168919444506e+03
-4.466237776350320928e+03 -3.119558028395340443e+03 -3.080095961917275417e+03
2.461255832127606936e+03 -1.270874210925120224e+03 -9.476605569185541754e+03
-4.088104454513230394e+03 -2.884447978512800546e+03 -3.053900221452093774e+03
-4.028303211853227367e+03 -3.170738071809666508e+03 -2.698794484767977792e+03
-1.065867266275104157e+03 -4.796815242731176113e+03 -3.420897288663759355e+03
-6.453994169842425435e+03 1.720002546349893748e+02 -4.788047553579899613e+03
-3.948851224855313376e+03 -2.684688019880694355e+03 -2.572204165980869675e+03
-4.143085403295197466e+03 -2.817097079678609589e+03 -2.697581918226349444e+03
2.594327750279291649e+03 -5.333621422770953359e+03 -4.832922397036981238e+03
-4.094448029278266858e+03 -2.857970204999982798e+03 -2.698683805283003949e+03
-4.646201588739713770e+03 -3.350373310102981122e+03 -4.031721289135033658e+03
-4.199381292225985817e+03 -2.910210578435566276e+03 -2.944157930472233147e+03
2.771431947937983750e+03 -2.416767195559461925e+03 -9.378640423734408614e+03
-4.033531909457125494e+03 -3.310284402166461859e+03 -2.837338566708537201e+03
-4.164367227026925320e+03 -3.512896908545841143e+03 -2.702340728805009803e+03
-4.042844304192186428e+03 -2.681837661662924347e+03 -2.605151780740939557e+03
2.971773770004575454e+03 -3.314189393789236874e+03 -7.889207189432397172e+03
5.798681203711425042e+03 -2.575782698725402952e+03 -1.260581355933171290e+04
-4.183312513594241864e+03 -2.848399778127128684e+03 -2.576674291336586975e+03
-4.230273045448459925e+03 -2.846688082281117659e+03 -3.774696511210003791e+03
-4.126016855322543961e+03 -3.400742070707938183e+03 -3.452885152663158806e+03
-4.076504652241605072e+03 -2.663304597562056188e+03 -2.555862182525396292e+03
1.980593985412026313e+03 -1.278220260986378435e+03 -9.302558922333644659e+03
-3.973112857512794108e+03 -2.513973289343363831e+03 -2.680176203439345500e+03
-5.676132548241860604e+03 -1.418785312050019911e+02 -1.698963798348087948e+04
-8.705680144314996141e+03 7.644754286183180056e+02 -8.708668407564338850e+03
-1.117773215116896972e+04 1.119035509905379286e+03 -5.768859611999189838e+03
-3.697027552649353311e+03 -2.653800104508204186e+03 -2.382096086532186746e+03
-4.071960261542348235e+03 -2.851360525985303411e+03 -2.657802867064809107e+03
-4.453858839180862560e+03 -3.117594268188028309e+03 -2.511529626340003233e+03
-4.162530436678798651e+03 -3.396857389373791193e+03 -3.654924785611128755e+03
-4.188377028552929005e+03 -3.431776282006342626e+03 -3.676837128904809106e+03
-4.009009635092217195e+03 -2.719945547443925989e+03 -2.571733896924942201e+03
-4.427848951302205023e+03 -2.999691773895637198e+03 -3.130944415610108081e+03
-3.696601933161002307e+03 -2.481484334076689265e+03 -2.481671131942616739e+03
-4.181140550165806417e+03 -2.819244473005503551e+03 -2.656691640268600622e+03
-4.299107857203194726e+03 -2.983932405100785218e+03 -2.811657602922899059e+03
-4.920385514532133129e+03 -4.177818351526293554e+02 -7.397183772660990144e+03
2.830544742886507265e+03 -2.831312075253605599e+03 -7.783900610859735934e+03
-4.343727062110167935e+03 -3.152292283879165097e+03 -3.683197308797195092e+03
-4.403154987990703376e+03 -3.089517343162272482e+03 -3.776708558248409645e+03
-4.131543939494480583e+03 -4.473125320026097143e+03 -3.720587770452389577e+03
-5.271015542462765552e+03 1.040218801972385791e+03 -9.224123578296328560e+03
-4.511063068643042243e+03 -3.893966337853314144e+03 -3.020953914517083831e+03
-4.291772228178116166e+03 -2.740651259953835961e+03 -2.609607101520736705e+03
-3.903690992771237688e+03 -2.304169036041049367e+03 -3.501846224842667652e+03
-9.708566408944490831e+03 -4.538618007613017653e+03 -9.643967927644196607e+03
2.405601123093472324e+03 -9.622421823988538563e+02 -9.036026669337468775e+03
-4.255127202946083344e+03 -3.537176769034097561e+03 -2.578104904751442518e+03
-4.337963189328698718e+03 -2.641718166827934965e+03 -2.739709287033027977e+03
-4.313691906533435031e+03 -2.892486354579027648e+03 -2.885385226780340417e+03
-5.315763235764798992e+03 -3.446111787551247289e+03 -6.412820407522384812e+03
-4.437647134425551485e+03 -2.864369837821724559e+03 -3.040793424228500044e+03
-4.046779676126438517e+03 -2.259472458173486302e+03 -2.696329296240061922e+03
-4.662116814949418767e+03 -2.792533230529845241e+03 -6.002812539556708543e+03
-4.134846765431166205e+03 -3.256045171134268912e+03 -3.960376152741858277e+03
-4.426199281342808717e+03 -3.878947017984874037e+03 -2.941606537471773663e+03
-4.421364475889852656e+03 -3.364471767698299118e+03 -2.788741695179971430e+03
