3.670867439216281127e+03 -3.555208144882834858e+03 -7.459623178655871016e+03
-2.067756804502696923e+03 -2.518563494056027594e+03 -4.312021634816168444e+03
-2.114942143021498850e+03 -1.242406623825841416e+04 -8.248637463387386788e+02
-6.574183321606289610e+03 -3.450247985484729270e+03 -2.463042462926068765e+03
-7.212127903723554482e+03 -3.308443753367913359e+03 -6.055917690337702879e+03
-1.627443559272902348e+03 -2.468841473698452774e+03 -4.815410769502965195e+03
-4.349589403300462436e+03 -2.333751305280380620e+03 -3.799392149384030290e+03
-9.242954799819852269e+03 2.883630180055019991e+03 -4.329819974692442884e+03
-4.189677602576795834e+03 -2.254132873511648995e+03 -3.854108573231220817e+03
-4.220346761251284988e+03 -2.944123839623756339e+03 -3.453132291642403288e+03
1.444571056746951001e+02 -2.237731326008352880e+03 -7.901739919666268179e+03
-2.254981765473362429e+03 -2.697260598876923268e+03 -4.307661923142695741e+03
-3.498019495595564877e+03 -2.507204785648386405e+03 -3.850048477562194876e+03
-1.492442880814952787e+03 -2.689423953363825149e+03 -4.507837022164734663e+03
-4.503155115873683826e+03 -3.177346060542575287e+03 -3.556145757097966452e+03
1.564214565543178878e+03 -6.889972507720912290e+03 -3.235726214004386293e+03
-2.482899803050971968e+03 -3.509281095948690563e+03 -7.117049389487160624e+03
-3.659007969757345563e+03 -3.313898391302155233e+03 -6.514949108010599957e+03
-5.173692248405428472e+03 -3.126021620794311275e+03 -3.262129447321081898e+03
-1.801986351271557169e+03 -2.290767660798841462e+03 -4.762112615126385208e+03
-2.038188242368049714e+03 -2.713510253294003178e+03 -4.131327298592186708e+03
-9.308733031525299566e+02 -2.897645832666762544e+03 -5.178666805011771430e+03
-3.177999794210872096e+03 -2.405499325014563055e+03 -4.023908963345462325e+03
-6.145239851460137288e+03 -3.855564049533028538e+03 -8.594550445376637072e+03
-1.882484531509196358e+03 3.847597018224951171e+02 -7.439374998863684596e+03
-4.772048809886567142e+03 -2.761932549650598958e+03 -3.259216929919929498e+03
-2.638722321340917006e+03 -1.102574359746708069e+03 -4.793382619656926181e+03
-6.126429203453351874e+03 -6.482302443928912226e+02 -9.564487758904066141e+03
-5.349728082517778603e+03 -9.664125626955076314e+02 -6.132587976251902546e+03
3.569587230433293371e+03 -3.322304668703652624e+03 -6.621904291752462086e+03
-5.623083072619146151e+03 -2.544372110850161334e+03 -3.038956905538542287e+03
-3.287369048715710960e+03 -2.315697377107048396e+03 -3.938086409165877285e+03
-7.092936510895092397e+03 -3.317887264220360066e+03 -5.518356374964133465e+03
-7.041514036294644939e+03 -4.800379860743969971e+02 -1.142285015522915046e+03
-3.290827187436200802e+03 -1.344145489635263630e+03 -5.899830721661132884e+03
4.542812857038492780e+01 -2.419808223745672422e+03 -6.947880098602734506e+03
-1.781529844226706246e+03 -2.709389379654172444e+03 -4.381542612989653207e+03
-3.486963282441442516e+03 -2.656000664740644424e+03 -3.810845189011380171e+03
-8.955960749683128597e+03 -2.810161885825753416e+03 -3.736852544194577149e+03
-4.693934352141457566e+03 -2.479703267779328598e+03 -3.370438187895862029e+03
-2.735993315206755142e+03 -8.465616970662159702e+02 -3.010743502546552918e+03
-3.780797939537281763e+03 -2.274725802309201754e+03 -3.805234186192989910e+03
-3.467997234583583122e+03 -2.493530972027774624e+03 -3.842484974174917170e+03
8.430140206796796747e+02 -3.397043417792623586e+03 -6.417701281627495518e+03
-4.716203721906602368e+03 -2.293601137496303636e+03 -3.545279466136661995e+03
-1.210018952551454822e+04 -4.775609642701214398e+03 7.393917884482386398e+03
-4.857841104095748960e+03 -2.641606402934133257e+03 -3.222031165930997759e+03
-2.023861971976063614e+03 -2.558949901491108903e+03 -4.586722576804869277e+03
-2.349390864839642745e+03 1.345069382628754738e+03 -6.038111804885916172e+03
-3.617868047363914684e+03 -1.891512955145788055e+03 -2.793051874052360290e+03
-2.261509878909261261e+03 -2.263263212404664500e+03 -4.472099978990374439e+03
-1.565661390998522165e+03 -2.506737903968565661e+03 -4.832001783682948371e+03
-7.798085429949760510e+02 -2.370881916104705397e+03 -5.306654422992164655e+03
-1.551055203788188373e+04 -3.548304820594549710e+03 7.063511469723033770e+03
-1.130193709751061760e+03 -2.574649918439879002e+03 -5.197606897743015907e+03
-1.339569750024543282e+03 -2.904966492503916015e+03 -3.986366195313199569e+03
-4.136140944795548421e+03 -2.504467236624140696e+03 -3.831629897863499536e+03
-3.059123736331470809e+03 -2.247996787591994689e+03 -3.847984027407436315e+03
-1.650534821130899445e+03 -2.363236359778449696e+03 -4.801220215039502364e+03
-9.895638994545328387e+03 -4.450579946347854275e+03 5.945083142433020384e+02
-3.702395986836694647e+03 -2.326171110347898320e+03 -3.806144238096791469e+03
-1.706025497569557956e+03 -2.404291008810967014e+03 -4.678520477792713791e+03
-4.041655388102622510e+03 -1.336611547058641918e+03 -4.153452917910004544e+03
-5.774816048929153112e+03 -3.252575434914896050e+03 -8.953419960606448512e+03
-1.423884783447989321e+03 -2.332473527215556260e+03 -4.988663931800620958e+03
-5.703727120546950573e+02 -1.987851591439258755e+03 -2.709849791252140221e+03
-1.700231616594947809e+03 -2.396799918235403311e+03 -4.608168334378686268e+03
-5.326508199838742712e+02 -3.665906528432034065e+03 -7.787258673283855387e+03
1.148078270762878361e+01 -2.210992101002202617e+03 -7.098634245143889530e+03
-2.023119519758901106e+03 -2.207927358346067649e+03 -4.683840868220595439e+03
-6.099936026622184727e+03 -3.480266518160310170e+03 -3.297618405109107243e+03
-4.108283095748269602e+02 -3.102225781063434624e+03 -4.892354423019611204e+03
-1.550157690065296038e+03 -2.417770376301755277e+03 -4.805704779943190260e+03
2.240503512337111715e+03 2.195044560689065349e+02 -1.034185069742096130e+04
-2.703541652738233097e+03 -2.518772751066209821e+03 -2.634470806936046756e+03
-2.575396935497253708e+03 -1.136610409761821984e+03 -5.287291043593260838e+03
3.038741271880006479e+03 -2.098793372817469844e+03 -7.980963468830499551e+03
-2.672072873535739745e+00 -7.037976400541447219e+03 -3.974567285442939465e+03
-5.854529316531314180e+03 -2.561998816778923356e+03 -3.390958103636261512e+03
-1.783316644875192287e+04 -6.105862681279771095e+03 1.025883487731992500e+04
-1.948659204973734859e+03 -3.178374564773885595e+03 -6.343189964237550157e+03
-1.985846041041854733e+03 -2.473758379578990116e+03 -4.707029093802797433e+03
-5.654847069477107652e+03 -3.289675053276614562e+03 -3.126835139082865680e+03
-2.997018368172267856e+03 -2.435336973068288444e+03 -4.201535116847563586e+03
-7.529807509231452968e+03 -2.886385872623773139e+03 -6.433090834231690678e+03
-6.232540479483286617e+03 -3.822539767547852080e+03 -4.927556022590581961e+03
-4.819123393896629750e+03 -3.131394076165998740e+03 -2.073922581248828919e+03
-2.036518913494707249e+03 -2.142286962597535876e+03 -4.544272146572044221e+03
-2.381479232525013686e+03 -2.298188767735486181e+03 -5.975066946273184840e+03
-1.789624641191394858e+03 -1.068316281804891514e+04 -2.242663338103469414e+03
-1.480509511799786651e+03 -3.121819838137992974e+03 -5.833052570740246665e+03
-7.182135539798249738e+03 -3.563569584397124345e+03 -2.585381141803916307e+03
-3.664193801480607362e+03 -1.783962531986342128e+03 -3.517245666938169052e+03
-5.697824489301096037e+03 -2.678743258185786999e+03 -2.888149828472821355e+03
-1.997153639569730103e+03 -2.506970235529133333e+03 -4.851650325602367047e+03
-1.630831124718980391e+03 -1.907490556353830470e+03 -3.121663368928187083e+03
-6.499972869992396909e+02 -1.503504015129063737e+04 -3.635022301722478346e+02
-2.265566444824131622e+02 -2.286697123852450659e+03 -5.985074791133244617e+03
-6.296699936067354429e+03 -3.594323122632265040e+03 -9.107904867808749259e+03
-3.669661475397186223e+03 -2.423381696652479604e+03 -3.896788612876036495e+03
-9.528094974550285770e+02 -2.929918520924590666e+03 -4.501724802350248865e+03
-1.439804365978186979e+03 -2.480038912985385650e+03 -4.497540500124842765e+03
-8.873612777778573673e+02 -2.476517199126694322e+03 -4.603396584691962744e+03
-5.981342074872253761e+03 -5.658217724372297198e+03 3.624559488414859061e+02
-1.678709541465040729e+03 -2.103103122169432936e+03 -5.383601138764288407e+03
-1.547201408708080635e+03 -2.628257212416804123e+03 -4.511928661342424675e+03
-1.430274538648277485e+03 -1.907336566169266462e+03 -5.067512974337057130e+03
-5.224077549588501824e+03 -1.307371502380779930e+03 -9.351735785018847764e+02
-4.442771515048510196e+02 -3.181746308242602936e+03 -4.533698485498435730e+03
-4.513156925074774335e+03 -2.280871860421958900e+03 -3.872683874933073184e+03
-1.682405843423762690e+03 -2.601063531295539633e+03 -4.271048557297862317e+03
-2.138891163450895874e+03 -2.425569343792390555e+03 -4.616515790367806403e+03
-3.185027211550930133e+02 -3.071583800307291767e+03 -4.773012588253102876e+03
-1.226790160403914115e+03 -2.381171877236478849e+03 -4.579120874232079586e+03
-1.898725370521209243e+03 -2.636090671049891625e+03 -4.179468587313564967e+03
3.085336240485877170e+03 2.812628562437388609e+03 -2.554767515155462206e+03
-4.900963216667523739e+03 2.703021248817678043e+03 -8.653753921863743017e+03
1.214327357645117900e+03 -4.734075391384165414e+03 -1.144633453277511535e+03
-5.200818099024230833e+03 -1.044404829513617369e+04 2.998188355433060224e+03
-3.711268693306127716e+03 -2.157519968450912984e+03 -3.837882565855246867e+03
-1.192935013399054242e+03 -2.661258494288534621e+03 -4.364164340056429864e+03
-4.203790760979880361e+03 -4.296259244971478438e+03 -1.628699047391151908e+03
-4.344104165873348393e+03 -2.369376683749020231e+03 -3.979876315479726145e+03
-6.205246849696019126e+03 -7.049616937551201772e+03 2.383617951815305332e+03
2.117262150429514804e+02 -4.800071695103394632e+03 -8.507846739795355461e+03
-4.951692830320720304e+02 -3.061861475388665440e+03 -4.544957233142293262e+03
-4.777836416091802676e+03 -2.815585600561526917e+03 -3.128557479348652123e+03
9.902249871408572517e+02 -4.919425595492724824e+03 -6.055751517574132777e+03
-3.626159828009290322e+02 -2.746116333091733850e+03 -1.785736673248152556e+03
-5.819986406993628407e+03 -6.659761600407230617e+03 3.007627966757095237e+02
-4.260894589803155213e+03 -9.383018369614499534e+03 2.051862398895492333e+03
-9.962369016425487871e+02 -2.339400027546512774e+03 -4.714435585195792555e+03
-3.353789075337999748e+00 -4.278939917796480586e+03 -5.453132902623793598e+03
1.975791827884320355e+02 -3.226580664373049103e+02 -8.121339664032286237e+03
-1.538971808121885715e+03 -4.963388622760838189e+03 -6.477495430773567477e+02
-2.251647165863120392e+02 -4.851714398179066848e+03 -8.013778197823621667e+03
-7.697832099471671654e+02 -2.749137404489742948e+03 -4.196003802463485954e+03
-2.089680772604598587e+03 -2.632290125986572548e+03 -4.398403564658197865e+03
-4.419632771324811074e+03 -6.752769998873842269e+03 -3.207550447761856958e+03
-3.412162596309065520e+03 -2.553470283979173473e+03 -3.976072412629401697e+03
-1.936742793985505614e+03 2.073831077608858322e+03 -8.260611965918162241e+03
-4.370959800948910924e+03 -2.448238966309266743e+03 -3.986994953392063508e+03
-3.720356363109452559e+03 -2.486926673617946108e+03 -3.870442166142862334e+03
-4.224602837840460779e+03 -2.592101305501234947e+03 -3.909321598571126287e+03
-4.475569275329502489e+03 -2.443701941749241996e+03 -3.947887019890653391e+03
-1.907201442296019195e+03 -2.282175361608568437e+03 -4.147762469364456592e+03
-5.088872319458206221e+03 -2.657161795755071580e+03 -3.083490932253037499e+03
-2.078144277303957551e+03 -2.301050915697061100e+03 -4.939252089502676426e+03
-1.245763488699557274e+04 -9.022029358433836023e+03 6.699797110040640291e+03
-5.804469622015773894e+03 -6.302603977572311123e+03 5.160935871293397668e+02
-1.647672503395276635e+03 -2.643654536490661485e+03 -4.325903915330817654e+03
-1.893818204259417371e+03 -2.619419502260076115e+03 -4.815434318982857803e+03
-6.177074395411336809e+02 -2.813139050872799544e+03 -4.752900048123273336e+03
-4.993293527296617071e+02 -1.511973442346283809e+04 4.135361382452220823e+03
-1.095399638549493147e+03 -2.322619816827614613e+03 -4.618219289153827958e+03
-1.037663659540722392e+03 -2.320429497068100318e+03 -4.659978344370647392e+03
-2.460192090573329551e+03 -1.566587922249869735e+03 -4.260728939983628152e+03
-9.361079771906393034e+02 -2.736721629184914036e+03 -4.234645826770023632e+03
-3.452723141057375415e+03 -2.530237373356886565e+03 -3.964514710486581407e+03
-5.601473183711016191e+02 -2.842795766192698920e+03 -4.586200357329020335e+03
-1.649615648185112832e+03 -2.317401707158373029e+03 -4.337998116361101893e+03
-2.181463532601802399e+03 -2.473981940170823691e+03 -4.617690476327309625e+03
-4.030090581500052394e+03 -1.710364660727701448e+03 5.489096618997284622e+02
-6.086242116547946353e+03 -5.444593567707173861e+03 1.964222084603449275e+03
-8.433955580506384649e+03 -2.044278374010266361e+03 6.379795722045799948e+02
-5.596984886597972945e+03 -1.398994414352954436e+03 -2.496366132136643500e+03
-1.823190707312111954e+03 -2.532024267260139368e+03 -4.654534330807793594e+03
-5.858751041568156325e+03 -5.099706335046484128e+03 -1.416529172830664436e+02
-2.763649222013602412e+03 -2.100950139347174172e+03 -3.662582182484687110e+03
-4.365079164938904796e+03 -2.316708592931776820e+03 -3.787445558481626904e+03
-5.905463275663442801e+03 -5.519321806041245509e+03 5.817801568474354212e+01
-1.493163764169543128e+03 -2.260870954245050598e+03 -4.353175438416279576e+03
-3.155515326182885019e+03 -2.645300264414426238e+03 -4.075499824136192728e+03
-5.499456615918876423e+02 -2.642165502586273760e+03 -4.651457653218767518e+03
-9.633013324621055062e+01 -4.518418363185963244e+03 -1.584707182138333565e+03
-1.264378309794826600e+04 -9.153292382097126392e+03 5.392938395876773029e+03
-7.321883385273629756e+03 -1.175815293930645112e+03 -1.841825373877172979e+03
1.022879846073434601e+04 2.107487301087341166e+03 1.484146709394071195e+03
-6.594273291770080505e+03 -2.716432172986570095e+03 -1.236532698193121632e+03
1.805651549735451681e+03 -1.438516344450637371e+04 3.998131468206765021e+03
-6.040427237541035538e+03 -1.990971070824475191e+03 -2.588848633946375230e+03
-4.159159876112036727e+03 -2.467107388210219597e+03 -3.892169734906729900e+03
-5.575830242735332831e+03 -7.065069831106733545e+03 9.460548497052332095e+02
-4.310953418127098303e+03 -2.564850140888345322e+03 -3.877478285208258967e+03
-5.934986506327432835e+03 -1.590358830740466146e+03 -2.833528821164317378e+03
-1.164692452049273743e+04 -1.126008769978077544e+04 3.301395905292381940e+03
-2.693737278054830767e+03 -3.024354356816271320e+03 -3.734646070387924283e+03
-2.184328554998876939e+02 -2.977618199684596675e+03 -5.174122490346010636e+03
2.263973614737237767e+03 -7.169121058402386552e+03 -1.716922311742216152e+03
-1.814801521747166646e+02 -3.718169368287087309e+03 -5.373136846696927932e+03
-6.221084765649953624e+03 -8.313801071352423833e+02 -3.369138751238661825e+03
-5.712386527618346008e+03 -4.199755335158446542e+03 -8.631910343530612408e+02
-6.969320703080746853e+02 -4.324450965846473082e+03 -2.070141641138669911e+03
-3.453208448564572791e+03 -1.081980886086686041e+04 2.198015811899144410e+03
-4.150383568780232054e+03 -2.578644154370404067e+03 -3.885293111352535107e+03
-6.194736743867144469e+03 -1.709897684086651680e+03 -3.098200318360937217e+03
-2.372559099947480718e+03 -2.253284823042732569e+03 -4.902388002896397666e+03
-1.703345296828032360e+02 -3.561276314927822114e+03 -1.531724470098879237e+03
-3.015783626560401558e+02 -4.141614169440105798e+03 -3.787151750065811939e+03
-1.916171717900222120e+03 -2.701533778933500344e+03 -4.494983992594127812e+03
-1.726917344487358832e+03 -2.427478116882849918e+03 -4.512452269121835343e+03
-9.882757826302727153e+02 -2.399523679539978730e+03 -5.029549485203925542e+03
-5.793960340318885756e+03 -2.006591000580251375e+03 -2.400604840380109181e+03
-1.134027051793972760e+03 -2.812627689318547255e+03 -5.467538708596832294e+03
-9.761643045125902063e+03 -4.816885845389843780e+03 3.997547003868348838e+02
-4.187391330290369297e+03 -2.573513521084459171e+03 -3.892302972648681589e+03
-1.979535511805373972e+03 -1.872596542626556811e+03 -4.907183834308033511e+03
-4.666480786449858897e+03 -2.028289122057504756e+03 -3.142793362667669498e+03
-2.418834727233072044e+03 -2.201776097157577169e+03 -4.481347524962035095e+03
-3.832581717498376747e+03 -2.293711439052626247e+03 -4.249573210610856222e+03
-2.162075536649174865e+03 -2.225829439868352438e+03 -4.604989777814952504e+03
-3.649532902428472426e+03 -2.268074613951893753e+03 -3.866624906910680238e+03
-4.188372402592326580e+03 -2.653893493956274142e+03 -3.802760489435922864e+03
-1.369895243620809197e+03 -2.153760627231894887e+03 -5.132377752669665824e+03
-2.468190255012183115e+03 -2.234308904105335841e+03 -4.371852493528691411e+03
-9.485839337597481062e+03 1.969846138555259358e+03 -2.314457754994145489e+03
-7.406001812160762711e+03 -3.683471550610574923e+03 1.568621414262219560e+03
-9.100578234314945803e+03 -4.402121356434495283e+03 1.018621655141982274e+03
-1.434723686378690218e+03 -2.931627135913332495e+03 -6.355585428897748898e+03
-1.348643768599354871e+03 -3.071096532604255117e+03 -4.368582379976596712e+03
-2.025079179818715147e+03 -1.884854370006576801e+03 -4.646028318011916781e+03
-9.610217618013921310e+03 -4.165950301221503651e+03 -8.066101211638813311e+02
-2.433186266946909200e+03 -2.208490988353143166e+03 -4.369141075590691798e+03
-5.121533561184281098e+03 1.604998942440784958e+03 -5.354806503989047087e+03
-1.573195189417451957e+03 -1.860871455583464240e+03 -5.192504551880803774e+03
-1.045728398126524098e+03 -2.352999319426545298e+03 -5.227612327988761535e+03
-3.902830941430578946e+02 -6.090587825308087304e+03 -2.095002113011536949e+03
-8.663086069733655677e+03 -9.823664535722098663e+03 1.630858350200788436e+03
-9.854238960419042996e+03 -4.294976394221195733e+03 -7.869007430305673552e+02
5.611735920719738715e+02 -2.876769170398242295e+03 -1.057644046654667181e+04
-5.624133943148119670e+02 -2.921696075501637551e+03 -6.291217183254390875e+03
-7.009823610770386040e+03 -2.411877000507621233e+03 -1.420151179694528537e+03
-9.374721393603404067e+03 -3.037739278568672034e+03 -1.524400098612224838e+03
-8.751976876399852699e+03 -3.864446048679134492e+03 1.573878738234372577e+03
-1.288054372673710168e+04 -3.773886556221201545e+02 -3.796987185151097037e+03
-5.079480427839036565e+03 1.884815110729982734e+01 -2.546880930488262948e+03
-2.137989653985555378e+03 -1.944741688997176880e+03 -4.621207643829103290e+03
-3.416753755585332328e+02 -2.648500510588586621e+03 -4.983677533738225065e+03
4.950467332144778993e+03 -7.967123907362401042e+03 -4.209682343819727976e+03
-1.791440112911364167e+03 -2.023794040736294392e+03 -4.547452335462013252e+03
-1.359432295611228255e+04 -2.172194733912666379e+03 -2.224638720947649745e+03
-2.108917576638402352e+03 -2.292674817609172806e+03 -5.070594386309902802e+03
-2.117954915792338397e+03 -2.282478960996883416e+03 -4.491386036622948268e+03
-1.936214117248398907e+03 -1.835594879981535996e+03 -4.871836307704989849e+03
-9.579805971469833139e+02 -2.430209854413591529e+03 -4.823805621065615924e+03
-3.688765570155951536e+03 -2.490282467873340011e+03 -4.851368077559188350e+03
-1.922018349649120410e+03 -2.104032951668198621e+03 -4.574326260441015620e+03
-1.913140379062628654e+03 -2.321577216010246502e+03 -4.484745094078674811e+03
-4.149858699449785490e+03 -1.210234776385609621e+03 -3.022613494642828300e+03
-9.098026364628625515e+02 -2.907671787483481694e+03 -5.492732716178879855e+03
-1.661860557751652323e+03 -2.135980073433030157e+03 -4.655021584299179267e+03
-1.366246073618749506e+03 -2.692597943013924578e+03 -4.623336137847672035e+03
-5.615348778789120843e+03 -2.049872800632605504e+03 -2.478095320096093474e+03
-7.579535786514301435e+03 -3.698504399928569001e+03 -2.688942738005834144e+03
-5.662662943292824821e+03 -1.907955502458860792e+03 -2.439769637553346456e+03
-1.979401044231644846e+03 -1.849200141658592202e+03 -4.804531535974194412e+03
-2.978004651221868244e+03 -2.631541285696898285e+03 -5.502275351136606332e+03
-1.416421990843616186e+03 -1.908977852509313834e+03 -4.965800950190162439e+03
-2.968001337518198852e+02 -3.154081941673620349e+03 -4.844427034048003406e+03
-1.779677591082993331e+03 -1.771577247046401908e+03 -5.029300758646652866e+03
-1.427453277305778556e+03 -2.107026631514192104e+03 -5.140911399885773790e+03
-2.416195761831466825e+03 -2.279434923344771050e+03 -4.719189144860865781e+03
-5.070253385103711480e+03 1.313916331405154097e+03 -2.195380927115279519e+03
-3.631487918325400642e+03 -2.129348422528016272e+03 -5.088172307740168435e+03
-5.819454680142540383e+03 -2.913188752529944395e+03 -3.237028189017572004e+03
-3.825080985020711523e+03 1.006135892636419157e+03 -2.976474633146968245e+03
-1.439690035451155381e+03 -2.799494411672800652e+03 -4.446646246802997666e+03
-7.174873990843438150e+03 -3.587584729808669181e+03 1.991918150899610737e+03
-4.454976452814074037e+03 -3.510742374724085948e+03 -2.754778798234049191e+03
-8.889361161477502264e+02 -2.385295123227711883e+03 -4.878470727907209948e+03
-2.282370055561256322e+03 -2.734465599867728088e+03 -4.814850729973725720e+03
-2.000504506282990860e+03 -2.207637881461021607e+03 -4.557791617663432589e+03
-4.128115015719446092e+03 -2.397322925451807350e+03 -3.720817237976420074e+03
-1.729642786625215649e+03 -1.724637517766503152e+03 -5.220050724921303299e+03
-8.261734168629649503e+03 -4.180806134704424949e+03 1.553163802201963108e+03
-1.392115192285897592e+03 -1.996988624266953138e+03 -5.265369402064261521e+03
-1.867933569149590767e+03 -1.910284315742989747e+03 -5.289834606233956947e+03
-3.900843373775648615e+03 2.110157972974234144e+04 -2.774882572568236355e+03
-3.167026458169264060e+03 4.812372080303861139e+02 -6.152163479303450003e+03
-5.630879261109072104e+03 -2.739880716774605844e+03 -2.098868656454728352e+03
-3.704347900912155637e+03 1.064417457316393666e+03 -5.507518711678697400e+03
-2.655885893681017933e+03 -2.773414213783333253e+03 -3.784284449967476121e+03
-5.272687910494526022e+02 -2.867616633776547133e+03 -5.713745419301732909e+03
-2.299130000125133392e+03 -2.305838361406677905e+03 -4.373818614850867561e+03
-3.303944937826807745e+03 7.234473244733944739e+02 -6.145743620843458302e+03
-4.909560169707123350e+03 -3.228777430093608018e+03 -2.472700927540656721e+03
-5.807931009495453509e+03 -2.967159858015877489e+03 -3.205094385282828625e+03
-4.181100663487824022e+03 -2.544241373596517406e+03 -3.886557433837457211e+03
-1.007341473887840220e+04 -3.289397557625513400e+03 -5.031338424359238388e+02
-1.050186400693601172e+03 -3.127524412784984634e+03 -4.818042445013027645e+03
-1.103055484103079834e+04 -1.250514734316041086e+03 -1.535853866752304839e+03
-8.324228881722210645e+03 -2.166282283699265918e+03 -2.300723141430416035e+03
-8.743228099779646072e+03 1.085639236194361047e+03 -5.752065541572737857e+03
-3.126620614300136822e+03 -2.551302829904778264e+03 -5.393708157710472733e+03
-7.845966868253497069e+02 -2.410845043643920235e+03 -4.788273191565154775e+03
-9.537928792423906998e+03 -3.826951099370618977e+03 6.359919505314608159e+02
-2.026092243619480769e+03 -1.880901373548696029e+03 -4.789635904166547334e+03
-8.714369290814211126e+03 -4.341565886488433534e+03 -9.705910733317682570e+01
-7.392008866096879501e+03 1.817534634479843817e+03 -6.363128709400387379e+03
-2.410108160825221603e+03 -2.364668904444477448e+03 -4.804658969143634749e+03
-2.156336987273619798e+03 -2.133346906823369409e+03 -4.668565310636367030e+03
-5.375864171633520527e+03 -2.547030722432461516e+03 -2.430758782876028818e+03
-6.982287562731852631e+03 -2.741306272370064107e+03 -2.764833860894053487e+03
-3.994800341188835773e+03 -1.101483789561183039e+04 -6.408148050437978782e+03
-8.457994560316326442e+02 -1.753926635067441794e+03 -4.389623073124113034e+03
-2.209833979198097495e+03 -2.239504638824492304e+03 -4.560649960263522189e+03
-6.122714338203967600e+03 -1.972979795699999158e+03 -5.058944809019502827e+03
-8.569608580806765531e+03 -2.207672345858758945e+03 -3.978112484569277058e+03
-2.042802392851861896e+03 -1.916352017682465203e+03 -4.753925241375066435e+03
-1.960237120617105575e+03 -2.402443177543856564e+03 -4.609600220826855548e+03
-2.342928746356237298e+03 -2.445636387936768188e+03 -4.736056123918359845e+03
-4.744042672629831941e+03 -1.871653730710462241e+03 -3.347933803645115859e+03
-2.969846974028261684e+03 -1.737551160013679464e+03 -4.532204857633852043e+03
-2.113352913410511974e+03 -2.289802431194209476e+03 -5.065276692244224250e+03
-2.009611507020555109e+03 -2.016333602828829953e+03 -4.952592498624694599e+03
-1.071885870882434756e+04 -1.604696111356580104e+03 6.314074470356471238e+02
-6.150000676603732245e+03 -3.066090448746062066e+03 -2.637318305481568586e+03
-9.796829214786845114e+03 -8.522503646040237072e+03 -2.291758486555045693e+03
-4.681692754642209366e+03 -1.214358581951863471e+03 -2.033459115161827640e+03
-3.447596495022778072e+03 -2.384488236506883368e+03 -4.282309384981466792e+03
-3.552173821068651705e+03 -2.568020196826992105e+03 -3.973971112171586356e+03
-4.834854862389210211e+03 -2.435344026609643151e+03 -3.868670769739686875e+03
-2.054866254542214847e+03 -2.533603195597545437e+03 -4.636023193700308184e+03
5.865854853744106094e+02 -3.037713099343838167e+03 -6.033306040868692435e+03
-4.118828784517341774e+03 -2.811821891877249072e+03 -3.824924921054335300e+03
-1.661895684036826879e+03 -2.443970567975587528e+03 -4.605817070764679556e+03
-4.950968753138059583e+03 -2.744994891776310851e+03 -3.139526976259970070e+03
-5.005636097873786639e+03 -4.295802163600068525e+03 -3.988325270194118730e+03
-3.912086875250189678e+03 -2.805422673107990249e+03 -3.784284361510775398e+03
-5.022687175292594475e+03 -9.388979318060147534e+02 -1.270660868000251412e+03
-2.980957552123005371e+03 -4.069807531341591584e+03 -6.660910723197550396e+03
-5.596631820615613833e+03 -2.598870918756744231e+03 -3.381780794551578765e+03
5.926042835250955250e+02 -3.137885760335650957e+03 -6.006978252626291578e+03
-7.649733092596739880e+03 -4.591122115783247864e+03 -1.671137539614433763e+03
4.844593810209564253e+03 1.185946007267001278e+03 -2.954213380943478114e+03
-5.968450437248601702e+03 -2.466693280459222478e+03 -3.886600946331442174e+03
-1.839582256158454356e+03 -1.863058623544760849e+03 -5.076590165427027387e+03
-1.801749263373408439e+03 -2.607517512212902147e+03 -4.570913749292033572e+03
6.729665072531099213e+03 4.196020453327999348e+03 -4.792541707702450367e+03
-2.142386780635580180e+03 -2.298173330194486425e+03 -4.580365380093320709e+03
-4.765416959809691434e+03 -5.874432889051482789e+02 -1.868804787634724107e+03
-2.195138481384615261e+03 -2.495785385985518587e+03 -4.872734307568661279e+03
-4.234006308447631454e+03 -2.613043593534493084e+03 -3.869389223578860310e+03
-3.532048809703522693e+03 -1.599274006530769384e+03 -4.216084392144965932e+03
-2.067035789915204077e+03 -2.149394463488228666e+03 -4.641052720023322763e+03
-4.893109190287920683e+03 -1.518838158719876219e+03 -1.013806633960295244e+03
-1.968852507848487448e+03 -2.496768840095348878e+03 -4.668609929427029783e+03
-1.919329964934973759e+03 -1.812223376651188119e+03 -4.898878915730831068e+03
-4.329669605057551053e+03 -2.920780679105719628e+03 -3.986143365492140219e+03
-5.146633863899516655e+03 -1.011561910273945273e+03 -8.964382954880542229e+02
-2.324640330473868744e+03 -2.271643096683998465e+03 -4.469905433276444455e+03
-3.935448555055349971e+03 -2.449066096938309329e+03 -3.980292577307275224e+03
-5.826612327702036964e+03 -2.836513005528104259e+03 -2.948841421331379024e+03
-7.079629864652139986e+03 -4.137624551451848674e+03 4.146397290740906101e+02
-3.350493389416888022e+03 -2.606385815116761478e+03 -4.055179818065143536e+03
-6.197997616450948044e+03 -2.889886730738096503e+03 -1.824584127187449667e+00
-5.226327424884460015e+03 -9.004229547000381899e+02 -9.121982275333282359e+02
-2.006088577441958932e+03 -2.525714614532926134e+03 -4.608077383447006468e+03
-2.325512035569068303e+03 -2.353584880143213013e+03 -4.515446436963346969e+03
5.159514002896440616e+03 6.392824754123412276e+02 -2.783045295677900867e+03
-3.586518229897001220e+03 -3.037628509256312554e+03 -1.603515489983475163e+03
-2.347760337491898099e+03 -2.234218031642019469e+03 -4.590757201484794678e+03
-3.512762886375448034e+03 -2.477336779612512146e+03 -4.112735030363366604e+03
-5.058249775862195747e+03 -2.652078539106164044e+03 -3.248612404761008747e+03
-5.273586280690380590e+03 -2.710871631626898306e+03 -3.000030380285174488e+03
-2.364972431131717258e+03 -2.250333761862581468e+03 -4.787054204603292419e+03
-2.053619327905715181e+03 -2.072014768499474485e+03 -4.619598279975857622e+03
-5.606181290907439688e+03 -7.340691338448759780e+02 -2.300883770609382736e+03
-4.602149925838577474e+03 -2.551822740396386507e+03 -3.772256009616218307e+03
-2.260955709071804449e+03 -2.177109063846710796e+03 -4.560710126688044511e+03
-4.637910471539154059e+03 -1.639959569070504131e+03 -3.140194578532463765e+03
-1.980467051796950955e+03 -2.252330962624424046e+03 -4.671116512054998566e+03
-2.304791551917940978e+03 -2.221472567672102741e+03 -4.575057724481535843e+03
-1.292999716761040418e+03 -2.562160558903507535e+03 -4.547181604886686728e+03
-5.748610683161607085e+03 -2.325996681886921579e+03 -2.197179884383895114e+03
-3.817454268252255588e+03 -2.644197063895735937e+03 -3.856163877749488165e+03
-3.861078503112184535e+03 -2.805667186816971480e+03 -3.627661972173671529e+03
-1.256423140618900470e+04 -1.367693642181466203e+03 -9.258504867992533036e+02
-5.928409650004454306e+03 -2.441995630718561188e+03 -1.902294225271135019e+03
-4.202999235224919175e+03 -3.421339388719341514e+03 -3.353290609742038669e+03
-6.312669245004164623e+03 -1.950934132691266313e+03 -1.523001069866133548e+03
-1.813371491417057541e+03 -2.325300219565835505e+03 -4.612270890183808660e+03
-5.038348971700204856e+03 -8.863865100231480483e+02 -1.375064495528560656e+03
-2.191996942175359436e+03 -2.128821557264888270e+03 -4.670566521631357318e+03
-1.271421035741767264e+04 -6.791384530573945995e+03 5.418535100739834888e+03
-4.487670063633182508e+03 -2.253905708065032286e+03 -2.572135762080963104e+03
-6.208409926017491671e+03 -2.718331090437002331e+03 -3.787337259807594364e+03
-2.060525870941787616e+03 -2.185692575347089132e+03 -4.765293995936815008e+03
-5.223747093586742267e+03 -1.465816115773903675e+03 -1.738567069423412022e+03
5.511444486360499013e+02 -3.027968953454807433e+03 -5.492726742139713679e+03
-1.037511286442460187e+04 -6.795239540745035811e+03 -3.734912681048978129e+02
-4.925859781398161431e+03 -9.165487577685595397e+02 -2.089623090820057769e+03
-6.192121551121868833e+03 -2.685528432700328267e+03 -2.148459651662007673e+03
-1.356239088279133284e+03 -7.349986084043321171e+02 -4.737438441308499023e+03
-2.050472993297504672e+03 -2.622478711954776372e+03 -4.778845039524991080e+03
-7.769575557695940915e+03 -5.276580053464069351e+03 -4.242888087554247249e+03
-1.956191420308617808e+03 -2.375659126322331758e+03 -5.023508945289750955e+03
-3.905683432671573883e+03 -3.622954932864247439e+03 -3.509281357294867576e+03
-1.642949783047149140e+03 -5.480411755945314098e+02 -2.228610940992096403e+03
-2.169998264126116283e+03 -2.084595163134777522e+03 -4.730306293890896086e+03
-1.645840557006616791e+03 -2.241303601985540354e+03 -4.587463101563118471e+03
-1.803801299071150424e+03 -2.168903516761669380e+03 -4.653455818381639801e+03
-4.429951023986852306e+03 -2.881104108536630065e+03 -3.174827907987453727e+03
-7.553434311567823897e+03 -6.651004719408285837e+02 -4.137809071892558677e+03
2.619769554808636713e+03 -1.023169593773688212e+04 -7.081637176916950921e+03
-1.480409500277370398e+03 -2.389326033114811707e+03 -4.640428567686809401e+03
-4.558031408187707711e+03 -3.068235821772415875e+03 -3.245471747355704792e+03
8.384084827140472385e+01 -4.486305219423260496e+03 -6.410832046879311747e+03
-1.468169973625239891e+03 -2.367044346427735036e+03 -4.585836349014150073e+03
-3.775416099728658992e+03 -2.904364832156397370e+03 -3.849754870668944477e+03
-3.202091847567421155e+03 -2.206222554691108598e+03 -3.854885496186611817e+03
-3.799354909597890128e+03 -2.745470777850513059e+03 -3.706164880364324745e+03
-3.732887245246683051e+03 -2.659732404263859735e+03 -3.640347733015712492e+03
-1.439672183670858203e+03 -2.303717992071040953e+03 -4.721477077617259056e+03
-1.637048382126372871e+03 -2.403069707854779608e+03 -4.528336911291018623e+03
-8.100569797069444576e+03 -7.596770403580581842e+03 -1.927736147665900035e+03
-1.832437886950939401e+03 -8.472838246159726623e+03 -4.351308791823203137e+03
-2.069956176988239349e+03 -1.136340061473259993e+04 -2.716756660656987151e+03
-6.039172512809338514e+03 -4.113864847368097799e+03 -8.017677444410086309e+02
-1.761920090517813605e+03 -2.585753477826105609e+03 -4.848887886712363070e+03
-5.529425303907476518e+03 -1.101122393122875565e+03 -2.305001542111011986e+03
-6.505245926925404092e+03 -1.226917034331045943e+04 1.228405717099205958e+03
-3.334122267046418528e+03 -2.599379188899670680e+03 -4.173165642518921231e+03
-8.788187806799892314e+02 -4.979192073105031341e+03 -5.939400622747818488e+03
-1.888527090086322005e+03 1.293706478586661888e+02 -5.680488371248511612e+03
-3.831196596302804664e+03 -2.776692823716008661e+03 -3.698847240397437872e+03
-4.129531265810901459e+03 -2.657902743184276460e+03 -3.478819116377982937e+03
1.969944358675056037e+03 -2.685486903471237838e+03 -7.048070236527477391e+03
-1.970490920876237624e+03 -2.361066343418720862e+03 -5.030473164260271915e+03
-6.256403279274562919e+03 4.509746762985634632e+03 -1.058477522209243580e+04
-9.316687366976830162e+03 1.402912772451717558e+02 -4.889777142459502102e+03
-4.063166879983434228e+03 -2.750792684531504165e+03 -3.528488826808158137e+03
-1.904935650346159491e+03 -8.478166777474483752e+03 -5.537654069888078993e+03
-2.318452026470000874e+03 3.856201759191168890e+02 -5.314421989895647130e+03
4.439268723083167174e+02 -1.014589480828533124e+04 -5.323462990945638012e+03
-4.561365057917265403e+03 -3.098304957901664693e+03 -3.221777815276290767e+03
-3.964203368645461978e+03 -2.719625851802800298e+03 -3.885452423774866020e+03
-2.056649743404688707e+03 -2.587517893185517096e+03 -4.834959544031990845e+03
-5.430245024617268427e+03 6.293869706404396311e+03 -4.439795918331044049e+03
-1.958084307418482695e+03 -2.646376187363796816e+03 -4.779512416036270224e+03
-5.688098166027535626e+03 -3.739755046857409070e+03 -1.012618699269107765e+03
-2.238306882155355652e+03 -2.243522450087695688e+03 -5.103803189050849141e+03
-1.812694304395069366e+03 -2.223353988511867556e+03 -4.636349532762000308e+03
-2.297365324228112058e+03 -2.384120113418736764e+03 -4.865936296314818719e+03
-3.867508047168634675e+03 -2.896049463329547962e+03 -3.900466598716785029e+03
-4.916392241998280042e+03 -1.177900982379647212e+04 8.747980372057627392e+03
-3.244829037783508284e+03 -2.140868423515908034e+03 -3.929110641374054012e+03
-1.546501050746943974e+03 -2.493959487868384713e+03 -4.758756434022177928e+03
-1.516769777596219001e+03 -2.051135407108546588e+03 -4.875075107225174179e+03
-3.670150804148597217e+03 -3.633568427525768129e+03 -1.513895393537383370e+03
-5.806863206318255834e+03 -2.884805574495344899e+03 -2.785021301196757577e+03
-3.154129062950467869e+03 -2.330529130069640360e+03 -3.912197195441041458e+03
-2.885694360542663162e+03 -2.245041139619849673e+03 -3.953846850272059328e+03
-1.511831717386017954e+04 -1.243985262124942528e+04 1.486848874945159150e+04
-8.445715273686950241e+03 -2.512934143276615941e+03 -4.514121250445135047e+03
-4.639541892212249877e+03 -3.071667739005337353e+03 -3.320022064537986807e+03
-2.038557765791501652e+03 -1.055774861830520422e+03 -6.798873720679423059e+03
-3.020525586008636310e+03 -2.584091903115811874e+03 -3.867162684284358875e+03
-1.799255283914940492e+03 -2.556140460734631233e+03 -4.498604327954672044e+03
-4.061762333977364960e+03 -2.977308176968782846e+03 -3.730370975558745613e+03
-3.168823486210701958e+03 -2.203567160901462557e+03 -3.867925441094733742e+03
-2.192272911595312962e+03 -2.135702379864994327e+03 -4.680381946564030841e+03
-2.495319452635190373e+03 -1.604569534448884224e+04 -4.405509102033337854e+01
-1.157149611964251562e+03 -2.167008477087823849e+03 -5.251034699456307862e+03
-3.637787571103538994e+03 -2.369275057610964723e+03 -3.745645234293721842e+03
-3.355635425733968987e+03 3.444420234452661134e+03 -3.556195284489702772e+03
-1.870936971161188239e+03 -2.640329908044658623e+03 -4.757426727738324189e+03
-3.369118941173906933e+03 -1.256905494975617330e+03 -4.176440630850371235e+03
-9.725572241840693550e+02 -1.891806280270133584e+03 -5.023340506978056510e+03
-2.079743925074873914e+03 -2.535704527235759087e+03 -4.683000861146678290e+03
-1.855773082706419473e+03 -9.225029679579383810e+02 -6.798184558150073826e+03
-4.311675315942068664e+03 -1.923513020016134988e+03 -2.905244821682084876e+03
-2.225071858484882796e+03 -2.327129983405213807e+03 -4.540718592114134481e+03
-4.396190656121782013e+03 -3.003337208049971650e+03 -3.472871220783500576e+03
8.061253685798784829e+01 -1.588648443401723398e+03 -7.815572151970864070e+03
-2.334681049918638564e+03 -2.844341588497035445e+03 -4.662124171989231399e+03
-2.725580050275942995e+03 3.183536951357139515e+03 -5.056993744206850351e+03
-1.086095351467308501e+04 -3.188242746500023713e+03 -5.721275525213422952e+02
1.135145953656953907e+03 -1.170177717922731972e+04 -4.234906036061883242e+03
-7.085193433352917964e+03 -8.247976675247105959e+03 6.853211459203436789e+03
4.580162653375957689e+02 -7.616532228375204795e+03 -8.024694457336789128e+03
-1.865419968574531595e+03 -2.388040985824060499e+03 -4.593446908406248440e+03
-7.202960813207402680e+03 -1.047571331293043784e+01 -5.126689302098549888e+03
-1.674652923114918167e+03 -2.536119142479229595e+03 -4.520299243813097746e+03
-9.361709202361836333e+02 -1.229529524750970450e+04 -1.192282748048547319e+03
-2.082782172362921756e+03 3.585053220055582642e+03 -7.301232444884987672e+03
-3.872063964362911065e+03 -2.609045099898230092e+03 -3.642319584581176969e+03
-1.728455789002128085e+03 -2.286262244086598002e+03 -4.627112390166345904e+03
-4.429597981082507658e+02 -9.902697854039141021e+03 -4.261009338938749352e+03
-4.048125259258506048e+03 -2.910333564160723654e+03 -3.662685665193484510e+03
-1.114778787903720513e+03 -8.739808095108826819e+03 -5.816216659125074329e+03
-5.132670271848230186e+03 -2.701751918864037634e+03 -2.042410056846765201e+03
-3.018973184575846517e+03 -1.664908065984553104e+03 -4.800416489375706988e+03
-3.989888398895926002e+03 3.151554239359903931e+03 -8.577030791105426033e+03
-5.328719812586547960e+03 -2.769511235126599786e+03 -2.757821763890425245e+03
5.123620993187579415e+02 -1.179121253345634250e+04 -3.997512960669840595e+03
-3.009452893786346522e+03 -2.489970963534330167e+03 -3.840620057648492548e+03
2.146928964645003816e+03 -4.525810846505857626e+03 -8.213522742286048015e+03
6.975484049424765089e+02 -4.492232026810477691e+03 -6.835889491588907731e+03
-1.786944682742364421e+03 -2.384350497036374691e+03 -4.613431475752439837e+03
-4.659212487988375869e+03 -2.506575130912234272e+03 -2.230792130107799949e+03
-4.485313947376729629e+03 -2.372820910388526045e+03 -2.396629028375352391e+03
-4.782477567909500067e+03 -2.627155041507703118e+03 -2.650562375491334933e+03
-4.470193105961133369e+03 -2.650355522120870319e+03 -2.702754473442825201e+03
-4.667421829260620143e+03 -2.740218586864434201e+03 -2.593565947649064128e+03
-7.912864464551682431e+03 -3.108584594369682236e+03 -8.873117091007769375e+01
-5.967420990823121429e+03 -2.990637527094238067e+03 -5.979013673029471647e+02
-8.270173647447583789e+03 -5.460975906785176448e+03 -1.446256004857829112e+03
-4.707719225782869216e+03 -2.278563501524359253e+03 -3.157768659317838228e+03
3.769011525960214385e+03 6.093092070828133728e+02 -6.470248067639990040e+03
-4.594163980782754152e+03 -2.541086278315325217e+03 -2.474293054175082943e+03
1.655475957903281369e+03 -9.189166789920802785e+02 -8.017990951205219972e+03
-4.605367077422481088e+03 -2.663726967193742439e+03 -2.847619235121659585e+03
-4.780062182041765482e+03 -2.628563827275456788e+03 -2.633114453172655885e+03
-1.007700251159819709e+04 -2.349358649067613442e+03 -1.801131700758557417e+04
-6.881673884024077097e+02 -2.530687686739053788e+03 -5.009068284637558463e+03
-4.196225849147455847e+03 -2.323208597479497712e+03 -3.294191110248068526e+03
-4.403394612588099335e+03 -2.579415573158670213e+03 -2.465950992104043507e+03
-4.598047458310537877e+03 -2.715937247378936263e+03 -2.594432142667419157e+03
-2.216571675111584682e+03 -2.723337644874125544e+03 -4.160304498255401995e+03
-6.578933594341052412e+03 -4.482751088498863282e+03 -1.474520709101240527e+03
-8.471906577206002567e+02 -2.896764976427158672e+03 -4.864090612870581026e+03
2.165045455000792174e+02 1.526529869902843075e+03 -6.988770434820048649e+03
7.113181605788159686e+03 2.231651691476999986e+03 -6.651217143455406585e+03
-1.088462596844118025e+03 -3.162898255527682522e+03 -5.132571095273569881e+03
-4.371850865787526345e+03 -2.575850607786551336e+03 -2.540402884761181667e+03
4.455816749824585713e+03 2.275434578414630778e+03 -1.758345970637012579e+04
7.582816162113926111e+03 2.937532587431551292e+03 -6.964198481202322000e+03
-4.647140141623130148e+03 -2.989371302981816825e+03 -2.155878257062196553e+03
-4.543655899897575182e+03 -2.755229579167111751e+03 -2.557968513304049793e+03
-4.049222113162535607e+03 -1.763193487618630570e+03 -2.590178053171475312e+03
-6.445273334278186894e+02 -3.147967119032508890e+03 -1.534477950405427691e+04
-4.573571966874691498e+03 -2.930652623013857010e+03 -2.059263876906719361e+03
-4.374022687016662530e+03 -2.740306612430144469e+03 -2.810994087165550809e+03
-2.042322612519580161e+03 -2.834927018178314484e+03 -5.204205102453858672e+03
1.237621865213372530e+03 -8.990572033368320035e+02 -5.868498336002463475e+03
-4.441833211745895824e+03 -2.794776288400810699e+03 -2.522261018835322830e+03
5.961637501857911047e+03 2.399847495148866983e+03 -8.860719845458470445e+03
2.620722808079297920e+03 -4.021635379102897787e+03 2.352499481802156424e+03
6.683993150629152296e+03 -1.420495211289174620e+01 -5.213047899618150041e+03
-2.992718193534632064e+03 -3.043167880145084837e+03 -4.843032425471787974e+03
-1.974529731229271874e+03 -2.802297454234464112e+03 -3.962311895153951355e+03
-4.603640389628533740e+03 -2.557732991632049561e+03 -2.454667881555932581e+03
-2.345064461997901162e+03 -3.065339000104849219e+03 -4.698770766331250343e+03
-4.533367386037130927e+03 -2.291737121068250872e+03 -2.619515335537309966e+03
-4.158974987579058507e+03 -2.457958378276236544e+03 -2.758079578292238693e+03
7.524680026955349604e+03 2.413348253109850248e+03 -6.490660090184652290e+03
-1.670196855533281450e+03 -3.721958838481090424e+03 -1.399445133100359953e+03
-4.511737916646446138e+03 -2.768236809037119656e+03 -2.573089425110182674e+03
-4.634919700860727062e+03 -2.713296999679273995e+03 -2.598741751884433597e+03
-4.888756747443689164e+03 -4.687713891419602078e+03 -4.865113982839968685e+02
-4.364408426153003347e+03 -2.431651089056034834e+03 -2.425975428206660126e+03
-4.282867065984072724e+03 -2.779627330406711280e+03 -2.548175478172663588e+03
-5.774452073123110495e+03 -2.453233682228147245e+03 -3.157125220161527977e+03
-4.698942430890279866e+03 -5.815109662504846710e+02 -1.348330019219843052e+04
-4.662786372030875100e+03 -2.497937974157874123e+03 -2.939858792720652218e+03
-1.066546564819867308e+04 -3.821366579656178146e+03 -2.362300214048431371e+03
-4.676895673188910223e+03 -2.591876189993135540e+03 -2.511748569455378401e+03
1.051274740728225197e+03 -9.511239682608236308e+02 -6.641571735891537173e+03
5.927759821393807442e+02 -3.354195914242334311e+03 -1.952276644901811324e+03
-5.518673494984856916e+03 -3.023968296434169133e+03 -3.631375527938531832e+03
-2.812870285430819422e+03 -3.470516921690440540e+03 -4.186233849566669051e+03
-2.979530587120605560e+03 -3.250398147056985636e+03 -3.380882872096177380e+03
-4.228893911586265858e+03 -2.318071440865476688e+03 -3.305360598226211096e+03
6.601596572505470249e+03 2.684643198696300260e+03 -8.057192091084104504e+03
-4.421520225460118127e+03 -2.426281773181729932e+03 -2.877942905797632193e+03
5.159736139036192981e+03 1.607399781952148032e+03 -2.244270953903165355e+04
-3.998409580163072974e+01 1.193971578622769357e+03 -6.192951048656563216e+03
-3.426113312246063288e+03 -1.799771685314789238e+02 -1.305283594731406265e+04
-4.134910243333966719e+03 -2.585261204778482352e+03 -2.693531606654337793e+03
-3.000547520603174689e+03 -3.016145105632326704e+03 -3.262351890932617152e+03
-4.688301915908083174e+03 -2.045386285258667385e+03 -2.964583244318587276e+03
-4.426447948618872942e+03 -2.701258430802867224e+03 -2.450117604065851083e+03
-1.258988127101969894e+03 -2.476143573458309675e+03 -4.227779514636289605e+03
-4.593931292167947504e+03 -2.610665582408435512e+03 -2.544761099183393981e+03
-4.435591610461079654e+03 -2.262625460894217213e+03 -3.141160079019622572e+03
-4.186027905690767511e+03 -2.134426402224051799e+03 -2.218548990906142535e+03
-5.830270329030001449e+03 -2.639157880885062696e+03 -2.791041629513999851e+03
-4.355732638606445107e+03 -2.746476013451710969e+03 -2.797717639413362122e+03
-5.801454659195586828e+03 -5.961036789504219996e+03 1.187669582672834167e+03
-1.296249022457530828e+03 -3.109502170520908749e+03 -4.461370861392039842e+03
-1.720988274634883282e+03 -3.355138531979681829e+03 -4.517345140038235513e+03
-4.614467663440644174e+03 -2.349546760515492224e+03 -2.811154101741593877e+03
-5.252264726169619280e+02 -2.707924423344290062e+03 -5.028607055900421074e+03
6.360461910815738520e+02 2.681882530000572842e+03 -1.312827379203698911e+04
-8.421770196694915285e+02 -3.239357314510238666e+03 -5.034116434134431984e+03
-4.506063330196459901e+03 -2.496336407605528166e+03 -2.481807635708694761e+03
-5.975553354938340817e+03 -2.546322227624483276e+03 -1.208533609663385732e+03
1.399625137448379064e+03 -2.431437478970694315e+02 -1.393037719349415966e+04
-5.196036667703509920e+03 -2.988232963713564914e+03 -2.308549251641483806e+03
6.726699339038334074e+03 -2.871058237375765202e+03 1.916584831776681995e+03
-6.320815736460916696e+02 -3.066053452676089364e+03 -4.726766748471762185e+03
-4.432216211595332425e+03 -2.050276658621688512e+03 -3.214771355121197303e+03
-1.133389397725803747e+03 -1.491205282812902396e+03 -4.597623020642120537e+03
-4.644898879184112047e+03 -2.519443953222245455e+03 -2.723984161111097819e+03
-4.719810018339085218e+03 -2.702675081816371403e+03 -2.591446146404879983e+03
1.362170799457321209e+03 3.996165464920518389e+02 -9.869014319556992632e+03
-2.380818405968722345e+03 -3.541333146603564273e+03 -4.142710109178163293e+03
-2.162902082759895166e+03 -2.545878526384388806e+03 -6.556107154571696810e+03
-4.526510624896512127e+03 -2.759636069753934407e+03 -2.709241776665710859e+03
-1.146498434376909790e+04 -1.149511960214046485e+04 -5.496773060193840138e+03
-8.221175293881757170e+03 -3.608355191499531429e+03 -1.615848147956354751e+03
-4.687540568509870354e+03 -2.531686321623745698e+03 -2.851056728152202595e+03
-4.492290031343661212e+03 -2.739490347206841761e+03 -2.550105483602953882e+03
-4.374341904968566269e+03 -2.797334644685192416e+03 -2.523386980812160800e+03
4.290198793994224616e+03 -3.555746611655144420e+02 -1.303811390630543428e+04
1.949508857736602977e+03 3.347747222732010869e+03 1.659087525611897263e+03
-4.071069740279707275e+03 -8.236100032049012952e+03 2.868909580872215884e+03
-4.464426640190553371e+03 -2.628063890372810420e+03 -2.576377265210623136e+03
-1.415353017849367234e+03 -1.865136057467216460e+03 -2.279542728309186259e+03
-6.491865693282861685e+02 -2.986035921051372497e+03 -4.829179683594276867e+03
4.472966391434907564e+03 4.934318868029644364e+03 -6.193682948520430728e+03
-4.403316247835506147e+03 -2.515650575788389688e+03 -2.790944586635239375e+03
-4.607785390671680034e+03 -2.536627477316680142e+03 -2.536219972472965310e+03
-4.832310246119416661e+03 -8.518198003188318808e+02 -1.400338150782844650e+03
-7.434114868328614648e+03 -3.352177851395833841e+03 -2.112250879201723365e+03
-5.132417290588225569e+02 -2.865042371768467092e+03 -4.988736069365423646e+03
-4.326663765511014390e+03 -2.249972354494150295e+03 -2.710000515520615863e+03
-4.348674583664445890e+03 -2.174924192684009540e+03 -3.739669808506000663e+03
-4.813046216994667702e+03 -2.246138942178789875e+03 -3.713030096121607585e+03
-3.468652023971395010e+03 -1.749623635862940546e+03 -2.939515318535389724e+03
-2.878967537551739497e+03 1.189901611166486646e+03 2.914175058487488513e+03
-8.167284055384875501e+03 -1.033064190914662140e+04 -1.633453139895486402e+03
-3.145545608893755798e+02 -2.466698442388563308e+03 -4.038717296291003549e+03
-3.069122843990154252e+03 1.369098411000024953e+03 -3.636394161491634804e+03
-4.401156309736203184e+03 -2.494662969417417571e+03 -2.430446704310901168e+03
-1.255551499329762692e+03 2.366499972760747823e+03 -1.169763219101638970e+04
-5.522751561201554978e+03 -8.595190072788448106e+02 -8.462797359880514705e+03
-4.109589476325777468e+03 -2.455695444721849981e+03 -2.690878227271829019e+03
-4.691978836992934703e+03 -2.456318131291746340e+03 -2.614108455119209339e+03
-4.635020481500843744e+03 -2.524664589252185579e+03 -2.549901816197081644e+03
-2.009419906178707606e+03 4.170591252986205291e+03 -1.283692727769698286e+04
-2.352119658802690083e+03 -2.515152482963913371e+03 -5.247190819308578284e+03
-4.309819803972647605e+03 -2.773711918373945537e+03 -2.528561224725383909e+03
9.436583769721665931e+02 -4.255335302087571563e+02 -5.336088918462357469e+03
-5.742501806725575989e+03 -1.485419945264313355e+03 -4.771837003171496690e+03
-4.345335348963151773e+03 -2.354799200650936655e+03 -2.559921700337513812e+03
8.368190309590123434e+03 1.002370969382162912e+04 3.921238619327472406e+03
-5.544197778064673912e+03 -7.434101196630649611e+02 -4.795555240988069272e+03
-4.983305055530887330e+03 -3.328503657131573618e+03 -3.469186250015710812e+03
-4.852696773816854261e+02 -2.093284396916264996e+03 -5.580278216151349625e+03
-4.829648938656895325e+02 -2.480179851179475918e+03 -4.975235920535380501e+03
-4.527020591120668541e+03 -2.299079073570703258e+03 -2.541630121109487391e+03
-2.816092221627457093e+03 -1.225137553696454006e+03 -9.425949813898127104e+03
-4.402237809135362113e+03 -2.636745838804911273e+03 -2.494623640553994392e+03
-4.572034129152956666e+03 -2.445946863263030991e+03 -2.694485347924786311e+03
-5.513054096256834782e+03 -1.771427890443030719e+03 -4.537788973802699729e+03
-7.959532255503481792e+03 -5.447304388971425396e+03 -5.251045243827226841e+03
-4.388887686856874097e+03 -2.619324185316143939e+03 -2.377186638978845622e+03
-4.661822172117196715e+03 -2.132038548324332623e+03 -2.585511740124802145e+03
-2.085695965006873394e+03 1.949234324802525862e+03 -6.809325702143635681e+03
-4.613383914670816921e+03 -2.465608699403021546e+03 -2.403236106661664053e+03
-4.538148711579115115e+03 -2.680049983206292836e+03 -2.731036252608404538e+03
-3.671772268023120432e+03 -2.216881964942433115e+03 -3.860652252371999111e+03
-5.637872794672767668e+03 3.625039292166206906e+00 -3.836353802534210899e+03
-4.500331967579287266e+03 -2.598372217274533341e+03 -2.425443285115031813e+03
-1.697032899591560181e+03 -3.088266239420386682e+03 -3.677920301398401989e+03
-4.550403075621077733e+03 -2.247347126116574600e+03 -2.597682591249842972e+03
-5.062857060976210050e+03 1.117678352945683173e+03 2.283798279429830927e+03
-2.474532446643766434e+03 -1.440275967390113010e+03 -1.628477410033472324e+03
-6.910757080681664775e+02 -2.907820524606974232e+03 -4.825608653099286130e+03
-4.155693147717800457e+03 -2.513324563453951214e+03 -3.701904445525466144e+03
-4.772149561332316807e+03 -2.520458548244165740e+03 -2.917254204556215427e+03
-4.114113489495791327e+03 -2.519724502501876032e+03 -3.751267312412055617e+03
-6.394148651506065107e+03 -4.123477522891967055e+03 -6.382150638265181442e+03
-4.508056934551880659e+03 -2.679071660927118046e+03 -3.069880795537959330e+03
-4.376387125666863540e+03 1.813282137961229182e+03 -7.796161366599842950e+03
-5.171522130129781544e+03 -1.192656208783697366e+03 -1.312165624859267609e+03
-4.051642853218580512e+03 -1.768272215705464305e+03 -2.063331949774603345e+03
-4.558590695085316838e+03 -2.639177282166788245e+03 -2.427025407894670934e+03
-4.416376820416984629e+03 -2.237793064433444215e+03 -2.535592086053057301e+03
-4.577814747091648314e+03 -2.136064903289435733e+03 -3.191468507691814921e+03
-1.901211217795516632e+03 -2.416064261517723480e+03 -8.057141625004349407e+03
7.836762223043539962e+03 1.458015801225962377e+03 1.522384940081858304e+03
-4.344345597901614383e+03 -2.411823680116685409e+03 -2.443320527776051676e+03
-4.351916041519234568e+03 -2.784769339275759194e+03 -2.494440205393035740e+03
-4.433932367096333110e+03 -2.649292158598883361e+03 -2.444229350981408061e+03
-5.453031470335302402e+03 -2.559942191068502780e+03 -3.713685868953394674e+03
-4.603408873436940667e+03 -2.503586932186753984e+03 -2.529145938208989719e+03
-4.935771905317161327e+03 -1.603068876177981792e+03 -1.042000203836099672e+03
-5.656876337023758424e+03 -1.827513052778660494e+03 -2.297105187070781994e+03
-4.475416345022691530e+03 -2.191372745544468671e+03 -2.509328255143371280e+03
-4.596269008390569070e+03 -2.286190594684042026e+03 -3.005537435608896885e+03
-4.112937622288895000e+03 -2.310210724950784424e+03 -2.520104902230571042e+03
-6.900114861400713380e+03 6.838880021216605201e+02 -2.833310015268101779e+03
-2.360478143212883879e+03 -2.854004232471063915e+03 -4.774175659260487009e+03
-4.288379773589856995e+03 -2.264724507432081282e+03 -2.889631664262512459e+03
-2.352727204003849693e+03 -2.763136148169861826e+03 -2.362331692414710687e+03
-3.518315144008166953e+03 2.916840843441152629e+03 -1.135930763173356900e+04
9.541952392579072693e+03 1.515177387971837925e+04 5.086278106934261814e+03
2.325312705528678180e+03 1.397591343561305450e+02 -7.989452788943729502e+03
-5.967658070269967538e+03 -2.796808921545691192e+03 -3.807299379815219709e+03
-4.372147413390411202e+03 -2.417560751377465749e+03 -2.600992773367157042e+03
4.015563262869485698e+03 3.160500498185316246e+03 -8.674418069870445834e+03
-4.493462464713734335e+03 -2.156652746279274652e+03 -2.608746080527550930e+03
-4.581376422117047696e+03 -2.398083908915252778e+03 -2.537703958104831599e+03
3.966804731687422645e+03 2.847257530267470429e+03 -9.202452622285025427e+03
-4.403975906187118198e+03 -2.416851396942185602e+03 -2.694994157566402919e+03
-3.869133044751943544e+03 -1.855241769277969524e+03 -2.427188404032823655e+03
-4.510027148068640599e+03 -2.574716815594160835e+03 -2.664212124583686546e+03
-2.083772385143685369e+03 2.277034840459866246e+03 -4.796541912391409824e+03
2.621343821973556260e+03 -1.215024531191415917e+02 -3.235046949062329986e+03
-4.406082173831304317e+03 -2.679424422159258484e+03 -3.248043332375848422e+03
-4.436340600305976295e+03 -2.140592354456557587e+03 -2.571164592079109752e+03
-4.364296903881845537e+03 -2.012755536739226727e+03 -2.865911630756228988e+03
-5.764788503511760609e+03 -2.277246519015238391e+03 -1.653688789092349907e+03
-4.387041616175915237e+01 -4.282472172855580538e+03 -5.546326240000083999e+03
-1.887910725235705286e+03 -2.493432537590733773e+03 -1.034701818828110481e+04
-4.415663482302470584e+03 -2.248367573704632377e+03 -2.624975889256408209e+03
6.738524495385912815e+03 2.707893722069867181e+03 -7.068928508385080931e+03
-4.477956360485775804e+03 -2.264265042525421450e+03 -3.290274791140062007e+03
-5.306250680815403939e+03 3.919467267089254619e+03 -2.981245251104960971e+03
-4.600131517235528918e+03 -2.359234322847818930e+03 -2.642084175976591723e+03
-4.449300336347992015e+03 -2.614464600896796583e+03 -2.447218040967248726e+03
-8.134175162032988737e+02 -1.316861934142606515e+03 -6.792894000644826519e+03
-2.794024566252906425e+03 -1.633042890891617844e+02 -5.018162328372509364e+03
-4.329817610585301736e+03 -2.559612720207989241e+03 -2.760790500738173250e+03
-3.662107763895195603e+03 -1.610909519221511346e+03 -3.252687907896198340e+03
-4.497025256435386837e+03 -1.934007384742785234e+03 -2.919978041083737480e+03
4.951740538123076476e+02 -1.828810723907318106e+03 -7.294408852398223644e+03
-5.213909646747592888e+03 -1.994054024726830676e+03 -3.363250842222759729e+03
-3.451331961700136048e+02 -1.233775966239789341e+03 -7.550687399113377069e+03
-2.927785429349088190e+03 -3.626658868325776893e+03 -4.638433073947046978e+03
-2.970176013830870033e+03 -3.256883032625228225e+01 -6.047439917424655505e+03
1.926931606883302038e+03 -4.568188509721341006e+02 -9.002716094391089428e+03
-4.563328072692673231e+03 -2.406528737084682689e+03 -3.362689508343202306e+03
-6.185940238491593846e+02 5.431607040942767526e+03 -5.346664505392988758e+03
-5.338003819412771009e+03 -8.602670542929756266e+03 4.490570679421958630e+03
-4.417929496574376572e+03 -2.041063973592603134e+03 -3.180980316523639885e+03
-4.419956258931498269e+03 -2.155098362190752141e+03 -3.118480430429115586e+03
-4.254854423090969249e+03 -2.367158369164122632e+03 -3.189947318112855100e+03
-1.349493031156991719e+03 1.277529766547605686e+04 1.840351525084166440e+00
-8.379921535233268514e+03 -4.704902166980951733e+03 -7.512517785092336453e+02
-4.727102355679467109e+03 -2.292350675971687451e+03 -2.900660370612409679e+03
-2.646476289562057445e+03 -2.658661447929718634e+03 -3.270024725091366236e+03
-7.488423246421202748e+02 -2.779593721928636114e+03 -5.149079276456211119e+03
-4.562893547287509136e+03 -1.967610818994786314e+03 -3.161713142387678545e+03
8.100449872383967431e+01 8.559787952915793312e+02 -4.261660620844396362e+03
-5.597973346908314852e+03 -1.913091680300493636e+03 -5.606742810111853942e+03
-9.052497864606698386e+02 -5.778071359199999279e+03 1.048097891577883502e+03
-1.519005494750166690e+03 -6.866351571035490451e+03 2.844797213511544669e+03
-4.415515098542748092e+03 -3.120175129349052440e+03 -3.143504948058389346e+03
-4.261220210347257307e+03 -2.066355384378069175e+03 -2.985844540422386672e+03
-4.251709661951581438e+03 -2.730221047739166352e+03 -1.694463262542754137e+03
-4.385968358511578117e+03 -2.302781205783790938e+03 -2.524558366556304463e+03
-4.427731352011091076e+03 -2.212821151954916331e+03 -2.593736573246135777e+03
-1.564337651781209161e+03 -4.441508206322461774e+03 -7.282232616591185433e+03
-4.339559067787889944e+03 -2.024645195007812390e+03 -4.917711815621712958e+03
-4.407910981052749776e+03 -2.079681920971594991e+03 -3.230281657257417919e+03
-4.366029275100470841e+03 -2.111728203674262659e+03 -2.696911355618475682e+03
-4.170014159745331199e+03 -7.207299390318113410e+02 -3.943064462129571439e+03
-4.729198834064928633e+03 -2.106322222680416417e+03 -3.108578578159179415e+03
-3.069935769833930408e+03 -2.574587678942237744e+03 -4.803320635476520692e+03
-4.659849914003091726e+03 -2.397894807842512819e+03 -3.165387054541223279e+03
-4.944848652687962385e+03 -2.903788851038764733e+03 -5.012122700453146535e+03
-4.614100468176177856e+03 -2.368372619918205146e+03 -2.737520129779885792e+03
-7.201105106579152562e+02 -1.006307686754875249e+03 -5.847999588912116451e+03
-4.327018215073188912e+03 -2.446653412808517714e+03 -2.659316208739978720e+03
-2.218509099658012474e+03 -1.633823150842619953e+03 -7.017328879962598876e+03
-5.315764772895413444e+03 -3.608419031861680651e+03 -1.740483423311615979e+03
-4.345136240313434428e+03 -2.358134992263448567e+03 -2.585979043677011305e+03
-4.573652355655498468e+03 -1.984948981838083455e+03 -2.687018334402418077e+03
-4.723505155027854016e+03 -2.212963723136642329e+03 -4.867172079814530662e+03
-5.643310338157228216e+03 -2.295253568356947653e+03 -3.011808079588906367e+03
-3.247175653224104735e+03 -1.311969602651648188e+02 -5.270002749522875092e+03
2.664227947834901443e+03 3.372470374806578093e+02 -9.611265075463938047e+03
4.484500345668038221e+02 -3.821661885031038764e+03 -1.076078285800395861e+04
-3.364863606774694290e+03 -3.172381619862255775e+03 -8.795830109720182008e+03
-3.465141502119415236e+03 -1.213726968877641866e+03 -4.133905562241124244e+03
-4.372890006266247838e+03 -2.205743649423855913e+03 -2.598482976688812414e+03
-4.387706765674734925e+03 -2.118702698312888970e+03 -3.089217713150855616e+03
-4.675036049260878826e+03 -2.564958083657778843e+03 -2.832172564783626058e+03
-4.719152055897207902e+03 -1.440924335181249717e+03 -6.317478383641147047e+03
-3.384686340120053046e+03 -1.666455895386739030e+03 -3.029249248578679726e+03
-4.485944663818322624e+03 -2.665440696718983418e+03 -3.346378877919818478e+03
-4.538786676817808257e+03 -2.057014906847465227e+03 -2.659002635403325712e+03
-4.338056512179369747e+03 -2.095433369278381178e+03 -2.755299051159762712e+03
-4.031043961258027593e+03 -1.729922810748938218e+03 -3.138595480304803459e+03
-4.495397275827844169e+03 -2.118272015872365500e+03 -2.632987675226640022e+03
-5.260625839790693135e+03 1.218648973894729806e+03 -1.647146774186805715e+03
-3.809235945166412421e+03 -1.643065332811986991e+03 -3.550022978351220445e+03
-2.916066699025269372e+03 -2.311630341904159195e+03 -4.966170244561340951e+03
-4.356757841149810702e+03 -1.974310917341803133e+03 -3.008857366126009765e+03
-1.966664171921590423e+03 -1.740919788661334906e+03 -6.132026325898814321e+03
-1.194375314341647027e+03 -2.400710275913656005e+03 -1.098403485549404650e+04
-3.997956924727901878e+03 -1.562734485588079224e+03 -2.737396685231706215e+03
1.401407568864589393e+03 8.855258089602946825e+01 -8.814837562225069632e+03
-4.311263433978297144e+03 -2.672015893903522738e+03 -2.800074533912028528e+03
-5.830992900821057674e+02 -1.660419561895866991e+03 -8.313783562435821295e+03
-4.625831927750975410e+03 -3.462296655596291657e+03 -2.285097099942100158e+03
-1.672278938598688910e+03 -4.088558397890489687e+03 -1.329542651878056176e+03
-4.069915053614480712e+03 -3.124585319544719368e+03 -2.456737596373275665e+03
-4.440923219141871414e+03 -2.125126931213708303e+03 -2.590239370365275590e+03
-5.183151211999029329e+03 7.680629264857102498e+03 -2.536968447664908126e+03
-4.524791463677462161e+03 -1.952573253900311329e+03 -2.730727491238717903e+03
-3.540122831210731874e+03 -1.729137144926380188e+03 -2.666302452559355970e+03
-6.834425988652822525e+03 5.573400488548038084e+03 4.801107458570638897e+01
-4.363310407835254409e+03 -2.291698322091594946e+03 -3.164053676971261211e+03
2.438686782441080823e+02 -1.090059435452513981e+03 -7.644173565580889772e+03
-4.461153377712287693e+03 -2.296769128010303575e+03 -2.599112882519514187e+03
7.268887806348034246e+02 -8.159014967561242884e+03 -1.063628301138398456e+04
-1.128288651196799037e+03 -1.020476635140715007e+04 -8.168093998290793934e+03
-4.436412977232570483e+03 -2.264009883938453640e+03 -2.646882353985435202e+03
-4.695882864349777265e+03 -2.260691188308103847e+03 -3.173736833824227233e+03
-4.542048221218615254e+03 -2.068033710368722041e+03 -3.121779580136241748e+03
-7.559668149610584805e+03 -2.624488888912898346e+03 -4.606812551590478506e+03
-5.912066590646093573e+03 -2.424913832127028400e+03 -4.043811004771694115e+03
1.126910661524051648e+03 -5.664872166448622920e+03 -3.229311955553514053e+03
-4.123082010367976181e+03 -2.192482832277736179e+03 -2.697457354584395944e+03
1.125293855060941269e+03 -4.757635495330898266e+03 -1.234902734283881182e+04
-4.323798926186572317e+03 -2.212885976935984672e+03 -3.247435625810509919e+03
-4.773097003925745412e+03 -1.964302528797744799e+03 -3.140951546839162347e+03
-4.601688375763652402e+03 -2.474198431820632322e+03 -2.707867883369469382e+03
-4.509958678687550673e+03 -2.311505869198779237e+03 -2.751920740882115751e+03
-1.811816449114341594e+03 -7.216962583059511417e+03 -1.988310246733524536e+03
1.730812790525930950e+03 2.267225077604296530e+03 -4.041338818795123643e+03
-4.856371128042108467e+03 -2.798259921910335379e+03 -1.842838921628463595e+03
-4.385041565532327695e+03 -2.351994238893864804e+03 -2.668469308863192055e+03
-4.388390882325337770e+03 -2.049760221575144897e+03 -2.915413300506926589e+03
-6.253629565401696709e+03 -2.244105563512683602e+03 -6.122313767642607445e+02
-4.622656881854763924e+03 -2.536487980778514157e+03 -2.533230406508167107e+03
1.815917506931676542e+02 -8.601660703703564650e+03 -1.042466221789854717e+04
-4.133229168890819892e+03 -4.217927056845473999e+03 -3.130860844450803029e+02
3.002453609454033199e+02 -3.985858043205880676e+03 -7.921219176585947025e+03
-4.399434285713995450e+03 -2.186568712969165517e+03 -1.944333924907429264e+03
-4.528763124154671459e+03 -2.038159363014062137e+03 -3.125125548183539195e+03
-1.592092645195577643e+04 1.811709954491530516e+04 -8.960393698509797105e+03
-1.901410949658011873e+01 -8.177610502195592744e+03 -1.122541818641767713e+04
-4.683435331446030432e+03 -2.242518018639259481e+03 -2.895712486215049012e+03
-4.705081952884414022e+03 -2.644980957036825203e+03 -2.089298716157235503e+03
-4.782754854302507738e+03 -2.278315461637669614e+03 -3.102088995427690861e+03
-1.597247711817238451e+04 1.902716391405554896e+04 -8.942724031875921355e+03
-3.780128407581456486e+03 -2.479854557518034653e+03 -4.047659638460095266e+03
-4.398950680301142711e+03 -2.193338121975994909e+03 -3.198394129944282213e+03
-4.902212222433351485e+02 -1.023938650076646627e+04 -1.052124325138505628e+04
6.644957076502422524e+02 -9.001420334175832977e+03 -1.170083920147209392e+04
-4.102703945818368084e+03 -2.776205144316853875e+03 -2.403379391928544919e+03
-5.953074842399107638e+02 -7.250968302587414655e+03 -6.664345592277948526e+03
-2.187431010776527955e+02 -1.077946115306766114e+04 -1.194817626063317221e+04
-1.273301765735034905e+03 -1.058242446583761193e+04 -8.014039119794581893e+03
1.065547360026672777e+03 -8.523370887506178406e+03 -1.254006533605131335e+04
-8.594086356976995376e+03 -2.220815754943145748e+03 -1.142563156697188333e+03
-4.681707494135527668e+03 -1.991010658637762845e+03 -3.085696537540118698e+03
-1.167166515949682207e+03 -9.634201548898003239e+03 -5.059087876367412719e+03
-4.633141046037901106e+03 -2.095894648112411232e+03 -2.696916313657563933e+03
-4.434602842304214391e+03 -2.149378519525578213e+03 -2.517694465147261326e+03
4.331316736008080852e+02 -1.769842501105182237e+03 -6.729463721631944281e+03
-4.677664906869418360e+01 -1.125571788625010049e+04 -1.289893289123631985e+04
-4.477000477083128317e+03 -3.466565912208660848e+03 -1.584015972815366013e+03
-4.485647729830355274e+03 -2.035132566668856725e+03 -3.049700264912258262e+03
-1.467528986046443379e+03 -4.598043112298912092e+03 -5.770482046896886459e+03
-4.890566360278086904e+03 -1.704479876563801781e+03 -4.350968077798938793e+03
-4.513207572169356354e+03 -2.031406001830144760e+03 -3.166442549401820997e+03
-4.364757005681541159e+03 -2.160936439695307399e+03 -3.247638466652212628e+03
-3.804381493245422462e+03 -7.187496849512303015e+03 -2.458086181490855779e+03
-4.556601184553662279e+03 -1.979946472157076641e+03 -3.186054337071990631e+03
-5.779423337595043449e+03 -8.794052129883174302e+02 -4.113233912960835369e+03
-3.963736679371736955e+03 -2.894951722413992684e+03 -2.124395768052821495e+03
1.934125286915615618e+02 -1.100631932170131222e+04 -1.160772953132684779e+04
-1.527485661471213234e+03 -1.232962659352324954e+04 -6.822359687713829771e+03
-4.239513168542318454e+03 -2.557695780595151518e+03 -2.428407249018743641e+03
-4.375491583118325252e+03 -2.169525391919558388e+03 -3.252763525419516554e+03
-3.950104977179349135e+03 -3.025915080418168600e+03 -4.661119292347007104e+03
-7.182683295518409977e+03 -1.673057079639358335e+03 -5.840128744199416815e+02
7.007981292609599677e+02 -6.225193187774837497e+03 -1.291211559002579452e+04
-5.836015898033280791e+03 -2.129020035748769260e+03 -1.032020900750170085e+03
-1.449182137331973718e+04 1.999042763076481424e+04 -9.164327379025125992e+03
-1.188085319823172995e+03 -5.498966429133901329e+03 -7.916532767568432973e+02
-3.773927669525520741e+03 2.808760999991813151e+03 -5.898751588727017406e+03
-4.024028794791560358e+03 -1.702788497095498315e+03 -3.304967287612656492e+03
-4.021875796259823801e+03 -2.661308589137965555e+03 -2.254527775534480497e+03
-4.388501453078964914e+03 -2.244619656219455919e+03 -3.175182801137347269e+03
-1.125162775437610253e+04 -4.157113768805246764e+03 -1.694221119539766278e+03
-4.572555398369057002e+03 -2.334828494414293800e+03 -2.311565919915678023e+03
-4.418610346627123363e+03 -2.146559352389494052e+03 -3.143693844498596263e+03
-4.497145961220174286e+03 -1.983291980854800840e+03 -3.205559521715377741e+03
-4.383269004615683116e+03 -2.557401888773438259e+03 -2.948888381168996602e+03
-2.974720104752491352e+03 -2.868738017446699814e+03 -3.119963258567895537e+03
-4.467995621572336859e+03 -1.937029122787301276e+03 -3.004269538175264643e+03
-1.450309120824764477e+02 -4.654191197735203787e+03 -4.076995200535392541e+03
-6.662499373038678641e+03 -2.050310319932486891e+03 -7.426619657714525147e+02
-4.467466736246325127e+03 -1.932174265244655999e+03 -3.400413705207063686e+03
-4.685025105408169111e+03 -2.638484405825101021e+03 -1.801605808774624165e+03
-3.975606918353835681e+03 -1.870573179263156590e+03 -1.953493081991413874e+03
-7.109139914421859885e+02 -4.195281839348982430e+03 -4.299342343432112102e+03
-4.181843735106777785e+03 -2.612405144488956466e+03 -2.994095881665282832e+03
-6.173627189217503656e+03 -9.963412981817009495e+03 -8.195140175602551608e+03
-5.925909635695175893e+03 -2.385695003961728162e+03 -1.432250987534722753e+03
-1.727788502270975005e+04 1.021841871398035801e+04 -3.562403159338254227e+03
-5.244657176115884795e+03 -2.451119965544499792e+03 -1.840670543948602699e+03
-2.097195937064874158e+02 -1.065007880553189352e+04 -9.942017814185053794e+03
-5.023081498414654561e+03 -2.620760666233248685e+03 -2.081820782421805689e+03
-4.641257795872265888e+03 -2.496850259053901027e+03 -2.985965665195380552e+03
-7.792641583556167461e+03 -1.173352074448608278e+02 -4.128981886698274138e+03
-4.340898846506583141e+03 -3.168773603569316947e+03 -3.050943713686067440e+03
-4.542514238168048905e+03 -2.116698244240775693e+03 -3.202089086306752961e+03
-1.105933994527853611e+04 1.349890046544072447e+03 -3.399195561572529186e+03
6.882292411007331793e+03 7.679498514614618216e+03 -4.621986888562710192e+03
-2.223244980200610826e+03 -3.182732137126776252e+03 -5.032323088337419904e+03
-4.478076978268024504e+03 -2.073597518455909267e+03 -3.180011692601691720e+03
2.184573870306528988e+03 3.623582785634118295e+02 -1.004116194178354453e+04
2.027596463495898888e+03 -3.625285287431572669e+03 -9.858899582923449998e+03
-4.587325190780095909e+03 -2.297031826193943743e+03 -3.063080671448264184e+03
-4.711635079357159157e+03 -2.222583797826366208e+03 -3.119263383046862145e+03
-4.453419937910144654e+03 -2.205065128214936067e+03 -2.880646130828877176e+03
-4.741971458174708459e+03 -2.345562054954921678e+03 -3.452071573424759208e+03
-5.101687646619643601e+03 -3.688963327949370978e+03 -3.180513385672107688e+03
-5.226427919352905519e+03 -4.216709256961237770e+03 -1.499063018815106261e+03
-4.818171835108862069e+03 -2.271746482137579278e+03 -3.131572014985206806e+03
3.124847929523921266e+03 1.206439279948018111e+03 -1.075671095377385973e+04
-4.308356991569706224e+03 -2.164117610873322519e+03 -2.851050337347659934e+03
-7.247863407376044961e+03 -2.392424529870732840e+03 -1.401411402905629257e+04
-4.397556766945356685e+03 -2.194282635063847465e+03 -3.083147445572583820e+03
-4.632951524819648512e+03 -2.460774631456066345e+03 -3.059847418623724025e+03
-2.450001998914634441e+03 -6.067324552509261594e+03 -9.804679061244770537e+02
7.097909628723642527e+03 3.873852126371585314e+02 -1.313706813458796205e+04
-4.440200538925202636e+03 -2.337162168881138768e+03 -2.549896938060647699e+03
-4.690999073608456456e+03 -2.289233342352955333e+03 -3.189377528248851377e+03
-4.510584167534028893e+03 -2.337091289256519758e+03 -3.160227534931361333e+03
-4.684167722949220661e+03 -2.266284076931143318e+03 -3.581584112368144361e+03
3.281797842157787954e+02 -5.529652694724405592e+03 -1.245942229399301505e+04
6.605279284739311151e+03 -3.753653148127021268e+03 -9.226949465696303378e+03
-3.079007259610587425e+03 7.084944830393664006e+02 -8.484945024604765422e+03
2.212491923396030870e+03 -7.345152107538946439e+03 -2.092873584442536412e+03
-3.934944033281194606e+03 -2.501446381856594144e+03 -1.522822711493118277e+03
-4.234587038802721509e+03 -2.433131335672543628e+03 -2.948844496420316318e+03
-1.196548913063008149e+04 -2.950838578756523930e+03 -1.576025059584387236e+04
4.232879667871958191e+03 4.254339785709280477e+02 -1.072231083976173431e+04
-5.341810988353845460e+03 -1.969009448827448296e+03 -1.628608124703356225e+03
-4.386059862171045097e+03 -2.562662507988000471e+03 -2.830161320966259154e+03
-4.749444539274467388e+03 -2.525400168030516852e+03 -2.949592941109548065e+03
-9.806885709591972045e+03 -2.711326737245068671e+03 -1.399040010115862606e+04
-3.822511214052724426e+03 -2.698487866090412354e+03 -2.739977042833314044e+03
-4.349716607672789905e+03 -2.254902682104384894e+03 -3.150366432884802180e+03
-2.013932389151616462e+03 -4.671099479641457037e+03 -2.770124675364188533e+03
2.236808807516643810e+03 5.808737556075585644e+02 -1.051018018149353156e+04
-4.287650669243981611e+03 -2.694653024576389726e+03 -2.852495433434502957e+03
4.024122066284249286e+03 1.056964785932873383e+03 -1.103164956374901521e+04
8.074050442002985619e+03 -8.117156665421664911e+03 -8.812081352098161005e+03
7.226429392137234572e+03 6.663439844269546484e+02 -1.671533901081754811e+04
6.058464918942912846e+03 3.710743875605311359e+01 -1.320008734169564741e+04
-3.376272817878206752e+03 -2.088091877008630490e+03 -2.018059535145185464e+03
-4.616416165377172547e+03 -2.267609463750940904e+03 -2.544712995895814402e+03
3.701015627071658400e+03 1.010107827219285923e+03 -1.142382510293183441e+04
-4.362865374693189551e+03 -2.123039056182578406e+03 -3.233623877478806662e+03
-4.342924770329492276e+03 -2.361103738255994358e+03 -2.878256067242777590e+03
-3.989967628036844758e+02 -8.681873973744919567e+03 -6.229594370192000952e+02
-1.967158110542711711e+02 -3.740642545205863826e+03 -4.226765898802753327e+03
-4.084673707662607740e+03 -2.387112741057618223e+03 -2.606525268744688219e+03
-4.496464522150006815e+03 -2.401716699782550677e+03 -3.021624323080447539e+03
8.488315936129871261e+03 -9.215831713352459701e+03 -5.683245850724451884e+03
-4.345000179414091690e+03 -2.549950851544886518e+03 -2.953984324445738821e+03
-7.090878676547459690e+03 -2.232290269889293086e+03 -3.069953922686098849e+03
-4.525345679276580086e+03 -2.345245635286335073e+03 -3.203093383203013218e+03
4.543074450625743339e+03 -8.703005601354086593e+02 -1.273485828966528788e+04
-4.326608176116522372e+03 -2.529955290521628740e+03 -3.040817345775509239e+03
-4.375713272184925700e+03 -2.637582899214153713e+03 -1.756976921640382898e+03
-4.303464104895208948e+03 -2.322067482056371773e+03 -2.846448746042310631e+03
6.664617412940589929e+03 -2.262232050262098710e+03 -1.056309598396880028e+04
1.063896307248339872e+04 -1.097330179370033648e+03 -1.834469066211730023e+04
-4.505119205486380451e+03 -2.559342509284414973e+03 -2.786959303720462231e+03
-5.049321329974324726e+03 -2.371200836365720534e+03 -3.869172915755468239e+03
-6.103200925385315713e+03 -1.856738890843105764e+03 -1.086883278273280439e+03
-4.226276080283088049e+03 -2.421654146015630431e+03 -2.515705073524664385e+03
2.714511150707015076e+03 6.439726589880719985e+02 -1.106208800639100809e+04
-4.091911853152094864e+03 -1.930589750815246816e+03 -2.486683577432309448e+03
-6.409732878894275018e+03 2.812561428141314536e+03 -2.639600913746382503e+04
-7.483549445374905190e+03 2.438809860501582534e+03 -1.080864043377968301e+04
-1.028775692987480033e+04 2.994537940398700357e+03 -7.807602217444475173e+03
-2.418796861012729096e+03 -2.536205123341713261e+03 -3.626432611723631908e+03
-4.295833653181460249e+03 -2.585206999009030824e+03 -2.838630051366461885e+03
-4.783880676251209479e+03 -2.641482522204302768e+03 -2.624997033236104471e+03
-4.968345861197882186e+03 -3.223509093957703953e+03 -2.152676958661455956e+03
-4.938727484238260331e+03 -3.317607223548252932e+03 -1.876137461029135238e+03
-4.106820423805076643e+03 -2.518941115506531787e+03 -2.408237356157371778e+03
-4.652915124576593371e+03 -2.426202500589973170e+03 -3.249098965514524025e+03
-4.832639375461058080e+03 -2.287438495567587779e+03 -2.288554648150936828e+03
-4.306937933482008702e+03 -2.665617483550448469e+03 -2.502068594952212152e+03
-4.620890010943717243e+03 -2.501745961979474032e+03 -3.006803847874684834e+03
-5.369954532256476796e+02 -2.306179468206259116e+03 -4.479582673875856017e+03
5.686320366663186178e+03 -1.355058992658783609e+03 -9.747315880515239769e+03
-4.510272344214765326e+03 -2.157597573197820111e+03 -3.369179040792962951e+03
-4.606212923294852772e+03 -2.078269522287095697e+03 -3.533611371074866383e+03
-4.006301326412088201e+03 -1.264944326401578564e+03 -2.860531433863259736e+03
-2.866114770577678428e+03 2.135235174615458163e+03 -1.001016127332343785e+04
-4.109953863580134566e+03 -2.154543449002045691e+03 -2.099117304838298423e+03
-4.483063558023445694e+03 -2.566167245969104442e+03 -2.503883331020612331e+03
-5.828069235705904248e+03 -2.158305365580654325e+03 -3.398833664662119645e+03
-1.374433510817393108e+04 -4.463209188083006666e+03 -1.444238797452688414e+04
3.551548387332852599e+03 1.056406189263651640e+03 -1.019153920918065160e+04
-4.418349278109069019e+03 -2.936679335944722880e+03 -2.258890672536879265e+03
-4.466824655500005065e+03 -2.460961375246076386e+03 -2.500684677353690404e+03
-4.485228631281504931e+03 -2.305465779078406285e+03 -2.617513012546548907e+03
-6.373861119597696415e+03 -1.538246116542299205e+03 -9.660113235011007419e+03
-4.727422045738719135e+03 -2.223809794031943056e+03 -2.921389706923107042e+03
-4.219297519631236355e+03 -1.790889918900377324e+03 -2.661404490245242869e+03
-5.122202225142907992e+03 -1.479970359470831909e+02 -9.105532263154756947e+03
-5.310911634600904108e+03 -3.395945687984630240e+03 -2.359351785533325710e+03
-4.220190928340436585e+03 -2.133003270193584740e+03 -2.053364983109962395e+03
-4.337835772098742382e+03 -2.744192695506390010e+03 -3.006667819521752790e+03
