5.828379484029781452e+03 -1.341033950065361296e+03 -1.086430814200683926e+04
-4.784541872431776937e+03 -1.899744978031179244e+03 -3.054230862074483412e+03
-3.495212367361427823e+03 -1.131830566376420393e+04 -1.402641054283216818e+03
-3.595987683820704660e+03 -1.543759528867539075e+02 -3.372078235622667307e+03
-2.283923850372192192e+03 1.091747731682619815e+03 -2.004591098810749827e+03
-4.360980748245558971e+03 -1.432361186935853539e+03 -3.590146097669954088e+03
-2.869772701762958150e+03 -1.079219127711251531e+03 -3.739995600952549012e+03
-1.306124849791775341e+04 6.433289847123021900e+03 -3.879528986490553052e+03
-2.961759700030043859e+03 -1.771178956669140007e+03 -5.285703292791574313e+03
-2.988814126855464565e+03 -1.410813381414625155e+03 -5.164783029396510756e+03
-7.246081369585305765e+03 4.287772453933814631e+01 -2.564584915692658342e+03
-5.141622479977819239e+03 -1.904689940426833346e+03 -3.001400301933767878e+03
-3.740534458976495443e+03 -1.095839947845789993e+03 -3.616347348058633088e+03
-5.687363137525710044e+03 -6.686131306025855565e+02 -4.444741999600446434e+03
-3.602753870639143315e+03 -2.044482004000527922e+03 -4.440975287118384585e+03
3.477894686450762947e+03 -6.888968283767561843e+03 -5.191660237228795268e+03
-1.128183840194638833e+04 1.050387821525768459e+03 6.070935044479380167e+02
-6.822416769192272113e+03 1.895134214173830060e+03 2.430357392815095636e+02
-3.346885990231946380e+03 -2.072826009840191546e+03 -5.289443026237553568e+03
-4.239483001533094466e+03 -1.472735001572696547e+03 -3.739750267301740678e+03
-2.189575956660727115e+03 -1.768396637136751679e+03 -5.159980271841071954e+03
-7.002226245980984459e+03 -1.528465892001583597e+03 -2.862974183762454231e+03
-3.939735698886814589e+03 -1.474845894226089513e+03 -3.924602588455165915e+03
-5.269014279754664130e+03 -2.757006337313477616e+03 -3.574909136868400765e+03
-1.477802965563816770e+03 -5.431236550539735617e+03 -1.795403730377590819e+03
-3.501736369853436827e+03 -2.196784323082528772e+03 -3.281720906076891879e+03
-4.025843868602966268e+03 -6.263273301242058551e+03 -2.547253173136810801e+03
-9.318904351254856010e+03 -2.055612468844933119e+03 -9.465512122187543355e+03
1.171626568256320411e+02 -7.674826194653692255e+02 -1.301502519244784480e+03
5.720808046610141901e+03 -3.299278310091508047e+03 -7.565342471416806802e+03
-2.119024981149907489e+03 -2.892998864597029751e+03 -6.747666307927894195e+03
-3.873375505608662024e+03 -1.368676931822583356e+03 -3.953260021587351275e+03
-4.870159867233293198e+02 6.239007680655558943e+02 -4.929407895483119319e+03
-2.558665882120607876e+03 -1.552808555778074151e+03 -4.118851020517468896e+03
-6.177651005990190242e+03 -1.534619742894046340e+03 -2.798320947523119685e+03
-8.633373339520778245e+03 1.434024872364271459e+03 -4.087941254653039323e+03
-3.301242094649458068e+03 -1.827136573318488445e+03 -4.184496812903076716e+03
-2.812096539244727865e+03 -1.302134714443981238e+03 -4.841481603796799391e+03
6.520592985209063954e+03 1.119043882772751203e+03 -9.989632539811485913e+03
-3.166785227568414030e+03 -1.387264450279307084e+03 -4.495792021496557936e+03
-4.061789092892776353e+03 -7.544127326576233372e+02 -6.372878763228935895e+03
-3.876317177769246427e+03 -1.080659866685720772e+03 -3.837630948325870122e+03
-3.639556545740490492e+03 -1.067978903226986404e+03 -3.717203101371463163e+03
-6.463265958705185767e+03 -4.417232923280899740e+03 -2.672928687304191953e+03
-2.385767075693274819e+03 -1.999118177178972473e+03 -6.026781785295909685e+03
-1.553970441345725158e+04 -2.396779593494365145e+03 1.022958798421669235e+04
-3.235979576983268998e+03 -2.063909952649178649e+03 -3.381959196796025026e+03
-4.398301357119858039e+03 -1.443479448861234687e+03 -3.740552141776630833e+03
-2.736706211904313932e+03 -3.719061159934690750e+03 -4.415324035058803929e+03
-8.286412517312177428e+00 -1.515307778108488037e+03 -5.529658576624875423e+03
-4.329276347442139013e+03 -1.444373133741558604e+03 -3.474905289023020032e+03
-4.407964442310318191e+03 -1.419186728141858339e+03 -3.586461213821571164e+03
-3.604763048669985437e+03 -2.028689979032952124e+03 -3.298626841053261160e+03
-2.251865422331868103e+04 -5.439493322084520059e+02 1.136185546963814522e+04
-4.822815964830218945e+03 -1.282364544652367840e+03 -3.873470163705032064e+03
-5.601806967351876665e+03 -1.395124056977931787e+03 -3.683694386833658427e+03
-5.596362957500021366e+03 -2.030444217247943243e+03 -3.078078406084548988e+03
-3.952460792914969261e+03 -9.221594841896758226e+02 -3.512011244143142449e+03
-4.348644474469588204e+03 -1.405567423404463852e+03 -3.777090986239703398e+03
-1.580528031448862748e+03 -4.186066374363319369e+02 -6.542868742631243549e+03
-3.962246457378850664e+03 -8.463699393728655878e+02 -3.546072175295005763e+03
-4.372022139605310258e+03 -1.454631468059064446e+03 -3.894404402959139588e+03
-1.599153376059480706e+03 -2.899288054408009884e+03 -5.165739426344477579e+03
-4.072581108575024700e+03 -1.192850114948903638e+03 -2.198706085284804885e+03
-2.976772805212682670e+03 -1.511992738015246232e+03 -5.166992581586024244e+03
-6.398490443379540011e+03 -5.892158935193474463e+02 -1.020086213286125712e+04
-4.654414013639137011e+03 -1.378144591591454173e+03 -3.757172090522183680e+03
4.379688435375759582e+03 -7.343682450935314591e+03 -8.256700897207083472e+03
-1.097567491092151249e+04 -1.286907553238786022e+03 7.285664835410341311e+01
-4.437004113835960197e+03 -1.616610171950057293e+03 -3.466450960306338402e+03
-1.431183488499478699e+03 -2.267266696519024208e+03 -7.036914459254336180e+03
-1.354288308791528652e+04 1.339327648928468534e+03 -4.460115003160695778e+03
-4.360416992040280093e+03 -1.451150818505554525e+03 -3.614960892499840611e+03
7.662403031974410624e+03 2.302088124922348470e+03 -1.805151741042978392e+04
5.559411621330041271e+02 -1.372998161074237487e+03 -3.439486604230336980e+03
-7.928739392643603423e+03 6.281082298895104259e+02 -2.751504269213232419e+03
6.749206173101997592e+03 -1.779785859712099636e+03 -1.399187746354778028e+04
-4.483804180067980269e+03 3.682056362605007052e+03 -4.440442742567809546e+03
-3.692586252306323331e+03 -1.946048386545125368e+03 -3.917730060309047985e+03
-2.791707330283489864e+04 -5.494428353656700892e+03 1.876522522633914195e+04
-1.149574779854794542e+04 -2.060341239773877533e+03 -3.851210691147349280e+03
-4.769382759997379253e+03 -1.281273682051088826e+03 -3.650278395293218182e+03
1.651275956526026221e+03 2.596376891726660233e+03 -8.151434942929788122e+03
-4.058164499611927113e+03 -1.735385184284344632e+03 -4.450773133325255003e+03
-2.971174848663710691e+03 4.486272100550934283e+02 -1.431183116405429928e+03
-1.031196138531940505e+03 -1.452461205977051577e+03 -8.113422007283242237e+03
-4.054981501788269725e+03 -5.180545446008113686e+02 -4.754341058428643009e+03
-4.621272945884909859e+03 -1.733243168416658591e+03 -3.507729305286924500e+03
-5.689802284212316408e+03 -8.733779745581406928e+01 -6.392751349804770143e+03
-3.430983150980947812e+03 -6.558892553212144776e+03 -4.213917771792946951e+03
-8.966020029755036376e+03 -2.697603485555954194e+03 -4.812608665388396730e+03
-1.877108538151387762e+01 -3.175766546955476315e+03 -1.012828592984641546e+04
-2.075597738057133938e+03 -2.957798751701445326e+03 -6.491506353872465297e+03
-3.339654747369822871e+03 -2.327067971586225667e+03 -6.965535348924125174e+03
-4.120829374552466106e+03 -1.354729821561442577e+03 -3.662223642196879155e+03
-6.480552413149631320e+03 -4.235035487463079335e+03 -6.889833663820472793e+03
-4.418662514553804499e+02 -1.878052717727420531e+04 1.070773717208741687e+02
-3.621734696180923038e+03 -2.267078262520257795e+03 -3.798907940461897851e+03
-7.490471567193407282e+03 -4.328721385525426740e+03 -6.532010680732350920e+03
-4.108133142323679749e+03 -1.352192719239221105e+03 -3.629801071384674742e+03
-4.535082347478568408e+03 -1.444955011513419549e+03 -4.119886832393672194e+03
-6.670388417277635199e+03 -7.128315161921913159e+02 -1.355097332700769130e+03
-4.028203277215931394e+03 -1.421621266337625912e+03 -4.039984000382262820e+03
-3.992900349791858844e+03 1.283435715381027649e+03 -6.500602004041476903e+03
-1.347934817828571340e+03 -2.114548384026516942e+03 -5.225946600023547035e+03
-5.982748149206424387e+03 -1.011202897947819224e+03 -4.087789086835831768e+03
-3.631100714989483095e+03 -1.868908423903956418e+03 -3.872066794214827951e+03
8.163950696972781316e+02 -5.560823737006465308e+03 -6.063580811273792278e+03
-1.342157814805591261e+04 2.018968082173979610e+03 -4.446631944651337108e+03
-3.288105984506941240e+03 -1.703171819976297229e+03 -5.283051265786503791e+03
-6.782697287190079805e+03 -1.336833898742292831e+03 -3.294591629945700333e+03
-6.343912730155363533e+03 -9.402501469010514938e+02 -4.491818025526553356e+03
-1.286737718689750000e+04 5.573241692721248910e+02 -4.242476230765840228e+03
-4.549826986620877506e+03 -1.592524712700763530e+03 -3.869097021572561516e+03
-6.282642136870696049e+03 -1.309356132563057145e+03 -3.190422046900666373e+03
2.248347734505579865e+03 3.454000638541035187e+03 -6.832475905350764151e+03
-2.307882217959964350e+02 2.397651306279914024e+03 -1.035807078827100668e+04
-1.780490289117117754e+03 -2.546381578381471172e+03 -2.837004390038289785e+03
-8.725643528973490902e+03 -8.105324781906808312e+03 2.227278416795684279e+03
-3.972434333776464882e+03 -7.511570999617557618e+02 -3.712624546538358572e+03
-4.476922414240962098e+03 -1.442901777473928178e+03 -4.203771785892489788e+03
-3.129609763099307656e+03 7.250374754667552679e+02 -7.787826440261148491e+03
-3.728760376423428170e+03 -8.412218543826315909e+02 -3.641928010947806342e+03
-5.880554821955780426e+03 1.049752243763014803e+03 -3.790859039195327568e+03
1.979565541858920596e+03 -3.961904649472844994e+03 -7.871326904473673494e+03
-1.346888051007304603e+04 1.327304523470615550e+03 -4.855822128609987885e+03
-2.739580322943782448e+03 -1.662938833030139449e+03 -6.314020241374351826e+03
-6.336254227701358559e+02 -7.456318654875531138e+03 -4.662394735928312912e+03
-7.323216141027666708e+03 -2.068922127714302860e+03 -7.908288845156909701e+03
-1.319154191183887633e+03 2.999599105708668390e+02 -6.169734243233112466e+03
-8.243917532643334198e+03 -4.291909391990843687e+03 -3.896574238309207203e+02
-4.212131790483626901e+03 -1.228903321352260718e+03 -4.369880137664345966e+03
-6.285110745875046632e+03 -1.316673446014846377e+03 -2.151304371422461827e+03
3.784459438866637356e+03 -4.693648959671061675e+03 -6.687887848545979978e+03
-6.267320382327358857e+03 -1.800479401838831564e+02 -6.593631475950438471e+03
-5.625137587997790433e+03 1.833611462784699143e+03 -4.542208256042075845e+03
-4.341899685188472176e+03 -1.454331588173527507e+03 -4.330514675061911475e+03
-6.188912670056517527e+03 -5.015131952400131468e+02 -4.192080558677101180e+03
-2.466682954170393259e+03 1.176010777373329074e+04 -1.032017671727034212e+04
-3.988713783837650226e+03 -1.592261458054375453e+03 -3.731650412570428216e+03
3.232677055290237149e+03 -6.599131228145057548e+01 -8.614752628312537126e+03
-4.141767120791822890e+03 -8.916566898051053158e+02 -3.616181264424371875e+03
-4.123334481125114507e+03 -1.384304982750206818e+03 -3.520665801201682370e+03
-4.183399899341631681e+03 -1.386860574433974762e+03 -3.815158159869843530e+03
-3.681350441800699173e+03 -5.559537523503290686e+02 -3.541542152709103448e+03
-3.236325484460510324e+03 1.361079080261995841e+03 -3.716580701621328899e+03
-2.985539369733101012e+03 -1.219614023690939575e+03 -5.446559322628881091e+03
-6.319720092307699815e+03 -1.240462319743194257e+03 -4.651278051258094820e+03
-1.667775349424852902e+04 -9.769260032765565484e+03 1.139382915774507092e+04
-3.590937563066760958e+03 1.339504798245802249e+03 -6.041637890242469439e+03
-5.406011482481848361e+03 -8.674502817426350703e+02 -4.143371076990191796e+03
-4.339733334340942747e+03 -1.376842658378997385e+03 -3.805032762274293418e+03
-3.689114326565519150e+03 -1.289217963697530195e+03 -4.535492787118369961e+03
-1.679952893169321214e+03 -1.991845031479449608e+04 6.876435968894403231e+03
-3.821878980256866271e+03 -1.592239538936978533e+03 -4.374171838602889693e+03
-4.140619379841193222e+03 -1.651087233123428859e+03 -3.770232144608352883e+03
-3.136439798954820617e+03 -4.035665124798913894e+03 -5.085233541150542806e+03
-4.058261648687351681e+03 -1.394583718336589754e+03 -3.790862346903867547e+03
-3.975802759323715691e+03 -1.563409689526820102e+03 -3.729808776105679044e+03
-1.259955319952509672e+04 1.822597545878397511e+02 -4.635131413229353711e+03
-4.926527618518239251e+03 -1.744658655374326372e+03 -3.006243146319342486e+03
-4.316156026462088448e+03 -1.377921638337521927e+03 -3.734850985908566599e+03
-4.588250037745684722e+02 -6.606188354850174619e+03 -7.890536740651890796e+03
-3.821909311767804866e+03 -1.164186439482838864e+02 -7.336252151048556698e+03
-1.337377152657133047e+04 -2.206587225628139549e+03 -1.965450093663582720e+03
-1.267349101618448458e+03 4.212208224127507492e+02 -4.368018028958943432e+03
-4.714576539249624147e+03 -1.319394266973257572e+03 -3.689593795605507239e+03
-5.797531930923559003e+02 -9.706074341075729990e+02 -6.410986876060795112e+03
-3.535366667318142390e+03 -9.046041825719257758e+02 -4.383587405354538532e+03
-3.406941792149637877e+03 -1.487270138413819041e+03 -4.957777003603399862e+03
-1.255836871881954494e+03 -2.186022635254681177e+02 -6.431749337582280532e+03
-5.019895516090778074e+03 -1.926673796902330196e+03 -3.371258340860963017e+03
-4.003850321571535915e+03 -1.781936575901150491e+03 -3.810727634885316093e+03
-4.742607354174147076e+03 -9.854288498286670119e+02 -3.264580209609158828e+03
-5.264105308171552679e+03 -6.118201519389255054e+02 -5.774593095255392655e+03
-1.703438137825760350e+04 -9.609349915269578560e+03 9.105119845137551238e+03
7.550787021327714683e+02 -1.207630157787768439e+03 -8.881360582027182318e+03
1.946450730262315483e+04 6.954299734886191800e+03 2.532293746334766183e+03
-5.301870655632204716e+02 -6.380838086700114218e+03 -6.214081805631738462e+03
1.820217404803574254e+03 -1.928136376397295317e+04 6.552515680554618484e+03
-3.894713711782257633e+03 -1.449785782148074759e+03 -4.798236827499058563e+03
-3.985886184159323420e+03 -1.420299715216178356e+03 -4.130811531237724921e+03
-8.849565543810071176e+03 1.500638329320065623e+03 -4.369399772337304057e+03
-3.969159137720318085e+03 -1.476216769403071339e+03 -4.132743418946006386e+03
-9.142355974990423420e+02 -1.164310026708563555e+03 -2.531709737896201659e+03
-1.558437682047091221e+04 -1.204552503796595920e+04 6.127385165516395318e+03
-2.835467806673846553e+03 -2.209855258910728935e+03 -4.699352636628540495e+03
-1.323160800613547690e+04 1.774546445617260133e+03 -4.616830796320754416e+03
6.976797444248563806e+03 -1.023579436399624865e+04 -7.241588481770678243e+01
-1.293177703126240340e+04 -2.878141410260667271e+03 -1.737701084831026037e+03
-6.499899994815082209e+02 -5.017129593172820023e+03 -1.125978623978511678e+03
2.093669826946543708e+03 -1.321269419862947871e+03 -7.962336049652040856e+03
-6.178627292529315127e+03 -1.024399647050546264e+03 -5.814462770642278883e+03
-7.933080803970949091e+03 -8.396328545961430791e+03 1.772121011299910379e+03
-4.131746250835394676e+03 -1.463524166480658096e+03 -3.891468067312549010e+03
-2.140517539746137572e+03 1.044731839735155745e+03 -3.451719613826439854e+03
-6.212277832859973387e+03 -1.879068862758382011e+03 -3.983782659539273936e+03
-6.675557217951402890e+03 -7.166644183172656994e+02 -6.886462895643461707e+03
-5.995246723679773822e+03 -7.204539179469804822e+01 -5.984657089660465317e+03
-5.824985020517020530e+03 -4.095710975478835394e+02 -4.072180265733908982e+03
-2.210472934027032352e+03 -2.228377859461302251e+03 -5.398932799039808742e+03
-4.304273323814855758e+03 -8.648211784492950756e+02 -4.359821990047356849e+03
-3.721434308398159828e+03 -1.559365464118374575e+03 -2.973833461671874375e+03
-5.967072912350382467e+03 1.401138438655208574e+03 -4.017501879838561308e+03
-2.395109156341162816e+03 1.794200388159297006e+02 -5.987125867243737957e+03
-4.307069605067738848e+03 -1.247949694726152529e+03 -3.496638973265738514e+03
-5.384308321582793724e+03 -1.402564476736664346e+03 -3.009117353898595866e+03
-3.566333796083432389e+03 -1.993909174596097955e+03 -3.991899934229435530e+03
-2.240208303056681871e+03 -1.733954896676858198e+03 -5.826211102192124599e+03
-2.127283823394018327e+03 -2.563782630219904604e+03 -6.864970470648536320e+03
-5.262406441579819329e+03 -9.339816504671587154e+02 -2.828550723443743209e+03
-2.743803202310781671e+03 -1.247712146024342928e+03 -4.991696448052853157e+03
-3.713268502297060877e+03 -1.628637070431673010e+03 -4.342052245974887228e+03
-4.830896800122788591e+03 -1.367413730675156330e+03 -3.696006748014156983e+03
-3.803930089013625548e+03 -1.040223159266286757e+03 -4.336939031815007183e+03
-6.171394094535186014e+03 -6.913412765439427403e+02 -4.068672753165621543e+03
5.649619681150550150e+02 -2.093504656823734422e+03 -6.959452336757918602e+03
-2.201038989311662590e+03 -4.357642359852721938e+02 -6.761388875847260351e+03
-6.383403424962165445e+03 3.852854593732276953e+02 -4.991902395072500440e+03
-4.946333885265112258e+03 -4.046044203500811705e+02 -4.255076204572477764e+03
-2.047932733450902333e+03 -1.624275019845074667e+03 -5.104995617059630604e+03
-4.075572069104705406e+02 -1.712635069834656406e+03 -7.735684774054156151e+03
-3.912680737986944678e+03 -1.281982681284159753e+03 -4.279582359850121975e+03
-3.261151892369119196e+03 -9.371769487061299515e+03 -2.559223203813541659e+03
-4.699566706331879686e+03 -1.696316826069120907e+03 -3.603910192484813706e+03
-5.928649412940544607e+03 -4.418359450342103401e+02 -2.997722529714110351e+03
-1.714283022121211616e+03 -4.534955669254473833e+03 -7.190240458362748086e+02
-1.034755611361082265e+04 -6.894403520938637485e+03 1.302674838338453355e+03
-8.729227601657115656e+02 -9.881792281494942927e+02 -7.107524965516510747e+03
6.698290891074293540e+03 -2.794262743698879603e+03 -1.646914270862084959e+04
-5.139012367674143206e+03 1.795085873372401011e+03 -5.283153892970294692e+03
9.209459717848147875e+02 -8.366044422781988033e+03 -8.081889538074099619e+03
-6.679863249219832824e+02 -2.855055230366680462e+03 -8.547587500321400512e+03
-2.559260475955129095e+03 -9.162924891565502321e+02 -6.825747553905091991e+03
-1.302391665009712597e+04 1.626447569326566281e+03 -5.170388214236225394e+03
-3.786559511932668556e+03 2.784036857727201550e+03 -2.720137283596478483e+03
-1.241451911954922025e+03 -1.399066676312665322e+03 -6.066178026880686048e+03
-9.312479623743442062e+03 -2.058368411137064413e+03 -8.113162975542616095e+02
-4.798238514675605984e+03 1.032357314712196285e+03 -5.166246585459694870e+03
-1.330862885714589083e+03 -2.250209948624182289e+03 -5.844719433510263116e+03
-2.817298485452592286e+04 -1.222544016813612302e+02 1.204366574871139846e+03
-4.508156660464124798e+03 -1.364320848435458629e+03 -3.462440043999443333e+03
-3.538700453730283698e+03 -9.556454470866851807e+02 -4.438804340166049769e+03
-5.308847779430878290e+03 -1.324962385666975024e+03 -2.941739929565446346e+03
-4.745280555401415768e+03 -1.658572632503241493e+03 -3.894862915055882240e+03
-2.274459783763527867e+03 -3.168139792701823353e+03 -6.403678544108193819e+03
-1.828232377987557584e+03 -2.204015966387777553e+03 -5.779730796869926053e+03
-3.542304238559998339e+03 -1.137988399940490581e+03 -4.651225598298007753e+03
-3.719970696998610038e+03 -2.606649573554691415e+03 -5.530652686514281413e+03
-5.990854131368141680e+03 -1.447448497942976246e+03 -2.938116982388040924e+03
-1.228409876745480005e+03 -2.445085279264960718e+03 -5.576102901682101219e+03
-1.210791453546554521e+03 -2.654496119364827337e+03 -5.845224317876178247e+03
-2.770582060064232792e+03 -1.446635048327292452e+03 -5.798301378365705204e+03
-3.950356828624171612e+01 -1.370566147425915233e+03 -3.827695325457400486e+03
-3.182211364105879056e+03 -2.145604828150697813e+03 -4.546519965696343206e+03
-5.180616393337178124e+03 -1.447191120215266665e+03 -2.994028519039196453e+03
-5.771302499863245430e+03 -2.211301202921547883e+03 -2.512237789090916067e+03
-4.106384207322390466e+03 -1.931317290224264070e+03 -3.639533853535887374e+03
-4.054413759072699577e+03 -1.762283911517886736e+03 -3.107233833084030266e+03
-5.243587610543967457e+03 -1.389508738933427594e+03 -3.036324759969740171e+03
-4.861792785219990947e+03 -1.312366523165152557e+03 -3.689369230271089691e+03
-4.997952825875892813e+03 -1.744325992733738303e+03 -2.604093964024646993e+03
-4.495681815527770596e+03 -6.872280621695862237e+02 -3.087512959739645339e+03
-1.329583820887777620e+03 -1.596160322012093047e+03 -4.964993682496505244e+03
-3.931052312170678306e+03 -1.299030119867207759e+03 -5.047524347692758965e+03
-4.698218084041565817e+03 -3.203818567164981687e+03 -5.198654152786192753e+03
-1.417912790561517795e+03 -2.468767953483769361e+03 -5.678137664162994042e+03
-4.202347385757093434e+00 -2.166683337161471172e+03 -7.277841325190897805e+03
-2.721448761065395047e+03 -5.591378153950878414e+02 -3.437946654302636489e+03
-4.822224954522474945e+03 -1.992618176839671833e+03 -3.714237219926983471e+03
-5.988543270958385619e+03 -1.990301383439662459e+03 -2.450262281373773021e+03
-3.397984933253851977e+03 -1.143170137618084482e+03 -4.804858672129069419e+03
-2.808966445127420229e+03 -1.772543809117521050e+03 -5.404158059792432141e+03
-4.566975478575636771e+03 -2.158363488987030905e+03 -3.087749571675602510e+03
-2.364886337088692471e+03 -1.119053124137414898e+03 -6.653739558714130908e+03
-4.406372601589152509e+03 -5.396411255343475659e+02 -4.190719544419275735e+03
-4.808658354415011672e+03 -1.663424667825366214e+03 -3.103509007276908960e+03
-4.017249493264712328e+03 3.866962889224074752e+04 -3.596839236562310361e+03
-6.821850359003346057e+03 -1.887468872941871041e+02 -2.558434863278278499e+03
-5.228060580324929106e+03 -1.298825002938190437e+03 -8.522283475242167697e+03
-4.609686851025024225e+03 -3.996366778658838484e+03 -4.391206448723487483e+03
-4.807381228828578060e+03 -8.746949452473052133e+02 -4.206301462966453073e+03
-6.870502620155240038e+03 1.628894080136114098e+03 -4.942114584554377871e+03
-3.635580378698471122e+03 -1.131387639845839658e+03 -4.304384133855427535e+03
-6.724759822119772252e+03 -2.902028788575887575e+02 -2.759307799308386620e+03
-3.559438271763740431e+03 2.499609110899902475e+02 -4.080168817209581903e+03
-4.046535659627595123e+03 -1.267046367644779593e+03 -4.699849190155735414e+03
-3.560088414332631601e+03 -1.090242884838984537e+03 -3.776019981809178717e+03
-1.121399204780124819e+03 -1.506332364936436079e+03 -6.561457924329441084e+03
-7.642148185729602119e+03 -2.231587632226920960e+03 -9.227512432515133014e+02
-4.009836931295952127e+03 -1.798251537901875508e+03 -3.416871210121857985e+03
-1.159776336561076823e+04 2.564326372834165682e+02 2.454870972433964198e+03
-4.973353807969893751e+03 1.400732836830206907e+01 -4.372459311653967234e+03
-5.886862098814049205e+03 -1.927441137493517090e+03 -3.598173256713595947e+03
-4.373231160904366334e+03 -1.748652793430959264e+03 -4.172216643350832783e+03
-1.093502350091300514e+03 -1.310199748902582996e+03 -6.488391719671006285e+03
-4.064809728217166594e+03 -1.589051544312460010e+03 -3.814106678778435707e+03
3.459842110488251592e+02 -2.763835007491300530e+03 -7.435664480303550590e+03
-5.020443451461917903e+03 1.395015646968939791e+03 -6.037857720607579722e+03
-4.748842630098900372e+03 -1.499793217647041956e+03 -2.906252807634763030e+03
-5.482598190843019438e+03 -1.074184773635367492e+03 -3.103574034043574102e+03
-2.444992867685893998e+03 -9.228546013793352358e+02 -5.810022149575991534e+03
4.359995985953270974e+03 1.418524550610338565e+03 -4.979160928295794292e+03
-4.203857854401984696e+03 -2.143426398735494149e+04 -1.231573585455086686e+04
-6.230911519615779980e+03 1.209098057107424893e+03 6.597926291143621711e+02
-5.310502266229151246e+03 -1.034571886072791585e+03 -2.861892029377529070e+03
-3.323732820065555643e+03 -1.518583955496757198e+02 -6.517380481815524945e+03
-6.583179740393800330e+02 -2.008456279318178076e+03 -4.691490814706847232e+03
-5.343222508612963793e+03 -1.216797695934752255e+03 -2.928221145018257630e+03
-4.817416037983855858e+03 -1.310075641098326741e+03 -3.708345200631277294e+03
-5.454821178411744768e+03 -2.045211454945154856e+03 -1.522062477189472929e+03
-2.519278801546094201e+03 -5.856008999725069089e+02 -3.557174064939027176e+03
-5.042433107308949729e+03 -1.821939032080063726e+03 -2.899352451924396519e+03
-5.904897632657150098e+03 -2.541098645825867152e+03 -1.603123578128524059e+03
-5.384559193613219577e+03 -1.468950736177023600e+03 -3.449963231447096405e+03
-1.503464508059184300e+04 -1.368934453856551954e+03 4.042295100138646376e+03
-9.775692798688241965e+02 -3.885438766916932309e+03 -8.790010819663641087e+03
-1.026578361897208015e+04 -4.597500056833699091e+03 -1.152119599751797523e+03
-5.524403102874285878e+02 -9.337262757721691742e+01 -6.047345913545766052e+03
-2.251246444647770659e+03 -1.660261815154532087e+03 -5.117207770780990359e+03
-3.622941358984871840e+03 -1.661137087955300558e+03 -4.057488124847578547e+03
-4.106898124162263230e+03 -7.424820061563912077e+02 -3.893280167274605901e+03
-4.822811642827450669e+03 -1.122756524431558546e+03 -3.429416013280988409e+03
-7.053372512033465682e+03 -3.425322926531847315e+03 -5.574169519953497002e+03
-3.026415905277885486e+03 -1.589009075937143280e+03 -4.859374584602132927e+03
-5.020317894979371886e+03 -1.327187531004668472e+03 -3.937887436540258932e+03
-2.444006519517482957e+03 -1.975088986191165759e+03 -5.764127551337711338e+03
-1.127622969483760789e+04 -1.426603901045641351e+03 -5.999873311791746346e+03
-3.968473545528119303e+03 -1.761441894899186082e+03 -3.775514789944668337e+03
-1.368835786552347145e+03 -7.619089081011945837e+02 -7.063535177391845536e+03
-8.492318123634337098e+03 -1.772821109194484052e+03 -3.021607618363798338e+03
-3.908621935472973291e+03 -1.629230293997195758e+03 -3.760078158619097849e+03
-7.203002761006433502e+03 -2.535925422303695086e+03 -6.595786083071065150e+03
-1.401123753496302015e+03 -5.235965541580586432e+03 -7.475140050395160870e+03
1.289092676044521431e+04 4.339737697799025227e+03 -5.459040981440877658e+03
-2.578587185632858109e+03 -1.337594117110730622e+03 -3.927431055764700432e+03
-5.293983474498326359e+03 -1.392501784684553286e+03 -3.099234789210780036e+03
-4.730959968877128631e+03 -1.299454208783072318e+03 -3.622882535983642811e+03
-1.252905895726320068e+03 -1.777264114500177584e+03 -4.661623874857673400e+03
-5.044240212795549269e+03 -1.285210678222891147e+03 -3.643555092004115522e+03
-1.914794137604131492e+03 -1.864381394747671720e+03 -7.857550338248000116e+03
-4.424428306766957576e+03 -1.219511445602340018e+03 -3.119176354608339807e+03
-4.163526740247291855e+03 -1.176549009209397582e+03 -3.436551062331811863e+03
-2.177860468720136851e+03 -1.848137882176533822e+03 -4.766703616320567562e+03
-5.240579003727668351e+03 -9.359603291835173877e+02 -3.002732082564941720e+03
-2.474612281147960857e+01 -5.012732803224291160e+02 -5.638574858522384602e+03
-4.980618245218557604e+03 -9.830998467153194724e+02 -3.482107148483588844e+03
-4.861866888642820413e+03 -2.028908608749244422e+03 -3.183329790661151492e+03
-4.001968338114871131e+03 -1.824340274375294484e+03 -4.299431004651095463e+03
-2.810303299638538874e+02 -4.443842642243783985e+02 -5.947520590175703546e+03
-1.061192618780647990e+03 -1.661428052783476460e+03 -6.336561744378897856e+03
-3.158555645595644364e+03 -1.058738794863555995e+03 -3.900371593506472891e+03
-2.955369400916147242e+03 -6.803522417204794692e+02 -4.353202363053858789e+03
1.403776678983532520e+02 3.401466833298803067e+03 -7.278212731444715246e+03
-3.478054374057461700e+03 -1.630005332840279152e+03 -4.041125602855991474e+03
-2.649022150881830385e+03 -1.429765786874717378e+03 -4.581345164584701706e+03
-5.756336184919804282e+02 -5.984497850334641953e+02 -6.290586960529238240e+03
-4.830631493355340353e+03 -1.210616262594695172e+03 -3.600317233870991913e+03
-5.443659171717976278e+03 -1.342348618274726732e+03 -2.856943109047218968e+03
1.316907286192537322e+04 3.907744323498478479e+03 -5.307711117035180905e+03
-3.430645408917060195e+03 -1.957803855894483604e+03 -3.808196186193863923e+03
-4.474859905747508492e+03 -1.852797824712798274e+03 -3.307716945024884808e+03
-3.652189463169293958e+03 -1.610025230731474039e+03 -4.020031637053813029e+03
-3.166851534974657170e+03 -1.749712934156405481e+03 -5.213259644797458350e+03
-3.600889037081518381e+03 -1.582336816373047441e+03 -5.111922941839489795e+03
-2.742797248345571916e+03 -2.241969412136706069e+03 -5.123536805012719924e+03
-1.235301657170370390e+03 -2.701534814142571122e+03 -6.046589399486116235e+03
2.156319740787865157e+03 -1.000435792785748345e+04 -8.732857631068065530e+03
-4.454627795125872581e+03 -9.548723670727634953e+02 -3.524756916932778495e+03
-3.279744216548905570e+03 -1.249863682797462161e+03 -4.507470491063260852e+03
-2.208099658399833970e+03 3.858954684820602665e+02 -6.491879259010121132e+03
-5.241842688417163117e+03 -1.398640579952397275e+03 -3.811070279641444813e+03
-5.489926266449449940e+03 -1.352226745365439683e+03 -3.279970012428024347e+03
-4.589076356034758646e+03 -1.628486373976032155e+03 -3.506938253259808334e+03
-1.694176268042341917e+03 -4.419596347354197860e+03 -8.998486285481276354e+03
-3.429822704149436504e+03 -1.627823135370853379e+03 -4.185786150333496153e+03
-2.784089246211080990e+03 -1.268547234665545602e+03 -5.086647272392419836e+03
-1.551031071906713987e+04 -1.974651812534186320e+03 1.428057919413619175e+03
-3.389652714335931705e+03 -3.858573209219090586e+03 -8.820260252893454890e+03
-2.006571062447816303e+03 3.452416190957931121e+02 -4.742158090979899498e+03
-3.490813369626825079e+03 -4.897154499783804567e+03 -7.016692428264505907e+03
-4.796252018684465838e+03 -1.414297758829365648e+03 -3.843095650094786834e+03
-1.477312589160822881e+03 -8.946463163125592928e+02 -7.120410617093562905e+03
-5.580643482665908778e+03 -1.308098528449122114e+03 -3.323442593348951959e+03
-1.621289394184306184e+04 -6.502146730901709816e+03 1.035889963603472825e+04
1.309710321784712050e+03 3.118705095992016822e+02 -2.263746150061216213e+03
-8.456998940034702173e+03 9.320416696204370055e+02 -2.287659148373313201e+03
-5.289736095706337437e+03 -1.125216987503360997e+03 -3.443507860247948884e+03
-4.866350549483666327e+03 -1.042776237393901283e+03 -6.465759639130727010e+03
-1.058232323386509051e+04 5.122431089827588266e+02 -3.948245167635483085e+03
-9.359850719362933887e+03 -2.205266543030748835e+03 4.960579717395936541e+02
-9.226518967727623703e+02 -3.816495919876184644e+02 -6.776161555956722623e+03
-1.719667669965060668e+03 -5.131494743599363574e+03 -8.284518327867552216e+03
-8.000603877878010280e+03 -7.373222422872173638e+02 -5.143412709615986387e+03
-4.536480271385779815e+03 -1.107816285702750292e+03 -3.284203484928200851e+03
-1.451501945247068579e+04 -4.037770683566172011e+03 -4.628432845180432196e+03
-8.198743756939386003e+03 -6.523347103976136623e+02 -1.385907622803816821e+03
-1.032072190012826468e+04 4.943328735428723917e+02 -5.187858304243721250e+03
-1.030435375958551231e+04 -1.816864202317758782e+03 -1.129300709797397758e+04
-5.482047892938262521e+03 -1.217524404418767972e+03 -3.158143774128281621e+03
-4.814861400024164141e+03 -1.735756191747284902e+03 -4.026322942937810694e+03
-5.610129916272249829e+03 -1.833969601893853451e+03 -2.510216242904607498e+03
-3.152747868135406861e+03 -2.138547877662649626e+03 -3.324444669443036673e+03
-2.673405821157898117e+03 -1.017270010317835158e+03 -7.918294110086132605e+03
7.433429115201751301e+03 -1.182900680970138274e+04 -1.242684408765721855e+04
-4.439027900869861696e+03 -1.508343158493828469e+03 -3.740348112911628050e+03
-3.596509379206856465e+03 -2.306018072958339872e+03 -3.398987680409621134e+03
-5.392773681685528572e+03 -4.642375446322071184e+03 -4.012736683707238626e+03
-4.525849532369953522e+03 -1.563531559546788685e+03 -3.845222795330848385e+03
-3.982426025985615524e+03 -1.851360679783193746e+03 -3.797440957778746451e+03
-3.534229082025374737e+03 -1.066733805018133353e+03 -4.196042993719923288e+03
-3.377587287219357677e+03 -1.490592414283325070e+03 -4.195327576989489899e+03
-2.760922074542180781e+03 -1.357261381576223584e+03 -4.934777968975480690e+03
-4.405615339073407995e+03 -1.544766131122281195e+03 -3.803563921994613338e+03
-4.758670074682824634e+03 -1.447671343495354904e+03 -3.697213336480611360e+03
-1.693962260376500126e+04 -1.079432971527793052e+04 9.640066781335895030e+02
-3.929158443220665049e+03 1.090625864741776923e+03 -3.031805492357603725e+03
-2.479490485855076713e+03 -8.353798596382761389e+03 -4.543399977874732031e+03
-1.483395784148842722e+02 -2.665772766900206534e+03 -6.267302756394939934e+03
-4.445198630517462334e+03 -1.376309463420331213e+03 -3.745916482431121040e+03
-4.874120266470373281e+03 -1.577868194574697782e+03 -4.615769243890881626e+03
-8.348726111192343524e+03 -1.218122562451615158e+04 1.954991981151064010e+03
-3.900104519347401947e+03 -1.556140231160485882e+03 -3.619328501784891159e+03
-8.092065574698892306e+03 -3.736456352726609111e+03 -1.823088731970274466e+03
-8.382273725469549390e+03 -6.563379519030733036e+02 -2.700822793316368006e+03
-3.462865184426858377e+03 -1.370780269495422317e+03 -4.258500658666365780e+03
-2.844185849939988202e+03 -1.194474393822371667e+03 -5.424439383856813038e+03
-4.119216496809166529e+03 -2.793351197670644069e+03 -2.876996001569028977e+03
-6.631315318313914759e+03 -3.901697017863784822e+03 -3.388210601147659418e+03
-1.096636891219114841e+04 1.452080532416110327e+04 -2.011441563663556735e+04
-1.065478621661433317e+04 -1.927848377959004665e+03 -1.654205426180183167e+03
-2.741210569883654898e+03 -1.149065724071576369e+03 -5.396186567232365633e+03
-3.897186520836134150e+03 8.078626597590024403e+02 -2.658576893149541320e+03
-7.044651041739602988e+03 -7.183870005542238687e+03 -3.378771742475742940e+03
1.827853981790917260e+03 -8.332177597308813347e+03 -8.524093006490835251e+03
-3.542980636090305779e+03 -2.389609763024646327e+03 -3.455255680110310550e+03
-4.087999012142133779e+03 -1.676702313232381812e+03 -3.820978894841771762e+03
-4.487809654033356310e+03 -1.104678191089746633e+03 -3.274528616850101571e+03
-6.417186422503891663e+02 -6.014223991929991826e+03 -6.579564553213550425e+03
-4.499117492727880744e+03 -1.106549333186696003e+03 -3.357083535849936652e+03
1.770201951029982297e+02 -8.410605748602051790e+02 -7.003034234406108226e+03
-4.053035517507616987e+03 -1.557978795949799860e+03 -2.840394397992746690e+03
-4.823888564476461397e+03 -1.589005456605248582e+03 -3.920722652579998794e+03
-6.160628799550225267e+03 -9.743749312976667625e+02 -6.216737213492324372e+02
-4.118118001840301986e+03 -1.895620909362393832e+03 -3.714776152507388360e+03
-4.148336952896177536e+03 -1.454803785270332992e+04 1.304256962376964111e+04
-3.500671994710404306e+03 -1.133195329924162024e+03 -4.252200310144458854e+03
-4.299033805226195909e+03 -1.446041204022571492e+03 -3.656528769358182672e+03
-1.975955488580829751e+03 -1.594053697629092994e+03 -6.123077166908562504e+03
-1.537590564407950978e+03 -3.840822988341043128e+03 -4.759305134708052719e+03
-3.244644081044234099e+03 -7.180034086788795094e+02 -4.264688241879290217e+03
-3.107027405461238686e+03 -1.281077608371927681e+03 -4.296345714436074559e+03
-3.797764600424106902e+03 -1.071362076639084762e+03 -4.122748950116678316e+03
-2.265734323097536617e+04 -1.802203352024768901e+04 2.762621270243996696e+04
-1.088712148924111034e+02 -2.882165657631751856e+03 -5.366493284409180887e+03
-3.134664188321457004e+03 -1.810756930162705885e+03 -5.114601181564095896e+03
-6.853008017650533475e+03 -6.070622927954411807e+02 -1.008031534878345701e+04
-3.581651639800221346e+03 -1.357261091743222096e+03 -3.316193153330572386e+03
-4.884023867672299275e+03 -1.294589539621852509e+03 -3.607573021974798849e+03
-3.453666935894554626e+03 -1.594696418442170398e+03 -4.556634351901025184e+03
-3.780255293818972859e+03 -1.041746800108219531e+03 -3.902306230815364870e+03
-5.472165069279507406e+03 -1.308743020888322462e+03 -3.457621229144145218e+03
-2.237335526410230614e+03 -2.189894353344319461e+04 8.893532031858812843e+02
-2.508388353690034819e+03 -1.623078701975568720e+03 -5.266871566408788567e+03
-3.749267254629841318e+03 -8.996631029854784174e+02 -3.732698267568202027e+03
-5.145954229505012336e+03 2.271976460144326666e+03 -3.579132334508977692e+03
-4.618107329091149950e+03 -1.260357808041268981e+03 -3.593864369833841920e+03
-5.212505770431086603e+03 -3.959943275989471658e+03 -5.756088867215093160e+03
-5.811415394031252617e+03 -9.159030678109826340e+02 -2.709657214527968335e+03
-4.724760011698303060e+03 -1.259503735672157063e+03 -3.546319240714807165e+03
-7.840455513215952124e+03 2.856791123010479510e+02 -8.877764909760791852e+03
-2.012011268310124933e+03 -1.341178661151620418e+03 -5.708463697096824944e+03
-5.263352207843175165e+03 -1.206165883414028940e+03 -3.367674408453872729e+03
-2.883411747813398506e+03 -1.422361383023891221e+03 -5.386762142761000177e+03
-4.857486889903930205e+03 -1.026181475645316368e+03 -2.765391380151082558e+03
-4.864426803653787829e+03 -1.157157122718611163e+03 -3.095708209491364869e+03
-2.285082194537974374e+03 2.232030518428506184e+03 -6.285496010843435215e+03
-1.797728145752353157e+04 8.403878767177666305e+02 3.322306452892572906e+03
4.121017799634532821e+03 -1.331710755573112874e+04 -7.349400445906338064e+03
-6.920162185013194176e+03 -8.165738814798644853e+03 8.149467339513337720e+03
1.323726967361654715e+03 -3.938665672161053408e+03 -1.143012574750830572e+04
-4.804252154828459425e+03 -1.340648809875788174e+03 -3.776261462752751868e+03
6.238582889359361161e+01 -2.548911492818741863e+03 -3.734045407777675791e+03
-4.870122289073044158e+03 -1.418265038881413375e+03 -3.479883118398356146e+03
3.248584236507319929e+02 -1.325080110192557731e+04 -2.566097988373462613e+03
-8.806728168735176041e+02 4.431411347853264488e+03 -9.522921118127527734e+03
-3.163179722316773677e+03 -1.180871579469578137e+03 -4.882675197829772515e+03
-5.016662179163216024e+03 -1.762389204630449740e+03 -4.002455316016248617e+03
1.553556322667826635e+02 -6.214333762871979161e+03 -6.944368303581874898e+03
-3.119620896738246756e+03 -1.302367100109694093e+03 -4.913933865866591077e+03
-2.128592863345678325e+03 -1.135936980434086308e+03 -6.199903830719199505e+03
-3.987118841437156334e+03 -2.265808786969212179e+02 -5.166886289209332972e+03
-4.978612653144379692e+03 -2.671819313073878675e+03 -6.690004630476065358e+03
-5.722297775664585060e+03 1.055641172279835155e+04 -1.475433124603147735e+04
-2.880877487762835699e+03 -1.990612352485304200e+03 -5.724407156369211407e+03
2.896304079184115835e+03 -1.298957250477033085e+04 -6.806036785775043427e+03
-3.650331036223863975e+03 -1.168370969962945310e+03 -3.290693084197646840e+03
2.955993110643836189e+03 1.180145851331274116e+03 -1.154990122508627246e+04
-4.593498218785922290e+03 1.927770055061837411e+02 -3.966846783767025045e+03
-4.748908125986992673e+03 -1.355585819631621689e+03 -3.766431654337827695e+03
-1.573432998730927920e+03 -1.697425720895459563e+03 -5.700318359969447556e+03
-3.228028435446165076e+03 -1.536308085272761218e+03 -4.947898575758908919e+03
-3.079604055479579074e+03 -1.315367767691150448e+03 -5.021375208832479984e+03
-2.970869669251872892e+03 -1.338893347956868411e+03 -5.169708814939093827e+03
-3.049958826115508600e+03 -1.242330018652223316e+03 -5.078494529984332075e+03
-3.127878617517669682e+02 -2.085140894978791948e+03 -6.136648707616018328e+03
-1.745339646818045367e+03 -2.580183802378222936e+03 -6.315869265459292365e+03
-1.217241526726556367e+04 -2.546540941624637526e+03 -6.972872906318042624e+03
-2.551215512168000259e+03 -1.691361949581161298e+03 -4.985256062626069252e+03
-2.341849974581858987e+03 -1.392401211663110189e+03 -6.198087231647972658e+03
-3.251506308384583008e+03 -1.560646784149822679e+03 -5.225525595473444810e+03
9.975751583561817824e+03 2.055693746029276554e+03 -1.170893809343652356e+04
-2.784582270029539814e+03 -1.338577763506417341e+03 -5.134534613344440004e+03
-3.067325003594106420e+03 -1.335580410056410301e+03 -5.011637356825712232e+03
-9.967174168614408700e+03 6.794507136976725405e+02 -2.412976203880236062e+04
-3.810121240015847434e+03 -1.504979857014809113e+03 -3.998496106892758235e+03
-2.387982288210848310e+03 -1.909041498671384943e+03 -5.457510375055468103e+03
-3.208694155052318820e+03 -1.406684993323445042e+03 -5.157078481911313247e+03
-3.031091087185850483e+03 -1.254504758178308066e+03 -5.073093362339371197e+03
-5.711681843395323995e+03 -2.309510427274683934e+03 -2.477478510104477664e+03
2.475345791657236532e+03 -3.512086544108059115e+03 -8.352856166838815625e+03
-1.032272748572407727e+04 -1.402060772568130687e+03 9.007171678679151228e+02
-4.750464007427753131e+03 -3.427804237790180650e+03 -2.596127584134059362e+03
8.513689399733801110e+03 3.552517265694764774e+03 -9.137837617558456259e+03
-8.500562202298955526e+03 -1.565801402342855909e+03 -2.227194079572421288e+03
-2.818381641331925493e+03 -1.970278352019762679e+03 -5.381943596784178226e+03
9.883311600544153407e+03 8.191684135661959772e+03 -2.592722300219620956e+04
9.909922591532034858e+03 4.910303018725177935e+03 -9.629162501044016608e+03
-3.035942645904554411e+03 -2.564255372218228786e+03 -3.574305993558759383e+03
-3.088735249223890150e+03 -1.225669078315457909e+03 -5.113187339755309949e+03
-1.959097736461075783e+03 -2.092735686946309215e+03 -5.269974042695350363e+03
2.227012881574120001e+03 -3.835071233520494616e+02 -2.165146377597182800e+04
-1.194694432477728697e+03 -1.362212485941388195e+03 -3.750232777341412202e+03
-2.788238767195301079e+03 -1.288475066540677290e+03 -5.327299402245123929e+03
-1.317061580112585034e+03 -5.265189900300938461e+02 -6.033906316890130256e+03
-8.879529534335088101e+03 -6.200883455164681664e+02 -2.907962128675065969e+02
-2.971447970600790995e+03 -1.427132682316289220e+03 -5.321549191824383342e+03
6.397350479382362209e+03 4.180398257819876562e+03 -1.080468153716394590e+04
8.330743936752451191e+02 -5.498884435603347811e+03 3.683864215294407586e+03
6.881439661826151678e+03 4.459403494821684717e+02 -7.077097115398257301e+03
-5.312769595436419877e+03 -6.296260230436693064e+02 -1.748392803354929356e+03
-5.662685764297697460e+03 -2.201806048252789878e+03 -3.941766175055459826e+03
-3.280114190596039407e+03 -1.612407053660152997e+03 -5.313198149585995452e+03
-1.476307432948677274e+02 -5.414736087542855785e+02 -5.643805686157040327e+03
-3.093302938941973025e+03 -1.637844112049903515e+03 -4.946798934526168523e+03
-2.787495627929216425e+03 -1.521563839066957598e+03 -5.427088002731416054e+03
8.728059866936388062e+03 4.132630074286315903e+03 -9.953087771811280618e+03
-3.546577623129820040e+03 4.611873487585025941e+03 -7.751439059545771670e+03
-3.044162668020990168e+03 -1.331251217374343923e+03 -5.246600768583623903e+03
-3.112812931389210462e+03 -1.357721854176215174e+03 -5.241868008142496365e+03
-7.062205006605432573e+03 2.467392206441801363e+02 -5.994714693894947231e+03
-3.243038514694947480e+03 -1.754395638274334942e+03 -5.298173171392255426e+03
-3.087173806092764153e+03 -1.265223516351129547e+03 -5.430780383923683985e+03
-2.780704179939350979e+03 -2.258333293529214643e+03 -4.880446274499023275e+03
-1.058838453051168699e+03 2.892724063701570230e+03 -1.173013662184694113e+04
-2.721742788399595611e+03 -1.491792250481822521e+03 -4.971372937664843448e+03
-1.125635395195605088e+04 -3.297095878157824700e+03 -1.584990355340255519e+01
-3.103671722871256407e+03 -1.335172140602641775e+03 -4.989023041145703246e+03
-8.218274844190795193e+03 2.069151833834428089e+01 1.614322404736104545e+03
-7.361844851969014599e+03 3.516058127510879331e+03 -8.292515150946514041e+03
-2.200222056644694476e+03 -2.563721780468758880e+03 -4.605358432551350234e+03
-2.725334134298392200e+03 -8.754192920669668183e+02 -5.996815731579352359e+03
-2.985351928522283288e+03 -1.779874840930249775e+03 -4.588061068668614098e+03
-2.085792992312138267e+03 -2.152356793618066604e+03 -5.514451093413378658e+03
8.711550855377839980e+03 4.491315007202724701e+03 -1.050865719146336414e+04
-2.231135536755293288e+03 -2.305811294987619476e+03 -5.492036252301715649e+03
1.180817051508505392e+04 7.209385694862809032e+03 -3.618728744906149223e+04
-5.701709269670418507e+03 -4.098868403994272740e+03 -2.695344842836021598e+03
-1.160259589616453297e+02 3.177332254598121381e+03 -9.964251865152160462e+03
-2.914900085767161727e+03 -1.414757860669769798e+03 -5.496017032932798429e+03
-3.682697021968834633e+03 -8.977303660076694314e+02 -6.088976601578976442e+03
-2.752861330126574558e+03 -1.946442250255351837e+03 -4.831867535915162989e+03
-2.924155787708757998e+03 -1.582951468102550962e+03 -5.270925284666463995e+03
-6.628596879817441732e+03 -2.112436762303445448e+03 -1.259502497600186189e+03
-3.161176692600283786e+03 -1.562448515486462838e+03 -5.225952174305349217e+03
-2.566040164294548958e+03 -1.781434504859988920e+03 -5.067935384958124814e+03
-3.224527460856211292e+03 -2.017006335685324530e+03 -5.286818815301033283e+03
-3.017857935268918482e+03 -1.984489879488128281e+03 -4.235664655534825215e+03
-2.804100143642379408e+03 -1.274541581267155152e+03 -5.354686239124498570e+03
-1.197817074251087433e+04 -6.283265621393697984e+03 -2.880804052637617133e+03
-6.792529223127472505e+03 -2.436800175346887045e+03 -3.540599454334643724e+03
-8.643722370661058449e+03 -2.205212825798655103e+03 -1.766731297198578432e+03
-2.833497496865405537e+03 -1.606742940761490672e+03 -5.014936812257408747e+03
-4.149479433187649192e+03 -1.409575413215570279e+03 -3.914135222810729829e+03
2.983139248724874960e+03 5.766159477079628232e+03 -1.193578978814168659e+04
-9.922336707816388298e+03 -2.736668512904328963e+03 -3.157974178607812519e+02
-3.115076940453960560e+03 -1.442613952208788078e+03 -5.076325527441727900e+03
-4.483668498824337803e+03 -7.542450810572119053e+02 -3.278415738226953181e+03
4.492038700432723999e+03 3.836797690754608084e+03 -1.678291383706571287e+04
-3.173570150168502551e+03 -2.205034397622640881e+03 -5.841359269088320616e+03
1.372494026667531762e+04 -3.193820069368842724e+03 7.235467312194454280e+03
-9.143242106874220553e+03 -2.699224037018116178e+03 -9.589467013613167410e+02
-2.487552837977247691e+03 -1.963781658389126278e+03 -5.066386875626840265e+03
-6.301062342863933736e+03 1.179896405026025150e+03 -1.894328081397482492e+03
-2.900323966121924059e+03 -1.449572882435050360e+03 -5.017352627991916052e+03
-3.080497651883107210e+03 -1.267131604444354252e+03 -5.051482184904950373e+03
3.563287785941298807e+03 4.079075656395817987e+03 -9.828301730506671447e+03
-5.674146598416433335e+03 -2.590066237240839655e+02 -3.331456449551039441e+03
-9.001544070222171285e+03 -1.413647573651767743e+03 -2.843392123949876805e+03
-2.908666675509788092e+03 -1.235720530453867013e+03 -5.229742015138750503e+03
-2.290350014911413018e+04 -2.212686216440487260e+04 -7.490962769734725953e+03
-3.840445149732950995e+03 -2.999045662622452710e+03 -5.398401782974376147e+03
-2.797489462224072668e+03 -1.458336038991529904e+03 -4.971880155918636774e+03
-3.099456370640134082e+03 -1.238288050726713209e+03 -5.143385763181441689e+03
-2.992418850141017174e+03 -1.365212460888647001e+03 -5.363887613161200534e+03
5.958932734790313589e+03 2.720949873907327401e+03 -1.362874109006533581e+04
1.326623275455702242e+03 3.047281755072703163e+03 1.916411746086803760e+03
-5.718762909228618810e+03 -1.475031981081447520e+04 1.001340659674279959e+04
-3.105436938095152527e+03 -1.346178482089433373e+03 -5.150248070894762350e+03
-8.331856254803376942e+03 2.666965527794368427e+03 -8.753021709986880524e+03
-1.017704567302886790e+04 -2.287346973952265671e+03 8.199668571552972480e+02
1.752569858049635150e+04 1.649119411014963043e+04 -1.296269701267240998e+04
-2.893030641673298305e+03 -1.517644330513383011e+03 -5.292848549994143468e+03
-2.585324109182257871e+03 -1.975982612628998140e+03 -5.282656068094577677e+03
-1.933269203232153814e+03 2.254787383615685030e+03 -8.361010826468002051e+03
-9.284392768474173863e+03 4.955450027064140954e+02 -4.341882715046369412e+03
-7.027586893953613981e+03 -1.979740877743346118e+03 -2.498308337118483450e+03
-2.985293906718942253e+03 -1.677479910521582497e+03 -5.006668475818917614e+03
-2.346102424045234329e+03 -1.687638608173026114e+03 -4.790233795628923872e+03
-2.669912032906000150e+03 -8.697628776313139269e+02 -5.630157598088921077e+03
-3.352269053073352097e+03 -1.062247639151434896e+03 -4.075922838915200828e+03
-5.397475458615903335e+03 -2.415764621953395363e+03 -1.987232167240116041e+03
-1.364577085994633308e+04 -1.602453325751081684e+04 -8.901460543490808277e+02
-1.018567993087225477e+04 3.982794545782115165e+03 -7.564451719913054148e+02
-1.435389093800993805e+03 -8.070051311673149939e+03 -3.810791586496556192e+03
-3.225238185881732534e+03 -1.449469958695320202e+03 -5.032289121316704041e+03
-2.163191728733935633e+03 1.827430338928895253e+03 -1.074987718527715333e+04
-3.064859615360074258e+03 3.198103008542984185e+02 -6.158255888927612432e+03
-3.325931085773532686e+03 -1.627171720979522888e+03 -5.893460112831769038e+03
-2.979555030857068687e+03 -1.541934145705171886e+03 -4.776600722502598728e+03
-2.984333117686697278e+03 -1.535675585651806159e+03 -4.906782828657376740e+03
-4.016047704985710880e+03 7.600144817664767288e+03 -1.732390379219329043e+04
-6.694946221047196559e+03 1.667038124196808724e+02 -1.469479351006380966e+03
-2.953942687144212869e+03 -1.491804213428345975e+03 -5.459908816480908172e+03
-3.194754852808964642e+03 -2.472817564179366400e+03 -3.886665555942065112e+03
-4.054061019898742870e+03 -4.466637590550957611e+03 -6.212551707117199840e+03
-3.152133115332915622e+03 -1.582169619243492207e+03 -5.065630631745597384e+03
1.533498503042445191e+04 1.834648702135615895e+04 7.635533339946468004e+03
-3.131725357370996790e+03 -2.905907607492622446e+03 -7.756249074700268466e+03
-4.858906415544514857e+03 -1.478664815847070031e+03 -5.597619640530206198e+03
-1.316018993125635097e+04 -1.366204010269738319e+03 -7.851282427684668619e+02
-5.782060837609368718e+03 -1.691300444906855319e+03 -3.570245777526961774e+03
-3.057626845603564107e+03 -1.596291630854338109e+03 -5.026780528446049175e+03
8.220206832709529010e+01 1.740471883472518584e+03 -1.010847194677742482e+04
-3.166612182039085383e+03 -1.363584665709977344e+03 -5.219468469993837061e+03
-2.930094719814826021e+03 -1.516301502086854725e+03 -5.030811849128364884e+03
-4.010964605277560167e+03 -2.047179100362938698e+03 -6.870609988406968114e+03
-6.142555923798187905e+03 -2.622380581062892588e+02 -6.914373353454195239e+03
-3.216969350857868449e+03 -1.386726598138855024e+03 -5.157776121504785806e+03
-3.193840592579101212e+03 -1.860508226629428236e+03 -5.013153243485297025e+03
-5.854754290467810279e+03 -7.736159068026008754e+03 -2.468839406906728072e+03
-3.255308710478407193e+03 -1.467536230733824823e+03 -4.854494587735664027e+03
-2.648377448808046665e+03 -1.544130553572831332e+03 -5.166156122153664910e+03
-4.363428308619797463e+03 -1.607901656661745619e+03 -3.971047242957728486e+03
-2.662012826270534788e+03 -1.996391789789343875e+03 -8.279285973196479972e+03
-3.074904212176829333e+03 -1.477767381201846320e+03 -5.060171391986428716e+03
-4.690079015537249688e+03 -3.218799320874002660e+03 -1.502499480315086885e+03
-3.030560561922736269e+03 -1.677355342275596740e+03 -4.814716933496051752e+03
-5.170280916203180823e+03 -2.138882309718910165e+03 -6.525386284887033980e+03
-3.076671809920628220e+03 6.285729288087136410e+02 -8.923793016545452701e+03
-9.671017852577126177e+03 -2.427170573168970350e+03 -6.897123152766872067e+01
-2.195185162760052663e+03 -1.852679197211978590e+03 -5.604620689032084556e+03
-2.650599297675116759e+03 -1.514583203107179997e+03 -4.796620086566493228e+03
-1.978437617728617170e+03 -1.765455787974473424e+03 -5.601695105417284140e+03
-8.078947936689185099e+02 -1.720873904509045133e+03 -3.666105251500843224e+03
-2.549463025295259740e+03 -1.337642252924108561e+03 -5.006074188916278217e+03
-2.375774034608415604e+03 -4.299288857887101585e+03 -1.059120214606982017e+03
-4.527475942000892815e+02 1.677898875405071067e+03 -9.761626619765585929e+03
-8.024294888990260006e+03 -1.036044248924061685e+04 -7.458770909183367621e+03
-3.188450062589923618e+03 -1.350817537589707626e+03 -5.029364714722094504e+03
-3.122861341591192740e+03 -1.659673879243665397e+03 -5.052471418451355021e+03
-2.531110544650093743e+03 -1.863044089732393786e+03 -4.945105416573753246e+03
-1.056002522316953218e+04 -5.957451508595065661e+02 -2.278205172080829925e+03
1.349876714333398013e+04 3.173979953100716557e+03 4.658202918842182953e+03
-3.230976873315725697e+03 -1.541087521038899013e+03 -5.122905803198856120e+03
-3.039887938002029387e+03 -1.305964145935554370e+03 -5.339802226025580239e+03
-3.187461979420260832e+03 -1.324217932048580451e+03 -5.176406855604974226e+03
-3.212393269153462370e+03 -1.327262356820469677e+03 -3.336868092446871287e+03
-3.063752207338376138e+03 -1.429597472799797288e+03 -5.019047641057441069e+03
-1.280430056205031406e+03 2.726692454909329626e+03 -7.524191353696610349e+03
-3.229317379108838850e+03 -2.272905062957888276e+03 -2.383416420939907766e+03
-3.137809755411130027e+03 -1.687911962921417398e+03 -4.982423114459553290e+03
-2.606339168466322462e+03 -1.704596914882878536e+03 -4.768556670401598240e+03
-3.376576073135605839e+03 -1.844905646301112029e+03 -5.716784710091570560e+03
-3.452606235266466683e+03 -3.838359547374611793e+03 -4.438574129446753432e+03
-3.084673568307891856e+03 -1.153120065192166294e+03 -5.932168050169318121e+03
-2.795413554593158096e+03 -1.689443980647759872e+03 -5.054581903094795962e+03
-3.279662604901061059e+03 -1.036787074857352081e+03 -4.090830045414694268e+03
-6.284664777527896149e+03 3.764331904911166930e+03 -1.244262332943927686e+04
1.834211309302578229e+04 2.819255817414272315e+04 1.049333647876796385e+04
-5.942160529446869077e+03 -3.069914382224347264e+03 -4.560255511668874533e+03
-3.900290795536078804e+03 -1.252547434564552987e+03 -3.118922503753188266e+03
-3.080830582979506289e+03 -1.545423093246739199e+03 -5.266297042225157384e+03
1.224210027848692880e+04 9.239590223324181352e+03 -1.779229894261608933e+04
-3.016902770524473453e+03 -1.727516545234529303e+03 -5.034537233930182083e+03
-3.118688412299479296e+03 -1.530837987327444580e+03 -4.814283422387185055e+03
7.947821789283710132e+03 5.375859893536724485e+03 -1.602804704522051907e+04
-2.999558136980757808e+03 -1.534579309321830806e+03 -4.996758435553550953e+03
-2.100455386203936996e+03 -1.357496772636330661e+03 -4.721878027997443496e+03
-2.997721300651280217e+03 -1.400273597595258479e+03 -5.093464574550172074e+03
-1.014734813067454184e+03 2.948483598502562018e+03 -5.693152026134488551e+03
7.899384092135000174e+03 -1.009325582066415450e+03 -5.640940830287119752e+03
-1.920099425456149447e+03 -1.864969010945965692e+03 -5.661579857523355713e+03
-3.055662629648733400e+03 -1.765529816550688111e+03 -4.945057709713237273e+03
-2.830157538682179165e+03 -1.928942453318916250e+03 -5.005537732014562607e+03
1.087701925614671381e+03 -1.890113441259108185e+03 -5.252406622935293854e+03
-5.703159951554648615e+03 -2.708508468315516893e+03 -4.548593465507867222e+03
-3.878608666969673322e+03 -2.130128561498302588e+03 -2.310931814518392912e+03
-3.082867509586482811e+03 -1.690181259731295995e+03 -5.032792374311735330e+03
7.313347739023372014e+03 3.998764280351784237e+03 -9.156663658219920762e+03
-2.234543356306788155e+03 -1.657024518437935967e+03 -4.893759631995613745e+03
-4.721840086798258199e+03 7.767134531240210435e+02 -4.539142523179799355e+03
-3.075776439048959674e+03 -1.576047644554494354e+03 -4.906936972362179404e+03
-3.055318242396292135e+03 -1.437896455538857936e+03 -5.093341135840543757e+03
-5.811635926126376035e+03 -4.899131188259571900e+03 -9.630317641932295373e+03
-1.632200062319110202e+03 -4.836810727541040251e+03 -1.648446367903570717e+03
-3.608799458242627679e+03 -1.778061372427951255e+03 -5.401340267228184530e+03
-3.078953589973112685e+03 -6.928792394780966788e+02 -4.371519002686982276e+03
-2.752828807142482219e+03 -1.911950094286290550e+03 -4.856073516800364814e+03
-1.002689401684417135e+04 -6.355449074489747545e+02 -7.090723270853659415e+02
-2.857051423496559892e+03 -2.105073153291191375e+03 -6.515915370999571678e+03
-1.174271411021660424e+04 -1.575441618156287973e+02 -2.646083801195420619e+02
-5.651677945577621358e+03 -1.831838558045733407e+03 -1.844232447666382768e+03
-3.693469000715602760e+03 -3.034399669532445387e+03 -1.441170778725813989e+03
-4.713238781417429891e+03 -3.498331232064524556e+03 -3.758962024945753456e+03
-2.160293459082776735e+03 -1.531829871877556116e+03 -4.938987502475640213e+03
-1.135532770327587286e+03 2.827061878346590220e+03 -8.018250210431879168e+03
-4.914347040289714641e+03 -1.038501775142422048e+04 6.827747007982318792e+03
-2.449052423887236728e+03 -1.913549103178625728e+03 -5.006580108686193853e+03
-2.330321930436603907e+03 -1.649482428302632570e+03 -4.901798155618908822e+03
-2.388123212693531514e+03 -1.616206709648542528e+03 -5.098407286223615301e+03
3.094350815440786846e+02 2.422892613338401861e+04 4.134098092070737493e+02
-2.161809832335273313e+03 -1.591245537977945617e+02 -4.216059716708381529e+03
-2.875405129405609387e+03 -1.676139365005548370e+03 -4.813497968520202448e+03
-9.216120422165889750e+02 -1.233380633595684230e+03 -5.603153811060093176e+03
-8.028023074140501194e+03 3.785858149117527773e+03 -4.678175496755155109e+03
-2.569101258150945796e+03 -1.969064262534625414e+03 -4.943828594790455099e+03
-2.348349449266889678e+03 -2.517448634831918071e+02 -2.720684084534809699e+03
2.451351981641201746e+03 -4.188232433780066231e+02 -3.971207838026290119e+03
-4.158382985012445715e+03 -7.596442627705833956e+02 -6.601255626757730170e+03
9.254952650539075876e+02 -5.540097677673878934e+03 7.652844593483923745e+02
-2.527371721263844393e+03 -9.400617762592651161e+02 -5.211106332138505422e+03
-2.667400465922076364e+03 -1.903130891303679164e+03 -5.127470260845373559e+03
-3.837589649078261118e+03 -1.081627538248974133e+03 -4.345671040184537560e+03
-3.138833994890238500e+03 -1.626544376951829463e+03 -5.068734372896429704e+03
-3.088205988144503863e+03 -1.700754509587652365e+03 -5.049718657065896878e+03
-3.726301945909076494e+03 3.021954875971464389e+02 -4.159754654030306483e+03
-1.195425539006657118e+03 -1.787416945977422245e+02 -5.133212659536523461e+03
-2.499532089528949655e+03 -1.926193694993461122e+03 -5.026591780545489200e+03
-2.987578652787117335e+03 -1.822963352611704750e+03 -5.006961575185310721e+03
-2.372367921642430701e+03 -3.242050606919070106e+03 -5.276689992140325558e+03
-2.619761334562522279e+03 -1.882228994657237308e+03 -4.831896592536872959e+03
-5.853999061684417939e+03 -3.578166968597003006e+02 -2.914551712478903028e+03
-2.458150182609578678e+03 -1.614589303127761923e+03 -4.785527642419865515e+03
-2.840940717772621610e+03 -8.469269162429945936e+02 -4.251926319006997801e+03
-2.913283889545533384e+03 -1.593442729372059603e+03 -4.762029762531602501e+03
-3.631745518380567319e+03 4.322301513970914129e+03 -4.689004921444529828e+03
-3.583290165608788811e+03 -1.900981043555256065e+03 -5.381577335007797956e+03
-4.696054712633319468e+03 -2.312757297334645500e+03 -4.335230870913325816e+03
-8.551498000960702939e+01 -3.979075109890582098e+03 -6.163925948777588019e+03
-3.124524896018487652e+03 -1.577373126081309920e+03 -5.064247917961800340e+03
-2.998238261914112627e+03 -1.954774164443299242e+03 -4.890436187627919935e+03
-2.916265920410113267e+03 -9.690863167227889790e+02 -6.244337188392570170e+03
-2.663484214598795916e+03 -2.587115102380715598e+03 -5.774110154251877248e+03
-4.392717827795897392e+03 -4.777973736131477381e+03 -6.967562608531562773e+02
-1.088308903101515853e+03 1.658137175137324562e+02 -5.638347877309272008e+03
-2.717663681747639203e+03 -3.024547725892235576e+03 -4.807228209963480367e+03
-4.274842925058263063e+03 4.147152276448840666e+02 3.389872202849700784e+02
-2.661723859403934512e+03 -2.150843965216077777e+03 -6.054332843448971289e+03
-3.087984598743263632e+03 -1.708119082600744377e+03 -5.036600767912250376e+03
-2.360713892257636871e+03 -1.696570449087415909e+03 -4.912533351942980516e+03
-2.803928103092534457e+03 -1.423769584748251646e+03 -4.993939036726384074e+03
-3.545820280792944686e+03 -4.930981839480854433e+03 -4.362307415152796239e+03
-2.908202623895472698e+03 -1.177124229078149256e+03 -4.035406818039280552e+03
-2.122819351240410924e+03 -1.175357447077548841e+03 -5.054300571106856296e+03
-3.020653864154371604e+03 -1.860673789084416057e+03 -4.939543239698818070e+03
-2.904669266251609770e+03 -1.827811414917705179e+03 -4.979734119073566035e+03
-2.493233795561619445e+03 -1.210273361221769619e+02 -5.740525596110458537e+03
-3.026040207345274212e+03 -1.780469885286239332e+03 -4.994332538282865244e+03
3.306957991534125654e+02 -2.849465165531467846e+03 -3.586809784171117826e+03
-3.035659020102157228e+03 -1.035726783094853090e+03 -4.100261830326619929e+03
-5.880846499298484559e+03 -7.512008319738635009e+02 -2.517627868875627428e+03
-2.652643671766911211e+03 -1.966864978540016864e+03 -5.055308394925395987e+03
-3.999789478133478951e+03 -1.587486717913895291e+03 -2.073292538129904187e+03
-3.730574710594358748e+03 -3.399983397458729542e+03 -4.214777352604507541e+03
-1.539180855185425571e+03 -1.145701020557277843e+03 -5.294785323351344232e+03
-4.826181267740505064e+03 -3.465905425001786170e+03 -4.282469772001707497e+03
-2.891960284561032495e+03 -1.110888830335398097e+03 -5.473082072432623136e+03
-5.884976837082109341e+03 9.962611036762862113e+02 -1.641083700774019462e+03
-3.082027314214465150e+03 -1.883708593080487390e+03 -5.341354516570448141e+03
-1.260628931699765417e+04 1.171609676965652397e+03 -1.050934893984992050e+04
-4.683547904008050864e+03 -6.224663493952024282e+02 -4.836702109212804316e+03
-3.076554201521298637e+03 -1.775210090910773943e+03 -5.009741310808182789e+03
-6.618023084212040885e+03 1.696049394585607661e+04 -3.016499277406831879e+03
-2.926455237689910973e+03 -1.912980913392654202e+03 -4.847101954656396629e+03
-3.386531447510733869e+03 -9.106689730305845387e+02 -5.923759977946747313e+03
-7.774577216071594194e+03 8.234035515850744559e+03 -8.060062121076987296e+02
-2.209228985487523005e+03 -1.303695135031925929e+03 -4.722626360560264402e+03
-8.657986764942417722e+03 -1.985065676059762382e+03 -4.912147096975683098e+02
-3.018661946982083009e+03 -1.619186437830011528e+03 -5.049327114505085774e+03
1.447257994079132004e+03 -7.842861956167817880e+03 -1.011468780357283504e+04
-2.201751694289017678e+02 -1.078793986440964363e+04 -7.156905792450390436e+03
-3.061015653156116059e+03 -1.676587731744451503e+03 -5.024484751904985387e+03
-2.533242850500266741e+03 -1.708602552205617940e+03 -4.937446501128617456e+03
-2.569493701341171800e+03 -1.796085647106465331e+03 -5.081748266618293201e+03
-2.982852119387967832e+03 -2.622165862027226922e+03 -2.885733146716676401e+03
-1.729855926749720766e+03 -3.298859857209217807e+03 -4.454151787234912263e+03
3.955638750954631178e+03 -6.945932328481346303e+03 6.509459758140902750e+02
-2.926530977947282736e+03 -1.785695316667872021e+03 -5.328010576150651104e+03
2.184719429563718677e+03 -3.013406423944821654e+03 -1.098092914855046547e+04
-2.453135141049181584e+03 -1.861233437095033878e+03 -5.195740423897330402e+03
-2.609101734097123426e+03 -2.259557171578886027e+03 -6.083321519769067891e+03
-3.034523835840520405e+03 -1.498874850320419682e+03 -4.913913695165636454e+03
-3.004705514823789599e+03 -1.647548722729018664e+03 -4.954550342228755653e+03
-2.925562673261452801e+03 -5.654070871732863452e+03 1.837346711983003843e+03
-6.288823377425434956e+03 -4.539118737927430629e+03 -3.538301053483022770e+03
-1.547786076873706179e+03 -1.678360374180778081e+02 -4.330327794951964279e+03
-3.384036526009962472e+03 -1.034250428974256238e+03 -4.932245244895997530e+03
-2.815796482570257922e+03 -1.914347371543566396e+03 -5.029457721561406288e+03
3.104769715172295946e+03 -3.652395103501932226e+03 -1.052897753293041387e+04
-3.090675858925695138e+03 -1.639151770590704928e+03 -5.135794442819812502e+03
1.577258114173054537e+03 -8.604541342784585140e+03 -9.801485074025598806e+03
-3.055030286688457636e+03 -1.979534022071219169e+03 -6.461799031994677534e+03
-9.694478086490960777e+03 -1.681624577856015776e+03 -1.469154634080970027e+03
-3.105277370204673389e+03 -9.898323702186430637e+02 -4.669366708445797485e+03
-2.579607913595302307e+03 -1.870095922035670355e+03 -5.095334234571381785e+03
-2.460690883881522677e+04 3.388017184666723915e+04 -1.350567133530147112e+04
8.258780768402333479e+02 -8.522064995617889508e+03 -1.093456392263398448e+04
-2.144350205766548697e+03 -1.249592120374539263e+03 -6.401400107064935582e+03
-3.222206483240582202e+03 -2.231414642089196605e+03 -6.026183790830506950e+03
-2.651754887590286216e+03 -1.698280912563750235e+03 -4.837472648668982401e+03
-2.480378377495279710e+04 3.554919801212174934e+04 -1.349959172146579840e+04
-2.190761450148808308e+03 -1.608555924262342387e+03 -5.007284411014023135e+03
-2.338645862216812475e+03 -1.575713957176941904e+03 -4.848042219299572025e+03
-1.650424345113164009e+02 -1.274130304169068222e+04 -1.207500970546828830e+04
1.754825163808467778e+03 -1.011223816515430917e+04 -1.257016617101604970e+04
-3.274307375819584195e+03 -1.047959909961732137e+03 -5.410062548653478188e+03
-5.244700574747826067e+03 1.572346389398145220e+03 -6.214061353726918242e+03
5.465793622188334666e+02 -1.425774454633404275e+04 -1.470062186909557749e+04
-1.512955200468823250e+03 -1.227513791265902000e+04 -7.556355737280719040e+03
2.681446037349895050e+03 -9.901372185063124562e+03 -1.418130113839635305e+04
-6.406399968179420284e+03 -1.570619765874645282e+03 9.166515905254989320e+02
-2.629204184563327544e+03 -2.004898234106047994e+03 -4.850705917716820295e+03
-2.494076551367236334e+03 -6.863227310378402763e+03 -2.691911748052862094e+03
-3.023574772413989649e+03 -1.874517960066339811e+03 -4.853952347211349661e+03
-3.100180241040312922e+03 -1.738505324022499508e+03 -4.959535243723486929e+03
-1.260401774962718082e+04 -1.942338097797784940e+03 -3.717973723840631237e+02
1.160414026423789892e+03 -1.586397295718859459e+04 -1.703641392370472386e+04
-4.325790069871270589e+02 -1.743480691517674131e+03 -6.351397489295395644e+03
-2.618572742452242892e+03 -1.876292752241567086e+03 -4.872994317580231836e+03
-1.490615409473929503e+03 -7.088123696897177979e+03 3.825526436812479005e+02
-3.708761815347489119e+03 -7.254006456979029736e+02 -5.534993666298708376e+03
-2.511367019872731362e+03 -1.883281170758798226e+03 -5.020589118234873240e+03
-2.438898958843447872e+03 -1.872129315943567008e+03 -5.113564770456313454e+03
-5.763186426691720044e+03 -3.552977430395202191e+03 1.481249721559991940e+03
-2.526785811380605537e+03 -1.997650473779737240e+03 -4.980876451218367038e+03
-3.534592005417681776e+03 5.392071213188309002e+02 -5.301142753493928467e+03
-2.081296643607757233e+03 -1.403627555781689580e+03 -4.589053630737806088e+03
1.568469090282289017e+03 -1.455989211998319297e+04 -1.416060641869894062e+04
-1.584392273809401786e+03 -1.662577835873629374e+04 -6.416692462105086634e+03
-3.303153961824829366e+03 -1.134556640419736596e+03 -5.305172567564972269e+03
-1.458908256100972721e+03 -1.973812186127359382e+03 -5.838702633221557335e+03
-2.750196162621431085e+03 -2.322574669023607385e+03 -7.846958819322027921e+03
-6.649923713485996814e+03 1.744447473307931659e+03 -3.463713569314874803e+03
1.649000961037982506e+03 -6.245086034188389931e+03 -1.362727818584639863e+04
-1.328331975891959701e+03 -2.821448313289454745e+03 -6.959428935327000545e+03
-2.239290491216295413e+04 3.699099669566274679e+04 -1.389730448689345758e+04
-4.557374009491039942e+03 -2.052760956634750073e+03 1.828394087997554607e+01
-3.030518203553218427e+03 -3.174943350575451859e+03 -9.787982820300352387e+02
-3.288465985881452070e+03 -5.996219189093055775e+02 -5.415617780926782871e+03
-3.286802941578855098e+03 -1.221692851638694947e+03 -5.399424825922639684e+03
-2.533854340115275136e+03 -1.818110867318219789e+03 -5.144617191408271538e+03
-1.419328527658722487e+04 -3.011836458968611623e+03 1.204434224500217852e+03
-1.397620233447980354e+03 -1.483715919538585240e+03 -5.643854409083442079e+03
-2.493338279737991797e+03 -1.843499407792548482e+03 -5.114980863075737034e+03
-2.508876696340053059e+03 -2.019026635497687266e+03 -4.952260681460182241e+03
-2.695576283935632091e+03 -9.866332609941341616e+02 -5.278415002069987167e+03
-1.325866366268934598e+03 -1.509842590240754816e+03 -6.223325731331523457e+03
-2.668092121856001086e+03 -1.911464861067332322e+03 -4.906442067711532218e+03
-8.596699310662644393e+02 -3.886765223148622226e+03 3.766278259109846545e+02
2.002115843455046047e+02 -6.123266688739691745e+03 -1.288619371022788255e+04
-3.102906480799798828e+03 -1.584707189443869083e+03 -5.957210395027589584e+03
-3.425467984076545235e+03 -1.159094146831101853e+03 -4.745347718263559727e+03
-2.618944395360354065e+03 3.899614149168660333e+02 -5.785964646099359015e+03
-3.094108626995841860e+03 -3.722186710751319424e+03 8.763995757691629933e+02
-2.006427284931706708e+03 -1.185719107961647524e+03 -5.833194770536559190e+03
-6.175614478169945869e+03 -1.009974590033989625e+04 -6.425640048965904498e+03
-3.666859561530921837e+03 -1.303430264595784138e+03 -4.691070156167664209e+03
-2.668116033582253294e+04 1.993632467816022472e+04 -4.139705912223958876e+03
-1.307909321859049669e+03 -1.918644675871767504e+03 -6.380801534995532165e+03
1.198177185216465659e+03 -1.333196153526642047e+04 -1.101457074546972035e+04
-3.269417506901968409e+03 -1.175638120183938099e+03 -4.531673736161473244e+03
-2.783646563692042946e+03 -1.505772668258506428e+03 -4.902875183415154424e+03
1.915660353633376644e+03 -2.997992917489930278e+03 -7.165964641317966198e+03
-2.592372404671943059e+03 -8.507348795142015661e+02 -5.260679822318074002e+03
-2.520787892117965384e+03 -1.900606618235905444e+03 -4.951253385264587450e+03
-9.189143358500539762e+03 5.616718475772610191e+02 -2.906486764187552126e+03
1.077341445517874490e+04 1.224421920088497063e+04 -6.247594068098647767e+03
-5.068568517374090334e+03 6.397836499878809491e+02 -5.593970037479215534e+03
-2.487411237769666059e+03 -1.819336735942169071e+03 -5.009051996852133925e+03
-1.046489769960851845e+03 -5.904471567866505666e+02 -6.544853044988228248e+03
-2.267932874575714777e+03 -1.231938003729239654e+03 -5.081730968263227624e+03
-2.561269329471770106e+03 -1.688724513945248873e+03 -5.115878378358671398e+03
-2.603055333094257549e+03 -1.755592504387303961e+03 -4.874622128299997712e+03
-2.684779159447764869e+03 -1.764805174772920964e+03 -5.267498275808880862e+03
-3.485766766250360433e+03 -1.436026146073066457e+03 -5.708491965798204546e+03
-3.379448012414478399e+03 -2.222234718214397162e+03 -6.026879948864808284e+03
-2.593430227869862847e+03 -6.782203466998851127e+01 -5.431548802327946760e+03
-2.624212415026122017e+03 -1.774851502975310268e+03 -4.846835482100306763e+03
1.569160289780443691e+03 3.185410532034573407e+03 -1.082355638504494163e+04
-2.684001274166748317e+03 -1.763399362447554040e+03 -5.309369959139459752e+03
-1.176490465273859263e+04 -2.973231897280913358e+02 -2.781108811192378198e+04
-2.664343138608899608e+03 -1.823529760120948595e+03 -5.068442653456907465e+03
-2.602094383100789400e+03 -1.540428700562567428e+03 -5.006726962996597649e+03
-6.431201232902677475e+03 1.729821338461347295e+03 -5.154545122441993954e+03
1.111397598733130690e+04 4.086101575515961940e+03 -1.793185583230771226e+04
-3.721254434890043285e+03 -1.228294779547304870e+03 -4.236083388129059131e+03
-2.333453186428376284e+03 -1.177018909444395376e+03 -6.267338581095327754e+03
-2.432961122979560059e+03 -1.676412059243343037e+03 -5.130380094729925077e+03
-1.990559211759536083e+03 -1.392338730601543148e+03 -5.453783079786228882e+03
9.542094094053037452e+02 -4.841287674360116398e+03 -1.182255858547496064e+04
1.047616624986805073e+04 -2.787319209241830322e+03 -1.202880574730494118e+04
-6.178923670618981305e+03 -3.748662113877518095e+03 -2.698220413493686920e+03
6.578809350609057219e+03 -1.260477536122341735e+04 1.333724834523470918e+03
-3.827872151528169070e+03 -7.406270448579216463e+02 -4.866802271166397986e+03
-2.572106580276106342e+03 -1.547349818975407743e+03 -5.307940948179733823e+03
-1.618781807841957925e+04 -1.503515852151351737e+03 -2.328562714678000339e+04
3.635316038422100519e+03 3.646988110835518000e+03 -1.238417425886437013e+04
-3.564428684020792844e+03 -2.069196406739926260e+03 -7.063104336994718324e+03
-2.701398049876575442e+03 -1.431774972823493954e+03 -5.311366497064520445e+03
-2.756655778675425154e+03 -1.458642090550524472e+03 -5.017231069016712354e+03
-1.143264850378048868e+04 -9.143052379751673016e+02 -1.855451666968383870e+04
-3.594856439788980424e+03 -9.156844763711623045e+02 -4.725728136904562234e+03
-2.539711607941692364e+03 -1.805127207920678984e+03 -5.194687716104341234e+03
-4.199153554227347740e+03 4.926012272022732077e+02 -6.136567779915426399e+03
-6.830612150253742811e+02 1.909101539622622283e+02 -7.448328257467736876e+03
-2.737151062938534324e+03 -1.361357831471001873e+03 -5.388431596540804094e+03
2.923136377891327356e+03 3.010268655139798284e+03 -1.115211884795944388e+04
1.488906490748878241e+04 -1.189732960410793748e+04 -1.224685374996039172e+04
1.178111547729281301e+04 4.272867180847026248e+03 -2.389630481882482127e+04
8.213546740233621676e+03 3.165093478566920567e+03 -1.656690474885018557e+04
-2.198237003767446822e+03 -1.616812566865768986e+03 -4.674931757251227282e+03
-3.134488147505455800e+03 -1.824135794538095979e+03 -6.689512225418114213e+03
2.959388931862014942e+03 3.430003673623961731e+03 -1.154115434069782532e+04
-2.483160590307407347e+03 -1.898447242584757987e+03 -5.086096717086258650e+03
-2.713040361958233007e+03 -1.729221460136490805e+03 -5.265681579570732538e+03
-2.209933364118997815e+03 -9.896141537148165298e+03 1.329143200465933660e+03
2.076931817336891299e+02 -8.328850392357187957e+03 -3.246550672577990099e+03
-2.984820606184341614e+03 -1.555266567483133031e+03 -5.469648342812080045e+03
-2.540331733322473610e+03 -1.583194900120199691e+03 -5.191249175191594986e+03
1.710320733248368924e+04 -1.508109092866528954e+04 -7.022708754769566440e+03
-2.544889068977955048e+03 -1.483411597332011979e+03 -5.310422288808579651e+03
-3.820208382070157313e+03 -1.632949772692667466e+03 -1.010568272879002325e+04
-2.440236779255920737e+03 -1.668700486614983220e+03 -5.082070021781531068e+03
5.369854139743565611e+03 1.786284769783143020e+03 -1.591662038717489304e+04
-2.543754468155919767e+03 -1.532754322043227376e+03 -5.292023345557188804e+03
-3.106813367868910973e+03 -2.318724527505028163e+03 -5.197741281340746355e+03
-2.649947988635374713e+03 -1.590959102628618894e+03 -5.309461419082181237e+03
1.029575510198353368e+04 -5.167418057310476343e+01 -1.367648813497985793e+04
1.869249387933784601e+04 1.580687535532998481e+03 -2.802523117262298183e+04
-2.797722614988403166e+03 -1.420671141474756496e+03 -5.258495125735428701e+03
-2.927613069523433751e+03 -5.334780108826240621e+02 -5.851207136110398096e+03
-2.032920313967120364e+03 -4.074445124037245478e+03 -9.180554320520048350e+03
-3.109043467779264120e+03 -1.516762626244319335e+03 -5.425624063815417685e+03
1.172902386245669049e+03 2.170306899850060745e+03 -9.951143675718805753e+03
-3.520322550844026864e+03 -1.968167640794020144e+03 -5.106959878722246685e+03
-7.632760875121449317e+03 8.087624369016322817e+03 -4.295614126494303491e+04
-2.993391789993410384e+03 2.590060161927818626e+03 -1.052470481574038422e+04
-5.053427108993655565e+03 3.101841514618131896e+03 -8.925259595046667528e+03
-5.513863707020443144e+03 -1.390775405634455183e+03 -3.507358100979181017e+03
-2.698082493534658170e+03 -1.427029690714180333e+03 -5.370223454441020294e+03
-3.101286249788787700e+03 -1.322216745298539081e+03 -5.049940739330389988e+03
-4.465315133460765537e+03 -5.410628054233111470e+02 -5.802762881009233752e+03
-3.741977065498838783e+03 -2.062703076625194626e+03 -5.376207664363567346e+03
-3.217218206591209764e+03 -1.448221395417921940e+03 -5.513964751683090981e+03
-2.540112919540761595e+03 -1.709667946933597705e+03 -5.157900910366590324e+03
-2.165441587847507890e+03 -1.560560319717528046e+03 -5.407231525032740137e+03
-3.135480105220707628e+03 -1.356655431903416911e+03 -5.382664126748568378e+03
-2.635891652328716646e+03 -1.511035945749165421e+03 -5.024566636689783991e+03
-7.794451315635878927e+03 -6.591956503340591553e+03 2.407956299387841455e+02
6.981323612287568722e+03 1.281594035378313720e+03 -1.124834278511042248e+04
-1.911476159795051672e+03 -1.301754847901881476e+03 -5.488644924143303797e+03
-2.081744012985313020e+03 -1.022910310003914560e+03 -5.710068717438606654e+03
-2.581667003963685147e+03 -6.981816493841806732e+02 -4.961848880099593771e+03
-4.172215773160703520e+02 -1.525850122891276442e+03 -4.796954031710349227e+03
-4.063956181060013478e+03 -2.062610165927765138e+03 -4.846814080417239893e+03
-3.161873339807290904e+03 -1.478471454256053676e+03 -5.206723621196425484e+03
-2.750088578343462814e+03 -2.003857464330752009e+03 -5.484350491401845829e+03
-1.973470507111287225e+04 -4.008079895003106685e+03 -2.185388115356317576e+04
1.689179304934477841e+03 2.308427291554610747e+03 -9.282438746097261173e+03
-3.379103908656156364e+03 -1.444382362283747170e+03 -5.450491049590457806e+03
-3.025004466514806609e+03 -1.985953839714538617e+03 -5.296230655794307495e+03
-3.072862011081522724e+03 -1.621890652848901027e+03 -5.017517367834039760e+03
-3.458399355606601148e+03 5.091738144582157588e+01 -6.187006869707019177e+03
-2.805108213461850028e+03 -1.865432701343491999e+03 -4.989446324170683511e+03
-2.910851225538152448e+03 -9.141566210624988571e+02 -5.644953773118038043e+03
-2.465761522664957738e+03 -2.618144460795288524e+03 -3.957591229235742503e+03
-2.240410805758769584e+03 -2.588824714433627378e+03 -5.985754613397893081e+03
-4.002318535952046659e+03 -2.287570895190543524e+03 -4.513826667708416608e+03
-3.042911486208675342e+03 -1.619753236824187525e+03 -6.054103324308542142e+03
