4.188104305149672655e+03 4.634288045361466857e+02 -1.147070275003662027e+04
-2.749770745234437072e+03 -1.282227330482491880e+03 -5.391511330762997204e+03
-4.537190928590891417e+03 -6.566568261229513155e+03 -3.171672233338207207e+03
-1.865318944625387076e+03 5.264397472185987681e+02 -6.496701520677608642e+03
-2.242332691353142764e+03 -1.113159393394306335e+03 -8.635006502150048618e+03
-4.722148723197135041e+03 -5.312750076541996123e+02 -4.751896824504994584e+03
-2.441256747163789896e+03 -9.729901937647008481e+01 -5.522079474399354694e+03
-1.366332087976220828e+04 6.916940162091393177e+03 -3.589537419888568365e+03
-2.474930326573969978e+03 -3.705755896207335809e+02 -6.237891993011640807e+03
-2.554231074442557201e+03 -1.459971331493977914e+03 -5.779399798228660075e+03
-8.940355491775331757e+03 -1.161081841521562183e+03 -2.544199142132925772e+03
-1.862193093814830434e+02 -1.393311570685740207e+03 -9.715265928366572552e+03
-4.657140078064830050e+03 -8.609785574811505739e+02 -4.871058324612512479e+03
5.034007826641998236e+02 -3.905598089100602920e+03 -5.408423540455935836e+03
-2.734454839108448596e+03 -1.316349719615547656e+03 -5.668447145228073168e+03
2.055562238831661261e+02 -3.144725038934942404e+03 -6.832296914137552449e+03
-1.684089744786724987e+04 1.170815318492837832e+03 8.174377846421880349e+02
-7.419763386446230470e+03 4.187472997809448430e+02 -3.835505174015559987e+03
-4.140800917068980198e+03 -5.449246886147296891e+02 -5.746152463034405628e+03
-4.939162674679490920e+03 -6.124657609320832989e+02 -4.631508506328747899e+03
-4.663657322364356332e+03 -1.226408256805292694e+03 -3.026053162619100931e+03
-9.582113146292842885e+02 -1.727139963438397899e+03 -1.174390137623104965e+04
-2.995460214042635016e+03 -9.541538691685883578e+02 -6.393072021938957732e+03
2.971194121950077260e+02 2.441307223175104809e+03 -8.197338856565946116e+03
-1.576816894960755633e+02 -4.896459822364368847e+03 -3.534868909209526919e+03
-3.535628269788429861e+03 -8.361618745778401944e+02 -5.627556015422390374e+03
-3.098178885753829491e+03 1.551272856961553543e+03 -5.919398710649772511e+03
-6.243198946983699898e+03 -2.319756169655348003e+03 -4.734232329963212578e+03
-1.751025456791507168e+03 -2.170219831814040390e+01 -7.616627312960989912e+03
2.528510052224498395e+03 -2.351297111885962295e+03 -7.135415784372125927e+03
-5.539208264039925780e+03 -4.621760706899575553e+02 -3.958661823582403940e+03
-4.178727050657466862e+03 -4.163205955800354445e+02 -4.749154177164223256e+03
-4.234990478683104811e+03 -3.100519979860813692e+03 -7.308253702374802742e+03
-3.337689880871701916e+03 -1.391915036263959792e+03 -7.537656791128675650e+03
-1.343825790347239945e+03 1.996207137440943882e+02 -1.050226298609213336e+04
-1.015670836611625055e+04 2.046044706854549304e+03 -4.290913022824337531e+03
-4.792943272781981250e+03 -5.133908478674400158e+02 -5.315298940241085802e+03
-2.619531471156949010e+03 -1.003480916322712574e+03 -5.780148233053022523e+03
1.309248092409931087e+04 3.917627261356756662e+03 -1.687470230768066176e+04
-2.544546818715566587e+03 -9.038848238995799420e+02 -5.554590036558030079e+03
-3.418310183277658780e+03 8.936454321617915184e+02 -3.084641222321146415e+03
-4.392427677151285025e+03 -3.990210903833541352e+02 -4.715423903167023127e+03
-4.506896469586105923e+03 -8.642221607582084744e+02 -5.007731125700223856e+03
-7.894626438742965547e+03 -3.905292560415825392e+03 -2.327261920460332021e+03
-2.657721921056044721e+03 -4.513101527146536114e+02 -6.092063355759911246e+03
-1.735458740201035107e+04 -5.172732926212361235e+02 1.130310907000082079e+04
-4.664434247848040286e+03 -3.779947679701820107e+01 -5.692505712242611480e+03
-4.955666944754015276e+03 -4.123542811059008955e+02 -4.296786849696709396e+03
-2.529126706547749109e+03 1.860982547528213900e+03 -5.278643538568587246e+03
-4.883903595885144568e+03 1.965868950410770708e+02 -1.691225587018094075e+03
-5.090164024125983815e+03 -3.551774916975920178e+02 -4.578973364958687853e+03
-4.920557744104124140e+03 -4.872803736404381425e+02 -4.611918675081477886e+03
-3.683045860646673646e+03 -9.315765733069397356e+02 -4.162834252001813184e+03
-2.724980575384311669e+04 1.727231478733803897e+03 1.409586686264298805e+04
-4.161733975612964969e+03 -6.532563908131627386e+02 -4.545098177278739058e+03
-1.742630562792389810e+03 -1.683232412743571331e+03 -8.202882504679060730e+03
-1.828769772621134962e+03 -2.964175716988663225e+03 -9.123892595804967641e+03
-3.221668702689235943e+03 -1.115077259394085104e+03 -6.071066179959591864e+03
-4.776873081966346945e+03 -7.514744088015661418e+02 -4.491824413388364519e+03
1.597919630693846784e+03 -4.667078099525866492e+03 -8.702885711478425947e+03
-4.421681061830789076e+03 -1.000665792825107133e+03 -5.076783529916319821e+03
-4.671623544942684930e+03 -6.457973110237065839e+02 -4.376508825059505398e+03
-4.557388600839725768e+03 1.863206630793065415e+02 -5.208917331452970757e+03
-1.736471029693492710e+03 8.490185076490764686e+02 -6.974965774177811909e+03
-5.672775115472261859e+03 -1.001437321620708900e+02 -4.647550671107286689e+03
-8.434534457417517842e+03 -2.207452109795756314e+03 -7.104541221006345950e+03
-4.704301701217745176e+03 -6.205311813803534733e+02 -4.336525365416528075e+03
4.637523364318961285e+03 -7.639480808291075846e+03 -6.902837203619917091e+03
-1.607028873451167783e+04 -1.461499640158585862e+03 2.213237918971732597e+03
-4.916217455917819279e+03 -1.383567620515701719e+02 -4.546520262924349481e+03
-4.493053690622085924e+03 2.604178805045977242e+03 -2.346692763041893386e+02
-1.838000471755680701e+04 2.984876950187722287e+03 -5.152396055433770016e+03
-4.836205101411776923e+03 -5.887068957308210884e+02 -4.723124904461643382e+03
1.075497358450733736e+04 3.520486043780088494e+03 -2.249323998284954723e+04
-2.686341779133204000e+03 -9.130420862505682180e+02 -5.084641267880897431e+03
-2.514769896352001979e+03 -1.317890061864299923e+03 -5.792094009627140622e+03
7.513726980580679083e+03 -1.355656743908337148e+03 -1.682230458279749291e+04
-6.355780427931116719e+03 7.412912105540749508e+03 -3.878418498110074779e+03
-2.887914246104857739e+03 -1.026557429782743611e+03 -5.195702540130329908e+03
-3.532969323936389992e+04 -4.970130593648278591e+03 2.497377525209208397e+04
-1.214021037148794676e+04 -3.063877901191900492e+03 -7.041435713422258232e+03
-4.612592833365913975e+03 -5.929896255250866943e+02 -4.244491490450779565e+03
2.808892151434870357e+03 3.503323783350593658e+03 -1.103035432597672661e+04
-4.216353996776635540e+03 -5.617610001430301736e+02 -5.142289840195597208e+03
-1.154992229699484142e+03 3.821602671249071363e+02 -8.562883336858030816e+03
-5.201514754742184778e+03 -3.388879646117250104e+03 -5.489803296115949706e+03
-4.317280138066218569e+03 -1.053512818760120581e+03 -4.442292177512815215e+03
-4.620964406474116913e+03 -1.019634567675561811e+02 -4.475007187085078840e+03
-2.896143886791873683e+03 -2.001630322364176209e+03 -2.217232265675473172e+03
-3.924678649847667657e+03 6.674484518860188473e+03 -3.533408375303221419e+03
-1.062224247312746229e+03 6.548684999387604648e+02 -4.733257980070302438e+03
-1.455031007287864895e+03 -4.618585041869810084e+03 -1.038256370523346231e+04
-5.698055905508467731e+03 3.215013368992112646e+03 -3.865845784593279859e+03
-2.442378098250689163e+03 -2.717914657887061480e+01 -4.197714591054722405e+03
-5.067521503925374418e+03 -7.241427520936697420e+02 -4.892539935962456184e+03
-2.895542931928527651e+03 1.817941073824504429e+03 -2.382181126654113996e+03
-5.432386228368076218e+02 -2.022923718720864417e+04 4.692764914576741120e+01
-3.358293636190868710e+03 -2.038274977659240903e+03 -4.847522603908207202e+03
-1.188609784825536053e+03 2.578033453636460308e+03 -5.845054562119160437e+03
-4.348466257927562765e+03 -5.925872605165075129e+02 -4.906829154686507536e+03
-4.081404224881598566e+03 -3.755087820654795792e+02 -4.193269061497614530e+03
2.905184282529782536e+02 -1.633757162676781718e+03 -9.446773922503458380e+03
-4.916877841813247869e+03 -5.863330337651572108e+02 -4.410369090062025862e+03
-1.222471139244905771e+03 -4.907032838213837749e+03 -5.090301478886371115e+03
-5.064991180024526329e+03 -1.348559487155961506e+03 -2.746408443318850914e+03
1.660794779507810063e+03 -4.019122951024882241e+03 -5.226162297819704690e+03
-4.959703310715453881e+03 -2.921136816390502133e+01 -5.067573313647275427e+03
-2.004557664290254024e+02 -4.779790809039959640e+03 -2.693925735542267375e+03
-1.840030502991641333e+04 3.751642013288304497e+03 -4.892164809462931771e+03
-2.438877960820346743e+03 -2.440506232867552967e+02 -5.903867063535484704e+03
3.999599764200825120e+03 -2.628663599341143708e+03 -9.521916664725989904e+03
1.625468790575110916e+03 -3.266577594245801720e+03 -4.582414320401100667e+03
-1.659597145524962252e+04 1.865162565139352182e+03 -4.604284416801058796e+03
-4.827643150001527829e+03 1.666066635501715609e+01 -4.076001724908426240e+03
2.554293969794930490e+03 -2.293692939986828605e+03 -1.004956746182871939e+04
-3.279339628968820307e+03 -1.027010574149011291e+03 -8.067852566924401799e+03
2.634026596115036227e+02 -1.700408175932218910e+03 -6.312804013730354200e+03
-2.863995689306105305e+03 -1.339360727140464633e+03 -4.391495898926448717e+03
-9.812657222571400780e+03 -3.845135200607415754e+03 -8.148235343034709786e+02
-4.433402419371945143e+03 -1.021049549147624703e+03 -4.906383860205166457e+03
-4.381794876384433337e+03 -5.186498381214623805e+02 -4.511220051393983340e+03
-3.551716562184923077e+03 -1.785337078926102095e+03 -2.854310951992385526e+03
-2.337951329123942742e+03 -5.340863591950583213e+02 -6.391540053529113720e+03
8.544794876092300910e+02 -3.315396496637013570e+03 -9.231577963023468328e+03
-6.650761733189487131e+03 -4.835834964139470458e+02 -4.723559381806162492e+03
-1.822875538903356573e+04 3.106350408834706741e+03 -5.417532005214044148e+03
-2.434550339114997769e+03 -1.055635033138963081e+03 -5.142832236977751563e+03
-4.923612044080498890e+03 5.531934901756017098e+01 -4.702846978222838516e+03
-4.858364230649437559e+03 -1.675988208638403648e+03 -8.357422720733266033e+03
-7.643092521500728935e+02 -5.353655128738409985e+03 -6.298595622619783171e+03
-5.508356292514927190e+03 2.254731173013130046e+03 -6.558796881115466022e+03
-4.296616713966776842e+03 -7.145378258592047587e+02 -4.076168603231673387e+03
-3.428508484755080190e+03 -1.727540272883258467e+03 -5.797621036842889225e+03
6.024265770886289602e+02 -5.689191309940979409e+03 -4.133200679141375986e+03
-3.119821866180737743e+03 -9.631205092549505480e+02 -8.403122104548590869e+03
-1.696957444110850247e+03 -1.682710604630484340e+03 -4.563104605771498427e+03
-4.006913510799987762e+03 -5.975649111558387858e+02 -4.114939289605646081e+03
1.924038808537218074e+03 -3.169177675437071684e+03 -7.217742671159889142e+03
-1.247967794607217684e+03 2.277881316479961606e+04 -1.683298404563555960e+04
-4.431596521972858682e+03 -5.206523761558673868e+02 -4.709867978710128227e+03
1.399970754342622058e+03 -3.346224981413917249e+03 -5.722893112147354259e+03
-3.675796111142144127e+03 -1.286659998690130806e+03 -5.954334490320678015e+03
-4.205638014052708968e+03 -7.350216833357607129e+02 -5.255123908014351400e+03
-4.256501745332235259e+03 -4.511894075709872141e+02 -4.685806699403708990e+03
-2.193496519930531576e+03 -8.340140723750045026e+01 -6.124845799713839369e+03
-5.252949360765966958e+03 -4.428909007506126727e+03 -7.245274247506344182e+03
-3.909166642856906947e+03 -3.904543767377834911e+02 -6.056184380196911661e+03
2.194795111768155493e+03 -2.648655753453149373e+03 -4.257399269530733363e+03
-1.931442969647517020e+04 -9.953793062861308499e+03 1.424306663223951000e+04
1.240895366312867054e+01 -4.796191593425169231e+03 -6.020548240257155157e+03
-3.496961119226224582e+03 -5.159458212898467764e+02 -6.772992433590379733e+03
-4.780951220633402954e+03 -6.195546404059759880e+02 -4.383347972072086122e+03
-4.778396889532877140e+03 -9.655255364635012256e+02 -4.192793151179022971e+03
-2.710753647784140412e+03 -2.270894265934138457e+04 8.408434970035988954e+03
-4.676344323658165195e+03 -4.175120648556123797e+02 -4.056096147399920483e+03
-4.848118783249624357e+03 -3.178537980849135920e+02 -5.164211220658658021e+03
-2.692831914481601871e+03 3.553837882835463006e+03 -2.829960729662670929e+03
-4.906581769938718026e+03 -4.697854484992623725e+02 -4.552145535265034596e+03
-4.465900285835455179e+03 -5.262827932647986700e+02 -4.684714805994170092e+03
-1.568183257645383310e+04 1.559506478475573886e+03 -4.884984200419710760e+03
-1.851557338961671576e+03 -1.276515777484123419e+03 -5.949588599551472726e+03
-4.970585080325473427e+03 -6.274247485418877659e+02 -4.502715507169586999e+03
1.595074825828766279e+03 -8.995308593284895323e+03 -6.046980867046493586e+03
1.085551857088999895e+03 -4.219816494156413683e+03 -6.852950918119994640e+03
-1.235879347497317576e+04 -1.973718710787559303e+03 -5.309642128292517555e+03
-6.317368113801288928e+03 -1.674822987534820641e+03 -4.670658545546895766e+03
-4.693806396066484922e+03 -5.202540868427254281e+02 -4.241548808503261171e+03
-2.033831057987642453e+03 -5.492108824906349582e+03 -3.443244815086042308e+03
-4.236528042026082403e+03 -1.087221179722676197e+03 -4.665613118275986380e+03
-2.436787073301808050e+03 -3.386501365417300917e+02 -5.897527259851653980e+03
-7.131644314032578222e+02 -5.980094699779479015e+03 -4.327986581419173490e+03
-2.627842200662801588e+03 -9.608791656722166863e+02 -5.611680171910696117e+03
-2.852506917820748185e+03 -6.449048942742842883e+02 -6.259356542774272384e+03
3.556576706246263484e+02 -2.045000549105799564e+03 -8.623914606017466213e+03
-1.848266418694793401e+03 -1.339980213009409681e+03 -4.873158707932814650e+03
-1.965411518764996072e+04 -9.488508764238600634e+03 1.116946730433920493e+04
-2.090145307706215135e+03 5.574517857329336721e+02 -8.050546771216383604e+03
2.583877416865576743e+04 1.040921780744669377e+04 3.064196906792995833e+03
-3.744477705561376752e+03 -1.692604915395693070e+03 -5.112949158652299957e+03
1.535741674648974140e+03 -2.217735186282459472e+04 7.942111705774832444e+03
-5.404535414866192696e+03 -5.954342380255247917e+02 -4.843819787560841178e+03
-4.109784167850488302e+03 -3.256924612522398093e+02 -4.797634365522522785e+03
-3.095472005201847423e+03 4.722541724242857526e+03 -9.105872706224410649e+03
-4.008937148483135388e+03 -2.616605482376678538e+02 -4.716618205931611556e+03
-5.401513652757422278e+03 -1.305672541935500249e+03 -6.818859983174848821e+03
-1.777302115441275237e+04 -1.185529428021140484e+04 7.559834796215091956e+03
-4.176712763391748013e+03 -9.397220620133597890e+01 -5.435168246264407571e+03
-1.852151454601738442e+04 3.973060715526937202e+03 -6.025443443239500994e+03
8.794803068738738148e+03 -1.114412563504363789e+04 3.120736908206703788e+02
-1.620282620821201090e+04 -3.424535752397483520e+03 -5.465036879831052374e+02
-3.010463514307274636e+03 -4.058777657361357342e+03 -2.378362828654422856e+02
4.413817718238293310e+03 -4.992262931805028529e+03 -6.793311214947866574e+03
-9.015881714376462696e+03 -9.662719344214787043e+02 -3.246472069420715343e+03
-9.909305163027467643e+03 -3.703802062978736103e+03 -1.046819456688244600e+03
-4.299580928118586598e+03 -3.733749915521999583e+02 -4.603775718899524691e+03
-4.134011720462995982e+03 -7.090668149674830602e+03 -6.059698931271214860e+03
2.030280158393122974e+03 -1.807437530642420370e+03 -1.044054845936532911e+04
-4.213249030015395874e+03 -4.974751864194214477e+02 -8.518099815043340641e+03
-2.755401105017807822e+03 -1.149349210378351017e+03 -5.746842610852890175e+03
1.839894663630813056e+03 -2.852924833667371786e+03 -8.568370578270079932e+03
-4.033693867021720962e+03 -6.806204951474683185e+02 -5.090876536139795462e+03
-4.288521012588315898e+03 -1.320448790400601638e+03 -4.047871175528835010e+03
-3.309565492656320203e+03 -1.158162850057208061e+03 -5.916036306260929450e+03
-1.034789710151508871e+03 -1.351205764088104843e+03 -6.401020265313741220e+03
4.376503150620058022e+02 -3.949086174448689690e+03 -7.916056388635640360e+03
-3.984120834184308478e+03 -1.218224559870413941e+03 -5.776771603724871966e+03
-1.179205725023656015e+02 -1.922342904286138264e+03 -8.645727639808384993e+03
-3.290749823010646196e+03 1.488574410776818695e+02 -5.002926879459159863e+03
-2.900389535345946570e+03 -7.672265090429142447e+02 -5.692432684460003657e+03
-7.610895436687234906e+03 -3.284226522356204896e+02 -4.253715576622584194e+03
-7.193360373159373466e+01 -1.231499539732103585e+03 -8.332514738403942829e+03
-2.569936195762565603e+03 -6.566474373430830838e+02 -6.232796371400222597e+03
-2.614207687420182083e+03 -9.231671267759525108e+02 -5.998128968788541897e+03
-4.029569831225027883e+03 -1.100422545576333277e+03 -4.405742513799867993e+03
-4.356559255842550556e+03 -8.909981405694074965e+02 -4.908892970725538362e+03
5.173545629467193976e+02 2.575634839160927072e+02 -1.046544821851518827e+04
2.619264140446802685e+03 -3.589786390326515175e+03 -5.443283156939348373e+03
1.770091196947575327e+03 -3.953790779013378597e+03 -6.991342886806921342e+03
-3.606582370323741998e+03 -1.222572483025875044e+03 -4.586655679660340866e+03
-3.294532652434762895e+03 -2.781407232221504273e+02 -6.347771291656142239e+03
-5.443483831872765222e+03 2.451332850415570306e+02 -3.452975536762336560e+03
3.084968933265169539e+02 -5.708570450692493068e+03 -1.045618601370979013e+04
-4.040065457487772164e+03 -8.102593507345486614e+02 -5.003890508933733145e+03
-5.034892116397659265e+03 -1.539471897336005713e+04 -8.506405134560341139e+02
-3.739941311899426182e+03 -1.235296411919275670e+03 -4.481320138636828233e+03
1.280080119227259729e+03 -6.043728613375342320e+03 -9.056847879957873374e+03
-5.830749850511904697e+03 1.963063353439140883e+03 -1.015261383020363428e+04
-9.104140513097609073e+03 -2.276576515089164332e+03 -1.352608996854468387e+03
1.974026180100158001e+01 -5.127334197369241338e+03 -9.433681371377972027e+03
1.006980976371836550e+04 -2.448456250810006168e+03 -1.916808751654267326e+04
-2.449653652912776579e+03 -2.567649751525239481e+03 -4.113740328106248853e+03
1.501505653291181034e+03 -1.151328692175134347e+04 -9.775770577477203915e+03
-2.942059089742605465e+03 -3.924643415788111724e+03 -8.724064941560207444e+03
2.071605838228540961e+03 -3.007162976060044912e+03 -6.100092895549147215e+03
-8.611504258665216184e+03 1.448079511622643849e+03 -5.553596779633617189e+03
-5.118619274597485855e+03 -5.887588104717868191e+03 -7.109549144524828989e+03
-5.712355427182750645e+03 1.016155612151192997e+02 -3.135526863396507906e+03
-4.135840472997886536e+03 -4.961945486512889829e+02 -4.461281374061778479e+03
-5.474553936103657179e+03 6.652278437966844649e+03 -6.985854723827917041e+03
-4.259994623976458570e+03 -9.419890930721476252e+02 -4.571878289841532023e+03
-3.842080092184905516e+04 1.393900294112183474e+03 3.647258561030366309e+03
-3.654655862193208122e+03 -7.419691990011854159e+02 -4.301690035922035349e+03
-4.468559299765831383e+03 -1.192719323451475475e+03 -4.972562209353246544e+03
-5.622427690535312905e+01 -1.816984077786545186e+03 -8.531544381633633748e+03
-4.235057552145003683e+03 -2.581902216380876780e+02 -4.556989519576068233e+03
-6.552681969902911987e+03 -2.202964710921410642e+03 -3.975692824582002686e+03
-2.319339728012753312e+03 -3.804579008471550310e+02 -6.721613445457433045e+03
-4.179612217132224941e+03 -1.207327007784662555e+03 -4.919624928626351902e+03
-4.354802012319896676e+03 -1.117514012641203408e+03 -7.023090411319150007e+03
-1.449011538671153858e+03 2.001162575632973358e+03 -9.330055931689355930e+03
-5.236869333128480321e+03 -9.777257347965048666e+02 -3.158289878887045688e+03
-6.188039806345302168e+03 -5.228422875690361593e+01 -3.296958026835000510e+03
-2.414037766595858557e+03 -1.121662762347484659e+03 -5.754927292539397058e+03
-3.058287186409052993e+03 -3.064348881054974754e+03 4.553268960058425137e+02
-3.215797859086605968e+03 -2.841857829536421605e+02 -5.789678674425988902e+03
1.143599028299739331e+02 -1.939880182829704609e+03 -8.617845023422860322e+03
-2.691637662653296957e+03 1.377150371391115868e+02 -1.034981361238085083e+04
-4.843232637027012061e+03 -1.818531277940492998e+02 -5.192248065943539586e+03
-1.810771483051431233e+03 -1.551549857182906408e+03 -6.922097805190564941e+03
-7.887036883535483867e+02 -1.519480446057535573e+03 -8.072247947878719060e+03
-4.007611520062748241e+03 -1.134115523780249987e+03 -4.454266790055439742e+03
-5.432983869260007168e+02 -2.119076534380148132e+03 -7.389100612623877169e+03
-6.800199268856623576e+02 1.199810032340754788e+03 -6.490050678969179899e+03
-2.809574596717647182e+03 -4.992037714671382673e+02 -6.594319079214480553e+03
-3.229978971084473415e+03 -3.146177422954983740e+02 -6.994984515524445669e+03
-4.485327079971034436e+03 -1.350508174596029676e+03 -6.210280338715493599e+03
-7.034457032942680598e+03 1.496926044539840859e+03 -3.768011704076653132e+03
3.867622286627537051e+03 -3.384451120817101128e+03 -6.150555466461382821e+03
-3.411985645387929253e+03 -1.254213866407907517e+03 -4.318490543269786031e+03
-4.021901600864257944e+03 -4.192093251470514588e+02 -4.767472995378523592e+03
4.709779295149616019e+01 -2.320614502028068273e+03 -9.058486972803546450e+03
-4.187051598843794636e+03 -1.192663025222616625e+03 -5.119749516896303248e+03
-2.410554394341028456e+03 -5.471681446529845516e+02 -6.120645756328131938e+03
-1.901547112625461068e+03 -2.004870735097487113e+03 -6.013863141074241867e+03
3.117670574881495213e+03 -3.657341646767354632e+03 -8.528326416435696956e+03
-4.335975976669209558e+03 -5.182443985100459258e+02 -4.793446835433056549e+03
-4.320106914968849196e+03 -3.322309747355361651e+02 -5.067353225679819843e+03
-4.100197899009503089e+03 5.184139131715931580e+04 -4.243350584330764832e+03
-3.267803168205739894e+03 -8.454568417278159131e+02 -5.372302231670282708e+03
-2.077628717554199284e+03 -2.286581278777601710e+03 -1.742348665303254847e+03
-6.170181849950815831e+02 2.087945025919496857e+03 -5.441054744738906265e+03
-4.191851161144692014e+03 -9.241471865492228517e+02 -4.447933630165939576e+03
-1.717468932905813062e+03 -1.871418710948660873e+03 -5.691046789515535238e+03
-2.869617783359299665e+03 -8.067839303028604263e+02 -5.989606127115578602e+03
-3.979840515274016070e+03 1.107485433918988747e+03 -4.698153277880390306e+03
-2.258629899925846530e+03 8.726243198469893514e+01 -5.853136460024882581e+03
-3.085412605186695146e+03 -4.844664713491778798e+02 -6.536055710415704198e+03
-1.980200345684510012e+03 -5.766348515823821117e+02 -6.123460210787842698e+03
7.180514894692326777e+01 -5.637451465554314382e+03 -8.586698154696039637e+03
-1.695190909288871353e+03 -2.347984520150740536e+03 -6.762706977684767480e+03
-3.337296113059363506e+03 -5.032884618888248269e+02 -6.696802091058289079e+03
-1.057087140593348340e+04 1.091143992412096168e+03 3.020309538540765516e+03
1.341093864244837732e+03 -5.246972607018603412e+03 -8.448093028593604686e+03
-2.007699541685822624e+03 1.934892269280916025e+03 -8.030545889634497144e+03
-4.223922321619098511e+03 2.013611108184633167e+02 -4.706547168188712021e+03
1.566120601764407866e+03 -5.531917979927830856e+03 -7.153578148739151402e+03
-4.616588737846208460e+03 -6.950511736045605176e+02 -4.988838915691254442e+03
6.688415220968696531e+02 -6.127391539322070457e+03 -7.869265331597460317e+03
-3.136762995213000067e+03 -5.810784336560872362e+03 -3.201912295151945727e+03
-4.828149858276088707e+03 -3.206074769783697889e+02 -4.665438061222907891e+03
-4.536425631544325938e+02 -1.389953234047606657e+03 -8.580059331515398299e+03
-2.986366785472614083e+03 -1.712721461554006055e+03 -5.464171147163485330e+03
9.907364934642826483e+03 4.409797008924540023e+03 -6.154539442936653359e+03
-4.258315900125871849e+03 -2.821821325391046776e+04 -1.641084826910063930e+04
-3.099657343359114748e+03 3.676436008237660644e+03 4.383968301075994987e+02
5.081520345564803733e+02 -1.528245020366380686e+03 -8.922603923586249948e+03
-4.243303303825082367e+03 -2.018905197030383079e+03 -4.006443095244767392e+03
-2.866858069019078812e+03 -1.043426761682164852e+03 -8.083611700375344299e+03
3.792345259879371611e+02 -1.851968399929013231e+03 -8.871606155179819325e+03
-4.576278357093933664e+03 -5.835299139612158115e+02 -4.220895732582123856e+03
-1.219044817252291068e+03 1.212409768525576794e+02 -1.156424074673655559e+04
-3.841923998548400050e+03 -3.114349515057619101e+03 -5.175587327340391312e+03
-1.924827540640024154e+03 -2.819466495128174301e+03 -1.028138421049695717e+04
-2.285563548618889854e+03 5.113271829191611459e+02 -1.137881943925689302e+04
-3.096228607662678769e+03 -5.922044408848979629e+02 -6.841919620633982049e+03
-1.624263191568700677e+04 -1.314796171648535164e+03 4.960389061500670323e+03
-5.884020779961313565e+03 -3.679624994381975284e+03 -6.831381124122972324e+03
-5.044976501287096653e+03 1.059990795394435281e+03 -3.362778357577183669e+03
-5.231177776472352889e+03 -8.377480066166425559e+02 -5.859827857154383310e+03
-1.920554159569902595e+03 -4.840633143938398462e+02 -5.792948331826956746e+03
-2.687126292459847264e+03 -1.024041882503822535e+03 -5.921572217750413074e+03
-4.327665132574819836e+03 -1.182445647307980153e+03 -4.832329374482405910e+03
-4.720758031571996980e+03 -6.041940933427341633e+02 -4.330024424111436019e+03
-5.460453210880357801e+03 -1.814192392310977993e+03 -5.128155916837639779e+03
-2.811332759709898255e+03 -1.192780229658712869e+03 -6.221468731505894539e+03
-4.235136274336304268e+03 -6.883048501016844511e+02 -4.227133721989877813e+03
-2.483146930385688393e+03 -5.829298382793580231e+02 -6.061882819766745342e+03
-8.837109637591524006e+03 1.690547261345370998e+03 -5.178283817198843280e+03
-4.657706779419512714e+03 -7.117475153725090422e+02 -4.824896925340884991e+03
8.699290630299626628e+02 1.431133120617435679e+03 -4.603098410185700232e+03
-4.426926068427254904e+03 7.184865300643421051e+02 -6.531170084250627951e+03
-3.096340450593886544e+03 -4.294411551361679358e+02 -5.261447428551053235e+03
-7.104707556556002601e+03 -2.129969615677442562e+03 -7.098274100598897348e+03
-3.377021999572897585e+03 -5.526234551413326699e+03 -7.223774340984311493e+03
1.739107746783830953e+04 6.123395127141920966e+03 -7.519895186203887533e+03
-3.547902909973402075e+03 -3.046163616753481165e+02 -3.224311018707539461e+03
-1.178581118973332195e+03 -1.408417692502250702e+03 -7.985106566787518204e+03
-4.744459087424929749e+03 -4.656254344754358954e+02 -4.434654601316232402e+03
-1.157539208570008122e+04 2.895836505710957681e+03 -3.965071627649863785e+03
-4.417425860214641034e+03 -5.541829849276981577e+02 -4.249625173753865965e+03
-8.867551182352453907e+02 6.896889156469095497e+02 -8.356205631675215045e+03
-5.047563418597237614e+03 -5.312821584385869755e+02 -4.700290267403657708e+03
-4.102705500429657150e+03 -1.212832874510496595e+03 -5.734796319013658831e+03
-3.953171266932277376e+03 -6.631165171479195806e+02 -6.011686653064393795e+03
-1.132495167373209824e+03 -8.075741505475039048e+02 -7.685462706798402905e+03
-5.720303002433553957e+03 3.863035863195848378e+02 -5.529985805735038412e+03
-4.540658117523165856e+03 -7.676790642469020440e+02 -4.310860133846723329e+03
-1.405776515072754592e+03 -2.003422006703964144e+03 -7.084596055035074642e+03
-3.319010986292553753e+03 -6.556023119177577883e+02 -5.383948286206583361e+03
-4.075153866056393781e+03 -1.171553182880731356e+03 -4.727698767724391473e+03
-6.553413617240531494e+03 5.755175892263704895e+01 -2.264730291343307726e+03
-2.362688027108116785e+03 -2.454372609563579601e+02 -5.638410049071597314e+03
-3.838254064960841788e+03 -1.467510462417270674e+03 -5.649715956045588428e+03
1.363249580731685228e+03 7.960060346248505084e+03 -8.360720434673023192e+03
-2.641323248357934972e+03 -1.107037590610674215e+03 -5.837172696576156341e+03
-2.171493934570196870e+03 -4.681362049634137179e+01 -6.280287609867719766e+03
-2.335322070378065291e+03 -5.778916137618334687e+02 -3.604855232926061035e+03
-4.646577731952858812e+03 -5.813759564265699282e+02 -4.250979684211410131e+03
5.570765734958830535e+02 -1.904391615911180907e+03 -9.145754838088247197e+03
1.764435910707107178e+04 5.854111865229026080e+03 -7.391083167669546128e+03
-4.029237227184916719e+03 -1.567860626700090961e+03 -4.135187818718455674e+03
-2.483122849159771249e+03 -1.428115392904453302e+03 -5.243362500060507955e+03
-2.893007263455492648e+03 -9.531658423607093482e+02 -6.013076780637448792e+03
-2.775972165819075599e+03 -4.798916963747290652e+02 -6.049408721843328749e+03
-2.876845337201933489e+03 -4.447026664597339050e+02 -5.494579399476147955e+03
-3.891500262950851265e+03 -1.077230966248398317e+03 -4.935223661214893582e+03
-5.867121471057214876e+03 -1.454534905146067558e+03 -2.877520580438366324e+03
4.618300807754209018e+03 -1.309530758233872803e+04 -1.151108693557757579e+04
-2.942208629843290510e+03 -1.325692858324111967e+03 -6.510402197540372072e+03
-4.346997783725953013e+03 -8.778166384106367559e+02 -5.078753046055544473e+03
-8.178901042865143609e+03 -1.732475677777914598e+03 -4.481156604032403266e+03
-4.162776815636451829e+03 -3.478295372461775514e+02 -4.766470359817751159e+03
-2.818637036734932281e+03 -8.520159480331037685e+02 -6.582295416504155583e+03
-4.725889911421951183e+03 -3.919335349105730870e+02 -4.948972069743012071e+03
-5.650455189226032417e+03 -2.184153923979823048e+03 -5.579656744975906804e+03
-2.631757773552654726e+03 -1.021415010253327637e+03 -5.975495106335554738e+03
-2.525613210501448521e+03 -1.370498838759287537e+03 -5.861811101685676476e+03
-1.510127671123198161e+04 -2.388255465603734137e+03 1.980327101479957719e+03
-3.150183628994692299e+03 9.533814176674445662e+02 -3.201876174715461730e+03
-5.782659904886914774e+03 -2.761570872645258078e+03 -5.051420869540671447e+03
-4.382097606110522065e+03 2.401765109485450012e+03 -2.533051166943540011e+03
-4.471690677796636010e+03 -5.420316109075986333e+02 -4.199292142841883106e+03
7.111114685234897479e+02 1.381988686667526508e+03 -4.515071392894869859e+03
-1.428235500518239860e+03 -1.361463669622975431e+03 -8.272169236486213777e+03
-1.811616391289485182e+04 -5.960226724098319210e+03 1.320857102353823393e+04
-1.329952134144533829e+03 3.731049356236235326e+02 -3.516347481903880180e+03
-1.385296317366506401e+03 -2.095291741493757399e+03 -8.908590404671645956e+03
-4.136132707695454883e+03 -3.364171868631128746e+02 -5.094872840939473463e+03
-1.613983450777327562e+03 -2.980433484993916863e+03 -5.524725797046246953e+03
-1.392429044826364770e+04 2.019507508771533139e+03 -4.381203067847763123e+03
-3.165356255324518315e+03 8.888777592255792115e+02 -5.053833853952638492e+03
-3.612807908716928068e+03 -7.213815435429248737e+02 -4.060526108347009995e+03
-5.641881663145233688e+03 -2.573972098048281623e+03 -5.329143676278441490e+03
-3.981079420714481785e+03 1.502404469126932099e+03 -5.306051542618825806e+03
-4.979460805148955842e+03 -6.199768369128585164e+02 -4.508250629532725725e+03
-1.577480907497902990e+04 -1.725808377624996183e+03 -4.496348050293482629e+03
-2.744385185177517997e+03 -9.423305546245259166e+02 -6.310741256409272864e+03
-6.191220834858641865e+03 2.198413925744807329e+03 -4.086191595902813788e+03
-1.284915658034114131e+04 5.412404616375409887e+02 -1.486185816151442305e+04
-1.140691097441361762e+03 -1.310102304750223084e+03 -8.177668810291042973e+03
-4.153479908625726239e+03 -2.214031184312004825e+02 -4.197073400786396633e+03
6.222467639999074436e+02 -1.201848829411313091e+03 -9.407753680188638100e+03
-4.193053284976373106e+03 -5.256936622809837445e+02 -5.368127242736490189e+03
-6.499894446748357950e+03 -1.164528714937950554e+03 -6.401567094213787641e+03
9.886989975092406894e+03 -1.185052629803911259e+04 -1.575347254859961322e+04
-4.714611752340329986e+03 -5.969187699924498247e+02 -4.803775969773802899e+03
-3.894811341582005298e+03 -7.764268457151961229e+02 -5.538193094379947979e+03
-1.005135090325590681e+03 3.747576938202279280e+02 -6.807390022700154987e+03
-4.705046666727660522e+03 -5.316766590662756471e+02 -4.633639293947311671e+03
-4.628948705792877263e+03 -6.519347341714094455e+02 -4.820937837314803801e+03
-2.670792550979321277e+03 -3.503583167825456712e+02 -5.803017832543518125e+03
-2.584553734142205030e+03 -1.093754523860133759e+03 -5.787630683098195732e+03
-2.507353412693612427e+03 -1.075173679288343692e+03 -5.870354304249977758e+03
-4.627413402451642469e+03 -6.386615195636353519e+02 -4.661473549269546311e+03
-4.697235872937603745e+03 -5.669191692045617401e+02 -4.635749698379544498e+03
-2.224808885515764996e+04 -1.204421574368065012e+04 2.630760547140117524e+03
-1.389646386744648225e+03 1.279395147753057245e+02 -6.991007986820673977e+03
-4.262641995390604279e+03 2.441051742092229688e+03 -4.751766405174929787e+03
-5.248275800898295529e+03 2.327208281895689197e+02 -4.553972544583728450e+03
-4.751501372355121021e+03 -5.727561025098016216e+02 -4.291887678940722253e+03
-3.089830231286136041e+03 -1.178525745152147465e+03 -5.743233532184833166e+03
-8.910549506505863974e+03 -1.002277916479226769e+04 1.284084347578622101e+03
-4.609438941355974748e+03 -6.774252296974270848e+02 -5.110560955107989685e+03
-9.441113823934920219e+03 -4.938905492977762151e+03 -3.863822123510855818e+03
-2.048708502485328154e+03 -4.470302504404494357e+02 -5.207487640675753028e+03
-2.573249461929121935e+03 -1.176519031798466813e+03 -5.744700983748606632e+03
-2.350629828217167869e+03 -1.350470050249517499e+03 -5.720175016038368085e+03
-5.003754841901066357e+03 -7.813866568644449444e+02 -3.695157778987996608e+03
-2.803324463288162406e+03 -2.211734659187973193e+03 -6.619070683221994841e+03
-1.424232185064658552e+04 2.148914196793616793e+04 -2.675270000306837755e+04
-4.577992551069569345e+03 -3.006584808549214813e+03 -1.663031337394800630e+03
-2.475355507976128592e+03 -1.492311185847388515e+03 -5.827760256393405143e+03
-8.942188673154263597e+03 2.720479300755947634e+02 1.784161213407497826e+03
-7.001323458641553771e+03 -5.357411857627437712e+03 -4.781609863005966872e+03
1.184513372195258967e+02 -3.099342188036226162e+03 -8.993328167630736061e+03
-4.074687279810516884e+03 -7.318898591783654410e+02 -5.416930454593207287e+03
-4.578435284036017038e+03 -6.233797241786631957e+02 -4.838422044360657310e+03
-4.992682712020780855e+03 -6.694601851578255491e+02 -4.538944097299739042e+03
3.003858984527087614e+03 -9.042249877687467233e+03 -1.151560529491509806e+04
-4.991346359109917103e+03 -6.632718218925757583e+02 -4.481956134608715729e+03
-6.937663674409925989e+03 8.615577314706619063e+02 -7.987535950301119556e+03
-4.125069231643326020e+03 -5.200469653580745444e+02 -4.483977862907074268e+03
-4.283063401640965822e+03 -3.269799611346541042e+02 -4.206287494410834370e+03
-3.492294514788686229e+03 -6.337301874771007988e+02 -9.026974221086837133e+03
-4.383532649578482960e+03 -4.073387966487546237e+02 -4.947140649076804038e+03
-3.538224149226241934e+03 -1.607670153289593327e+04 1.548192032103778365e+04
-2.636132080082774792e+03 -3.183683756245152381e+02 -5.897497285643829855e+03
-4.685741670547989997e+03 -5.451261134743693901e+02 -4.914040986442368194e+03
-2.437318863266777043e+03 -1.042151745766098884e+03 -6.123485303375953663e+03
-3.389727528599413745e+03 2.289242922894860385e+03 -5.167587191646630345e+03
-3.634794562215760379e+03 -1.467792327021345272e+03 -5.510306945563548652e+03
-2.432499723103815086e+03 -5.242734583405051580e+02 -5.754498542092160278e+03
-4.500361139205982909e+03 -7.158523770326537488e+02 -4.909052161966214953e+03
-2.830020948465818583e+04 -2.218273333319115045e+04 3.717370876535053685e+04
-9.898081024819225604e+02 -2.639579572451272270e+03 -1.030443088360927140e+04
-2.482632861719509947e+03 -1.265457900845919539e+03 -5.866196838109651253e+03
-4.817826659580076011e+03 -1.294085520615323730e+03 -4.209916738697025721e+03
-3.995906529543584838e+03 -6.997174502065438446e+02 -5.642799832490646622e+03
-4.666703943281636384e+03 -5.114590096255993785e+02 -4.406941250126155865e+03
-2.793501915507586546e+03 -1.460872589950048905e+03 -5.917694407765746291e+03
-4.308949056595332877e+03 -5.131367695549466816e+02 -4.822280296079297841e+03
-3.391019623828944077e+03 -4.293093970669965529e+02 -6.257498921396336300e+03
-2.107749543265508237e+03 -2.528380550262257020e+04 1.291464020151136538e+03
-5.453416474810390355e+03 -2.165977778256448119e+02 -4.251579071865186961e+03
-4.504929765557031715e+03 -9.245774357783637925e+02 -4.689612551951023306e+03
1.189614379734542354e+03 -5.387555728914961037e+03 -7.502993144441128607e+03
-4.719145773610604920e+03 -4.985906447710455609e+02 -4.353582330115871628e+03
-1.204323853091095998e+03 1.223438776688844655e+03 -2.987959614552509265e+03
-2.365472472476934342e+02 -1.419045401809549958e+03 -8.788710029057492648e+03
-4.741872025008279707e+03 -5.184950725808733978e+02 -4.285352513240361986e+03
-5.619005459960229928e+03 -1.371012370436323636e+03 -3.643107923454512274e+03
-3.031680076979463593e+03 -1.452988819102874913e+03 -6.142756334206493193e+03
-4.464670255289560373e+03 -5.762026807182650145e+02 -4.346005638548763272e+03
-2.515859671310935482e+03 -1.334899645205401612e+03 -5.941883054005455051e+03
-3.010630728809524953e+03 -5.200277932376250646e+03 -8.158909101466994798e+03
-4.767009891466296722e+03 -4.909766553727973815e+02 -4.505456021363492255e+03
-6.426845538313446013e+03 -7.147651970739415447e+03 -1.455339051900538379e+03
-2.157094822265332186e+04 3.649123431927368529e+03 5.294804362796315218e+03
5.146163858888486175e+03 -1.250415583664853330e+04 -9.443449757149550351e+03
-6.386749803962830811e+03 -7.173679086072608698e+03 7.281630123493499923e+03
-1.165722576374849723e+03 4.954081765352262323e+02 -8.878118983863081667e+03
-4.533632555330559626e+03 -5.841936175481441751e+02 -4.216029680264785384e+03
-5.044724623707744286e+03 -5.846773657349305040e+02 -7.461484745535508409e+03
-4.712842210651605455e+03 -4.370974322081673336e+02 -4.659522686091642754e+03
4.468133093686727761e+02 -1.122947041755634200e+04 -4.232700285789207555e+03
-1.814960172268040424e+03 -5.415099956622284481e+02 -7.113666114821521660e+03
-2.399420452671859493e+03 -1.054428826338317549e+03 -5.652849237505156452e+03
-4.275042993856955945e+03 -3.930043912389650131e+02 -5.068165862412583920e+03
-5.624224764806336680e+03 8.065338561050443786e+02 -3.702702476595478856e+03
-2.718264192038030160e+03 -1.575345463606031217e+03 -5.785106693294365868e+03
-8.011806507325418352e+03 -3.864454861643022923e+03 -1.679061454704639345e+03
-4.445947990555123397e+03 -1.110452678000739525e+03 -4.817819106758041016e+03
-2.146186354766043678e+03 -1.177774525754797878e+03 -1.079185506414291467e+03
-6.712433666121714850e+03 1.461197504923255838e+04 -1.818378499718363310e+04
-4.112003051840541957e+03 -1.204820791938494267e+03 -5.206835021242022776e+03
3.462154030847177182e+03 -1.150116735813007290e+04 -8.693882062630569635e+03
-3.329525559784304278e+03 -7.974581799698065652e+02 -5.914700899770995420e+03
4.271456601251137499e+02 4.641826528615481948e+03 -1.065612438139821825e+04
-1.968710992594593108e+03 -5.102444918961372423e+03 -5.842794058193232559e+03
-4.589979770328421182e+03 -6.249717761178598039e+02 -4.277295967407198077e+03
-2.390937901990753744e+03 -7.710506806946495999e+02 -6.346607912651991683e+03
-3.247160773432880887e+03 -8.393714165075572282e+02 -5.948147761547917071e+03
-3.401496448510946720e+03 -4.918473746110803404e+02 -5.985423145915860914e+03
-3.463199966362682517e+03 -5.207643523317092331e+02 -5.778662372765842520e+03
-3.368584672115955527e+03 -5.073397601440963172e+02 -5.895792953416736964e+03
1.350351529270585615e+03 -3.388294260888134431e+03 -6.927843418759262931e+03
-7.118088055322582477e+03 -1.079444226748797519e+03 -5.158922763051783477e+03
-9.985990294319482928e+03 8.438264868004848722e+02 -9.600736489777787938e+03
-3.503845567679221858e+03 -8.461849198120239635e+02 -5.386226336562703182e+03
-6.046723466109076071e+03 1.355549011316039241e+03 -7.545318881781795426e+02
-3.558736776638955689e+03 -8.847925973358022702e+02 -6.057596256922518478e+03
1.424201976285191995e+04 3.884324872534726637e+03 -1.350219182798547263e+04
-3.508779996888673395e+03 -5.192098487539442431e+02 -5.666583767602787702e+03
-3.392129684437305968e+03 -5.796612007564672240e+02 -5.957341883836857050e+03
-9.471330139813788264e+03 2.893255587010027284e+03 -2.775962671538380528e+04
-4.899675152180635450e+03 -4.964276664843750950e+02 -4.804978920180014029e+03
-4.059488114464799764e+03 -8.410072577956406121e+02 -5.155689493132608732e+03
-3.392173405764464860e+03 -6.601229918733868089e+02 -6.018005982851770568e+03
-3.349144623317193236e+03 -4.561068918133087777e+02 -5.821485104990891159e+03
-9.835886555227898498e+01 -2.514330643665847674e+03 -8.620441338832775727e+03
2.870235911678503271e+03 -6.211605460366314219e+03 -1.037224231100240104e+04
-1.047362244070861925e+04 -2.587644166258510268e+02 2.473978539156464194e+03
-7.794146549401811171e+03 -1.883390884254499724e+03 -9.126062192343233619e+03
7.363719243740493766e+03 3.633839081428412555e+03 -1.056170671719735219e+04
-6.735009986908302153e+02 -1.906501583864827580e+03 -5.052796669750193360e+03
-3.781548691865885303e+03 -1.162533351746402332e+03 -5.513018695623120038e+03
1.369065361066724836e+04 1.245670708573348202e+04 -3.170481586966989926e+04
9.753726130957235000e+03 5.374688851358164356e+03 -1.121837594177785104e+04
-2.245672272652710035e+03 -2.041896468297591809e+03 -5.105547799835795558e+03
-3.340495800796094045e+03 -4.528794119982414372e+02 -5.905623748605983565e+03
-3.372267779344233531e+03 -2.220601391799148132e+02 -5.711006635685785113e+03
4.039193971695907294e+03 1.686588508801755324e+03 -2.494301068528872929e+04
-5.402124737794777502e+03 -1.253204138425868223e+03 -5.600324571186739377e+03
-3.654883711541309367e+03 -4.052545947710120231e+02 -5.661328248314558550e+03
-5.850740737490868014e+03 4.340704948112407351e+02 -2.019067692016242745e+03
-1.137365596374582492e+04 -5.092787716819210573e+02 -2.090050615236545127e+03
-3.567217735778711813e+03 -7.326779275103742748e+02 -5.825301080744745377e+03
4.623949191558333041e+03 4.132911491677794402e+03 -1.105142300388266267e+04
-2.405327215129447723e+03 -5.205324086564635763e+03 1.313289298194523553e+03
3.194972479183209089e+03 7.814176400971980740e+01 -7.991208638938654985e+03
-1.445473586642618784e+03 -2.548438174430843901e+03 -1.143186153157397530e+04
-9.673596900022069178e+01 -1.510090152088648438e+03 -4.505231250688604632e+03
-3.638348627610806943e+03 -9.352221261055479999e+02 -6.087480862344706111e+03
-4.511009019187113154e+03 -1.474668660782741654e+03 -4.507898304988216296e+03
-3.253191926796490861e+03 -9.176355212984472018e+02 -5.820552934141430342e+03
-3.982346827655937432e+03 -6.231037302854890640e+02 -5.411855529946501520e+03
7.621466662872008783e+03 4.454067541739829721e+03 -1.197037238500961030e+04
-1.254241626478893068e+03 4.486462235048838011e+03 -7.942117624161661297e+03
-3.482721904302176426e+03 -6.409875345781726992e+02 -5.925295081997985108e+03
-3.582221676506111635e+03 -6.642897067791616337e+02 -6.003254861187549068e+03
1.918725288050983693e+02 -2.111036150383649783e+03 -4.857009057140944606e+03
-3.594232562731987855e+03 -1.063108577283195245e+03 -5.993132058680766932e+03
-3.595042926034259381e+03 -5.308246278488092003e+02 -5.951420696179833612e+03
-5.252107874128619187e+03 -1.454863276551667695e+03 -4.644994232571564680e+03
4.949210133673699943e+02 2.425271196307556238e+03 -5.953269310692769977e+03
-3.338029087647967117e+03 -6.728178905009244772e+02 -5.474390872278040661e+03
-6.594346828240084506e+03 -1.351966593838888912e+03 -1.295327718642989112e+03
-3.310422662464083714e+03 -5.654315726743880077e+02 -5.839990886706556012e+03
-1.272611928007805363e+04 2.053955652662675220e+03 3.685297586909733582e+03
-7.850172806991664402e+03 6.700034348587599197e+03 -9.849321899247541296e+03
-4.948920566733899250e+03 -2.152144438325099145e+03 -3.489933409048314388e+03
-5.462365786117426978e+03 -8.785382443269661508e+02 -5.183036016454900164e+03
-3.635080293101928419e+03 -1.915986526572989533e+03 -5.838807058846080508e+03
-4.112760527341947636e+03 -7.493038475616008327e+02 -5.075157951768532257e+03
8.415825316345646570e+03 4.815863379085360975e+03 -1.158019696227554959e+04
-4.152073483457845214e+03 -6.093790329625935556e+02 -5.061691661026439760e+03
1.674138049511072677e+04 1.141582829063414829e+04 -4.636911232177813508e+04
-8.768933399351448315e+03 -2.158438699356522648e+03 -8.642486331492575118e+03
-2.750933521859554958e+02 1.207905592525995871e+03 -3.802642913858684551e+03
-3.952446812066110851e+03 -5.397379720484539121e+02 -5.605108403011381597e+03
-2.730815434931517302e+03 4.210008041799534340e+02 -5.497233624645228701e+03
-3.283610240702874762e+03 -1.126225249689466409e+03 -5.444062939821984401e+03
-3.568032605957709166e+03 -8.745478555548523900e+02 -5.681813698783173095e+03
-9.230656741195036830e+02 8.897022659895039851e+02 -8.493149176584342058e+03
-3.574512383296026201e+03 -9.187055493514887985e+02 -5.996867561569377358e+03
-3.531779429714869366e+03 -8.681856942653607803e+02 -5.297559686427372071e+03
-3.488819755626947426e+03 -1.176934030402083863e+03 -5.715726905243091096e+03
-5.163745115722520495e+03 -7.561375853602968391e+02 -5.777124322023134482e+03
-3.677334276005706670e+03 -3.958386428389759431e+02 -5.673435792794211011e+03
-1.297255767113305956e+04 -3.684566510342750007e+03 -7.033161583096110007e+03
1.256753702005411014e+03 1.277475491704782939e+02 -4.821047141516120973e+03
-5.023451290850768601e+03 1.355996310999358343e+02 -6.269051864435979041e+03
-3.388059074393708670e+03 -8.008396798427227168e+02 -5.546629566021297251e+03
-4.941756328141947051e+03 -5.689895837831787730e+02 -4.644802962994587688e+03
3.353050589435704296e+03 5.896708429022170094e+03 -9.108555388938819306e+03
-9.477745966650712944e+03 -3.205638017588326420e+03 -2.357399407764354237e+03
-3.399540410552938283e+03 -6.838959194292476695e+02 -5.829232007233131299e+03
-1.939051892113744316e+03 -2.294337976992179620e+02 -6.181480593984701045e+03
5.981208199186981801e+03 6.240284218325191432e+03 -1.715811151352709931e+04
-5.229256204562637322e+03 9.181539749537441821e+02 -4.288393546516675087e+03
1.813478792033008358e+04 -3.369165196909599217e+03 1.063338680802823001e+04
-8.546339447029266012e+03 -3.389793367151185521e+03 -4.147518286053156771e+03
-3.704775480160854841e+03 -8.718352680575778777e+02 -5.121187651484845446e+03
-1.065290159511536331e+03 -1.468502878934567889e+03 -8.405626287725790462e+03
-3.358613702873461079e+03 -6.513933493464246567e+02 -5.630647414322256736e+03
-3.365641202137929668e+03 -5.249764467597776729e+02 -5.928631034765203367e+03
2.448884508545220797e+03 4.244377427621928291e+03 -7.887145117805797781e+03
-5.432852200497138710e+02 -3.853670252641791649e+03 -1.037739662472993405e+04
-5.735899533266326216e+03 -1.778053991715374877e+03 -3.492992252016946622e+03
-3.552922012210189678e+03 -4.444643875643560023e+02 -5.780886767561887609e+03
-3.119280904516786541e+04 -2.976001104828527241e+04 -8.934004069944279763e+03
-3.011744174524922983e+03 4.283776862626497859e+03 -2.516777444274033314e+03
-3.351276377400776710e+03 -6.401467877108848370e+02 -5.565994576959998085e+03
-3.367065513078587628e+03 -4.512535497038507515e+02 -5.922269447392919574e+03
-3.568347896160197706e+03 -6.578827506349305168e+02 -5.847348262305398748e+03
5.485114171188404725e+03 4.319684498544035705e+03 -1.224290727961107586e+04
-1.647588013420518564e+03 4.713875005903597639e+02 -1.408313648173063029e+03
-6.871803501578217038e+03 -1.881436561683311447e+04 1.441534774577057942e+04
-3.400525534280880493e+03 -5.668850986768142093e+02 -5.905795569451906886e+03
-8.484843089737587434e+03 5.034678329965640842e+03 -9.359505495018374859e+03
-1.227142747398502252e+04 -3.093882538358099737e+03 -5.119367446192993043e+01
2.700775593640116494e+04 2.485089352060158126e+04 -1.798485254609306867e+04
-3.680076977428771897e+03 -5.073926658235088780e+02 -5.807928714564494840e+03
-3.883643561700949704e+03 -9.903238195225893605e+02 -5.252798961600959046e+03
-2.327640511735643486e+03 3.360853811394986224e+03 -6.016416845255203953e+03
-1.688135439206750789e+03 -3.596908757980250812e+03 -5.085707051187328034e+03
3.241073107917028665e+03 -4.911089541415479971e+02 -9.930270591104399500e+03
-3.316222623333701449e+03 -9.091298729417977711e+02 -5.738549147491600706e+03
-3.448132524354543875e+03 -5.634186942530934630e+02 -6.422455624111139514e+03
-3.592918176507558655e+03 -1.127039559216081670e+03 -5.710035560761415582e+03
-4.197029164344992751e+03 -5.158945543452496167e+02 -5.059136745090128898e+03
1.427027420253959463e+03 1.220356800730958639e+03 -8.870579074751680309e+03
-1.695661040813272848e+04 -1.903495597166162770e+04 -6.266951686433272926e+02
-1.308827268655875196e+04 7.673944897029617096e+03 1.816147547516670784e+03
-8.363424798112755525e+02 -7.365338008489980894e+03 -3.982038601966820352e+03
-3.293181527479627675e+03 -7.277155605467444275e+02 -5.997018745666226096e+03
-4.375728048753125222e+03 -2.185402939947396135e+03 -2.244177877280231769e+03
-7.521994196790469687e+03 -4.366914902340159642e+03 -3.456679382789087867e+03
-3.612496352151641986e+03 -1.075888537414352186e+03 -5.439364287310327200e+03
-3.142521926343604264e+03 -8.083867134320563537e+02 -5.711539344545179119e+03
-3.285984284354591182e+03 -7.946173602255774995e+02 -5.719938510243362543e+03
-5.442356103605600765e+03 9.045902166324287464e+03 -1.917120888111332533e+04
-3.223885713196094002e+03 -2.455632466119591754e+03 -8.839472169120999752e+03
-3.668747683522507032e+03 -8.269877806359648957e+02 -5.773028840468349699e+03
-2.990442044325960524e+03 1.555697826294784818e+02 -5.080950084882415467e+03
-2.444698964143374269e+03 -5.641195787804646216e+02 -2.091555927919426267e+03
-3.348198512260175448e+03 -8.309129852279672832e+02 -5.921264710052185364e+03
2.033300008116871322e+04 2.436201870938709180e+04 1.024117362933597906e+04
-4.941265417136190990e+03 -2.738647625442407843e+03 -2.267933352539620046e+03
-4.707525848909932392e+03 -2.192039070324100067e+03 -5.380414655400350966e+03
-1.590474439211016033e+04 -1.044172922372596020e+02 -5.302494585226944537e+02
-1.046871423838601004e+03 -2.210041998683423571e+03 -8.753310062172322432e+03
-3.435352384208542389e+03 -8.378172609690943773e+02 -5.690631782298305552e+03
-1.924261031287311198e+03 -3.508017149878269834e+02 -4.704427353470077833e+03
-3.427690886792091533e+03 -5.972655972057146982e+02 -6.006303988500693777e+03
-3.367607618248955077e+03 -7.268221656559771873e+02 -5.637138376991604673e+03
-5.148881635731330789e+03 -3.410270008583359413e+03 -3.434256479108009898e+03
-7.894695353847442902e+02 -4.935406282762312003e+03 -2.361593046785216302e+03
-3.369847195891388310e+03 -6.713237734742887142e+02 -6.028062846556720615e+03
-3.441568064846794186e+03 -1.112048774442925378e+03 -5.904426017392680478e+03
-7.022799781028515099e+03 -1.191225956922965634e+04 -3.918509755199345818e+03
-3.151601977663056914e+03 -7.853350779787272131e+02 -5.954911147117594737e+03
-3.597446306197326066e+03 -7.479390806210101346e+02 -5.425728525285450814e+03
-3.256799764109669468e+03 -8.528717904955658469e+02 -5.485334621638327008e+03
-3.812504453641387954e+03 5.318218132820187520e+02 -4.505756253117473534e+03
-3.352642109351806539e+03 -7.572453806778758008e+02 -5.811259096235698962e+03
-4.685260463450260318e+02 2.108354938550596216e+03 -7.168062552436609622e+03
-3.156655234193314300e+03 -9.606820018322449641e+02 -5.749214669893028258e+03
4.638203316514195649e+02 1.043507861190991690e+02 -6.202452383682484651e+03
-3.624126376196511046e+03 -2.249931850535978356e+03 -4.044395307774499543e+03
-9.651278974928145544e+03 -3.482691673983763394e+03 -1.993876355551226197e+03
-3.782705115570534417e+03 -1.095702052801459786e+03 -5.642579047376116250e+03
-3.272619640759833601e+03 -7.149444330549376900e+02 -5.433323695254042832e+03
-4.157621966365977642e+03 -8.302121888423909013e+02 -5.231294176365801832e+03
1.505962942613955875e+03 -4.384873077916204238e+03 -5.354506634942965320e+03
-3.333243916529147555e+03 -4.573906681155918932e+02 -5.434328298137070306e+03
5.802674862711323840e+02 -4.727142178853777295e+03 -1.459492759299570253e+03
9.470013916865830197e+02 4.280920614605503033e+03 -1.062958842746933988e+04
-8.443924420122164520e+03 -1.203364406250426509e+04 -1.128127095423442734e+04
-3.259041821797587090e+03 -6.416789551921024213e+02 -5.967015646077919882e+03
-3.438600376341369611e+03 -9.288692336824597078e+02 -5.789905867889843648e+03
-3.438131579258825241e+03 -9.838064273064021563e+02 -5.239992025582232600e+03
-1.245486959692098389e+04 2.028641611081392512e+03 -3.408724595009936820e+03
1.680090605155785306e+04 4.179644135903752613e+03 6.443545896280425040e+03
-3.400156240662854543e+03 -8.083235277855471850e+02 -5.989067749358561741e+03
-3.512774486032386903e+03 -5.762041482770978291e+02 -5.887337888354270035e+03
-3.408154573605510905e+03 -5.711166205172554555e+02 -5.998054672701746313e+03
-3.248110516647864642e+03 -4.046358199656124839e+02 -3.905329694239039327e+03
-3.353936085136067049e+03 -6.708546324189624102e+02 -5.769975092742160996e+03
-2.901987607633017433e+03 -2.759578463838818152e+02 -5.048195198207668000e+03
-1.183859157098069772e+03 -1.917652295192639713e+03 -5.860879164976518950e+03
-3.385057831546494981e+03 -9.627458983733532705e+02 -5.787234220714735784e+03
-3.164678172924755927e+03 -8.669580499269998199e+02 -5.350722286286013514e+03
-3.012437647758198182e+03 -1.127225895129895889e+03 -4.943649144008832991e+03
-4.608638217769035691e+03 6.236081223948865500e+02 -4.903936730075776723e+03
-3.886668224842030213e+03 -2.062455843461676523e+03 -3.142737861062619231e+03
-3.365635409861014978e+03 -8.003612886475576715e+02 -5.542579768892127504e+03
-4.620950945915699776e+03 -1.198172603354961666e+03 -5.386194893837524432e+03
-6.985608152947151211e+03 1.969079047307125848e+03 -9.713105531651784986e+03
2.492404269384533472e+04 3.796510765663400525e+04 1.451595360588118456e+04
-9.879634242344160157e+03 -2.189893055661549624e+03 -4.174037534967203101e+03
-2.674822606552173966e+03 -6.572699553282523084e+02 -5.442272374750775271e+03
-3.599125888267491064e+03 -7.641201197800819500e+02 -5.836566375693730151e+03
1.777722945393346163e+04 1.328227350485819807e+04 -2.417347568778173081e+04
-3.483545617570511695e+03 -9.554299088009282741e+02 -5.612998175055192405e+03
-3.124072055233101310e+03 -8.297931923471180653e+02 -5.854339494532385288e+03
9.838659243858024638e+03 6.432575587772844301e+03 -2.012608588587970371e+04
-3.263234124052585685e+03 -7.579028577782893308e+02 -5.809930328681382889e+03
-3.517027027794370952e+03 -4.507913733955605267e+02 -5.214393206394513072e+03
-3.382249434824267610e+03 -6.038630696421153061e+02 -5.763083706320464444e+03
-6.782070851828128980e+03 -4.458332534620346451e+03 -4.273301044534535322e+03
8.227156742390641739e+03 -1.995502532141173333e+03 -7.609252409655407973e+03
-3.774004770014163114e+03 -8.890165189166722257e+02 -5.613978141133738063e+03
-3.308786724792131736e+03 -1.034805544377778233e+03 -5.759451854240750436e+03
-3.443815315050958816e+03 -1.093411533559344662e+03 -5.476559820279954693e+03
-3.988066612977016803e+02 -1.114397547463508999e+03 -7.247566276074935558e+03
8.295084480419176316e+02 5.707351740950198291e+02 -5.521107002058963189e+03
-3.676299904314577816e+03 3.718829176168315826e+03 -5.839094550160075414e+03
-3.371571115402857686e+03 -9.501435702750335395e+02 -5.806862142973384834e+03
5.538749700289798056e+03 3.645812470275444412e+03 -1.006198535251145222e+04
-3.498113443089366683e+03 -3.919378061758173999e+02 -4.970940257063354693e+03
-1.845141986352544791e+03 -4.189771172164153086e+02 -6.383089956194309707e+03
-3.201465451862347436e+03 -8.495401403299399590e+02 -5.800879674293421886e+03
-3.344062581154359123e+03 -6.870811120038265472e+02 -5.824120626372327024e+03
-6.415532169492566936e+03 -3.041904915250084287e+03 -4.490050449254516025e+03
-3.015406369561887004e+03 -2.048597329470102977e+03 -3.357282676299096238e+03
-2.669999165535686188e+03 -1.254333615803121347e+03 -5.171699651671161519e+03
-3.904398725084529815e+03 -6.498845390044023134e+02 -6.166389844354099296e+03
-3.293574721993033563e+03 -9.692659493186170039e+02 -5.419919694923153656e+03
-1.251324655542119581e+04 1.657306781366741234e+03 -2.478918813002585921e+03
-5.450224674106258135e+03 -1.949143177119351094e+03 -4.531715429894731642e+03
-1.676609000545751405e+04 2.328093805770240579e+03 -2.521968900621387490e+02
-2.542776811966670266e+03 -3.119285484765354795e+03 -9.766699221761156878e+03
-1.358625766167679103e+03 -1.263472457312832830e+03 -7.508613186517506620e+03
-9.572859298471104921e+03 -5.834676903113102526e+03 -1.931729854427318287e+03
-3.618775208134934019e+03 -2.743130624276114986e+02 -5.058099889391252873e+03
-4.192238477755302483e+03 -3.116497287691146539e+03 -2.317243574112595979e+03
-4.427365224047049196e+03 -1.043010851214817194e+04 6.817235463385915864e+03
-3.493020905879661768e+03 -6.913125347754595396e+02 -5.029279525857665249e+03
-3.352423390219228622e+03 -3.471403342495153765e+02 -4.949828753537140074e+03
-3.452159683688727910e+03 -4.635318873342984034e+02 -5.079851814048667620e+03
1.484150628705109966e+03 3.230962567254769601e+04 5.675431950078591399e+02
-4.313757823603868019e+03 -8.309237755343377785e+02 -5.487181821476408004e+03
-3.162989109991198347e+03 -8.953948362876541296e+02 -5.612959195029536204e+03
-3.516895845857549830e+03 -3.916882356009103319e+02 -9.176498337145147843e+02
-1.011969626932339088e+04 9.471118459159606573e+02 -2.641625289565289222e+03
-3.530812202764606354e+03 -8.456202285789884172e+02 -5.293742733458821021e+03
-2.904398771527960889e+03 -2.061345217081722581e+02 -8.062386940236918235e+03
-2.539023242341768309e+02 -4.428314739247846887e+01 -6.804765237259177411e+03
-1.029107716027159040e+04 -4.424214896747731700e+02 -4.634298209304953161e+03
-1.072103420148244368e+03 -1.431656383654076308e+03 -5.334770439340345547e+03
-3.780010050803989998e+03 -4.011349954967452049e+02 -5.567816888711998217e+03
-3.513364272585438812e+03 -8.863242709321766597e+02 -5.271834649559550598e+03
-4.386503627802622759e+03 -2.110370830034408300e+03 -5.551653897255850097e+03
-3.424090818901964212e+03 -8.872745256380279670e+02 -5.831812231444328063e+03
-3.422236595149837285e+03 -9.652734994661059318e+02 -5.780596915933258970e+03
-3.034909142269725180e+03 -1.620019090470852916e+03 -4.655195384850418122e+03
-5.178436296719075472e+03 6.980329026420812397e+02 -1.616374748274994772e+03
-3.614723109991879028e+03 -7.751240501250319994e+02 -5.086332547764038281e+03
-3.413658477742279501e+03 -1.062956623991839024e+03 -5.665935268124668255e+03
-6.557478589111640758e+03 -1.559341320351375089e+03 -6.241867476338118649e+03
-3.342250390273640278e+03 -1.005969227548945128e+03 -5.346780162671198013e+03
9.774572969302994352e+02 -6.840829555689633708e+02 -1.036907909892963471e+04
-3.259360878686961314e+03 -7.211076916238137073e+02 -5.256891051375768257e+03
-4.477098687535612044e+03 -1.683242469772691265e+03 -5.461858822468877406e+03
-3.105453806241259372e+03 -8.367768381111118288e+02 -5.649553959820454111e+03
-3.937043890694993024e+03 -3.132192473329975655e+03 -5.017829823357422356e+03
-2.653424686703257066e+03 -1.051131725842620654e+03 -5.141172595020869267e+03
-2.445131815901147093e+03 1.379134186903521595e+02 -6.932086758196373921e+03
-7.747476552072352206e+03 3.910334080179038210e+03 -3.413621209245324280e+03
-3.351493379897455725e+03 -8.239911646199442430e+02 -5.903854594678949070e+03
-3.331239748140818847e+03 -1.207569403813986810e+03 -5.623964310472267243e+03
-5.506450410513000861e+03 -1.088097629293777118e+03 -6.528751495714117482e+03
-6.132582500990722110e+03 -1.926518837018740214e+03 -3.788757390490584839e+03
-4.607398554565162158e+03 1.298020757218400831e+02 -5.222470144868459101e+03
-9.610932681400856382e+03 -3.020505197995584695e+03 -4.090345350755317668e+03
-7.402134209259448653e+03 3.982820273398366680e+03 -6.168842871709691281e+03
-3.776345306366882141e+03 6.340514082441303799e+03 -4.330788269540533975e+02
-5.351670029410116513e+03 8.028057348585512045e+02 -6.569814197641455394e+03
-3.384838955401635303e+03 -9.707256914129119423e+02 -5.803590493996339319e+03
-3.331420107954581908e+03 -4.050141483937053408e+02 -4.918972351952608733e+03
-3.358967934153038641e+03 -6.146506997687905596e+02 -5.566554695194492524e+03
-3.028694481112003814e+03 2.156965460913101651e+03 -2.498385418466744341e+03
-3.061759876972709662e+03 -4.438873806059143590e+01 -5.973608014417601225e+03
-3.713548181939047936e+03 -7.800575078714291521e+01 -5.241637359216782897e+03
-3.354984988375832472e+03 -1.134651021616843309e+03 -5.666674235320752814e+03
-3.358336955697115627e+03 -1.021665999184077918e+03 -5.582597208318264165e+03
-4.342103259421767689e+03 1.055115735990617395e+03 -4.866681387896689557e+03
-3.398131215216003511e+03 -1.038114784170032635e+03 -5.690632763893572701e+03
-7.464322919544963497e+02 4.875429363861760521e+02 -2.771482707660242340e+03
-2.914559525413832489e+03 -1.302475087765435546e+02 -5.921357171239828858e+03
2.702682567605487748e+03 -5.380444501038698490e+02 -1.233967279895301544e+04
-3.503375901151689959e+03 -9.472630802262513043e+02 -5.264971175525989565e+03
-1.157574127616881924e+03 5.321544655706186404e+02 -8.567540676075948795e+03
-4.142588595404487023e+03 4.548376982550997127e+03 -5.974157801031188683e+03
-4.810188033115386133e+03 8.855437474273522866e+02 -4.060614334939778473e+03
-1.198276884316587939e+03 1.054258528685621286e+03 -5.421170508367657931e+03
-3.852742493663072764e+03 -8.208775219823814950e+01 -5.698422397422883478e+03
-8.096637348482712696e+03 3.952195632441277667e+03 -4.956792736938396047e+03
-3.760470177749962659e+03 -1.462268762936451822e+03 -5.726108122926977558e+03
-1.944013631297125539e+04 3.090726795197564570e+03 -1.396402779753564027e+04
-2.417604860027432096e+03 -8.635252122407264324e+02 -7.152438512209534565e+03
-3.408018000272122208e+03 -1.035039427260924640e+03 -5.740458878789459050e+03
-7.487316840216553828e+03 2.264184333714434979e+04 -3.541082275046768700e+03
-3.277172613219797768e+03 -1.124399364122934912e+03 -5.593403953385241948e+03
-3.365407032288910159e+03 9.789946170468157334e+02 -5.398617626011486209e+03
-7.326608437208356008e+03 7.138164255220720406e+03 -2.674403463579804338e+03
-3.362037810433404957e+03 -2.285081445053976950e+02 -5.264354709452078168e+03
-1.060993077270088179e+04 1.613920034447253556e+03 -1.713478908108948417e+03
-3.455279526082827942e+03 -8.540217967975861484e+02 -5.652724626672587874e+03
-3.148958226916566332e+02 -4.198857194620055452e+03 -6.978020000865576549e+03
-6.213054272082648595e+02 -7.149868417850104379e+03 -5.466521545993600739e+03
-3.357051090900748932e+03 -9.370822005802000376e+02 -5.789717529191716494e+03
-3.426853007221132884e+03 -8.495514819217590912e+02 -5.315620916837350705e+03
-3.681176999240511122e+03 -3.833113476794293319e+02 -5.429459635138468911e+03
-4.259102691556393438e+03 9.400248948827925233e+02 -6.449181738629230495e+03
-4.375020522350967440e+03 -1.948629495712589232e+03 -3.573730015615027241e+03
3.148050254359335668e+03 -5.859552492293080832e+03 1.579510730304713888e+03
-3.939169932639571471e+03 -8.544456397903564948e+02 -5.431335238185150047e+03
-2.207109863774927817e+03 -7.394364606822541646e+02 -5.300383265559858046e+03
-3.735866392528269444e+03 -8.581899052356043285e+02 -5.084890164935815847e+03
-4.008354465064844590e+03 -4.362154093175680600e+02 -5.494774483806710123e+03
-3.206536644087005243e+03 -7.534998153788885702e+02 -5.820350874756557459e+03
-3.264115205648814481e+03 -8.999189920815322239e+02 -5.761818433988844845e+03
-4.652504090150889169e+03 -6.442365780460472706e+02 -1.106316249733272116e+03
-8.054111143980609086e+03 -2.219667199904292374e+03 -1.600403819842930716e+03
-6.378954242085153055e+03 -1.198122185143336765e+03 -2.249841741850616017e+03
-3.143034442170596776e+03 -2.200810523331750801e+02 -6.131223127883825327e+03
-3.469677002177346822e+03 -1.097650346444543402e+03 -5.484868270227497305e+03
5.860607740331581226e+03 -3.667820801394191221e+03 -1.286035538933927819e+04
-4.540318412622401411e+03 -5.388136510980398270e+02 -3.487449441169359488e+03
5.482878923193635501e+02 -5.246182300458543068e+03 -7.102542070106702340e+03
-2.544093480956129952e+03 -8.169668003196807149e+01 -1.859108044885240815e+03
-1.207298685054057569e+04 -2.542841745557244849e+03 1.083855501318105780e+03
-2.979286320326652913e+03 -6.484508076702627477e+01 -5.630691967502966691e+03
-3.778968117797157447e+03 -4.869023477238396254e+02 -5.446981501834326082e+03
-3.112995087330881870e+04 4.574214626456373662e+04 -1.693902048085203933e+04
1.213250610359497728e+01 -5.742718916596863892e+03 -7.986023050289623825e+03
-3.989567044311282189e+03 -3.117777928852212881e+02 -5.185096561650651893e+03
-3.187384706042245398e+03 -7.975895819393077772e+02 -6.166664582717695339e+03
-3.288629567980554839e+03 -8.823515307810512240e+02 -5.430475982428932184e+03
-3.145284646624355810e+04 4.800963205691127223e+04 -1.694809500780212693e+04
-4.415551082185622363e+03 -5.018939538233987605e+02 -2.646130081570720449e+03
-3.298534499630269238e+03 -2.169468155067427233e+02 -5.032217714990507375e+03
-3.568533130969576632e+02 -1.261340356109935419e+04 -1.191980423919399618e+04
1.506437792478768870e+03 -8.939579606513758335e+03 -1.130209016696191429e+04
-3.390831016517990975e+03 -3.507939183979972881e+02 -5.651030320334032695e+03
-7.871997610688809800e+03 1.963681833031992710e+03 -9.113200599825999234e+03
7.792388458011630519e+02 -1.552594127218893300e+04 -1.567186021573055586e+04
-2.098326190127592781e+03 -1.020221082119841594e+04 -6.340005825508501403e+03
2.923964573467419086e+03 -9.519168793444185212e+03 -1.368770638292112017e+04
-3.638661779041503451e+03 -4.330389657954272025e+02 -9.093452888695450383e+03
-3.411549056695138006e+03 -1.081280423270620986e+03 -5.328019876372171893e+03
-5.128887254126741936e+03 2.347862876216091536e+03 -8.484584355733601114e+03
-3.239652134663167089e+03 -1.160136444231443193e+03 -5.680776017150131338e+03
-3.314920884570797170e+03 -1.018102410440635595e+03 -5.796675815556830457e+03
-1.834888186002347720e+04 1.631425081175727883e+02 2.391415027844450378e+03
1.799436625406386156e+03 -1.835947963529280241e+04 -1.925688259816072241e+04
-4.809611742244261222e+03 -4.644217606833026366e+02 -3.971055145417667973e+03
-3.318391525440544228e+03 -9.237004976059988621e+02 -5.285052845028983029e+03
-3.769747276986722227e+03 -3.550111893374793908e+03 1.218944868725610831e+03
-2.727069439199198314e+03 -1.495274166096196723e+03 -5.039634251504684471e+03
-3.589965503991128116e+03 -5.545551272372647418e+02 -5.230751719204941764e+03
-3.729508032986033413e+03 -8.200371131129695641e+02 -5.063033532567446855e+03
-5.202366403220392385e+03 1.976677288144626118e+03 -3.420321077969133967e+03
-3.599440502834386280e+03 -9.656605400210206653e+02 -5.198210832482618571e+03
-2.843324104535296101e+03 -1.135642998121389155e+03 -7.083372830747655826e+03
-3.690205716995362309e+03 -8.307877150852264094e+02 -5.174829293239289655e+03
2.156283073282034366e+03 -1.587665133996433360e+04 -1.506812808745435359e+04
-1.820230110234507265e+03 -1.784488317453885611e+04 -5.852113868984067267e+03
-3.496860615896482159e+03 -2.885561183176118902e+02 -5.891069195540191686e+03
-6.328153871416213406e+03 -7.694188535955453290e+02 -2.401980164130409321e+03
-5.217702516324314274e+03 -1.090073411608311176e+02 -2.164296169588444627e+03
9.049419589368433208e+02 -6.531579752266437026e+03 -4.734645903178870867e+03
9.253000489888818265e+02 -4.729347033954798462e+03 -1.113579098778747175e+04
-9.531700409319848404e+03 -1.652325140033633488e+03 -2.705427430258317145e+03
-2.834448484303215082e+04 4.981363654901412519e+04 -1.747964331412784668e+04
-6.964870875030644584e+02 -2.054855507552729705e+03 -7.469369612323429465e+03
-6.170261567527138141e+03 1.453496101028368685e+03 -3.013751553371656428e+03
-3.898107697504278804e+03 -1.554220232106329831e+03 -5.899493501600559284e+03
-3.392215788952374623e+03 -2.476765389235930570e+02 -5.671551564593526564e+03
-3.644537542021208537e+03 -8.938070312180177552e+02 -5.241510307204909623e+03
-1.332351832229946012e+04 -1.580051251923018754e+03 1.838106930648567186e+03
-2.518565964693495062e+03 -7.635923308695470269e+02 -6.067979029847550009e+03
-3.838692437995478485e+03 -7.144698764819154349e+02 -5.258351408489429559e+03
-3.537970894889062492e+03 -9.770003878531064174e+02 -5.172685247059356698e+03
-3.528790220021841833e+03 -7.372526539561567915e+01 -5.618514702674195178e+03
-4.272828605113012600e+03 -3.701128654969292597e+02 -2.768308053641216702e+03
-3.350204410487930545e+03 -8.751176401832065039e+02 -5.310150776332258829e+03
-5.418856676371107824e+03 1.090382494378159777e+02 -5.777130447344451568e+03
2.365432441079646196e+03 -9.445359035242374375e+03 -1.987098167473234571e+04
-4.072612367388612711e+03 -1.401499625652531904e+03 -5.358239262959384178e+03
-3.020324769626934994e+03 -4.974575431397091734e+02 -6.037851250318368329e+03
-5.008075646906919246e+03 7.168969968212361437e+02 -2.766296858207479545e+03
-5.733755878748545911e+03 4.571697623808514663e+02 -5.461948284681375299e+03
-2.524110046589395552e+03 -1.354683420547159358e+03 -6.324790643133449521e+03
-4.641808404366876857e+03 -5.520586633937013175e+03 -4.107527155387293533e+03
-2.317586874387440730e+03 -5.758706161332618194e+02 -7.015741633792275024e+03
-3.351374056385342556e+04 2.703461758224295409e+04 -4.592566884655245303e+03
-7.089171215528626817e+03 -3.882628277030596564e+02 -3.063396320871711850e+03
1.601800256733639117e+03 -1.333480027141120627e+04 -1.075324747925385782e+04
-3.002610348249659637e+03 -4.620077178724120586e+02 -5.727708404163784508e+03
-3.194602542865563919e+03 -7.103970769572417794e+02 -5.607230638137676578e+03
1.367931131211791580e+03 1.165330974349529924e+01 -1.128323559037230007e+04
-3.753785862133095179e+03 -4.966928905623782384e+02 -5.483215667526559628e+03
-3.455994775262616713e+03 -1.001319421221458015e+03 -5.219453041143119663e+03
-6.113372931621565840e+02 -3.465900125060572350e+02 -8.806970628546790977e+03
1.287488672101943484e+04 1.481573234795593999e+04 -7.473481540252115337e+03
-9.053748381135632144e+02 -3.145372692745517270e+03 -2.413100624970162244e+03
-3.504853574791841766e+03 -3.894681736709614484e+02 -5.157124286338911588e+03
-8.876537179091012149e+03 3.963098325559389536e+02 -2.953088586444408065e+03
-8.179655634756801192e+03 -1.000593782905084140e+03 -2.918614190280662115e+03
-3.671985984048959835e+03 -8.367817454047469710e+02 -5.369879851485760810e+03
-3.325476097251978899e+03 -9.093930227579567145e+02 -5.342807759442475799e+03
-3.884556028811509805e+03 -9.162235896959778074e+02 -5.428679930774753302e+03
-5.055755295194219798e+03 4.923534212504716834e+01 -5.354565687271575371e+03
-2.957577993423993121e+03 -7.688788092368803291e+02 -4.663591543076026028e+03
-5.602883354476463865e+03 -4.505549306158225590e+03 -4.167882903860327133e+03
-3.411255474797396801e+03 -9.301614388433246177e+02 -5.486845724346509996e+03
-2.158892240664035853e+03 1.325136655042832899e+03 -7.257113493753025068e+03
-3.952044039211877134e+03 -8.834468542234136521e+02 -5.311135095960350554e+03
-1.490986754061590182e+04 1.287472385173660768e+03 -3.753233838999702857e+04
-3.475336564638807886e+03 -9.572034303412497138e+02 -5.408247964674016657e+03
-3.402763037159624218e+03 -6.967730074124947350e+02 -5.377772512498594551e+03
-3.420938461979150816e+03 1.890055287536231845e+03 -7.680420134265375054e+03
1.324015587395751572e+04 6.569742451716394498e+03 -2.074270461580180563e+04
-3.193374110029971234e+03 -5.370337205001465009e+02 -5.884721375212173371e+03
-2.452739126038676659e+03 -1.262443288519207954e+03 -5.469850804485565277e+03
-3.690504454444259864e+03 -7.543792587836431949e+02 -5.179059799614688018e+03
-3.655439532486850567e+03 -8.260200048575132996e+02 -5.895084683103887073e+03
-1.258989855703458488e+03 -1.717561258020430841e+03 -6.529829312541349282e+03
1.157834049205722476e+04 -1.761712738703783998e+03 -1.330564524618626638e+04
-9.465938131130515103e+03 3.719292129862515139e+02 -5.615083552418892396e+03
8.590888037424672802e+03 -1.528580268808908477e+04 3.175710042509454070e+03
-4.302970846787238770e+03 -1.478184015802452222e+02 -4.425378037623440832e+03
-3.917177511668109219e+03 -6.154211658467257848e+02 -5.211589935545296612e+03
-1.885089455503354111e+04 -3.816938547335385010e+02 -2.825239528973806955e+04
1.042799367158054110e+03 4.431192843662999621e+03 -1.122548590372209583e+04
-4.925259510831482658e+03 -8.139048480413568996e+02 -5.910068200593171241e+03
-3.757883622426416423e+03 -5.665304851138115509e+02 -5.485580498700940552e+03
-3.467396440400605115e+03 -6.881326101298263893e+02 -5.640316576426892425e+03
-1.174937622269803614e+04 4.195586613782112408e+02 -2.049310754096537130e+04
-3.497932830370602915e+03 -1.630485306004622544e+03 -4.605719597770314067e+03
-3.697999838481814095e+03 -8.650882708769461260e+02 -5.220002181576260227e+03
-3.861132695606861489e+03 -5.582723472099997707e+03 1.534640573224498326e+02
-1.175573713311175925e+04 -2.597718267023830322e+03 1.918940958955960809e+02
-3.764834685190086930e+03 -4.459676761305703963e+02 -5.570689068411342305e+03
-7.447288372955562181e+02 2.170024327830896254e+03 -8.344383409751686486e+03
1.922453586651570367e+04 -1.429081526886845677e+04 -1.454458348388764352e+04
1.476061319694058147e+04 6.847435072470325395e+03 -2.873455467334497007e+04
8.680814778160935020e+03 5.091445240315434603e+03 -1.788444508463533566e+04
-3.290347502489540148e+03 -6.313827890914096770e+02 -4.805620517712259243e+03
-6.711517930343476110e+03 -4.995283729594992792e+02 -5.277479437864336433e+03
1.511714119643818321e+01 3.100927322826865748e+03 -8.920485141759711041e+03
-3.679623354252560148e+03 -8.367729218928625414e+02 -5.070632069829580360e+03
-3.787577037052782089e+03 -6.307585871174892418e+02 -5.493164517248324046e+03
-4.265974490852654526e+03 -7.555546958953038484e+03 4.487963655207379361e+02
-3.083925412560588029e+03 -5.814341566460210743e+03 -3.944313819958432759e+03
-3.995095086750577593e+03 -7.086376755723917995e+02 -5.545601679726340080e+03
-3.701404069506698306e+03 -7.340960984877427791e+02 -5.324224817148466173e+03
2.295991212235189596e+04 -1.909778506387766902e+04 -7.984395171775162453e+03
-3.821624013714661942e+03 -5.602859368220395027e+02 -5.291494028696132773e+03
-4.371148874498265286e+03 -6.701006472922955481e+02 -5.161321275336968029e+03
-3.585451409486453485e+03 -7.699849438025920563e+02 -5.193723398981575883e+03
4.707894494285379551e+03 3.368772822116955012e+03 -1.646573664205227033e+04
-3.751145681545971001e+03 -2.037835592373683369e+02 -5.374233824577068845e+03
-3.217747185010407520e+03 -9.974703563582531842e+02 -5.121331784104463622e+03
-3.900901583106242924e+03 -7.258488981124378370e+02 -5.294872297659898322e+03
1.141225647043861682e+04 1.593670030791973886e+03 -1.505345075515026656e+04
2.451485385563827003e+04 3.592528768768791451e+03 -3.507561333908324741e+04
-3.683756045731227459e+03 -6.106945588980845514e+02 -5.683245781951183744e+03
-2.541386671745031435e+03 -8.400396272851245385e+02 -5.754908093455302151e+03
-4.802988819021778909e+03 3.516719449941520566e+02 -3.373712194455499684e+03
-3.807624278892337315e+03 -7.317508470796337861e+02 -5.808279448780161147e+03
-4.749078119538640749e+03 -1.874297833107604674e+03 -4.456410694171951036e+03
-2.494501375303961140e+03 -4.059244287192876186e+02 -5.130717217467467890e+03
-8.529640441799569089e+03 1.205936166880789460e+04 -5.534970720253445324e+04
-1.389338838066326161e+03 -2.204899239194174697e+03 -4.258085021662353938e+03
-1.813783691871126848e+03 -3.622822816331969989e+03 -4.040053176463719410e+03
-2.767991704273111282e+03 -1.120125881767599367e+03 -6.671345111605146485e+03
-3.846030721183120932e+03 -5.290064878597805773e+02 -5.445052258603369410e+03
-3.453713433930792689e+03 -5.535082682541859640e+02 -6.023121550932803984e+03
-3.118942070456732836e+03 -3.465996669657494749e+03 -5.123358451311905810e+03
-3.442907138252575351e+03 -8.057005330236946747e+02 -7.154131417144124498e+03
-3.801608604206356631e+03 -6.941481726017580058e+02 -5.911147911337802725e+03
-3.719793255485379632e+03 -8.348362368567977683e+02 -5.515317657734950444e+03
-4.004225049715756541e+03 -8.428338103633209357e+02 -5.556927776914570131e+03
-3.577970706515123766e+03 -6.223525084166707302e+02 -5.963228445304540401e+03
-3.410207013620076850e+03 -6.621905875594688951e+02 -5.417062758887010204e+03
-1.242111028638654534e+04 -4.280268685447182179e+03 -4.248084378916088326e+02
5.463971107106921409e+03 2.821240782355442661e+03 -1.092647697247666838e+04
-3.095570899220530009e+03 -1.633833780357102796e+03 -5.804429125186651618e+03
-3.230584403811768880e+03 -1.665972590247061135e+03 -5.845832471730261204e+03
-2.791585798327971588e+03 3.441998715592298197e+01 -5.359480266289376232e+03
-9.750892797283549953e+03 2.511863896640936673e+02 -4.952330838695991588e+03
-4.864454908970887118e+03 -1.164690927015508350e+02 -5.518891325437615706e+03
-3.488682834045301661e+03 -7.902555069564157293e+02 -5.965445110507102982e+03
-5.161857262483336854e+03 -2.173151697661104663e+03 -3.656733346504739529e+03
-2.370568855533530223e+04 -3.554617002959589172e+03 -2.689165386811601275e+04
-4.786570000299066123e+03 -1.803243646828270812e+03 -4.388266870213267794e+03
-3.690050471750112592e+03 -1.297970561137664163e+03 -5.836496634524465662e+03
-3.664624619462792907e+03 -1.214878263352098202e+03 -5.721532115403833814e+03
-3.335528604671894755e+03 -8.832625150349770138e+02 -5.798101501839786579e+03
-5.490693375410912267e+03 -7.317681426768172059e+03 -1.161576297059784565e+03
-3.508446452313146892e+03 -1.011793972859367159e+03 -5.594983146974489500e+03
-4.054783989303327417e+03 -1.756574189027031707e+01 -4.673518870378653446e+03
-5.780462819411839519e+03 -7.320257107297778930e+03 -3.488611760445470281e+03
-4.434872619713793028e+03 -7.409745160461130808e+02 -3.178031355819583041e+03
-4.817571072402601203e+03 -6.351792439000776085e+02 -5.601276125085119929e+03
-4.187316817737952988e+03 -8.331654248713168727e+02 -5.557833598099232404e+03
