3.124255890204913158e+03 9.164395981983516322e+02 -1.121929629903028581e+04
-5.818278202821882587e+03 3.592206088337550227e+02 -4.432501146334139776e+03
-4.684653302255256676e+03 -3.963763463328996295e+03 -4.141501255378855603e+03
-4.246149422629328910e+03 -8.429649133383318258e+02 -5.480557153482002832e+03
-3.603947138650672059e+03 -3.137258028822378947e+03 -8.493474807374584998e+03
-2.719719239036660838e+03 -7.620084335789748593e+02 -6.194312348699180802e+03
-4.817247242298720266e+03 -1.461697429861647834e+03 -5.677099108539362533e+03
-1.350826533504587678e+04 6.749273293976646528e+03 -3.547904412463745757e+03
-3.956549201424905732e+03 -9.898430698115984114e+02 -5.426217542946306821e+03
-3.987163241211086643e+03 1.077058380004496030e+01 -5.809244662803941537e+03
-7.879921158899152942e+03 -1.627312887099600403e+03 -3.367640899447607808e+03
-3.824498265700177058e+01 -2.006512016298273693e+03 -9.381142503127726741e+03
-3.961263507601609035e+03 -2.152135833081660223e+02 -4.936037913951235168e+03
6.837036615612134938e+01 -3.766596674169062226e+03 -5.796856720711682101e+03
-3.407146129945130269e+03 -6.601163239459669967e+02 -6.156872963982168585e+03
-2.480299487846754801e+03 -7.950422455782443194e+02 -6.962635639472269759e+03
-1.813298893368790232e+04 1.098836830616861789e+03 6.808654320198305641e+02
-5.354633793744369541e+03 -9.776642817946017203e+02 -5.938189909826947769e+03
-1.122059137479770015e+03 -9.308919542938896257e+02 -5.751214660273340087e+03
-2.777901482562490855e+03 -6.245257030538843992e+02 -6.074183233957810444e+03
-3.465072355937594239e+03 -1.041042298248555653e+03 -5.031203365845690314e+03
-8.273262790210338835e+02 -2.032224359050930389e+03 -1.392088497267282037e+04
-4.848586267639065227e+03 -2.180332109278388657e+02 -4.011872316082231919e+03
3.842412839652966454e+02 2.133600821350099977e+03 -9.966547089857987885e+03
-6.644711416115476368e+02 -3.515606116351693800e+03 -4.837593063683410946e+03
-5.337212075880904194e+03 3.391688357359507222e+02 -4.634501426596945748e+03
-3.510262073138129608e+02 1.412589966271885032e+03 -7.327955575983092785e+03
-2.880232781665933999e+03 -5.661782748399825778e+02 -3.587286082030690523e+03
-4.725328704589759582e+03 -1.070494627472724915e+03 -7.929858307778677954e+03
2.175145217426170348e+02 -1.826453322943443936e+03 -6.775569645302384743e+03
-2.154844418128066536e+03 -7.523970116454382833e+02 -6.700718121642265032e+03
-2.733999024678532805e+03 -9.676550908726990201e+02 -6.594311802680614164e+03
-5.060592549205123760e+03 -2.307416018537252967e+03 -4.879284030954439913e+03
-3.773870949083413052e+03 -2.908642415574040569e+02 -4.051942094433448801e+03
-1.251582611894309139e+03 2.323341877632596777e+02 -1.148326812311097819e+04
-9.484628995206119725e+03 1.610284128434723243e+03 -4.472912093432048096e+03
-2.882257348966368681e+03 -7.195446306529851199e+02 -5.485115322685182036e+03
-4.304019588680483139e+03 -5.281315418988212969e+02 -5.591580174541843917e+03
1.485688640198949906e+04 4.702616129728433407e+03 -1.880734246233118029e+04
-2.450738468482907138e+03 -6.012367035046834189e+02 -5.721967031151487390e+03
-4.516838420497212610e+03 -3.474243595764814927e+02 -6.088583540963081759e+03
-2.948983077943069475e+03 -1.017957828719846475e+03 -6.352708386393116598e+03
-2.403369906973534398e+03 -6.384109114619252523e+02 -6.494909114828647944e+03
-7.271332483563301139e+03 -2.717265770291182434e+03 -2.990268950084783683e+03
-4.169390716428174528e+03 -9.545764238936193351e+02 -5.048034652960874155e+03
-1.779042721759141205e+04 4.194363893631739870e+01 1.148029619567818918e+04
-3.317689058647261845e+03 -7.173000123931437884e+02 -5.574657798437589008e+03
-3.417484065137534344e+03 -7.458973566811253022e+02 -5.860479935098092938e+03
-1.980836613063785762e+03 -7.582426901639237258e+02 -6.076236498036822013e+03
-4.539258473796969156e+03 1.360774318367850242e+02 -1.367679451441417768e+03
-4.489982715020246360e+03 -7.543129017795736218e+02 -5.364573353015447537e+03
-3.118224708360514342e+03 -7.034447776244367105e+02 -5.870738579356415357e+03
-6.081665946796543722e+03 2.742818817683316865e+02 -4.994724573660979331e+03
-2.859597925275128000e+04 2.399533732354009771e+03 1.485439749494402531e+04
-5.302556880136240579e+03 -6.658598417211819651e+02 -3.194353390779671372e+03
-2.853234961657543408e+03 -1.039673402231439468e+03 -6.182422496391272034e+03
-1.511275018433986816e+03 -3.066569909269598611e+03 -9.316172249384833776e+03
-5.363452878747571958e+03 5.495179151336827772e+01 -3.840931646834599178e+03
-2.866651455602367605e+03 -5.124643469920225698e+02 -6.229550228433671691e+03
1.230028906380210174e+03 -5.221545203076444523e+03 -8.361851082519178817e+03
-5.493233752245503638e+03 -4.858582192962683166e+01 -3.546630133665740686e+03
-2.852621335413815814e+03 -6.132914097033733469e+02 -6.411426162412190024e+03
-1.954472932255889646e+03 -2.062525616702026127e+03 -6.125460792299062632e+03
-3.276599463012033993e+03 -1.589105201747458977e+03 -7.544831562055115683e+03
-2.206352999665454718e+03 -1.067614440225905582e+03 -6.130971595743910257e+03
-7.586143242503697365e+03 -2.348834940544762958e+03 -5.225400917699073943e+03
-3.721687500064338565e+03 -6.020642136870786771e+02 -5.801611378719601817e+03
4.196992762085978029e+03 -7.301234346016570271e+03 -6.419214359220720326e+03
-1.720856019536626627e+04 -1.497011815584779470e+03 2.604773831242101551e+03
-4.925878999838236268e+03 -6.128950487004028673e+02 -5.089781597685662746e+03
-4.227831136847015841e+03 3.449571604644957461e+03 7.771744794809239920e+01
-1.943880413853388382e+04 3.374151907560461495e+03 -5.347767676906371889e+03
-2.755492999782776678e+03 -6.673398333382973533e+02 -6.083144888592364623e+03
1.157420708081730118e+04 3.849738392012720851e+03 -2.368454888162621501e+04
-6.928152531180615370e+03 -3.136109281591180888e+02 -7.375179861729196091e+03
1.557588610481667502e+02 -1.035460799966037257e+03 -8.542676145292538422e+03
7.511898505277213189e+03 -1.210529471246818957e+03 -1.742583987768660518e+04
-6.672134340279558273e+03 7.569222541679974711e+03 -3.841906787235130196e+03
-4.644153857051138402e+03 7.788512652905845925e+02 -6.364367790005899224e+03
-3.751888320710973494e+04 -4.808423790619221108e+03 2.680272491673336481e+04
-1.150340296475243122e+04 -3.158983848255414614e+03 -7.820520904554804474e+03
-4.064916806579287368e+03 -5.931601194247673448e+02 -5.517423907817658801e+03
2.579151896902510543e+03 3.321196212198096873e+03 -1.144738142039035665e+04
-2.363378836592999505e+03 -7.230776157886675719e+02 -6.249809728530374741e+03
-2.241603344092697171e+03 -1.535262257377531569e+03 -9.599005246392416666e+03
-5.123324908673370373e+03 -8.825589239482212633e+02 -3.483658540914710557e+03
-3.809435658787099328e+03 1.276027744258713255e+03 -7.084183556982779919e+03
-6.508348714146802195e+03 9.700691400148598404e+02 -3.662140029387615414e+03
-3.801851668842838535e+03 -1.275584634951351063e+03 -3.208251212331893839e+03
-3.934354765187209068e+03 9.582756598604230021e+03 -2.872866052068367935e+03
5.006565224891119215e+01 1.427518659366154907e+03 -5.470584132612580106e+03
-2.187488787312566728e+03 -4.251882831949294086e+03 -9.273714068987866995e+03
-5.565194653545917390e+03 3.102409171686894751e+03 -4.634655418535233366e+03
-4.490032975199884277e+03 -1.595287630707745393e+03 -7.711147771761380682e+03
-2.583358864489984626e+03 -5.572226134916122646e+02 -5.930340180862776833e+03
-3.319498757768213181e+03 2.546599787435372491e+03 -1.911272258131877834e+03
-6.030672495229596279e+02 -2.047493672043522020e+04 -2.777075957853245214e+01
-4.372774306421051733e+03 -2.429236044603554546e+03 -4.578417969955296030e+03
-3.394782308659596310e+02 3.682722108210944953e+03 -8.039867429379964960e+03
-5.218551473472128237e+03 -1.861348244712563549e+00 -3.736774821606498790e+03
-3.539138685657711449e+03 -8.377664755972712101e+02 -6.342655554833670976e+03
1.322295816176312428e+03 -1.439856591600752381e+03 -1.015450325170585165e+04
-2.261949521316015307e+03 -7.425927001152746243e+02 -6.536193198907185433e+03
-2.588727040152133213e+03 -5.715638983205756631e+03 -4.444091201432439448e+03
-4.164146381697210018e+03 -1.610197184453110594e+03 -3.872248826198135248e+03
1.919030562125088636e+03 -4.731082806201605308e+03 -5.020863323435521124e+03
-2.049527902901663765e+03 -1.276850791602340450e+03 -6.126003249077362852e+03
-1.458167823750774460e+03 -3.436468944236142306e+03 -2.350904333435477838e+03
-1.952002165464406062e+04 4.086936763946778228e+03 -5.039958033398767839e+03
-3.882188138155973320e+03 -1.078629306882179662e+03 -5.786437595079414677e+03
5.539530369651486581e+03 -3.094125392282790017e+03 -1.110249200009084052e+04
2.156719343728559579e+03 -3.878228428797876404e+03 -4.281324690878496767e+03
-1.726343623628434943e+04 2.176266840907634105e+03 -4.719376233032978234e+03
-4.502434632708611389e+03 -4.799291511828807870e+02 -5.369152941211750658e+03
3.104998814714822402e+03 -2.499529542521141593e+03 -1.135372770717801723e+04
-5.183553270521792001e+03 -2.537204640811452464e+03 -5.276010091355969962e+03
-1.896448836107474790e+03 -2.897833311613579554e+03 -4.526935443778904300e+03
-1.676248768763341786e+03 -1.862630691074596825e+03 -4.730939239750442539e+03
-9.542681298327550394e+03 -2.119141392531028032e+03 -2.288317112528445705e+03
-5.120603408054515057e+03 3.559805263207073835e+02 -4.061409670011782509e+03
-2.760608517008929084e+03 -7.933257714727435541e+02 -6.416083895413282335e+03
-5.732843617670570893e+03 2.502920259316563261e+02 -3.588210511350757315e+03
-4.889055418545245630e+03 -7.946010052477672616e+02 -4.566982719276536045e+03
2.299804325570460151e+03 -4.747581267569344163e+03 -8.582922923546058882e+03
-8.853709609164829089e+03 -8.365345236461962486e+02 -4.267656506394722783e+03
-1.926303481018079401e+04 3.522768212224089439e+03 -5.551424959512825808e+03
-4.255220420511350312e+03 -2.225763795902247466e+02 -6.203314038071328469e+03
-3.598178732776537800e+03 2.796524373414116781e+03 -6.585334806653547275e+03
-2.538190673232351401e+03 -4.734906409029705401e+02 -5.247119401663787357e+03
-2.051510517742728098e+03 -5.499036904717433572e+03 -5.917458327010717767e+03
-2.681676033246064435e+03 2.519066393650804457e+03 -8.022396150345560272e+03
-2.880473420242650718e+03 -7.151888730166945152e+02 -6.870292452102112293e+03
-1.955090636147896930e+03 2.305618378464105717e+03 -6.396256057102249542e+03
-1.271677672466426429e+03 -5.039640026590288471e+03 -3.668647418649245992e+03
-2.063835207401432399e+03 -1.001314104733912586e+03 -5.211867720647556780e+03
1.817936801445266610e+02 -9.927539374565735670e+02 -5.239108794685344947e+03
-3.126838442818078875e+03 -7.014827028073103747e+02 -6.961585530203763483e+03
2.313046610931564828e+03 -3.146567441950418470e+03 -8.231303003229391834e+03
-8.917841857766794647e+02 2.594833156246889484e+04 -1.872619443940821293e+04
-4.653334769914222306e+03 -6.176975811924318123e+02 -4.556683004384308333e+03
-7.521347899322820467e+02 -3.847606803666606993e+03 -4.834517084562604396e+03
-5.030254728876609079e+03 1.555479227759971081e+02 -3.817999233147588711e+03
-5.080739075045076788e+03 1.492664576862616599e+01 -3.722520982959323646e+03
-5.035340356275205522e+03 -1.122030130320238897e+02 -4.225930930582278052e+03
-4.967463812907344618e+03 -1.412255785816447542e+03 -5.032873891349442601e+03
-5.229886407642146878e+03 -4.713811364021431473e+03 -8.300998481527736658e+03
-3.186531121187540066e+03 -1.062947776246002832e+03 -5.215178552675644823e+03
2.830985694978461652e+03 -3.004783868253826313e+03 -4.248564594958633279e+03
-2.003534158807685162e+04 -9.967299895238174940e+03 1.500664953190416782e+04
-9.938903521543757051e+02 -5.993668281515889248e+03 -5.645035935564519605e+03
-4.151591860370966060e+03 -8.818172423318654864e+02 -3.355125333442327701e+03
-2.905036101369751123e+03 -6.458306707334871817e+02 -6.313086569921767477e+03
-2.329990579118155438e+03 -4.223768250889216347e+02 -6.962827375170722007e+03
-3.026790942389005068e+03 -2.343784850027966968e+04 8.798683306117542088e+03
-2.497269357611561645e+03 -9.459399630674431592e+02 -6.920456423354227809e+03
-2.281586492112216547e+03 -9.504524780625210951e+02 -5.941925489511937485e+03
-2.618478251373131116e+03 3.210855978979470365e+03 -3.035108838722044311e+03
-2.570916877196522364e+03 -8.332904568182148068e+02 -6.454071828099515187e+03
-4.431528029436184625e+03 -6.059278775645281030e+02 -4.797543238388171631e+03
-1.609101821465962348e+04 1.878418899377142225e+03 -4.940454631959163635e+03
-5.569197291166134164e+03 4.140756039827067525e+00 -5.131056139498381526e+03
-2.932919263154599321e+03 -6.231017221740470404e+02 -6.055284084346749296e+03
1.804417342437439174e+03 -8.940662819192373718e+03 -5.417551744828778283e+03
1.289793687131397974e+03 -4.305694029290138133e+03 -5.506654989148073582e+03
-1.122869469422992370e+04 -1.778760467619587644e+03 -6.291890378962213617e+03
-4.491690544047899493e+03 -3.391852154774785959e+03 -5.835939951341731103e+03
-3.918605534059139245e+03 -5.964750789338803543e+02 -5.684385490350279724e+03
-3.594999503096644276e+03 -5.121144466008146992e+03 -3.152438863659313938e+03
-4.304819796806328668e+03 5.013811961030879161e+01 -5.165196003275419571e+03
-4.173876778254499186e+03 -9.989560796518499046e+02 -5.517414333223026915e+03
-1.883142308416687229e+03 -6.248194101096595659e+03 -3.958817085534719354e+03
-6.171119629102927320e+03 8.697030953590250135e+01 -4.432431124118303160e+03
-5.230318828808015496e+03 -6.078636256612680882e+02 -4.058979307621205407e+03
-5.413374663682783421e+02 -1.208712972458334207e+03 -8.073458199031308141e+03
-3.697910374501691877e+03 -7.151659162490265089e+02 -3.126997812494701520e+03
-2.034929466961107755e+04 -9.400361499814251147e+03 1.169148102460705923e+04
-4.055159924240680994e+03 -1.204281786496969289e+03 -4.623151726626043455e+03
2.767505564572987714e+04 1.141602709478871839e+04 3.198603041064363879e+03
-4.600530042589251934e+03 3.353316071216849195e+03 -5.632655198936169654e+03
1.422174374458587408e+03 -2.293889052058429297e+04 8.289956282523135087e+03
-2.514184557210424828e+03 -9.428381475691551259e+02 -5.107354571243349710e+03
-2.409902003138312011e+03 -1.126682814881924514e+03 -6.796945749134399193e+03
-1.056928652975954492e+03 4.457392799466386350e+03 -9.867885278259893312e+03
-2.543681191352757196e+03 -1.204169115485075281e+03 -6.913848043984792639e+03
-3.243185082083832185e+03 -1.775826004038397059e+03 -8.700282894572177611e+03
-1.832206452348305174e+04 -1.170752328812139785e+04 7.889230827661292096e+03
-2.698669943152853648e+03 -1.082828370957148309e+03 -6.007209642449694911e+03
-1.974354036900997380e+04 4.457701501524625201e+03 -6.382181666582260732e+03
9.136376405953640642e+03 -1.125120870930101046e+04 3.220402834603877977e+02
-1.673682788955546130e+04 -3.470631974248283768e+03 -3.135313302422054562e+02
-4.046973132104666547e+03 -2.947252330296742457e+03 -1.212042746178702146e+03
4.123513205661109168e+03 -5.731322239847337187e+03 -6.274750540125155567e+03
-7.888196299706884929e+03 -9.438513389162800422e+02 -2.760308920891073285e+03
-9.874725507399072740e+03 -1.823080843784560784e+03 -2.450399379647424666e+03
-4.580457690251870190e+03 -5.218537346993747406e+02 -4.933777365202073270e+03
-3.610012124532741836e+03 -8.147272185257502315e+03 -6.416229478707894486e+03
2.398652505217954968e+03 -2.251618582246982442e+03 -1.211472326683724532e+04
-2.380575528209554705e+03 -8.003934818199893471e+02 -5.238953583494465420e+03
-3.372874143946341974e+03 -5.716799187759399956e+02 -3.110584659195534641e+03
2.069700621321591825e+03 -2.470352120515092793e+03 -9.773115200481157444e+03
-4.131529983819341396e+03 -6.701426273938100167e+02 -5.167669072530586163e+03
-3.830115467696254200e+03 1.228562402582156210e+00 -6.138384470632767261e+03
-5.588520152086744019e+03 4.503275132104403156e+02 -4.174064427794546646e+03
-2.708969886541854066e+03 1.391626545609602772e+02 -7.024724129043658650e+03
-4.055956164944163902e+02 -4.276517490388278929e+03 -7.209431917794404399e+03
-4.829050503694966210e+03 4.712454798802230584e+02 -3.638690041573534472e+03
-8.714539981162463391e+02 -1.311249002060887733e+03 -8.462830195555610771e+03
-3.647342941697657807e+03 1.419938251825427187e+03 -6.343956798680536849e+03
-4.949149301207900862e+03 -4.824417061231627599e+02 -4.978902061182526268e+03
-6.324254574542088449e+03 -9.039427506897825424e+02 -5.384803849844734032e+03
-9.169688507493883662e+02 -7.437390673726497425e+02 -7.784957624416283579e+03
-4.158315100652686851e+03 -8.704142073147161227e+02 -5.362464033188236499e+03
-3.980716811099763618e+03 -4.030815772883879049e+02 -5.466957193529188771e+03
-5.790653517189654849e+03 6.966260032005177436e+02 -3.974763680786648820e+03
-4.906472001752850701e+03 3.397063736239078935e+01 -4.763164009179950881e+03
1.107952756919469550e+02 7.197297761601851107e+02 -1.191500555403453109e+04
1.711724354761364339e+03 -3.509153373891737374e+03 -5.064469454053742083e+03
1.200734905598941623e+03 -4.336601179083053466e+03 -6.403366007050412918e+03
-1.121932800825084996e+03 -4.954609184248499218e+02 -7.383524893940243601e+03
-5.332482523369817500e+03 -5.073803477321470723e+02 -3.527557063217800078e+03
-3.930195545770398439e+03 -4.120674776346573367e+02 -5.788917249440749401e+03
-6.249512602647349979e+01 -6.163243858853631536e+03 -1.029199788220889604e+04
-5.436226211492265975e+03 -1.523274364476490064e+02 -4.499753058401683120e+03
-5.536669761486105017e+03 -1.680921215465911155e+04 -4.596176389374965083e+02
-5.751338643455041165e+03 4.742540069338400599e+02 -4.012326418642236149e+03
2.091381203625458966e+03 -7.100967941331782640e+03 -9.992508980161626823e+03
-6.124260136292238712e+03 3.026950063846875310e+03 -1.285072997988443603e+04
-7.906825792574818479e+03 -5.745578711282204267e+02 -2.887740442427842936e+03
-4.919878568910282866e+02 -5.397468595656637262e+03 -8.944952354823850328e+03
1.092227927135529171e+04 -2.319178427751191975e+03 -1.980090357210093862e+04
-1.132382955625771956e+03 -3.229422922424995704e+03 -3.797700931033877623e+03
1.467767096761902167e+03 -1.197745258145568368e+04 -1.010469441581418505e+04
-3.749845247200121321e+03 -2.688861046179090408e+03 -7.052982650622538131e+03
1.437629045631612371e+03 -3.199056752833837436e+03 -5.507193299874320473e+03
-5.845909533337401626e+03 6.876410768740122421e+02 -5.440397406690361095e+03
-5.646791468341662949e+03 -6.828859516497631375e+03 -7.847991227089616586e+03
-3.940824243462990580e+03 -3.104641007127424359e+02 -5.557453270298678035e+03
-1.479189759555820274e+03 -1.055181366674404217e+03 -8.277230547334524090e+03
-5.337193061563766605e+03 7.087024770432401056e+03 -7.253947008892924714e+03
-1.697582212579470252e+03 -3.548351637501982623e+02 -7.692073705227070604e+03
-4.142232202156529820e+04 1.843505151257535772e+03 4.362517155600477054e+03
-6.254813047305499822e+03 -3.091242618856010722e+02 -3.992200027186065654e+03
-4.102404628828314344e+03 5.122644780276397114e+01 -5.096271185035044255e+03
-7.847639975736815359e+02 -1.187219034873815417e+03 -8.299672482650121310e+03
-5.091205506046298979e+03 1.524347302831728257e+02 -5.606514747164053915e+03
-5.360849854874260018e+03 -2.542091130713686198e+03 -4.986930309880577624e+03
-4.223561708066726169e+03 -9.536577816647070449e+02 -4.989016174519784727e+03
-2.603880857357370132e+03 -2.678057834783642193e+02 -6.411549681375518048e+03
-2.776093549238654759e+03 -8.695992452754344981e+01 -6.396221193067368404e+03
-1.887001983965637692e+03 3.295313101223661761e+03 -1.044024050173488467e+04
-4.055282721025022511e+03 -1.500012467456576587e+03 -3.806160800407649731e+03
-5.262910766863722529e+03 -9.804967611311349174e+02 -3.749746883125470049e+03
-2.129421217384843658e+03 -1.018995410258649258e+03 -6.676265431450085998e+03
-4.609632818137443792e+03 -3.087920076351178523e+03 2.005013056039123569e+02
-1.513561062672878279e+03 -1.751342759035476547e+03 -6.568033189729401784e+03
-4.382039700369707020e+02 -1.424934311674863693e+03 -8.446272777437767218e+03
-2.834793743092693603e+03 9.818735292870442777e+01 -1.135890241091992539e+04
-2.665105098675375302e+03 -9.992282411064512644e+02 -5.738614183994435734e+03
-4.571205700892321147e+03 -2.051169838515204447e+01 -4.746742012305787284e+03
-2.093990451471504002e+03 -5.983551827731382673e+02 -7.392226933910815205e+03
-5.824335080227709113e+03 6.806779999975015016e+02 -3.805968810982330524e+03
-1.909475291769072328e+03 -1.555037884717884253e+03 -6.406836505866536754e+03
-2.235664915751904118e+03 1.233834753775513718e+03 -5.497203544753258939e+03
-3.773634440110496143e+03 -7.632328092812385876e+02 -4.932479786116118703e+03
-3.461994742044455052e+03 -1.103514320363272645e+03 -4.497066784599421226e+03
-4.421717018522568651e+03 3.538539801151044344e+02 -4.079317353277920574e+03
-7.136067324561232454e+03 1.455619139665824605e+03 -3.711371001111618170e+03
3.685907601045708361e+03 -3.375611608348137452e+03 -5.686678088179394763e+03
-5.217084595176171206e+03 -5.155523622347003538e+02 -5.781893641385797309e+03
-5.925602788833906743e+03 4.759684067493049611e+02 -4.669996403900068799e+03
2.858710756610566932e+02 -2.506859706552103034e+03 -9.052792474697380385e+03
-2.427392381447337812e+03 -2.609789415267949835e+02 -6.317657845451071807e+03
-3.483188275481684286e+03 -8.039751084731468609e+02 -5.871227103354659448e+03
-4.728011531182361068e+03 2.768163041704463012e+02 -5.253179253665164651e+03
3.364507227785293253e+03 -3.960745703678835980e+03 -8.253404990294797244e+03
-4.903207253640759518e+03 -2.246936727714894914e+03 -3.583153451194317313e+03
-5.791133367748051569e+03 -6.699929997201769538e+02 -3.107380387602214341e+03
-4.124594562447149656e+03 5.575949882982612326e+04 -4.438418581870162598e+03
-2.548056453396853613e+03 -2.850418449238897210e+03 -8.555457975762041315e+03
-3.478077563704688146e+03 -2.500320543151457514e+03 -9.563414539914206216e+02
-9.489209389332175988e+02 9.730823291764638725e+02 -5.996719321221863538e+03
-5.844360541180465589e+03 -1.597951434493717784e+02 -4.195200998078962584e+03
-9.486308660737951186e+02 -9.245269735646929803e+02 -7.625181483918994672e+03
-5.461217228492837421e+03 -4.047910950847653453e+02 -4.214636961973404141e+03
-2.662466669972184718e+03 -2.918344463971286586e+03 -6.928643997108458279e+03
-4.527074819886494879e+03 -1.123600123071769758e+03 -4.888053551363561382e+03
-3.840867906238642263e+03 -1.017105718628681984e+03 -4.509756245563391531e+03
-4.687046160888787199e+03 -7.524232298565816563e+02 -5.202925008876384709e+03
-4.089169905137769092e+02 -5.629669160548733998e+03 -8.286000505495074322e+03
-1.180861563458464843e+03 -2.906482042692608047e+03 -7.259148070575600286e+03
-4.328152129875424180e+03 -1.031943413129883766e+03 -3.272533907490622369e+03
-9.913776517726049860e+03 1.202508154523150552e+03 2.715616998777304161e+03
1.916844915683972431e+03 -5.095347175795353905e+03 -9.789677947506717828e+03
-2.585803502984987972e+03 1.845277857089175313e+03 -8.426428921773091133e+03
-2.934873333782939426e+03 -1.439744263598469161e+03 -6.284825228880893519e+03
1.096732461371439285e+03 -5.709684950741753710e+03 -6.938118108183227378e+03
-1.985867886825685218e+03 -5.971492467193611446e+02 -6.508941524572464004e+03
-5.169106715032276611e+01 -6.043807983925153167e+03 -7.471817138803214220e+03
-3.499667928751792715e+03 -5.859823882878957193e+03 -3.477704493087362607e+03
-4.996215699724301885e+03 -3.437238650771186030e+02 -4.424494273431477268e+03
-1.443732869039657544e+03 -8.154830146199577712e+02 -8.148061353855361631e+03
-3.579223779477371409e+03 -2.247154065993061977e+03 -5.092992652165499749e+03
1.115555680714712616e+04 5.135851378598224073e+03 -6.530756555414457580e+03
-4.269489009259696104e+03 -3.015119342681098351e+04 -1.759882376844402097e+04
-2.179046364216868824e+03 3.710018832431711417e+03 -6.013675141956434800e+02
3.012316997007820873e+01 -1.316671944397989819e+03 -8.691561665310588069e+03
-5.343347970889750286e+03 1.616377661917599653e+02 -4.796114414115751060e+03
-3.906515169154147770e+03 -3.569284107584926460e+02 -4.356553630584230632e+03
-1.154834447342129522e+02 -1.296745649938623274e+03 -8.794035640893673190e+03
-4.492608596719405796e+03 -6.565802747444253100e+02 -5.127537118312854545e+03
-5.093205833921730346e+02 2.719204793088748033e+02 -1.283512226577948059e+04
-3.198571956401437546e+03 7.605348885447201610e+02 -5.954911269188623919e+03
-1.763682822482737492e+03 -3.021088020387099732e+03 -1.041751268524286024e+04
-2.307844851722176827e+03 8.299469376234594620e+02 -1.329917251790180853e+04
-4.657835972492058318e+03 -7.343018384304452866e+02 -3.453952350839388600e+03
-1.635968631919182371e+04 -1.295127608765771583e+03 5.006558859695062893e+03
-6.237285376484093831e+03 -1.686051819541266013e+03 -4.871935322511415507e+03
-2.044806549040064056e+03 7.558290548117423668e+02 -6.217399970306023533e+03
-6.054640380619271127e+03 8.412965102895407199e+02 -7.287587256460402386e+03
-4.490098755961949792e+03 -8.743811422497939247e+02 -5.684620257617014431e+03
-3.906498205521921591e+03 -3.668725152936918903e+02 -5.667025269725218095e+03
-4.654888132490590579e+03 4.994223562657591629e+02 -4.387954418497059123e+03
-4.462710591828688848e+03 -4.169434782174290035e+02 -4.994486651664786223e+03
-1.730700389053438130e+03 8.598059302440585725e+02 -5.520950126085249394e+03
-4.063910855052523402e+03 -2.221359430819732381e+02 -5.226855720596240644e+03
-5.162905838715278151e+03 -7.743025382814956856e+02 -4.288536602642062462e+03
-2.383773908747079076e+03 -8.243893236435654899e+02 -7.219161387934504091e+03
-6.675023610854394065e+03 2.011325297799812461e+03 -4.767218752043720997e+03
-3.227588852872733241e+03 -5.703371366716660305e+02 -5.719060218483962672e+03
-4.392511392645504884e+02 9.347790829669432924e+02 -4.026485318869153161e+03
-1.644434053333329075e+03 -1.919494280355716455e+03 -5.243298604052637529e+03
-4.569851684930459669e+03 1.496559988658691509e+01 -5.418650808845549363e+03
-4.911035647669597893e+03 -1.115522797581215855e+03 -5.918779203506432168e+03
-3.991524147023204478e+03 -3.803029262805090639e+03 -6.401873403929629603e+03
1.856752805019756852e+04 6.597744145941647730e+03 -8.133442655235668099e+03
-3.694240353908346606e+03 -8.925499992748937075e+02 -7.116383968430871391e+03
-2.848041478179155092e+03 -4.302226966555793410e+02 -6.863466409438003211e+03
-3.790107968374964003e+03 -5.991342162501983921e+02 -5.678456513531283235e+03
-1.291114814425507939e+04 4.312692096810472322e+03 -3.535599864009378962e+03
-5.399535260058212771e+03 -6.988471535536132251e+02 -3.667948422924780971e+03
-2.117535434031781733e+03 1.905691058915792269e+02 -6.273771263022144012e+03
-4.146877131454324626e+03 -4.448028182588119535e+02 -4.969045851739399950e+03
-4.832941369220659908e+03 4.263905556722983761e+02 -3.683195525446354623e+03
-3.924275351646589115e+03 -1.202194359716122108e+03 -4.690420422719940689e+03
-3.266041247433421177e+03 -2.885542506825750024e+02 -5.983292948724368216e+03
-5.507146952859362500e+03 1.661613678874654397e+03 -5.360037500959362660e+03
-4.961002734625333687e+03 -5.343345024371323007e+02 -4.339223046618259104e+03
-3.944229673466749773e+03 -8.478426958632121568e+01 -5.339150108402877777e+03
-2.436761016257420124e+03 -1.269527151427173976e+03 -7.162357236401636328e+03
-6.510592911924778491e+03 1.066308565024851305e+02 -7.584005502258691195e+03
-5.918582060587179512e+03 -3.714960120674186328e+01 -3.259483555656692261e+03
-4.800619515497472094e+03 -1.225332053733469365e+03 -5.574089049864998742e+03
-1.556026043709427995e+03 -2.025658521420348279e+01 -6.375478645232609779e+03
1.402842657262628109e+03 8.675753735231799510e+03 -8.505052837947034277e+03
-4.044677332657995521e+03 -3.358791543264504753e+02 -5.755171731844561691e+03
-4.282062506809421393e+03 -1.231277367481473448e+03 -5.232004587377421558e+03
-5.610417672976205722e+03 -9.017622938845514682e+02 -6.127987389936633917e+03
-4.346406539107023491e+03 -5.313333848137866653e+02 -5.223003171482114340e+03
1.554622509539835278e+02 -2.001818292067989660e+03 -9.039567263940371049e+03
1.881462841958962235e+04 6.381427347148218360e+03 -8.012509663716740761e+03
-3.883981051847974413e+03 7.283256139424249795e+02 -6.925511152744186802e+03
-5.797236892934375646e+03 4.047864826364173041e+02 -5.078397628891131717e+03
-3.276802959039545385e+03 -5.233541921624150746e+02 -5.786235506584227551e+03
-1.840899233526684611e+03 -5.307979507236367454e+02 -7.587292840639173846e+03
-1.691590481600760086e+03 -3.346259486317787832e+02 -7.257488283768821020e+03
-2.892486979468792015e+03 -1.347973214320589932e+02 -6.338794602734326872e+03
-4.240108291009977620e+03 -1.104856905887168296e+03 -4.954049567634199775e+03
5.168325211489651338e+03 -1.373540108538975619e+04 -1.220979348558306447e+04
-4.904474127962401326e+03 2.505557710634681143e+02 -3.900260922435630619e+03
-1.528437523932803288e+03 -5.063956127117563142e+02 -6.930391254367974398e+03
-8.470209222116567616e+03 -6.295373611280632531e+02 -4.983186999526149521e+03
-5.266038105873029053e+03 -9.237937834793158345e+02 -2.772671527953688837e+03
-5.312052278830336945e+03 -3.327951200213503853e+02 -3.576276604982102526e+03
-5.012567798383526679e+03 -4.993720395056963071e+02 -5.059911760094186320e+03
-4.017156726181769045e+03 1.002845203246347864e+03 -3.579623563632926562e+03
-4.118427547859663719e+03 -3.563533475089283229e+02 -5.613538635509365122e+03
-4.241261194320351933e+03 -1.468760327620171324e+02 -5.614250792284755335e+03
-1.461891492366543025e+04 -2.460453315851214938e+03 1.922410517657642686e+03
-9.803664636116531028e+02 2.390635608622052132e+03 -3.645737514776808894e+03
-4.773369513874961740e+03 -1.256734455679816847e+03 -5.320289057850345671e+03
-4.556103428825838819e+03 2.399136579302361042e+03 -2.903458777390367686e+03
-4.622477557946825982e+03 -7.574874444884881086e+02 -5.026556173233166191e+03
-6.781328744318570898e+02 8.719278038669424404e+02 -3.932412779594439144e+03
-2.876912967710624798e+03 -4.820038711292983749e+02 -6.951980931774626697e+03
-1.860024099293139807e+04 -5.765365106333505537e+03 1.394684887726806301e+04
-4.588770634244363464e+03 -1.103297718315180191e+03 -6.559250225835668971e+03
-2.538034108813130274e+02 -1.736397620617452731e+03 -1.136066811812567903e+04
-5.343761909671874491e+03 -1.342494627179149575e+03 -3.127117223836210087e+03
-3.128846117581377257e+03 -8.780827088856053706e+02 -7.112460212792650054e+03
-1.426276271355549579e+04 2.259894398676995479e+03 -4.539216387623830087e+03
-2.140771871034583910e+03 -2.357474609730590601e+03 -7.879856471533968943e+03
-6.353994239395301520e+03 -1.496428609232797953e+03 -6.850316747076572938e+03
-4.342582533001367665e+03 1.016131037197840897e+03 -3.931268509423706291e+03
-2.447266940244261605e+03 -2.011727977352420567e+03 -5.762931248953785143e+03
-4.025020432894792975e+03 -4.141260417288035569e+02 -5.185869878835571399e+03
-1.564539521157873969e+04 -9.470496755467486309e+02 -4.450173287034409441e+03
-3.988707846349618649e+03 -2.658226180062658841e+02 -8.975425607162032975e+03
-3.407645110904834382e+03 7.611042584944291320e+02 -4.286845876574272552e+03
-1.329574454107575548e+04 1.216719818517079375e+03 -1.559798408472608753e+04
-2.661674197888092294e+03 -5.372939275332843181e+02 -7.055011763394964873e+03
-4.852157517867755814e+03 -4.690267089795760853e+02 -3.994240853134667759e+03
3.523449414447766230e+02 -1.769779493309208647e+03 -9.298945273609468131e+03
-4.822697755389172926e+03 3.722140441849109607e+02 -5.758005203165284911e+03
-4.492329283554492577e+03 -6.897858369298801335e+02 -3.807499639505223058e+03
1.047509377816716187e+04 -1.173343867531302021e+04 -1.664210639450136659e+04
-2.646625176298853603e+03 -6.778227179887137481e+02 -6.137409736173966849e+03
-4.967233944458445876e+03 6.192478040276786260e+02 -4.458234610894814978e+03
-1.000165994699144221e+03 -1.688908117224755642e+03 -7.852558787849864530e+03
-2.924863449330091498e+03 -7.044851702035393828e+02 -6.061033374033571818e+03
-3.490278901613797188e+03 -7.306107789965519714e+02 -5.504486635043735987e+03
-3.764629664918333219e+03 -1.034586839033466504e+03 -5.839757754849450976e+03
-4.177245015325388522e+03 -3.956411426691026918e+02 -5.704200304274508198e+03
-4.325763428054155156e+03 -4.384468907006285008e+02 -5.601115879497486276e+03
-2.652713289031734803e+03 -6.278660458880573287e+02 -6.321265920692981126e+03
-3.989834779824910584e+03 -6.075460283750267081e+02 -5.483392006349395160e+03
-2.370369253842619946e+04 -1.233068333105868260e+04 3.075559061528950224e+03
-1.306651740513587356e+03 1.106040619329664878e+03 -6.298778899823019856e+03
-5.185028754453069268e+03 3.996886028733734747e+03 -3.913338847206615355e+03
-3.820599265640995782e+03 2.498188903126206242e+03 -5.726193740232860364e+03
-3.273706259389042316e+03 -6.473684067459457765e+02 -6.103472182747177612e+03
-4.850943288504853626e+03 4.422640081983875007e+02 -3.900155522050265972e+03
-8.903696657408547253e+03 -9.028323648920428241e+03 8.443822886358908590e+02
-4.975458909998895251e+03 -5.478143154273387836e+02 -4.327567741624789051e+03
-8.862731193336223441e+03 -4.531850901734799663e+03 -4.711165652436831806e+03
8.462204859038913582e+02 1.095601468690384309e+03 -5.062734610854247876e+03
-4.131230322271613659e+03 -3.500202003862525544e+02 -5.743003437727453274e+03
-4.025631756371885785e+03 -1.793969392758208414e+02 -5.916821791582000515e+03
-2.490480436064131936e+03 -3.369581268068041027e+02 -7.327866950574076327e+03
-2.981528395838766755e+03 1.512605818279507730e+03 -5.160461427129306685e+03
-1.519627890270981698e+04 2.351978386193647748e+04 -2.868793731669521731e+04
-2.097515416747764448e+03 -2.276091773581341386e+03 -3.422825489816811114e+03
-4.160729036573722624e+03 -2.990932655600431644e+00 -5.732847029706638750e+03
-9.921136265147484664e+03 -2.754889383158904366e+02 2.089725670376350081e+03
-6.102692462820986293e+03 -3.467001662893250341e+03 -5.308471472434086536e+03
-1.331305932501360985e+03 -5.532630668070132742e+02 -8.082877055763853605e+03
-4.600577226739153957e+03 8.903252883699183258e+02 -4.774283512757650897e+03
-4.489183944448194779e+03 -6.449988931648156267e+02 -4.817607262192061171e+03
-3.863332759169181827e+03 -4.346983853833421563e+02 -5.267556910309840532e+03
3.763261959091766130e+03 -9.428184423995073303e+03 -1.268377438155994969e+04
-3.766925868199022261e+03 -4.084483545949906329e+02 -5.393030296460361569e+03
-8.006771743449673522e+03 2.636008004168871821e+02 -6.343604405534720172e+03
-5.782889535211483235e+03 -5.255929673198143064e+02 -6.100634913817420966e+03
-4.939885277682705237e+03 -8.040627085501330384e+02 -3.885109826270946542e+03
-4.659582100849403105e+03 4.145141207329569966e+01 -1.073890632301643564e+04
-5.403936513650376583e+03 -1.064115578796417822e+03 -4.032969105758829301e+03
-3.355862195368600169e+03 -1.646216724257813985e+04 1.610950067522754580e+04
-3.985410941632834238e+03 -1.038913450241794180e+03 -5.648068092485034867e+03
-2.500082936679502836e+03 -7.818992810220148613e+02 -6.228207746906166903e+03
-4.698118604692528606e+03 -3.427642565191159179e+02 -5.095343175981480272e+03
-2.710931858591105083e+03 1.436274100103642013e+02 -5.782220642860150292e+03
-1.887170070150826405e+03 5.500886550363761671e+02 -6.472420591903402965e+03
-4.241685133916363156e+03 -8.502115880007195301e+02 -5.842102546670876109e+03
-4.065648527002431365e+03 -2.371853008344334910e+02 -5.146486237124574473e+03
-2.997802761482125061e+04 -2.341796952686359873e+04 4.001169041803640721e+04
-2.119384863009198853e+03 -1.626859318436327840e+03 -1.010851029940165608e+04
-4.047447408681938214e+03 -8.771523961507273270e+01 -5.676155704426834745e+03
-1.214399320877002083e+03 1.416095785303939465e+02 -3.787395563864310134e+03
-5.361063305325999863e+03 -4.555088006381899959e+02 -3.925573773743474248e+03
-4.284281731533068523e+03 -5.310152317113539766e+02 -5.424778180625084133e+03
-3.952106952018292759e+03 -1.579167150550779297e+01 -5.532157276914957038e+03
-2.620333040110537695e+03 -1.024458416420154890e+03 -6.584370606837838750e+03
-5.254949166353773762e+03 -7.891228254839253395e+02 -3.106124697227044635e+03
-2.076395954909599368e+03 -2.616916024688049947e+04 1.374910274888413369e+03
-2.192851608819028115e+03 -1.011632954115255188e+03 -6.531233576752174486e+03
-3.143695988367856899e+03 -4.320449606506071518e+02 -6.124977916957994239e+03
3.017546095010701720e+03 -5.713921077465258350e+03 -8.697991301377745913e+03
-3.628445614132714582e+03 -6.060945014188558844e+02 -5.804609042474085982e+03
-1.888298441118768551e+03 1.096895943794984078e+03 -2.456183351380219847e+03
-1.004861813481985223e+03 -1.148699680539231849e+03 -7.990918546022623559e+03
-4.016535987139342069e+03 -5.618372387070585319e+02 -5.448992891713189238e+03
-2.010392049897039442e+03 -9.697493834295098623e+02 -3.498220911063070616e+03
-1.210613097436060343e+03 -7.844457573802392290e+02 -7.259244336927195945e+03
-5.827275208033905074e+03 -5.121530539557376187e+02 -3.548368848188371430e+03
-2.919144619260776381e+03 -9.720880899981427774e+02 -6.173321864167742206e+03
-1.923136375411277868e+03 -4.127425207739793223e+03 -9.217752923547606770e+03
-5.127143578233890366e+03 7.746873669436013188e+01 -4.344457223154037820e+03
-7.758887427160239895e+03 -8.523476083698564253e+03 -1.199764402562652208e+02
-2.247847140282574037e+04 4.444277235395941716e+03 5.782618239925049238e+03
5.250935185586295120e+03 -1.197519397715492232e+04 -9.999534199488380182e+03
-6.169401422159086906e+03 -6.725348830682849439e+03 6.711367415994879593e+03
-2.997614620500488854e+03 9.950370594737049714e+02 -6.129958668435735490e+03
-4.531781628159866159e+03 -6.819503025337596682e+02 -5.135329277375883976e+03
-5.875912191512043137e+03 -7.927838098730225056e+02 -4.606072119146609111e+03
-4.469394517219770023e+03 -5.396611683274733196e+02 -5.218105314713789994e+03
3.073821271825739814e+02 -1.010734705246923659e+04 -4.823203464706022714e+03
-4.700188266107723393e+03 -1.562551013515841987e+03 -4.184221947687288775e+03
-4.302656884130590697e+03 -4.867960599730446347e+02 -5.742714929852627392e+03
-4.358150187118732902e+03 -1.002417407903966051e+01 -2.779305766316051631e+03
-6.980536209265275829e+03 -6.749166002874189871e+02 -2.387683461636206630e+03
-4.042666536455762980e+03 9.235214199144644454e+01 -5.638719411932728690e+03
-8.413163572194232984e+03 -4.762784859636243709e+03 -2.260109460864649009e+03
-4.057227976069617853e+03 2.212671535397194930e+03 -5.928127689495011509e+03
-3.074035853808346474e+03 -1.533558642088605893e+03 -1.025765054677345461e+03
-6.974618268518993318e+03 1.567036525319235807e+04 -1.908427108247198703e+04
-1.281250357329982535e+03 2.480946753284412409e+02 -6.933546789430514764e+03
3.408127215645756678e+03 -1.068233862711932670e+04 -9.180294165212120788e+03
-5.422503145458318613e+03 -3.846109962944856306e+02 -4.040995100483274200e+03
-7.276417649663399061e+02 5.128993883804826510e+03 -9.817482157694699708e+03
-1.030341230870250001e+03 -3.991955782703992099e+03 -7.170264035070148566e+03
-4.006085620230968289e+03 -6.246615367086010338e+02 -5.662550673588177233e+03
-4.029102141687499625e+03 -5.687039660991595156e+02 -5.188519667730719448e+03
-3.535081344025315047e+03 -5.368961593723727219e+02 -5.473930163962720144e+03
-3.466234091431022989e+03 -8.927790946339458742e+02 -5.624019830232697132e+03
-3.419381806749472617e+03 -8.153237186683982145e+02 -5.736144849946498653e+03
-3.523415253279607441e+03 -9.419208656582461572e+02 -5.672884061470113011e+03
5.336574111214304139e+01 -2.937436093750610326e+03 -6.849540227929211142e+03
-4.594239543455958483e+03 -1.178598995779747383e+03 -5.663882737222083051e+03
-8.520611311596374435e+03 1.723906731919816366e+03 -9.862128203132486306e+03
-3.441434664605912985e+03 -5.912285254543050996e+02 -6.152959803196912617e+03
-5.763312579595574789e+03 1.920148402184391671e+03 -1.637464133851794031e+03
-3.275558747758759637e+03 -6.246629705803736670e+02 -5.426957294198196905e+03
1.531213577343986253e+04 4.379957481033890872e+03 -1.395029467177898914e+04
-3.428085123412518442e+03 -8.737691251646708679e+02 -5.908335599162544895e+03
-3.493969103039401489e+03 -8.483943910708296698e+02 -5.653706275213237859e+03
-9.280151600327424603e+03 3.534761722706868568e+03 -2.870599631439966834e+04
-1.898625369195915482e+03 -8.964526079859713263e+02 -6.475557501500565195e+03
-2.764685202739456599e+03 -5.073779881158473017e+02 -6.180010588209237540e+03
-3.402240457929443892e+03 -7.254302896766679396e+02 -5.441570178570437747e+03
-3.527247548751205613e+03 -9.033098940016658389e+02 -5.692238936846519209e+03
-3.047098838294599545e+02 -2.777775706881388487e+03 -8.906534220741386889e+03
2.348054026976247769e+03 -6.548051275688448186e+03 -1.049786965352459993e+04
-1.008888758714012693e+04 2.480872795506253681e+01 2.381713616614137209e+03
-7.161856660774510601e+03 -5.904598495319796712e+02 -1.015212720089165123e+04
6.633828268174839650e+03 3.504545463047401881e+03 -1.086937686679918079e+04
6.853263374310733980e+01 -2.459055978841252454e+03 -5.474236012066567127e+03
-2.823349272208768525e+03 -2.543150343846290014e+02 -5.889871525459977420e+03
1.479363870647320255e+04 1.370436760049686018e+04 -3.337504683691367245e+04
9.409059094723332237e+03 5.361433744224198563e+03 -1.160535769547212658e+04
-4.289567188156037446e+03 3.023125974671914946e+02 -6.165082864469995002e+03
-3.509508807638312646e+03 -9.458424815145820048e+02 -5.607462305007111354e+03
-3.882230364219675266e+03 -9.420985762562586388e+02 -5.206312091032987155e+03
4.525457168137415465e+03 2.287601547546195889e+03 -2.574763444400443404e+04
-4.838454706633687238e+03 -1.861047378531557115e+02 -3.440745187651692049e+03
-3.250281007668842904e+03 -9.256655125293010542e+02 -5.843116687707192796e+03
-5.040728560830524657e+03 9.839891042061053668e+02 -3.547635004472061155e+03
-1.120011476620669600e+04 -5.940693502666327959e+02 -3.087044582164098301e+03
-3.087284861222641211e+03 -7.764498689006613859e+02 -5.669595833178200337e+03
3.702190693146843387e+03 3.840339177325682613e+03 -1.087190742999081704e+04
-3.587067977611146034e+03 -4.672191039565848769e+03 -1.569509540854263605e+02
1.024571722749455603e+03 -2.639641199647957137e+02 -7.999074177252448862e+03
-8.228211963188232403e+02 -2.457579297459104509e+03 -1.260932622047947007e+04
-1.483990109145442375e+03 -1.497242449251607013e+03 -5.490828999981385095e+03
-3.126670559848345874e+03 -5.480990205139906948e+02 -5.364531058820706676e+03
-5.322654750842683825e+03 1.024697771010653469e+02 -2.155354501309716397e+03
-3.561851096284312916e+03 -5.245758855560925440e+02 -5.609494530750493141e+03
-3.082917430633031017e+03 -7.110362678590013275e+02 -5.898594075854367475e+03
6.958050311147594584e+03 4.385809014751735049e+03 -1.241772307937193182e+04
-8.933665389837073008e+02 3.177849264471021343e+03 -7.467937561076553720e+03
-3.327136420517198076e+03 -8.850258496465798999e+02 -5.587326868018100868e+03
-3.295785647935329507e+03 -8.477994938092567736e+02 -5.536556751879615149e+03
-2.649469451514377738e+01 -4.126245077088125981e+03 -4.599367199745963262e+03
-3.155857846372859058e+03 -4.358986825541840631e+02 -5.389217299055156218e+03
-3.202135210137836566e+03 -9.795670023272987237e+02 -5.472572356099713943e+03
-2.131380584975212969e+03 9.626328130191056687e+01 -6.359540643812649250e+03
-1.738206786441575105e+02 1.057226030759878086e+03 -3.876862522546588480e+03
-3.534989651522391341e+03 -6.855079058696821903e+02 -6.021028910449143041e+03
-4.138486816987749989e+03 -4.850152131779906881e+02 -3.319564431086776040e+03
-3.585851656171230388e+03 -7.935960312195343249e+02 -5.703491030473398496e+03
-1.376261876903558368e+04 2.519929770035985712e+03 3.898244950953221178e+03
-7.650328859962048227e+03 7.070025969447215175e+03 -9.943757446285562764e+03
-4.228868867438271081e+03 -1.824829924821334316e+03 -5.874004977811461686e+03
-4.648150226484598534e+03 8.412732919766340274e+02 -4.589036087358817895e+03
-2.927348030119191662e+03 5.928425872672871719e+02 -5.631988934909892123e+03
-3.665165935337378414e+03 -5.136767380617277468e+02 -5.550610626411441444e+03
8.015283928169578758e+03 4.754656074719425305e+03 -1.176710481588250695e+04
-3.487063065635655676e+03 -6.587371895963644874e+02 -5.685913289389842248e+03
1.820343323711568155e+04 1.266680721670603089e+04 -4.938663339624919172e+04
-8.280437000786034332e+03 -8.896383732400634017e+02 -9.780010271617682520e+03
-1.954751744101529539e+03 -7.506025871089464090e+02 -2.485856586534715461e+03
-3.011232945323347849e+03 -7.822268030868366395e+02 -5.799163872540740158e+03
-3.702610466424818242e+03 -1.994213591408734374e+03 -6.110043776458865977e+03
-3.526633548683341360e+03 -2.699532208601457910e+02 -6.012447024941409836e+03
-2.963953041667081834e+03 -5.830827187788279389e+02 -5.825132332649258387e+03
-2.813782085953735077e+02 8.136020778812730896e+02 -9.182022045456611522e+03
-3.227465385389822131e+03 -6.068797119280441166e+02 -5.495261587190304454e+03
-3.236179875538068245e+03 -3.923568011164321092e+02 -5.989799873529216711e+03
-3.126678337844406997e+03 -1.992873894921721671e+02 -5.564347226189484900e+03
-1.819936945162904976e+03 -5.778031099721563351e+02 -5.690874593587370327e+03
-3.223488545404545221e+03 -9.452236911617944770e+02 -5.825016791063235360e+03
-1.262302177374811072e+04 -2.642493753630198626e+03 -8.167695515125739803e+03
2.084057516723838489e+03 4.645530391014383440e+02 -4.059312253072524072e+03
-8.950348729050678003e+02 -1.624435299987720555e+03 -5.280712076597190389e+03
-3.519303485605997594e+03 -5.958548325835693049e+02 -5.952584281476638353e+03
-2.421793422735115200e+03 -7.003050552460398421e+02 -6.264254995574634449e+03
3.085196865351317683e+03 5.472162751335852590e+03 -8.043455028444462187e+03
-8.328135661471185813e+03 -2.892927669628164949e+03 -3.483234254572530517e+03
-3.485317083680180531e+03 -6.758199867301095765e+02 -5.673460978422365770e+03
-4.676420589955051582e+03 -1.068024318954366890e+03 -5.273253061224388148e+03
6.280204509893073009e+03 6.831360001748567811e+03 -1.704835707816450304e+04
-3.576681943714046611e+03 -1.603919076849510475e+03 -5.874176042437819888e+03
1.936189998466343968e+04 -3.412354887928380776e+03 1.157997496444811804e+04
-6.960861911332989621e+03 -2.802749926976083316e+03 -5.414105512762194849e+03
-3.199399411686952590e+03 -3.229107734825992111e+02 -6.124343953882210371e+03
-4.175335028620187927e+02 -2.916400007170364574e+02 -8.790213755046805090e+03
-3.531212515773986070e+03 -6.834255973260326300e+02 -5.878820767888222690e+03
-3.525038652709127746e+03 -9.141518677357089473e+02 -5.652624619728127982e+03
1.473644418974377004e+03 3.683169648633326688e+03 -7.073195226948253548e+03
-1.405497252047907182e+02 -3.642068144701499932e+03 -1.157932913189921237e+04
-2.381223754497957088e+03 3.288498951576491436e+01 -6.602593482565545855e+03
-3.379878904547317688e+03 -9.969896571645427912e+02 -5.771304387815157497e+03
-3.363835888448324840e+04 -3.200689912277434996e+04 -9.361112944372389393e+03
-3.789715217003154521e+03 4.390344406091188830e+03 -2.420882806922916643e+03
-3.538898607860597167e+03 -7.027562125870892942e+02 -5.969290567446011664e+03
-3.468244142257680323e+03 -9.323160108120466703e+02 -5.575359515572526107e+03
-3.097522085013923970e+03 -8.439211133633660893e+02 -5.624681839241897251e+03
5.022663887448259629e+03 4.596420914798248305e+03 -1.154143283229253211e+04
-3.451777163933853444e+03 -8.780360787321919815e+02 -4.090907981291594297e+03
-7.204122415865578660e+03 -1.995089907539530395e+04 1.564188189163166498e+04
-3.457109267229663146e+03 -7.872295704123810083e+02 -5.603323403694964327e+03
-8.022680804208622249e+03 5.153066613868295462e+03 -9.085033091103834522e+03
-1.230711761590100286e+04 -3.183405776934896949e+03 -7.331502991828439235e+02
2.981131049661438374e+04 2.732289486859072349e+04 -1.947573312817946135e+04
-3.200790350557712827e+03 -7.012181904698118160e+02 -5.722840091891654083e+03
-2.766006221353589808e+03 -3.766198658732391777e+02 -6.161595033988582145e+03
-2.994163723447640677e+03 1.431591530618368324e+03 -4.863338255271719390e+03
-1.238679471448110462e+03 -5.140254885663612185e+03 -5.737992074741645411e+03
4.954810201544098163e+03 -5.880230148336689808e+02 -1.174653437397261405e+04
-3.391640986074296052e+03 -3.871966581962024065e+02 -5.593438600405132092e+03
-3.668924282390135431e+03 -8.183895299720810499e+02 -4.798178786984627550e+03
-3.507119961154422072e+03 1.539871031795861995e+02 -5.562549265992837718e+03
-2.586594285427081559e+03 -1.024676388522745810e+03 -6.544116891648908677e+03
3.296125755108618250e+03 2.091252499170533156e+03 -8.635568867128144120e+03
-1.785405251130959368e+04 -1.980490554542906102e+04 -5.802829935102021182e+02
-1.370031037590782944e+04 8.508085129181448792e+03 2.382134635326980970e+03
-1.030350244760082205e+03 -6.053669333436145280e+03 -4.307269113831299364e+03
-3.465916564029110305e+03 -6.066972149532011827e+02 -5.417857989060166801e+03
-5.849209156245109625e+03 -1.941062224955407146e+03 -7.984978419301470467e+02
-8.438119579678370428e+03 -3.621431695200818467e+03 -4.055307259410139523e+03
-3.280127659129605490e+03 -3.464567058015948078e+02 -5.685856218501940930e+03
-3.436746799115258909e+03 -6.063563439564502460e+02 -5.829787188612506725e+03
-3.231820355635367378e+03 -6.350541329299062454e+02 -5.851138384059235250e+03
-5.837066602610297195e+03 9.321655108291532088e+03 -1.951082453456933217e+04
-3.419838926350535075e+03 -2.237679494998279097e+03 -9.929909479549387470e+03
-2.986617445926461187e+03 -6.979487266059632020e+02 -5.661620763520120818e+03
-3.678691867831961645e+03 -2.925145878675273252e+03 -6.061173998593234501e+03
-2.045493187108625079e+03 -1.593817147435814150e+03 -2.164998862742458186e+03
-3.407165242364790174e+03 -4.974114204620863120e+02 -5.483211100390245520e+03
2.179420581296798991e+04 2.612577799618959762e+04 1.099653989622452900e+04
-5.712258297123334160e+03 -3.816705554232589748e+03 -2.946477306527940527e+03
-3.306843264317493322e+03 1.159630682305169103e+03 -5.769725231052657364e+03
-1.626740248973200687e+04 2.491208669453628772e+02 -6.119835563153958446e+02
-2.453064526408757501e+03 -1.980060686492960258e+03 -8.330492873208253513e+03
-3.457824725584280259e+03 -5.766365685230142617e+02 -5.780365082044319934e+03
-5.948266717712580430e+03 -1.850221947774382215e+03 -4.898302560695004104e+03
-3.333858050176430424e+03 -8.117011425683008383e+02 -5.454122718352153242e+03
-3.506748138191813268e+03 -6.159213532683181711e+02 -5.835010833386420018e+03
-5.475249801442973876e+03 -2.687422886176626889e+03 -5.335880689800213077e+03
-8.610588528961617385e+02 -6.533130187884949919e+03 -2.337864778539125837e+03
-3.376442129709898836e+03 -7.365453655892999905e+02 -5.386880561961111198e+03
-3.302203291676241861e+03 -2.704635487520121160e+02 -5.621774800688588584e+03
-7.182167433062622877e+03 -1.256929676900999402e+04 -4.450601189344073646e+03
-3.639757541470275555e+03 -6.271406666749197711e+02 -5.495681143210227674e+03
-2.952233498404229067e+03 -7.037978131544568896e+02 -6.097512083779789464e+03
-5.620003398401235245e+03 -7.287205521916766315e+01 -4.334160110679224999e+03
-4.343031208432645144e+03 -2.959721174894628348e+03 -3.995467603260419310e+03
-3.180398692444030530e+03 -6.796223831442752044e+02 -5.717344410613382934e+03
3.747563630128374825e+02 2.025382648263573856e+03 -7.401840790388295318e+03
-3.570211853301857900e+03 -4.201311406648227376e+02 -5.610784178673780843e+03
6.573001543207493569e+01 -2.943250099318905768e+02 -4.490026505300621466e+03
-6.732597504519604627e+03 -1.546247293223512315e+03 -4.468839269619780680e+03
-8.717599472825004341e+03 -3.375919803691655034e+03 -3.127897253844196712e+03
-4.083688006313791902e+03 -7.761646808920812646e+01 -4.876513995486100612e+03
-3.278288559911462016e+03 -7.085705229716422764e+02 -6.170608454328143125e+03
-3.833936714978295640e+03 -3.701831551509443443e+02 -5.194843842737538580e+03
6.602600852587777354e+02 -4.279708652681525564e+03 -6.328587378510082090e+03
-3.317866768215042157e+03 -9.059575435808984594e+02 -6.054543634199157168e+03
7.479841498938068298e+02 -4.113182860724035891e+03 -2.504086361580941684e+03
9.429355221834523491e+02 4.419712158585416546e+03 -1.023949577143749593e+04
-8.394297073298575924e+03 -1.217487655844915025e+04 -1.225048638489916448e+04
-3.541546969352243650e+03 -8.272025325115663463e+02 -5.511095104572494165e+03
-3.390616491963927729e+03 -4.595483653910354178e+02 -5.605693682086458466e+03
-3.379704675202794533e+03 -3.895333621380558498e+02 -6.136933760578552210e+03
-1.223163674570830881e+04 2.559494491440763341e+03 -3.913510199035647929e+03
1.766956966024682697e+04 4.448859348416908688e+03 6.903794477624439423e+03
-3.394340725276845205e+03 -5.167226191000627296e+02 -5.448905119308395115e+03
-3.137971458122400236e+03 -8.920119069644625824e+02 -5.582912429453986988e+03
-3.422632608951254497e+03 -7.996674615356115510e+02 -5.472465920301604456e+03
-3.790838600210881850e+03 -9.380561504443609238e+02 -7.094155223082600060e+03
-3.540805418994045340e+03 -6.905593720769364836e+02 -5.743339176392447371e+03
-6.001687272103476062e+03 -3.669705819539464756e+03 -5.731882478883189833e+03
-3.067130158966328963e+03 -1.697984580852038562e+03 -4.929941482267659921e+03
-3.439205733446518934e+03 -4.403543956389536334e+02 -5.609924608183818236e+03
-3.519316354893055632e+03 -4.460240824799339521e+02 -6.076678967546723470e+03
-3.855314981949732100e+03 -1.405389877716118008e+02 -6.278219346550769842e+03
-4.345743742911099616e+03 -2.692215268273992478e+03 -4.647487089955987358e+03
-4.416090353726372996e+03 -1.509837034971164485e+03 -3.779892377332532305e+03
-3.304064847982112042e+03 -4.447282828925954732e+02 -5.751305488988124125e+03
-3.221589452003413044e+03 2.146885538697730453e+02 -5.532653466511782426e+03
-6.537845594286934102e+03 8.336474429573763700e+02 -7.956819556236979224e+03
2.688016829317218435e+04 4.087141568952892703e+04 1.570934703245994569e+04
-9.436866090096675180e+03 -1.352078673201268657e+03 -4.127430309437231699e+03
-5.030637904459712445e+03 -4.376808096192460198e+02 -4.913148159961549936e+03
-3.319192663202602489e+03 -6.644649681830320560e+02 -5.674509541072923639e+03
1.937312763045709653e+04 1.444918285374723018e+04 -2.603152298399551000e+04
-3.412948947427783878e+03 -4.912416244242040193e+02 -5.820472409736278678e+03
-3.619407247209199340e+03 -5.567962585575482990e+02 -5.539649684918593266e+03
1.028398812112049927e+04 6.671190252667713139e+03 -2.121310497626978758e+04
-3.422947582102261094e+03 -5.665083452577987373e+02 -5.587845041343059165e+03
-3.469545184242819232e+03 -9.056357330671870614e+02 -6.059274769926107183e+03
-3.495289724890617890e+03 -7.417868226853055376e+02 -5.741053092019696123e+03
-8.318863919548231934e+03 -4.604746653624430110e+03 -3.725825023351501841e+03
7.789900294332817793e+03 -2.263938699609027481e+03 -8.155135271991300215e+03
-4.533999590539185192e+03 -2.787111054418891172e+02 -4.480529915670419541e+03
-3.439640367310336842e+03 -3.380205902338958595e+02 -5.569807250787134763e+03
-3.286322187678151749e+03 -2.338776664315541893e+02 -5.790510999893300323e+03
-3.857000331726987952e+03 -7.068972613846455033e+02 -6.545859323959953144e+03
1.101884880018361855e+03 -5.688124701180308875e+02 -6.907816833891583883e+03
-3.653592287237296659e+03 2.827837174098080595e+03 -7.567032351984696106e+03
-3.427166017939471658e+03 -4.229011292730021978e+02 -5.583634014919641231e+03
4.553427259653100009e+03 3.296874066406675865e+03 -1.016363902183241407e+04
-3.362661046882061328e+03 -7.357240090712568872e+02 -6.408898411253739141e+03
-5.056277083968425359e+03 -5.069938674109720864e+02 -5.288367781420632127e+03
-3.626150206151322891e+03 -5.949094602168634083e+02 -5.658985531831312983e+03
-3.200892257527174479e+03 -7.285440383102438773e+02 -5.690612898033540660e+03
-4.659256911265027156e+03 -5.152688675533880769e+02 -3.023124166027002502e+03
-4.227050085280612620e+03 4.446722874016700189e+02 -7.063476821146640759e+03
-4.020946630558798006e+03 -4.711113285386898042e+01 -6.107546785451842879e+03
-2.160580139330403654e+03 -5.684160811805327285e+02 -5.552749091238296387e+03
-3.394799961019375587e+03 -2.332884187045896169e+02 -5.928706298996279656e+03
-1.252471411073393028e+04 2.116020872419807347e+03 -3.287126491117220212e+03
-2.594148107847173378e+03 3.053071171576360712e+02 -6.254884579268807101e+03
-1.787184367185285737e+04 2.957642876139169402e+03 -4.230513199446317003e+02
-3.024666049310433664e+03 -4.428080766170132847e+03 -1.087863695389729764e+04
-9.939386358446801069e+02 -1.864177024008931994e+03 -6.353388565762368671e+03
-1.025064291537725512e+04 -5.599159263643212398e+03 -1.831424133894093984e+03
-3.295261247053441821e+03 -8.896698042420089223e+02 -6.400341126704573071e+03
-5.220217603713535937e+03 -2.152869628625155656e+03 -6.728365379281488003e+02
-4.267921632697730274e+03 -1.025463800098646971e+04 6.562320089652173010e+03
-3.302342333000970029e+03 -4.353123692082737080e+02 -6.187713050713413395e+03
-3.527048928071708360e+03 -8.234073204786747056e+02 -6.381999802165073561e+03
-3.251619835914240412e+03 -7.101897776356075838e+02 -6.188660025365272304e+03
1.825848549514171509e+03 3.465911140911020630e+04 5.990854137000194441e+02
-3.114019405686743085e+03 1.499913158410433425e+03 -2.957779572837476735e+03
-3.603527094282175312e+03 -5.329319415358008882e+02 -5.893702964154031179e+03
-2.493331912381503116e+03 1.771194893784224575e+02 -1.498076408608960946e+03
-9.686854481925378423e+03 -4.571066077594764465e+02 -2.403102534635459506e+03
-3.295728490107278049e+03 -2.886494229021576530e+02 -6.117598713662607224e+03
-2.412383629264155388e+03 -3.455659881548280623e+02 -5.166662320347768400e+03
-3.970329279300343842e+03 -8.466611003816886978e+02 -6.621664502520139649e+03
-1.038213371388401902e+04 -5.659647918268443618e+02 -3.624452640755784159e+03
-5.124248364714858326e+03 3.051757282153649840e+02 -7.010188698598413794e+03
-3.616200781234399528e+03 -1.015004370902708843e+03 -5.541146944088039163e+03
-3.169018434413510477e+03 -3.374045669096456663e+02 -5.905045606870126903e+03
-2.574824574019540705e+03 3.171205168433252766e+02 -5.922868757801023094e+03
-3.397660970516822090e+03 -4.742282478456359058e+02 -5.590531311274511609e+03
-3.392499952635363115e+03 -4.573921822710545939e+02 -5.611115943889468326e+03
-2.786526574677066492e+03 1.980372391753410284e+02 -3.144320161221001854e+03
-4.217678394972374917e+03 1.863310035350305043e+03 -2.561390559691218641e+03
-3.297648622721000720e+03 -3.805892836095016492e+02 -6.091319991510372347e+03
-3.343538149170311954e+03 -3.277809876342188318e+02 -5.643371146179519201e+03
-4.919234968073597884e+03 -2.030799171581518522e+03 -6.092848610999728407e+03
-3.490280200937164409e+03 -3.716361420458859470e+02 -6.163879230336227010e+03
1.353689114681073988e+03 -2.205952652347900766e+02 -1.118910207864613949e+04
-3.463747042403345404e+03 -5.918300744670707445e+02 -6.230932144642245476e+03
-2.634315528647262454e+03 2.468781856078069268e+02 -5.873046797545149275e+03
-3.597491924120873591e+03 -5.341750195483059542e+02 -5.755724368775970106e+03
-1.499659034733938825e+03 -4.052017837908069851e+03 -6.922040018982743277e+03
-4.081619454526384743e+03 -2.404307954002935048e+02 -6.133933864627817456e+03
-4.268384169649246360e+03 -1.892577425989524045e+03 -5.544820819625709191e+03
-9.064889892781297021e+03 5.905371223570809889e+03 -3.091569435248539776e+03
-3.395898958306199347e+03 -4.935418613809302428e+02 -5.498026985450300344e+03
-3.470036066808775104e+03 -2.009787817907343879e+02 -5.761104227271451236e+03
-2.516096141358405021e+03 3.357888434246285101e+02 -6.216241787275695970e+03
-5.413288337095424140e+03 -1.151466354847100547e+03 -5.730529861832519600e+03
-1.580414061392623807e+03 -7.386314159070154801e+02 -7.608371505517599871e+03
-1.024209479582665881e+04 -2.599930449362193031e+03 -4.179187756649270341e+03
-7.663971730387612297e+03 3.984555652541333075e+03 -6.824172624288488805e+03
-3.624747635583968076e+03 7.347551681393869330e+03 -1.354182672433958487e+03
-3.760541578072920402e+03 -4.116956557512831409e+02 -8.132724485448316045e+03
-3.389900387357759428e+03 -3.888192593829751331e+02 -5.551706170157424822e+03
-3.549374285966453044e+03 -7.611408719768180617e+02 -6.371042898778770905e+03
-3.535198313082894856e+03 -7.243001360486366593e+02 -5.957828772727135402e+03
-2.819342172836741156e+03 1.990850734785532040e+03 -2.152010320907971618e+03
-3.179165671762755665e+03 -1.232504719203562217e+03 -5.648570322595076505e+03
-3.521808833177296947e+03 -1.259839265794613766e+03 -6.063703030142443822e+03
-3.470022361326101418e+03 -3.302669451882119915e+02 -5.720402989283526040e+03
-3.334658667153474653e+03 -2.929993630408877721e+02 -5.699196572248199118e+03
-2.531093534966154039e+03 -1.740481306619629322e+03 -6.455535424867761321e+03
-3.425211429703012527e+03 -4.219669550448864470e+02 -5.686182577055306865e+03
-3.005904021294453742e+03 9.105946628287027806e+02 -4.222165574391443442e+03
-3.545762782343862455e+03 -1.207531812318526590e+03 -5.743217661005569425e+03
4.173553676459553571e+03 -1.156159033535048763e+02 -1.423466577639754541e+04
-3.199402235411278525e+03 -2.614917688371825761e+02 -5.948915525063881432e+03
2.970776449417915046e+02 1.112524189172457000e+03 -7.539256621306954912e+03
-4.187750412225571381e+03 4.562714386764194387e+03 -7.428875281393623482e+03
-2.884401149023144171e+03 -1.687128823696106338e+03 -6.448519678288774230e+03
-2.404192139114054044e+03 -6.470472298595423126e+02 -6.362053841966817345e+03
-3.031776465194292086e+03 -1.243325060023101059e+03 -5.609144760449576097e+03
-7.805431740257910860e+03 3.629277421958274772e+03 -6.215084131017834807e+03
-2.922181632155259194e+03 2.654853704107949852e+01 -5.626264644970682639e+03
-2.125722395589460575e+04 3.603909085112551566e+03 -1.485521863676494104e+04
-4.671573756705155574e+03 -2.483048055496317374e+01 -4.665645176352211820e+03
-3.394093376093751431e+03 -3.915797684919932635e+02 -5.623554971970191218e+03
-7.723775016926349963e+03 2.419756877783715026e+04 -3.711872346501671927e+03
-3.448194393748058701e+03 -1.813742763701246190e+02 -5.754541506093562930e+03
-3.088967847296995387e+03 -6.832513456617016345e+01 -5.384430329812988930e+03
-6.929287251034706060e+03 6.157925937816760779e+03 -3.456164044343845035e+03
-3.787438601526811453e+03 -1.093419155113931083e+03 -6.086487668206167655e+03
-1.032837399362357064e+04 2.399776559546345197e+03 -2.632246234673311847e+03
-3.420494899764123147e+03 -5.529462238739565692e+02 -5.777655305038149891e+03
-1.861731627320597454e+03 -1.677223575393911233e+03 -5.513561035155900754e+03
-1.110618813860337241e+03 -4.979189734536658761e+03 -4.973510404244866550e+03
-3.452957039501333384e+03 -4.463249046121380843e+02 -5.606285469110166559e+03
-3.477293346542281142e+03 -5.716474175473384776e+02 -6.187771539021023273e+03
-3.255283656044613508e+03 -7.062867759014213789e+02 -5.964897109578357231e+03
-3.694044828741306446e+03 -1.716415237381575935e+03 -4.325984383556282410e+03
-3.189089069506475880e+03 -2.775250160495426371e+03 -4.626940635396586003e+03
2.536380052228174009e+03 -5.273615301978969910e+03 1.479080468533014255e+03
-3.207635359934301050e+03 -4.654534049157811069e+02 -5.756746531573871835e+03
-7.154600544840021939e+03 -3.830136814651115742e+02 -4.692861230300571151e+03
-3.064091666783051551e+03 -4.183648686835631452e+02 -6.101534373806010990e+03
-1.063127538223935971e+03 -8.007786366150756976e+02 -6.390471971183022106e+03
-3.490599785609385890e+03 -6.532209972166947409e+02 -5.682038577059933232e+03
-3.518973021949751910e+03 -4.890176536460406851e+02 -5.640531643607611841e+03
-4.962165216740180767e+03 8.679582406368042484e+02 -4.339688326844897347e+03
-7.344390910886274469e+03 -8.025890193268735402e+02 -2.051802748714102108e+03
-5.321859482640495116e+03 3.416232074493334494e+02 -2.460707299746555691e+03
-3.728589514743933705e+03 -1.188938782949272536e+03 -5.194789053148498169e+03
-3.289156416849065863e+03 -2.762846042502039836e+02 -5.804621843365661334e+03
6.247368029905136609e+03 -3.534892872837631330e+03 -1.319123748776901084e+04
-2.909300214773070365e+03 -7.684849124484320555e+02 -7.213237667243196483e+03
-5.173248172713801978e+02 -3.167352045275689761e+03 -5.930792865280693150e+03
-4.574954255273269155e+03 3.500039656956934664e+02 -3.164434305905501333e+03
-1.218295305245335840e+04 -2.717633887927070191e+03 1.399593550934229825e+03
-3.774433916953360495e+03 -1.290203799670081253e+03 -5.702692269843723807e+03
-3.239059481922693067e+03 -6.260693190582970828e+02 -5.945643313599099201e+03
-3.307157963024634955e+04 4.927503311584962648e+04 -1.796288262089528871e+04
-7.419241847930411495e+02 -3.883990073351745195e+03 -6.557701353621324415e+03
-1.271560677981514573e+03 -1.823447076739638078e+03 -6.694676284649614900e+03
-4.439266928300858126e+03 -2.013193723418629361e+03 -5.142892432277742046e+03
-3.528225291711857608e+03 -5.589753580760889236e+02 -6.105928429837944350e+03
-3.343370139376388397e+04 5.172359312065313861e+04 -1.797713455455434450e+04
-4.475685154538500683e+03 -5.666105204074513040e+02 -5.515298681942952499e+03
-3.720485559702499813e+03 -1.019030875332099868e+03 -6.312042250565531504e+03
-4.807250981029800414e+02 -1.223578256580845118e+04 -1.167996203103235166e+04
1.212094589921091710e+03 -8.170718443990013839e+03 -1.060206710907256820e+04
-3.409070034144748206e+03 -9.971441130972195879e+02 -5.447305056280704775e+03
-7.675398676149781750e+03 1.246731364227921404e+03 -9.035867608222866693e+03
8.025316358334455344e+02 -1.570791601060007088e+04 -1.581683544946534494e+04
-2.340346947672924671e+03 -8.880686059691895935e+03 -5.896535979537674393e+03
2.816873013063179314e+03 -9.144789934316961080e+03 -1.327109631033404548e+04
-3.871565212347270062e+03 -7.963178180925628169e+01 -1.090901078311069068e+04
-3.424367946034280067e+03 -2.252804541589297287e+02 -6.160437650801956806e+03
-5.293644993402718683e+03 3.297609042196858354e+03 -1.128531724023541028e+04
-3.570718457939292875e+03 -3.031336940663677524e+02 -5.756675787823445717e+03
-3.442852410701804274e+03 -3.648709590737148574e+02 -5.545171302894909786e+03
-1.973930566490708225e+04 7.800937402179933997e+02 3.051442691400619424e+03
1.955852392018611908e+03 -1.898113021620051586e+04 -1.981764519083207779e+04
-5.026184339060858292e+03 1.674393951819892266e+02 -4.176373252715551644e+03
-3.367448841074191932e+03 -2.864166860595643129e+02 -6.030046692810432432e+03
-4.542337671235015478e+03 -1.964337905648126480e+03 4.297240399734141647e+02
-3.929536951362400032e+03 1.975522140739371935e+01 -6.368969057695243464e+03
-3.304732484877596562e+03 -5.205089800165573024e+02 -6.082396948573977170e+03
-3.205858142702454188e+03 -4.110430418335085960e+02 -6.128540955319079330e+03
-4.050902696896994712e+03 1.739746617572806827e+03 -6.708550723441384434e+03
-3.292163643888285605e+03 -2.675799617022560142e+02 -6.200184552514770985e+03
-3.410831564441654336e+03 7.516721683710337629e+02 -4.787200114123893400e+03
-3.295908891508806846e+03 -6.917848578177040508e+02 -6.368651010725702690e+03
2.268446867245676913e+03 -1.607516814397447160e+04 -1.520875283968160329e+04
-1.911774753940619121e+03 -1.793384508079837906e+04 -5.675989644621085972e+03
-3.466617651322027086e+03 -1.020947142542542110e+03 -5.193589404556651061e+03
-6.089500166086090758e+03 -6.181349975586463188e+02 -3.441286210302416748e+03
-6.447231631321512396e+03 -7.866580718519982440e+01 -2.622387497543914833e+03
2.494502915952244166e+03 -8.208968767365040549e+03 -4.673100483065695698e+03
2.777400665673172853e+02 -3.815399388656544033e+03 -9.654138924464054071e+03
-1.039841915191272710e+04 -2.087067787415981911e+03 -2.963815248397204869e+03
-3.011777912475613630e+04 5.363568037517438643e+04 -1.854865459806986837e+04
1.099262548623922839e+03 -2.704689518532560214e+03 -6.954172911537682921e+03
-5.833134941527169758e+03 1.486099250692535634e+03 -5.843236607750481198e+03
-2.643035793371763248e+03 1.741743957465898234e+02 -5.846294707354808452e+03
-3.368164381101226809e+03 -1.020081760648425302e+03 -5.455573608500556475e+03
-3.155739014078959372e+03 -4.090532804788070962e+02 -6.008427372663759343e+03
-1.263934666035587361e+04 -1.109729525604431501e+03 1.710067587633460107e+03
-2.114890156186266722e+03 -1.242198079865659565e+03 -7.922898781905346368e+03
-3.386234200954069365e+03 -5.160590958996772315e+02 -5.987926248677372314e+03
-3.253398390565492718e+03 -2.251535339094201618e+02 -6.155398168826628535e+03
-3.556968365423632804e+03 -1.328233825865800100e+03 -5.615310001622365235e+03
-3.614875594134882704e+03 -7.335859493942875815e+02 -6.963634284752331951e+03
-3.338603175455941710e+03 -2.826620009323384011e+02 -6.000156932635362864e+03
-3.853389593853983115e+03 -2.528181009023561501e+02 -9.041649417029186225e+03
2.923417778435433775e+03 -1.029415498856309569e+04 -2.169933113826701810e+04
-2.930083056350061270e+03 -3.530875232845028222e+01 -5.929316078548895348e+03
-3.643577321677867076e+03 -8.286133028159412106e+02 -5.335488800962837558e+03
-5.360447172044198851e+03 1.949060158759799606e+03 -4.668486372346214921e+03
-3.213489231819298766e+03 -8.396677021022770759e+01 -8.220278812589469453e+03
-2.864467315940590197e+03 -5.907581165859320436e+02 -5.808663500902367559e+03
-3.812358933292699021e+03 -2.493588741009682963e+03 -3.712019826699335681e+03
-2.897219481300625830e+03 -7.310073146957253130e+02 -5.942238379388794783e+03
-3.552360363391224382e+04 2.912636882060671269e+04 -4.729560509716440720e+03
-5.999432312826446832e+03 -4.776786281351680827e+02 -3.688672337202098788e+03
1.610377943203787027e+03 -1.301306290257062210e+04 -1.053692450141086738e+04
-3.843835622015264107e+03 -8.365498164014252325e+02 -5.581930030125156009e+03
-3.522711851411087082e+03 -6.602087319231450238e+02 -5.865409919429961519e+03
2.986219544197725213e+02 7.909129833372252278e+02 -1.155341516877251524e+04
-3.514995780323751205e+03 -9.909316376435580196e+02 -5.689692274501390784e+03
-3.345451428281313838e+03 -3.498646094372782045e+02 -6.142043203062071370e+03
-1.057358396166415986e+02 3.808218785760505511e+02 -1.109897683875884832e+04
1.339084466325589710e+04 1.546956952508831273e+04 -7.833606988071531305e+03
-1.347153764942133421e+03 -2.444125222715558721e+03 -2.642893925226630927e+03
-3.391241918003152023e+03 -7.011711746159976428e+02 -6.123021182160790886e+03
-8.878667122728757022e+03 1.081325472992092728e+03 -3.407893358155804435e+03
-7.232075757938089737e+03 -5.659307822055385486e+02 -3.701294346211069751e+03
-3.324879552992356366e+03 -6.163942014988638221e+02 -6.171431086604238772e+03
-3.503470850771530422e+03 -5.039604058094569723e+02 -6.133531795040839825e+03
-3.177989629776799575e+03 -5.551271406600254750e+02 -6.091948253553018731e+03
-1.981653013370359758e+03 -1.206428392494784248e+03 -6.081534508838242800e+03
-3.912902405046231706e+03 -4.973834669395044443e+02 -6.625857559102414598e+03
-6.590367141776596327e+03 -2.898423046112386146e+03 -4.424896487224001248e+03
-3.349257501158147988e+03 -5.014022516061438637e+02 -6.138627640303536282e+03
-4.244533892883549015e+03 -1.888128048149076676e+03 -4.769582849809474283e+03
-3.195377101064682847e+03 -5.575630374250931709e+02 -6.037935463613844149e+03
-1.582576066730318234e+04 1.758114514377334444e+03 -4.037332699428512569e+04
-3.256597813072373356e+03 -3.657728079977329116e+02 -5.876550347923617664e+03
-3.468315762591444582e+03 -6.838515917878652317e+02 -6.080194483882486566e+03
-2.240074668508284503e+03 -7.342896006821777064e+02 -6.479049145149318065e+03
1.376776905456450186e+04 7.264475861045305464e+03 -2.148289218986852211e+04
-2.084141174458695787e+03 -9.710257352947362506e+02 -6.642614765127748797e+03
-1.646445046788919626e+03 -1.801947281231679654e+03 -6.950426363042673984e+03
-3.265812421066917977e+03 -6.046675096279217314e+02 -6.233329242615357543e+03
-3.878884970938313472e+03 1.704668954332499311e+02 -5.260391229595190453e+03
-5.234618967018484909e+03 3.151856707816863263e+02 -4.711370773498262679e+03
1.164944716770890227e+04 -1.429572180747295533e+03 -1.356523412057178029e+04
-8.633170396531562801e+03 1.618425711758560738e+03 -6.448973530644354469e+03
9.073002902958796767e+03 -1.595326122802173631e+04 3.640324922837783106e+03
-2.418507114716031538e+03 -1.291918828136137563e+03 -7.135415397845838015e+03
-3.197943480387837553e+03 -6.956550602288671143e+02 -5.994942787159812724e+03
-1.958562216419380275e+04 -4.682190730955593949e+01 -2.964760197707086263e+04
-1.061369845056665326e+02 4.187011688575817971e+03 -1.036806879872754325e+04
-1.114827213622380668e+03 -5.290650526601625643e+02 -6.012167278307570086e+03
-3.224456069190134258e+03 -7.911724687213473999e+02 -6.012022683915873131e+03
-3.465167268541659723e+03 -7.695567514637679096e+02 -5.958618319667782089e+03
-1.171893364194168498e+04 8.023513542304077646e+02 -2.084909404104451096e+04
-3.473451578255167533e+03 7.680971251720939108e+01 -6.469463916681034789e+03
-3.098734425328014822e+03 -4.314527273644001752e+02 -5.998576282191526843e+03
-4.367559497065899450e+03 -5.995459720115733035e+03 9.843816107026480040e+02
-1.456635120267116326e+04 -2.629794991071728873e+03 1.577111348155621044e+03
-3.156605653940873253e+03 -8.193709087845996919e+02 -5.896157046753181930e+03
-2.795311622149207324e+03 6.333734728492362365e+02 -6.453553982939427442e+03
2.042918370481164311e+04 -1.495218106280493703e+04 -1.519722023785877900e+04
1.559693725264255772e+04 7.595001506358006736e+03 -3.011046182678486730e+04
8.666204035156057216e+03 5.586518999842650373e+03 -1.810576007291570568e+04
-3.616165878064148728e+03 -6.490133354122565379e+02 -6.599163671846801662e+03
-5.237343754708088454e+03 -2.487865110531650714e+02 -6.799599412005110935e+03
-1.535331356344731603e+03 2.138919393543252227e+03 -7.449105311059865016e+03
-3.212954701072286753e+03 -3.817162022895900009e+02 -6.093877113657194059e+03
-3.167807710144489647e+03 -5.105590598225027748e+02 -5.957092388730491621e+03
-4.872691817084048125e+03 -6.253696500523637951e+03 -3.267305681419226175e+02
-4.304076546908487217e+03 -3.471295238045857332e+03 -4.618527507881726706e+03
-3.134323122717525621e+03 -6.574081345865636195e+02 -5.680461083602341205e+03
-3.286686291690298276e+03 -6.855943715929669224e+02 -6.168319608320431144e+03
2.464296382263821943e+04 -2.025251957162965846e+04 -8.266824358353282150e+03
-3.146711415244846648e+03 -7.301907904806394072e+02 -6.124621875811802965e+03
-1.384381722083435307e+03 -6.667242011641155841e+02 -2.312354222109168859e+03
-3.273473051019829654e+03 -5.687272887306737630e+02 -6.166926813548150676e+03
4.315595742707700992e+03 3.733041632661701897e+03 -1.632684062456760512e+04
-3.126196539068178481e+03 -9.096431326120680296e+02 -5.985833261020291502e+03
-3.391101268553037244e+03 -4.078921878398606395e+02 -6.451618892744855657e+03
-3.148396531492424401e+03 -7.006850087490020087e+02 -6.076607662920678194e+03
1.152260707941997316e+04 2.060320577627575858e+03 -1.532619504983256047e+04
2.622324375736005095e+04 4.190184369300003709e+03 -3.714991119410079409e+04
-3.296257648980855720e+03 -8.191276893447744669e+02 -5.904682190626613192e+03
-3.126045360956196873e+03 -2.267410900048465464e+03 -6.479591731603795779e+03
-6.626867234199995437e+03 -4.894908066348421016e+02 -3.933448567773575633e+03
-3.135219261323454248e+03 -7.364675046214816803e+02 -5.630096245225400708e+03
-7.328763665175758433e+03 -3.330712475127957532e+03 -3.543252853275821508e+03
-4.245605206894903858e+03 -9.268731106668398070e+02 -6.260412091557079293e+03
-8.794845117917235257e+03 1.324211647687184632e+04 -5.903392982636183297e+04
-3.801730528658466028e+03 -3.476636690493657170e+03 -2.630194557771356813e+03
-3.402576099527818769e+03 -5.233561006836464003e+03 -2.543805748205932105e+03
-5.027349477321035010e+03 -2.636784849001583098e+01 -3.803003643739716154e+03
-3.134511688118603615e+03 -7.784254496167005755e+02 -6.003451769918475293e+03
-3.404317790598895954e+03 -8.712149719423471197e+02 -5.586036056958322661e+03
-3.221418570191329763e+03 -1.324006191520598122e+03 -6.472105877444560065e+03
-3.358009515719937554e+03 -6.186266852859961318e+01 -4.936289806019072785e+03
-3.035950969456845542e+03 -7.714446016553695245e+02 -5.427515735907543785e+03
-3.059195318030540875e+03 -6.016888120751326596e+02 -6.093663680403110448e+03
-1.335170091229949321e+03 -6.348563804919858740e+02 -6.866626931785792294e+03
-3.265559963203848838e+03 -8.954774964895584617e+02 -5.473309178297224207e+03
-3.473079521348487560e+03 -7.003589959525702398e+02 -6.056176052801905826e+03
-1.325977472844458498e+04 -3.239782518799916033e+03 -9.703047554478241636e+02
4.553610190456813143e+03 3.113186378586118735e+03 -1.057228340185704656e+04
-3.830264334458060603e+03 5.021669470586568877e+02 -5.487398531067189651e+03
-3.688779756891803117e+03 4.687257175504994962e+02 -5.375229212438413924e+03
-2.495165460299602273e+03 -2.025879270944951259e+03 -7.411062174923321436e+03
-1.078733143821030353e+04 2.010328262524478760e+03 -5.893580814847017791e+03
-2.455748771252707229e+03 4.022124681827149288e+02 -5.887863278714376975e+03
-3.387154260221264394e+03 -7.493637490266947907e+02 -5.526242942375343773e+03
-3.734135614542801250e+03 1.847845224130920769e+02 -6.095040902207298132e+03
-2.482824687685798199e+04 -3.409267519490042559e+03 -2.832971858115430587e+04
-6.170823773453169451e+03 -1.604566162842474114e+03 -3.514499009909785400e+03
-3.130710735979144374e+03 -2.798451099109877305e+02 -5.374339253257836390e+03
-2.955090384411106697e+03 -1.960319220214218490e+02 -5.700495143617458780e+03
-3.508532125244196777e+03 -5.395116058758717372e+02 -5.641760459240827004e+03
-6.476710409410898137e+03 -8.253608009426743592e+03 -9.704482883020505142e+02
-3.136826483589585678e+03 -3.828908614589453805e+02 -6.001422491864223048e+03
-2.211175192179332043e+03 -1.838318684212352082e+03 -7.256685005556401848e+03
-6.534432128137172185e+03 -7.141049757722223148e+03 -3.845053263056583546e+03
-3.343922876128371627e+03 -6.013736933451859841e+02 -7.178277634485211820e+03
-2.891706160868929146e+03 1.087841293727663924e+03 -5.950047272183269342e+03
-2.700101731866122464e+03 -6.068324458040802938e+02 -5.657090439942936428e+03
