1.731554810965479192e+03 1.274905076342441816e+03 -1.069435729383791841e+04
-6.888968647146242802e+03 5.853438549373398700e+02 -4.986186098881368707e+03
-4.123414411622254192e+03 4.831126549702166812e+02 -5.833442226563056465e+03
-4.321852662719166801e+03 -2.205315769559671025e+03 -4.794213297781528127e+03
-4.757922493780995865e+03 -4.106115620428050534e+03 -7.170047033594718414e+03
-3.108217572105199906e+03 -3.529914790017331825e+02 -6.281966813141933926e+03
-3.116247779893738425e+03 2.192527949270314593e+02 -5.515699866692216347e+03
-1.318908195559024716e+04 6.439716556418939035e+03 -3.539178711850525815e+03
-3.816391472728219014e+03 3.042956753257641367e+01 -5.652250602821052780e+03
-3.528508923426008550e+03 -9.036041633715929038e+02 -5.504499138073158065e+03
-5.730823806807806250e+03 -1.690561763422822423e+03 -4.676807271730600405e+03
-6.005979804979784831e+02 -2.278077477785730935e+03 -8.170364310426674820e+03
-2.494434560622812114e+03 -8.983919431223745278e+02 -7.195635928834216429e+03
-1.217005045450622220e+03 -2.827875545523580058e+03 -6.264631408090494915e+03
-4.225200686265839067e+03 1.675990157346222986e+01 -4.955798692071010009e+03
-5.735125054675732827e+03 4.940630345296602286e+02 -4.071997760119707891e+03
-1.929176449855786996e+04 1.004800999454619159e+03 4.878175287994650375e+02
-7.994091762401317283e+02 -4.687015103904591342e+02 -6.376349413304489644e+03
-2.353601400006897165e+03 -9.898626393330050632e+02 -6.662337825523204629e+03
-2.456540748606800662e+03 -3.639548327180770002e+02 -6.815674486711535792e+03
-2.725086331898406115e+03 5.643130409084835719e+02 -8.460614315514085320e+03
-7.900677494073663638e+02 -2.264121492677211336e+03 -1.566721867531053249e+04
-4.816005345154007045e+03 -1.900565051668249339e+02 -4.228722690734192838e+03
6.834950185671019085e+01 1.464117040730289318e+03 -1.128385445735895519e+04
-2.197518627015745551e+03 -1.049087839017945953e+03 -6.564017758639267413e+03
-4.177181253140695844e+03 -8.009943762073091875e+02 -4.482065566372427384e+03
1.286495570665221749e+03 2.564812804188089785e+02 -8.214528395076817105e+03
-3.892582349492079175e+02 1.563750378573629405e+03 -4.887932509019665304e+03
-6.502015948985866089e+03 -1.719677188804078241e+03 -5.976435429599345298e+03
-3.882111365405237393e+03 -4.489265799598790636e+02 -6.137119869114767425e+03
7.812734648226978607e+00 3.325777479404499672e+02 -7.591296584270487074e+03
-4.216919587043525098e+03 -6.645669059808955126e+01 -5.164072865186987656e+03
-4.458108345691867726e+03 6.441045046071740217e+02 -3.330191455588406370e+03
-3.930838626133494927e+03 1.691754627249178384e+03 -3.342458397846177377e+03
-1.342888146279778766e+03 1.238406574758011516e+02 -1.176125512417167556e+04
-8.121729882689073747e+03 8.631552377459793206e+02 -4.742743307491527048e+03
-2.954558856260926405e+03 -2.258509666253972910e+02 -7.151965399403324227e+03
-2.802791977610790582e+03 -2.764795399863064631e+02 -6.005901064113698339e+03
1.656501412766846261e+04 5.471174666885875013e+03 -2.070042763211617421e+04
-5.218615131541895607e+03 -3.252056315432738529e+02 -5.725201284023425615e+03
-2.752368041875109611e+03 -2.638821730165859208e+03 -7.530845387456608478e+03
-3.157347636578536367e+03 -1.823504838380847559e+02 -5.967766920367689636e+03
-4.306300632876975214e+03 -2.612655975535296307e+02 -5.255493511572958596e+03
-5.776862831928111518e+03 -8.912700894358575852e+02 -4.260930578912987585e+03
-3.196879617060469627e+03 1.281384178856342260e+00 -6.545238675972150304e+03
-1.818103536787411213e+04 5.970900619374609732e+02 1.159767247961398061e+04
-2.385216950068235747e+03 -9.557661352811927600e+02 -6.231717396108200774e+03
-1.976587616262007487e+03 -3.677232046279130486e+02 -6.960145577338196745e+03
-4.718297881036794934e+03 -2.559964429169162031e+03 -6.510899018819766752e+03
-4.077572046435156608e+03 -2.007961989138345302e+02 -2.542708907905534943e+03
-1.766004217935251745e+03 -1.884449272204298325e+02 -6.817902715456826627e+03
-2.247751669441822287e+03 -4.808289445673361797e+02 -6.903063636315590884e+03
-5.499238678491527935e+03 2.201053952811355998e+02 -6.171233614917172417e+03
-2.991426676480695824e+04 3.067652054580024924e+03 1.559001009585159773e+04
-5.071141792809968138e+03 -2.412837913439018109e+02 -4.688852185093931439e+03
-5.647669460878575592e+03 7.500080424922962266e+02 -3.823489019539647416e+03
-1.524615712066017750e+03 -2.470777802063502349e+03 -8.576826608265291725e+03
-5.261739137710069372e+03 4.987674524867209698e+02 -3.582690479347859764e+03
-2.465674707606070115e+03 -5.129541163634756913e+02 -6.580222042749372122e+03
4.295924372301174685e+02 -5.359727058416680848e+03 -7.779939330927239098e+03
-4.437352833247909984e+03 1.970919204434901815e+02 -4.537584788461539574e+03
-2.564259228999842890e+03 -4.021299577813738324e+02 -6.338858728670149503e+03
-1.663747759944629479e+03 -8.153987098633238020e+02 -7.381332004591542500e+03
-4.675527435349955340e+03 -2.413445204947785442e+03 -5.184747275502933917e+03
-7.407395292224058494e+02 -1.128043294309668909e+03 -7.495001933140224537e+03
-5.555015599209567881e+03 -1.838779379693727606e+03 -3.364969150091162192e+03
-1.941839722253740320e+03 -4.680925310237269059e+02 -6.719623244104082914e+03
3.493087391172052776e+03 -6.738589615900124045e+03 -5.934558223861013175e+03
-1.821988435398892761e+04 -1.526743326812515988e+03 2.918466169512196302e+03
-1.887016630151991194e+03 -3.105024072582489225e+02 -6.713424696781455168e+03
-3.932999438568236656e+03 3.928530426556256316e+03 -1.131742336230085471e+02
-2.036587995305690129e+04 3.729866272747875428e+03 -5.541844717352590123e+03
-2.682143770782948195e+03 -4.491128624164258554e+02 -6.663479158493305476e+03
1.235359490664192526e+04 4.166590651406347206e+03 -2.482435911655729069e+04
-9.324812095930252326e+03 2.257660296132448821e+02 -8.349177129258307104e+03
1.546677979574384153e+03 -6.101280159779040559e+02 -1.047431637960190710e+04
7.415781125417634939e+03 -1.059345145436774374e+03 -1.792320252730327775e+04
-6.865998554950877406e+03 7.356042444355586667e+03 -3.879519230914486798e+03
-3.533862459845784542e+03 -1.138233398402386683e+03 -5.402883831610953166e+03
-3.969561798044526222e+04 -4.645291615060502409e+03 2.861957863558026293e+04
-1.048615969656305424e+04 -3.122747181703508431e+03 -8.460898591119874254e+03
-1.773304670859783528e+03 -4.679683359729885979e+02 -6.958115400832193700e+03
2.109678375982590751e+03 2.952012649735573177e+03 -1.162409589540605884e+04
-4.728236963247238236e+03 -3.879556348423358259e+02 -5.466771405355199931e+03
-3.526050872460836217e+03 -3.205737630916721173e+03 -9.259268864384084736e+03
-3.955627895665253618e+03 2.294298101597933055e+03 -3.428386792310085184e+03
-2.454055897002867823e+03 5.689869419791928067e+02 -7.845497458151388855e+03
-6.650768074779432936e+03 7.262985313312292419e+02 -3.879658572424378235e+03
-4.200087716338605787e+03 1.558385226457644421e+02 -6.920946511268541144e+03
-3.941056403450058951e+03 1.220565402489925509e+04 -2.289688829567307039e+03
-1.034054803586210483e+02 1.385521684134830366e+03 -6.410331711306828765e+03
-3.026490863207561233e+03 -3.114702918237808262e+03 -7.481032020614027715e+03
-4.845505341909420167e+03 1.631626979096607556e+03 -5.636851227884454602e+03
-5.731251433992016246e+03 -2.264749281657876509e+03 -9.001291385494521819e+03
-2.701779108120561887e+03 -5.375174119862485895e+02 -6.833372611708561635e+03
-3.884307002203903721e+03 2.500557004155012692e+03 -2.295945160910282084e+03
-6.742842710740260372e+02 -2.064046774282047772e+04 -1.270265628248505436e+02
-4.042937006736496187e+03 4.435549616241228250e+02 -5.862779648206476850e+03
8.475178281403884739e+01 4.128412511818084567e+03 -9.962705444820932826e+03
-4.088933613114249965e+03 -5.404969069924252381e+02 -5.460009610505631827e+03
-2.442637438980848401e+03 -4.372325733151348004e+02 -6.663106825506592941e+03
1.791720742029205894e+03 -1.197230840273150761e+03 -1.032715335559999949e+04
-2.442028919635207785e+03 -5.702177870331070153e+02 -6.168187447559353132e+03
-4.072686376274946269e+03 -5.636944468804542339e+03 -4.032995150689267120e+03
-3.090440865424687672e+03 4.172079403330102423e+02 -7.256883992685506200e+03
1.636437599515108104e+03 -5.056134043714020663e+03 -4.958270538253637824e+03
-2.615573234992813013e+03 -3.578582049429917333e+02 -6.303537202119863650e+03
-3.193325761914980831e+03 -1.490975302145191108e+03 -2.818061635462016511e+03
-2.050136987374136879e+04 4.335773768722378918e+03 -5.214854082460909012e+03
-3.934347902236839218e+03 1.329676676659256600e+02 -5.224149565624960815e+03
6.808999021695030933e+03 -3.496588663377907324e+03 -1.253277062086314618e+04
2.100743430990926299e+03 -4.192391909510773075e+03 -4.207543143391801095e+03
-1.776405734550136185e+04 2.457874177719618729e+03 -4.842159719018462056e+03
-1.690327720253591451e+03 -5.406143281578007418e+02 -6.738332433483581553e+03
3.322722542509507548e+03 -2.621930656967264440e+03 -1.237056568524518661e+04
-5.634692087652501868e+03 -1.944234975341024210e+03 -2.218317809044964179e+03
-5.018728882408065147e+03 -2.640775056486843368e+03 -3.605820075195667869e+03
-2.933608948072169369e+03 -5.058739206628100646e+02 -6.737351971387213780e+03
-8.704916107332030151e+03 -2.424563214430628477e+02 -4.090498960074529350e+03
-3.682305650559738751e+03 -5.305663214229246023e+02 -5.737529935634978756e+03
-3.280170873260389271e+03 -2.928332493450087668e+02 -5.813585941949857443e+03
-6.365490666968833466e+03 1.428013965347050771e+03 -6.085997420674420937e+03
-4.486320309337540493e+03 2.163703647646805166e+02 -4.246865405589885086e+03
3.308455549580868592e+03 -5.886634274998989895e+03 -7.717910322612671735e+03
-1.000192263909855683e+04 -1.154607079300124724e+03 -3.958562610509506612e+03
-2.016343015151523650e+04 3.899820241694429114e+03 -5.678774187825589252e+03
-3.031660719808205158e+03 -8.547076248878614706e+02 -5.353808279822936129e+03
-2.090146943501240003e+03 3.574432247685895618e+03 -8.019963301585112276e+03
-2.743835133069779658e+03 8.104618961657865839e+02 -2.896890869214662416e+03
-3.524454848963682252e+03 -4.667863458559160790e+03 -5.502186197485298180e+03
-4.366455086622511317e+01 1.591376937542082032e+03 -8.671149563100014348e+03
-2.671263182875038638e+03 -6.381732042235615836e+02 -5.700953072201485156e+03
-1.719760456530792680e+03 4.085985728983920126e+03 -6.385064540433238108e+03
-3.502439166578408276e+03 -3.625073157675641141e+03 -3.632850529037841625e+03
-4.372976114002448412e+03 1.086417336337132156e+02 -3.237497332497606749e+03
3.199671318912952529e+02 -1.715247938139506800e+02 -6.384672049395348040e+03
-3.017738414558865770e+03 -3.439681162499894640e+02 -5.505648670092878092e+03
2.084669019892491633e+03 -2.889118635053477647e+03 -9.013775409410194698e+03
-5.386233936688847734e+02 2.908044291027446161e+04 -2.060178316581504987e+04
-2.498578324349147351e+03 -3.557519880068535940e+02 -6.873593784249402233e+03
-3.600945212061179063e+03 -3.385596980925421576e+03 -4.330761742517810490e+03
-4.664827487722284786e+03 8.093418742151565084e+02 -3.971060688048784414e+03
-4.243510205862333351e+03 -4.767735664352085792e+02 -5.183391646274821142e+03
-3.135697769538328885e+03 -6.901387027396049234e+02 -6.422218953516062356e+03
-4.449428975964663550e+03 -6.349313275032011461e+01 -4.615652435387683909e+03
-4.839684023762677498e+03 -4.226924155566667650e+03 -8.845116591398171295e+03
-3.689507108209965281e+03 1.977763516320691224e+02 -6.518208457231887223e+03
2.869318206837607249e+03 -3.187071504649551571e+03 -4.438703735011216850e+03
-2.072893287103109469e+04 -9.964992992140241768e+03 1.573453210730664432e+04
-2.287522749427255803e+03 -6.446894293579148325e+03 -5.305108425968419397e+03
-4.750794820904721746e+03 -6.977093719846294562e+02 -3.259402000611296899e+03
-2.356497004690344966e+03 -4.970401738126700479e+02 -6.605578987174540089e+03
-2.446774675632840172e+03 -7.959665858653969508e+02 -6.442707712056728269e+03
-3.344167402021721500e+03 -2.412399867912182162e+04 9.161287853176399949e+03
-2.146157736893236233e+03 -6.988909608750617508e+02 -6.274911315501984063e+03
-3.597142572922334693e+03 -1.848218740161121048e+02 -6.225303565662291476e+03
-2.851177698486155805e+03 1.866937347399323698e+03 -3.863434389753891992e+03
-2.787632472788218820e+03 -4.417030066793755623e+02 -6.589358793943109049e+03
-2.302429207914728977e+03 -3.769878298566480908e+02 -6.984956728986372582e+03
-1.629729948119822802e+04 2.156605680272196423e+03 -4.996827575037184943e+03
-6.942110085911987881e+03 5.013238444168565167e+01 -5.034269332971134645e+03
-2.141024455798523832e+03 -5.038084484881183585e+02 -6.937716879002324276e+03
1.833633211460904704e+03 -8.580859269265569310e+03 -4.819097227800857581e+03
8.570228922515588010e+02 -3.925980939838512313e+03 -4.255742315022007460e+03
-9.587170604131508298e+03 -1.495999471635857162e+03 -7.172725073774665361e+03
-1.953179909892357500e+03 -3.016121002039267296e+03 -6.793803930764911456e+03
-1.754092046327205480e+03 -5.229562062433418532e+02 -6.853471614245700948e+03
-5.148074190829262079e+03 -3.882191325102220617e+03 -3.342533665144709175e+03
-2.326408873990747907e+03 -1.154462211254552585e+03 -6.615528669100858679e+03
-3.274328601033125778e+03 -2.929196986822823590e+01 -5.934310040931708500e+03
-3.227492187877436209e+03 -5.809982967532837392e+03 -3.838747589227864864e+03
-7.040975054696328698e+03 -2.045606125230584098e+02 -4.095303635795417449e+03
-5.183194987805666642e+03 -4.880098299970362064e+02 -3.934168080965299396e+03
-3.077584488267362758e+03 -1.827114659671714776e+02 -6.222249384115442808e+03
-6.085626588173901837e+03 1.555330032577111297e+02 -4.183331371940352255e+03
-2.100823202914615831e+04 -9.292591472897907806e+03 1.217510452804689339e+04
-5.477363304860133212e+03 -3.106059567507075371e+03 -1.863797298559893989e+03
2.948354114620512701e+04 1.241178610832345112e+04 3.324254458573720967e+03
-4.999349130913314184e+03 6.400864118960816086e+03 -6.161451539075602341e+03
1.298530930643823922e+03 -2.365767364173152964e+04 8.610251395610122927e+03
-2.971479770627646303e+03 3.136054362336591339e+01 -7.903693464354633761e+03
-4.117157064736796201e+03 1.421163516096646617e+01 -5.273637503366790952e+03
8.164231808118701110e+02 3.740876138408190400e+03 -1.029474117259418927e+04
-3.933715425668366152e+03 5.711407311545417542e+01 -5.217071985959664744e+03
-8.849600607651219661e+02 -1.447285232376141948e+03 -8.598682598427531047e+03
-1.882643138934040326e+04 -1.152434850998998081e+04 8.177308757133468134e+03
-4.290174858662334373e+03 -5.338459914915102900e+01 -5.574323901227480746e+03
-2.083551389979165106e+04 4.874624764110039905e+03 -6.701120506902635498e+03
9.393879221077491820e+03 -1.129058461615744818e+04 2.879867725022822924e+02
-1.710863042633947771e+04 -3.474020648216390327e+03 -1.342914065630475875e+02
-5.047692777065571136e+03 -1.282128386897142263e+03 -3.185233328470664674e+03
3.475767160301992590e+03 -6.250436866315737461e+03 -5.755293536275872611e+03
-5.749915433412894345e+03 -8.140738291895794418e+02 -2.957256713610660427e+03
-9.280572343487559920e+03 1.659298867709597971e+02 -4.140916634782011897e+03
-2.215922654608137236e+03 -3.894586952660789052e+02 -6.729611452192266370e+03
-3.044305656148754679e+03 -8.668028349175217954e+03 -6.713838550471322378e+03
2.474117625533071532e+03 -2.623691609307255476e+03 -1.345738259880726582e+04
-3.522830448441464341e+03 -5.546530696090477477e+02 -2.525051751101406353e+03
-5.061169300246814601e+03 1.387873292074761196e+02 -3.502420011612384315e+03
1.764918043922173183e+03 -1.924274725243461944e+03 -1.061681930071031638e+04
-2.389006497131784727e+03 -4.090350076158638331e+02 -6.796235063335162522e+03
-1.958344741881265691e+03 -1.104416606656323665e+03 -6.423118485963766034e+03
-5.141665569270237029e+03 1.498975568964066554e+02 -3.251258223465034462e+03
-4.690530926208448363e+03 -1.022579378916195083e+03 -4.382411925231472196e+03
-1.822229183934423872e+03 -3.758209792884486887e+03 -6.223266850869013069e+03
-4.661460383313744387e+03 2.144696975676715738e+02 -4.195031110667026951e+03
-2.799151784281866185e+03 -3.481508848123384041e+02 -6.685059720837059103e+03
-3.572842960668650903e+03 -1.313879691644538980e+03 -5.933662960606242450e+03
-2.837779333461080569e+03 -4.217388164025351216e+02 -6.112189653658087991e+03
-2.155520725475626932e+03 -2.768148725334740448e+02 -5.936798315745928448e+03
-3.735592301238891650e+03 -3.798920218310319115e+02 -5.632365642136061979e+03
-3.246547450024644604e+03 -2.098728151893396898e+00 -5.938797902699294355e+03
-3.442281650730510592e+03 -6.163710240097186670e+02 -5.938841046330519021e+03
-5.434136823289114545e+03 6.518228467261086507e+02 -5.140105035410840173e+03
-2.645825194408192601e+03 -9.004763155098314655e+02 -6.560038795842757281e+03
-5.542563547463474833e+02 1.037908127823625364e+03 -1.285937880282319202e+04
7.554020390673633756e+01 -3.071336081500478485e+03 -4.873252932009540928e+03
-7.562418334473193227e+00 -4.212557538499326256e+03 -5.769313102401402830e+03
-1.451999149051645190e+03 2.808527052285791115e+02 -9.234542114814305023e+03
-5.703965242870212933e+03 -1.503579446398947766e+03 -2.811664578880465342e+03
-8.453383549945629056e+02 -1.745790773028627655e+03 -7.472597807653089149e+03
-6.086354595405775854e+02 -6.240161473491953984e+03 -9.797641694743420885e+03
-3.260412016864062934e+03 -4.915646948044289957e+02 -5.761652148587478223e+03
-6.022371007138514869e+03 -1.810939032759433758e+04 -1.065567939936349831e+02
-5.647516830495525937e+03 6.458581469899982039e+02 -5.293608656842513483e+03
2.687654147287290471e+03 -7.886493228980493768e+03 -1.074657323340124822e+04
-6.269813173603221003e+03 3.900022060764112666e+03 -1.518503551821514702e+04
-5.562572938517831062e+03 9.923724709251855529e+02 -5.041732834928048760e+03
-1.258000358692502914e+03 -5.108703711500685131e+03 -8.081060535273825735e+03
1.171074707181124177e+04 -2.180847768839299533e+03 -2.036863790348358452e+04
-6.493841845525325880e+02 -2.950027618973355857e+03 -4.290633430733717432e+03
1.364718685530673156e+03 -1.225808276939921052e+04 -1.036498660591518637e+04
-3.779059223296496839e+03 9.986550012304467145e+02 -4.695220705835483386e+03
-3.431061733034550798e+01 -3.016079877132480760e+03 -5.057683814356043513e+03
-1.262288302774259137e+03 -1.714560611712336595e+03 -5.823274819787085107e+03
-5.966788899839781152e+03 -7.226581903190618505e+03 -8.379272538215122040e+03
-7.292265177812247430e+02 -1.843358898802408021e+03 -8.206109939450978345e+03
-3.544964682688578250e+02 -1.601893337423186267e+03 -9.817580512141174040e+03
-5.102571678233242892e+03 7.074396395994979684e+03 -7.425743944593668857e+03
-1.118540465288201176e+03 -5.992364455328905706e+02 -7.957262889816826828e+03
-4.439969975937437266e+04 2.291304366462087728e+03 5.071736882116052584e+03
-6.258174439943300968e+03 1.698095311972323884e+01 -5.183799744913224458e+03
-2.555734723673478584e+03 -1.210706301541299581e+03 -6.877848687295721902e+03
-2.871868765797377819e+03 -3.181596827985490563e+02 -6.516380303767863552e+03
-2.175510934179661490e+03 -1.015981505967152771e+03 -5.864330550735735414e+03
-2.680425720604077924e+03 -6.448339574351257397e+01 -6.258452209429587128e+03
-4.143151962797541273e+03 -5.397673208224415475e+01 -5.590765661694016671e+03
-4.487964910083346695e+03 -5.073711305215369975e+02 -5.277352867946609877e+03
-3.745076800314986940e+03 -1.038768744763973473e+03 -4.085209382809204271e+03
-2.448996896737342922e+03 4.134775583777990505e+03 -1.103071358111220434e+04
-3.161004865584718118e+03 2.749317141822640451e+02 -7.237019461754025542e+03
-2.775715972992546085e+03 -1.680784624806220791e+02 -6.813910840197860125e+03
-4.829676961602835036e+03 -2.262137963455711542e+01 -4.874786497852737739e+03
-6.079440256656564998e+03 -2.834857212660429468e+03 -7.217840313723254440e+02
-3.039038478252180539e+03 -8.821000140569974519e+02 -6.375782793614897855e+03
-2.264670675023836338e+03 -5.599600137783788796e+02 -7.065597879175016715e+03
-2.987212195502286249e+03 -8.058162449205738653e+01 -1.152982407731980311e+04
-2.952877521098434954e+03 -3.799452632955959075e+01 -6.798495419725536522e+03
-6.822906643220775550e+03 6.995115498570070258e+02 -5.097444461103079448e+03
-4.952333292773309040e+03 -4.269929547990205947e+02 -4.264263608590345939e+03
-5.666739599728412941e+03 8.028107614109909491e+02 -4.883551080243106298e+03
-5.631993413619538842e+03 8.514204093198607097e+02 -5.013162347907455114e+03
-4.898367526696066307e+03 -1.608594645691479400e+03 -5.670975925770474532e+03
-3.776116254491272230e+03 -1.766196516437023547e+02 -6.226652023966913475e+03
-4.375034694388094977e+03 5.168804522229652321e+01 -6.316093770177848455e+03
-3.082607277122845517e+03 2.759069188542883921e+02 -3.728451065982043019e+03
-6.038278694467036985e+03 5.480360546004623075e+02 -4.213459265866486021e+03
2.966017563535376667e+03 -3.206767111687867327e+03 -5.266169805948039539e+03
-2.878362069347687338e+03 1.215225950233877370e+02 -6.057122074872871963e+03
-4.828574520288690110e+03 -5.143998565932312204e+02 -5.039458871645788349e+03
-2.100680705976919853e+02 -2.242061987751767447e+03 -8.378934628464485286e+03
-4.710028035616709531e+03 -5.151273966187693532e+02 -5.333193413529921600e+03
-4.568192746884413282e+03 -9.186874696736884971e+01 -4.936274692320272152e+03
-5.978464585585422356e+03 1.446214569661356109e+03 -6.295149125140605065e+03
3.146892428964180453e+03 -4.066476414183789529e+03 -7.831994963985361210e+03
-4.607912208652769550e+03 -1.914211857023909943e+03 -4.207534763857092912e+03
-5.407556156491930778e+03 -8.266038765430104149e+02 -3.434999116933840014e+03
-4.148838451475984584e+03 5.966573938903991802e+04 -4.633853297301553539e+03
-2.072526776718080328e+03 -3.381567228577805508e+03 -1.015425928500138798e+04
-4.992620196685368683e+03 -2.313857686674147317e+03 -1.155505833571269250e+03
-3.677352510912759044e+03 -1.427021185367825638e+03 -6.454039116924158407e+03
-4.306646648542241564e+03 3.117866347061791998e+01 -5.437129904794051981e+03
-2.178038670926194754e+03 2.074871071967093599e+02 -8.123773905407160782e+03
-5.237179111482925691e+03 3.675457265941704463e+02 -4.130577406294074535e+03
-2.213215209254208730e+03 -5.043477646675181859e+03 -8.384227565632168989e+03
-5.289241688831078136e+03 -1.196925293372394208e+03 -6.597403587978104042e+03
-3.787001053926579971e+03 5.523422863897121715e+01 -6.635334289860437821e+03
-3.519995515128531224e+03 -8.781740555800820403e+01 -5.327539244682405297e+03
-1.165241454430948124e+03 -5.011585117537930273e+03 -7.677566744587023095e+03
-1.770061584879583734e+03 -2.041970063447810389e+03 -7.021271766922756797e+03
-5.285614615351664725e+03 -3.736786826952503588e+02 -3.149658188081246408e+03
-9.095673525528794926e+03 1.246194449392540037e+03 2.163503345287460888e+03
2.155619576305015016e+03 -4.666569780638485099e+03 -1.087427168110750972e+04
-3.428278255965191420e+03 5.366574060881893047e+02 -7.547335220918486812e+03
-2.741737308185038273e+03 -2.432673036670007605e+01 -6.008639687393806526e+03
2.107457011985175086e+02 -5.370139649798379651e+03 -6.627358359564968850e+03
-3.985085045698445356e+03 -4.129519240680733674e+02 -5.786428089831181751e+03
-1.082173599975389607e+03 -5.346507300813096663e+03 -6.909631624468664086e+03
-3.861727414546537148e+03 -5.116630983241201648e+03 -4.080459674962191912e+03
-2.610920396701910704e+03 -4.985595740350534015e+02 -6.781463831394428780e+03
-3.781737245049443118e+03 -3.164361782007217698e+02 -5.359115052914969965e+03
-3.845085398485107362e+03 1.001404779166311300e+03 -6.169089475082407262e+03
1.227261873891084360e+04 5.806937225849483184e+03 -6.910303589244139403e+03
-4.279302106347583504e+03 -3.204947807504541561e+04 -1.877254699020101543e+04
-1.418691241817287391e+03 3.324141502521370967e+03 -2.116936140437723225e+03
-1.598991236848257131e+03 -9.232086924202733371e+02 -7.511993597696961842e+03
-3.660257992745556294e+03 1.203439293777741341e+03 -6.402384379121859638e+03
-3.826785365352333883e+03 -7.759556129755935672e+02 -1.677456390652816026e+03
-1.712530594744076325e+03 -5.696034193384240325e+02 -7.687763453659566039e+03
-1.892067557441925146e+03 -3.417810350144496851e+02 -6.839847380067299127e+03
5.338452841334239451e+01 3.491745905157578136e+02 -1.359643783956227344e+04
-3.490945568433968674e+03 2.802207894035228946e+03 -7.620195779511519504e+03
-1.768414786323055296e+03 -2.792870032956923296e+03 -9.729046753771224758e+03
-2.350691965803410767e+03 1.033276772355871344e+03 -1.471496598381582044e+04
-5.422772213211404960e+03 -1.105265009712715027e+03 -2.770568879255518823e+03
-1.637546827824019056e+04 -1.271943227857368811e+03 4.960810013680969860e+03
-4.601069865721116912e+03 1.177268874833981045e+03 -3.358229328305893432e+03
-1.115810589433213181e+03 -2.050171630094193006e+03 -8.617967058217815065e+03
-5.311553092548141649e+03 1.632664345564898440e+03 -7.503720753784847147e+03
-3.487875790660197254e+03 -5.251717732475461275e+01 -5.118908855788151413e+03
-3.546782612887043797e+03 -6.070046262133099617e+02 -5.597454608541353082e+03
-3.277067681038353840e+03 -1.050817223037709709e+03 -6.409223894082259903e+03
-1.998632538929820385e+03 -6.269669088840809081e+02 -6.999186378519743812e+03
1.354263329579700894e+02 1.473331134700501480e+03 -7.309155964108564149e+03
-3.064531588835026469e+03 -6.397109210939532886e+02 -6.190947839037450649e+03
-2.962703200180071690e+03 -1.872734555048899097e+02 -6.477412949862196001e+03
-4.464224307627731832e+03 -1.204979158668099330e+02 -4.629540728413673605e+03
-3.478859291926775313e+03 1.018551836757023693e+03 -4.618923967661778079e+03
-2.607174881402613664e+03 -3.786057869987043887e+02 -6.887261468866957330e+03
-3.045343253949731661e+03 -2.315204072037053606e+02 -4.344796216542511502e+03
-1.699536912604319696e+03 -3.824493287956859149e+03 -4.483221143201950326e+03
-2.786104428084397114e+03 -1.068780091944230662e+03 -5.964022666757641673e+03
-1.331982726629774788e+03 5.453354380074977144e+02 -5.331238815287698344e+03
-4.005453456899384946e+03 3.139853573977818542e+02 -5.230216330181765443e+03
1.967978652586432509e+04 7.050162398430769827e+03 -8.743052323785532280e+03
-2.319920381684044514e+03 -1.058144865084385174e+03 -8.765916443186806646e+03
-5.230312113497027894e+03 -5.086388615794318184e+02 -3.555100198380657730e+03
-1.889028300163748327e+03 -5.530500233054767705e+02 -6.833931623906448294e+03
-1.399822772903584155e+04 5.568724151292799434e+03 -3.154755628575316223e+03
-4.053217474583638250e+03 -2.412680191281356201e+02 -5.790744930207738435e+03
-5.897360516123446359e+03 -1.483261529840433468e+03 -4.781190941233082413e+03
-2.190356326203445406e+03 -5.883489296528525756e+02 -7.310371479602852560e+03
-4.403775768793313546e+03 1.904829287731391219e+02 -4.264357891156838377e+03
-3.320575138227434309e+03 1.542727723859755429e+02 -6.913734326751004119e+03
-5.716528748244259987e+03 -9.764424357391574176e+02 -3.751666560928316358e+03
-3.796102611495472047e+03 6.502240896981771812e+02 -5.136751785318828297e+03
-2.657895903138434733e+03 -4.487461177145880242e+02 -6.722704758402487641e+03
-6.032984524871788381e+03 3.261383623180768154e+02 -4.144343440883330913e+03
-4.062483653320618942e+03 7.807136398140841038e+01 -4.997660368861777897e+03
-7.214672484643063399e+03 1.147376507032479822e+03 -9.221107185676386507e+03
-3.214012708869815924e+03 -6.025530684033462876e+02 -6.370138916677830821e+03
-2.958138351773386603e+03 1.824191854303956575e+02 -5.678454860881292916e+03
-3.555001606121527857e+03 5.734036704159746023e+01 -6.150029741427844783e+03
1.326725733915911405e+03 9.145580429586092578e+03 -8.589729536545368319e+03
-3.342570026870317633e+03 -5.848544645623953784e+02 -5.537425701493812085e+03
-3.882906959990103587e+03 1.450176917233593485e+02 -5.120677440176074924e+03
-6.357473422583653701e+03 -2.790040672203032273e+02 -8.507305440676644139e+03
-1.878964420478738248e+03 -4.938589184013408158e+02 -6.887094933604525977e+03
-1.116305529980367055e+03 -1.698916588744354840e+03 -8.109994256007356853e+03
1.992127637465171210e+04 6.887920082740931321e+03 -8.630385846610752196e+03
-2.139493572050644161e+03 1.507000723228304651e+01 -7.219472374320893323e+03
-6.828534504473829656e+03 9.614919320845010589e+02 -5.671604802625278353e+03
-4.446109839317165097e+03 -4.040284048202025815e+02 -5.305556379433045549e+03
-3.178797318290692601e+03 -8.012575671033916933e+02 -5.899735262971429620e+03
-3.403418612616096198e+03 -9.458724452145808073e+02 -6.228564711050073129e+03
-4.230702896762462842e+03 -9.434142003583244787e+02 -5.386125372823738871e+03
-1.673495916464184802e+03 3.584918983176777374e+02 -7.643951017217657864e+03
5.650965735928645699e+03 -1.427244222275712127e+04 -1.285829190446990106e+04
-5.287715536925014021e+03 1.018852964868697200e+03 -3.451069594727188360e+03
-2.480583207041949663e+03 -5.352327281324037358e+02 -6.451800681673553299e+03
-7.583563846283822386e+03 4.700070934082944518e+02 -5.454686858268585638e+03
-5.488774108127409818e+03 -1.021930182465704092e+03 -3.418551773107141344e+03
-6.232174291725142211e+03 -2.791719644318480391e+02 -3.182419169120995775e+03
-2.172463725503186652e+03 -4.382162936897589134e+02 -6.604834900350655516e+03
-1.827180517019089621e+03 2.848575169821977852e+03 -3.455531900869626952e+03
-3.146064750628986076e+03 -5.958555469428110882e+02 -5.753098625528776211e+03
-3.054434086869405292e+03 -6.641333510200934143e+02 -5.806937012467677050e+03
-1.398130653948513282e+04 -2.503378991149381363e+03 1.751277735185151414e+03
4.784338547365500744e+02 2.940627129326503564e+03 -4.722434123891778654e+03
-1.752513399650589690e+03 6.569641601823798283e+02 -6.437469532540587352e+03
-4.503453340674950596e+03 1.100088624226264301e+03 -4.245894021935475394e+03
-1.910311249399346252e+03 -2.212933744276431867e+02 -6.821386101295486696e+03
-3.401170509654898524e+03 -3.356510820136072653e+02 -4.399066065318458641e+03
-5.048838584202339916e+03 -4.554203749401606842e+02 -3.533540806506967783e+03
-1.905094499502917461e+04 -5.558870603187806410e+03 1.463883075854789968e+04
-6.892715144357784993e+03 -2.518465905882277639e+03 -9.743207989970620474e+03
5.999056016301209411e+02 -1.253362122205450760e+03 -1.312935154891295133e+04
-5.323967875191036001e+03 -1.169100190609945003e+03 -3.609514484790907318e+03
-4.622016548366314055e+03 1.196695895620409601e+03 -4.763712161923645908e+03
-1.433582738750132194e+04 2.422327353785298328e+03 -4.707740479006209171e+03
-2.351082145160159143e+03 -4.933990754134752933e+03 -8.799316617219510590e+03
-7.018390138132631364e+03 -1.224983963132707913e+03 -8.783912315412911994e+03
-2.106273180773974673e+03 3.138861776683552762e+03 -4.163348978016378169e+03
-3.585084820389754441e+03 -3.911353944878912898e+03 -7.448021029103598266e+03
-2.038953024874516132e+03 -6.861953720457767076e+02 -7.194682247252513662e+03
-1.527982663162629069e+04 -1.540272965367633446e+02 -4.412542126992563681e+03
-4.816197212750286781e+03 2.088221087915408702e+02 -9.438100217889905252e+03
-2.057258335671424447e+03 -2.239027712783358766e+03 -6.873794398554168765e+03
-1.362609556381133370e+04 1.869846862189767307e+03 -1.621180964019345447e+04
-5.084387036293482197e+03 -4.314837741601412517e+02 -3.768778044830075487e+03
-3.377677389345835763e+03 -4.818515745592374628e+02 -6.623984003276637850e+03
-7.117081265017136502e+02 -2.099103597732424987e+03 -8.421409945360979691e+03
-2.355888116425145199e+03 -1.395839888540943321e+03 -5.724509974126637644e+03
-1.469674843011542407e+03 4.074774818211153047e+02 -3.348607573913401211e+03
1.100501893550362911e+04 -1.157066672048674263e+04 -1.748500532697412564e+04
-3.211638979513494633e+03 -3.816715352082259756e+02 -6.239954535549016327e+03
-4.088145247480039416e+03 -1.014881905617922939e+03 -4.993569892428571620e+03
-2.374676583042935363e+03 -3.071785782032245606e+03 -7.746125638217769847e+03
-2.423427057504369259e+03 -3.786077648127865132e+02 -6.582594400610233606e+03
-2.487628500611164782e+03 -1.355387520473761072e+02 -6.984249633179514603e+03
-3.824869606846479655e+03 9.798373333712783051e+01 -5.364198409797066233e+03
-3.096999248954567975e+03 -4.452151539198258661e+02 -5.756770603852381100e+03
-2.917198581459749676e+03 -3.812772959927344800e+02 -5.861335389827722793e+03
-3.372627062693382413e+03 -4.099671242131914823e+02 -5.968491061412169074e+03
-1.889716952124638738e+03 -4.394191328282568634e+02 -6.897880805438964671e+03
-2.511033550212446062e+04 -1.258752845545011223e+04 3.500260237430710731e+03
-3.384368202699200083e+03 -3.416179610996312022e+01 -5.416316325276391581e+03
-5.849087910180600375e+03 4.556548890634820964e+03 -3.377779995110687196e+03
-2.147485857054273765e+03 2.462319395365031141e+03 -6.840143349216536990e+03
-2.134789947681163540e+03 -4.963330140558846324e+02 -6.699885586995886115e+03
-5.995135586316479930e+03 -5.003441606883649229e+01 -4.838978435053626526e+03
-8.790931969259194375e+03 -7.858770323810406808e+03 2.717974391167555268e+02
-2.949941618027801269e+03 -3.713391025658886520e+02 -6.531685202253926036e+03
-7.754690646791359541e+03 -3.673059687001373277e+03 -5.585281782257745363e+03
2.552421556603151657e+03 2.144362321968001197e+03 -5.205360846965142628e+03
-3.251140812618633390e+03 -4.762650693723857103e+02 -5.668231092515544333e+03
-3.628117241681631185e+03 -7.276070808949142474e+02 -5.258602030768621262e+03
-4.901907353030730405e+02 -1.828579071864521893e+03 -7.511128105504867563e+03
-4.767216205127837384e+03 2.350885266381859765e+03 -3.904698142848993029e+03
-1.614033648647368864e+04 2.553015280540563617e+04 -3.060414460839279127e+04
-6.968573363396512832e+02 -5.892810542089366663e+02 -6.528726675893750325e+03
-3.378005016589604566e+03 -8.841112105140460926e+02 -5.500826719192725250e+03
-1.070859450253997966e+04 -8.463001246600462082e+02 2.121487020573684731e+03
-3.861205419710805472e+03 -1.873722087948908666e+01 -5.773118365043013000e+03
-4.002226286218106907e+03 1.054397020019737738e+03 -5.416116564523947090e+03
-3.445787662616918169e+03 -1.299008484877852425e+03 -5.963796400970097238e+03
-2.343246005710928785e+03 -3.852413581767609685e+02 -7.005021621494985993e+03
-1.929245949336259400e+03 -7.087458803453523615e+02 -7.315812530604496715e+03
4.416047182713375150e+03 -9.677237720632381752e+03 -1.373906324178215800e+04
-1.907021891688858886e+03 -7.876649496239331256e+02 -7.267461784370607347e+03
-7.898613408407418319e+03 -5.788439253042548671e+02 -4.360727001168721472e+03
-3.430367109096840977e+03 -5.270208682597988172e+02 -5.980419256028081691e+03
-3.424786087998257699e+03 -2.467561300595620537e+02 -6.544816911836196596e+03
-5.557593070030509807e+03 5.874502434816783989e+02 -1.150413004945943976e+04
-3.710607458339877667e+03 -2.007104277656327440e+02 -5.472047724368835588e+03
-3.174465609997005231e+03 -1.681850918871018803e+04 1.669569823763905151e+04
-3.470624768014086840e+03 2.033115668223377526e+01 -5.675799486980063193e+03
-3.929051563883569088e+03 -2.697132798649570304e+02 -5.774061088057511370e+03
-3.087569829503442634e+03 -5.364030169670295436e+02 -5.975347446661665344e+03
-4.306856879916761500e+03 -3.452042170794504727e+03 -6.461260887894726693e+03
-3.824618643591909404e+03 -7.386542124352438350e+02 -6.033095967528877736e+03
-3.148147053618706195e+03 -1.498302006522025067e+02 -5.484200973637067364e+03
-2.336302221035306957e+03 -8.139347944582995069e+02 -6.996166298329389974e+03
-3.165052996444338714e+04 -2.464861423500706587e+04 4.284030640170194965e+04
-3.389754045323308674e+03 -3.999156920486122999e+02 -8.663124131093229153e+03
-3.483234905793751750e+03 -8.963746382648423605e+02 -5.627427825094260697e+03
8.599715655928335991e+02 1.169719322969587665e+03 -5.050470226535952861e+03
-4.152945816903505147e+03 -1.064594836267953326e+01 -4.173554888487904464e+03
-1.857412421670465847e+03 -5.077422477517720267e+02 -6.767994201774228713e+03
-3.262593444495169479e+03 -8.017219698025563730e+02 -5.942049403515557970e+03
-4.160549946864546655e+03 7.315188012193721079e+01 -5.230480365415064625e+03
-6.069489285903653581e+03 -8.541672831090908176e+02 -2.816704875668617206e+03
-2.047655982181019681e+03 -2.700288854560455366e+04 1.443744495198869799e+03
-8.929610121829393847e+02 -1.077999887662169613e+03 -7.502221288009658565e+03
-2.769668418536148238e+03 -9.019567613740285879e+02 -6.475406564728869853e+03
4.503359429575287322e+03 -5.779252718376284975e+03 -9.749100278917901960e+03
-2.008324779460565424e+03 -5.788501938972816561e+02 -6.796431835442383999e+03
-3.284526250218647874e+03 3.308032633891889418e+02 -3.140382727605665877e+03
-3.498677828239869086e+03 -3.818477866643641505e+02 -5.597715382120222785e+03
-1.750299290892887029e+03 -5.519657361473281298e+02 -7.102412533994440309e+03
3.349667845169938118e+02 -1.256814017414347404e+02 -5.393555200945042088e+03
-2.306040957990340758e+03 1.497510079947642225e+01 -6.540589394132282905e+03
-4.779164476979640312e+03 -2.700598253503522983e+02 -4.934734487121245365e+03
-4.822094108615179721e+03 2.388123872023093668e+02 -4.931467270457712402e+03
-1.013104423208506660e+03 -2.345429202862735110e+03 -9.583834828136956276e+03
-2.825848959144442233e+03 -8.163413617652186076e+02 -6.524120774570296817e+03
-8.973379858691341724e+03 -9.661539546217651150e+03 1.056475540922405344e+03
-2.332537128529238180e+04 5.220441774696005268e+03 6.232015718062271844e+03
5.256379883800464995e+03 -1.131844797569485490e+04 -1.051169327936013906e+04
-5.925427025459863216e+03 -6.203266236346000369e+03 5.984080040588717566e+03
-5.265163917981449231e+03 -1.924788030742484125e+03 -3.827275000520146932e+03
-1.876835451907082643e+03 -3.141214340135065299e+02 -6.797459224628942138e+03
-4.174153312732916675e+03 -4.711949950000130229e+02 -2.221764387587322290e+03
-1.982386440862790096e+03 -4.376482644509584361e+02 -6.871387083057158634e+03
5.709466806120691729e+01 -8.678674691073820213e+03 -5.454878622197008553e+03
-7.072464407648485576e+03 3.984186085859831792e+02 -2.991569606339664006e+03
-3.049425655097607432e+03 -3.275694542005612675e+02 -5.780840193331303453e+03
-4.546282187282115046e+03 -4.437009024874005831e+02 -3.457657047004406650e+03
-7.276166271146129475e+03 -2.204493814011038921e+03 -2.137225710592504583e+03
-3.148888879339038340e+03 -9.323203628622882206e+02 -5.874229748341199411e+03
-8.435245231040167710e+03 -5.266784546714290627e+03 -3.127323652805658639e+03
-3.065246405536589009e+03 2.728175940587283094e+03 -6.786116647964693584e+03
-4.224167686413661613e+03 -1.647999430825700301e+03 -2.128441369272774864e+03
-7.223372321417603416e+03 1.666938675742999840e+04 -1.993685226831196996e+04
-1.651566583666677616e+03 -2.004475322194183207e+02 -7.425638317529776941e+03
3.235049154398087467e+03 -9.678281874910662737e+03 -9.609167419098135724e+03
-4.686042062962176715e+03 1.549843735706457437e+02 -3.769663818535665996e+03
-2.033692874870398327e+03 5.187125340158413564e+03 -8.715043813792010042e+03
-7.189816700906241067e+02 -1.843440164535137910e+03 -8.094247343960895705e+03
-1.774127503696487111e+03 -4.123930233673017369e+02 -6.780241388565196758e+03
-3.706806827420442914e+03 -3.343197120520850376e+02 -5.843680591712976820e+03
-3.603731057092727951e+03 -4.194234461177655362e+02 -5.992689794561789313e+03
-3.626700628976082044e+03 -1.499794635948150017e+02 -5.694522364139377714e+03
-3.666178345214632373e+03 -2.778655256892091074e+02 -5.675960592957873814e+03
-3.566174495706090511e+03 -5.121392104198133666e+01 -5.676953259748631353e+03
-2.394494306730681274e+03 -1.599515683088712876e+03 -6.502243383939573505e+03
-1.157964045361827175e+03 4.894935029564214801e+02 -6.421234716940500221e+03
-6.638050397458253428e+03 2.386267837655260792e+03 -9.730482750886301801e+03
-3.668665711440915402e+03 -3.114419885701198609e+02 -5.297810116450948954e+03
-5.084833810863397048e+03 1.817663579129916798e+03 -3.403319976687292638e+03
-3.842973748737446385e+03 -2.181843210814980125e+02 -5.949806217511888462e+03
1.630704040068235918e+04 4.855399397601597229e+03 -1.436739987461578858e+04
-3.646393462816239207e+03 -1.746389219813695490e+02 -5.468777272786162939e+03
-3.589553610665462656e+03 -1.542534156654421338e+02 -5.659215474590261692e+03
-9.073250497442310007e+03 4.165150438526176913e+03 -2.959326662791342096e+04
-2.787993221631248616e+03 -5.170135200181622395e+02 -6.293424737963169719e+03
-4.386784830951352887e+03 -4.387380089439529343e+02 -5.396030583050825953e+03
-3.762874981439491421e+03 -2.728283605845452371e+02 -5.938150625080152167e+03
-3.568640540225417226e+03 -1.798655583811565748e+02 -5.720305231519566405e+03
-1.194177895432154628e+03 -2.426856078878531662e+03 -8.435242200913326087e+03
1.602933588301019881e+03 -6.645664630377378671e+03 -1.042445833867176952e+04
-9.526944794200318938e+03 2.778499338566945198e+02 2.032716215582792756e+03
-6.030929494528809300e+03 6.989797787018342206e+02 -1.054305803663727784e+04
5.699009664582472396e+03 3.288944151609986420e+03 -1.108769023791979635e+04
-5.535592015544548303e+02 -2.332769544277551176e+03 -6.179733745750006165e+03
-4.513113017191026302e+03 -6.196557564151156612e+02 -5.660379416785716785e+03
1.588210181437949723e+04 1.493998613968302197e+04 -3.502256818320082675e+04
8.930201973814109806e+03 5.280593163950131384e+03 -1.194135558804310676e+04
-4.441696367770879988e+03 8.149219318010952975e+02 -6.540935696342271513e+03
-3.606416254778671828e+03 -9.711136400811344060e+01 -5.782492209994572477e+03
-3.085722428432487504e+03 -5.566583053749752708e+01 -6.517124815022948496e+03
4.986872957876848886e+03 2.878158585320387829e+03 -2.648011101775230782e+04
-3.001106308395088945e+03 6.747888196391509155e+02 -3.812814543010505531e+03
-3.841063549366471307e+03 -1.757978631047901956e+02 -5.567040214454194029e+03
-3.157987410507218556e+03 -1.106631873485671804e+03 -6.790932803998945019e+03
-1.051648559927113456e+04 -6.943503492777426800e+02 -4.224429926397839154e+03
-4.210044708518327752e+03 -4.784280283898368680e+01 -5.742626455558130147e+03
2.560981943044284890e+03 3.366531618759693174e+03 -1.051735041130189165e+04
-4.781459009503226298e+03 -3.745553068907619945e+03 -2.157147847546712001e+03
-2.330182007398853784e+03 -7.874082559457852994e+02 -7.440765061515075104e+03
-3.363627637611913883e+02 -2.229862234932955744e+03 -1.325172240639059237e+04
-5.166238705467770160e+03 3.544898499173415303e+02 -6.355400606257188883e+03
-4.075490290977695167e+03 -2.970677185318497209e+02 -6.047371345095220022e+03
-5.471332148760540804e+03 1.453367669474797140e+03 -1.888894519125968372e+03
-3.590894000662699909e+03 -3.694837406323296136e+02 -5.855918298177860379e+03
-3.757215101499046341e+03 -3.093694362775383411e+02 -5.744549150141252539e+03
6.138371786960371537e+03 4.235256974116887250e+03 -1.276821626270145862e+04
-1.115441972160014302e+03 9.521197174879712293e+02 -6.651805065054911211e+03
-3.848495441682951878e+03 1.427436232438850539e+01 -5.772791583159546462e+03
-3.782065376493786061e+03 -3.827183266853717214e+01 -5.808508875270374119e+03
-9.436193056016843457e+02 -5.458812461501527650e+03 -4.686341525504069068e+03
-4.068183830190517710e+03 -3.772513068117362423e+02 -6.084673305921149222e+03
-3.992054528672290871e+03 1.063960425540566348e+02 -5.975605226221999146e+03
-1.289668092658853539e+03 -1.479534243072961544e+03 -6.580666952290825975e+03
-1.890433129585218012e+03 -8.267162638389144149e+02 -2.480776422069570344e+03
-3.618991148084365705e+03 -3.518710434091433967e+02 -5.474354340246559332e+03
-2.497795167628869876e+03 -3.585000118362421517e+02 -8.110852390991057291e+03
-3.481347289452629411e+03 -2.685076376562640235e+02 -5.708108980982847243e+03
-1.468212018192721189e+04 2.936290961894981137e+03 3.988290435125088607e+03
-7.312950372919093752e+03 7.176835673422624495e+03 -9.886276698707062678e+03
-2.022641478903819461e+03 1.300085499120090390e+03 -6.362279437741366564e+03
-2.687294134010895505e+03 -7.923912913208645250e+02 -5.691788394441608034e+03
-4.334828471090245330e+03 -1.436710678394376828e+03 -5.877516714396181669e+03
-2.702226329701679333e+03 -5.516972639845462254e+02 -6.531447723619528006e+03
7.464589072700631732e+03 4.617070981464675242e+03 -1.188356096999758847e+04
-2.767452147274254912e+03 -3.232885933366105746e+02 -6.493668571385723226e+03
1.965911412580895558e+04 1.391377095422915590e+04 -5.239105093140563258e+04
-7.279110481302993321e+03 4.139406120120910941e+02 -1.043161465072446117e+04
-4.430151991005730451e+03 -2.623281186499298201e+03 -2.568493251114308350e+03
-3.930856778795798164e+03 -2.623889364794495123e+02 -5.712745417649887713e+03
-4.402428172979844021e+03 3.388478857055753224e+02 -5.665788407445529629e+03
-3.679536697370311231e+03 -6.314132036788031428e+02 -5.485765249896496243e+03
-4.437248474800790063e+03 -2.582993026825072889e+02 -5.614089406463370324e+03
-3.372482393234305960e+02 2.630786095903520732e+02 -9.049551250281854664e+03
-3.936335292226015554e+03 -2.206442466104819573e+02 -5.870921113526165755e+03
-3.993710571593544501e+03 -6.038180951056565391e+02 -5.664258193075204872e+03
-4.230858646695730386e+03 -7.144078408560501430e+02 -6.065657884042211663e+03
-2.161312402859787653e+03 -1.679452033597442096e+03 -5.672217104873952849e+03
-3.870198771784597284e+03 -1.480269351281931449e+02 -5.586765553284561975e+03
-1.195439145540747086e+04 -1.522730660191913557e+03 -9.187631210078014192e+03
2.153889657455942142e+03 6.279051778783216378e+02 -3.563719664214533168e+03
8.552385451330051183e+02 -3.323302944130794458e+03 -4.403755499620991031e+03
-3.591387039553871546e+03 -3.590593579086419140e+02 -5.529242275446584244e+03
-2.742089338620629860e+03 -4.100256223156784472e+02 -6.457462960825473601e+03
2.562188429775619170e+03 4.780456806665560180e+03 -6.916795334942155023e+03
-6.418327571396995154e+03 -2.105133295420276681e+03 -4.896530203459797121e+03
-3.565109819094395334e+03 -3.386764537357595373e+02 -5.758215702701499140e+03
-3.928481277004669664e+03 2.211441079847036804e+02 -5.089321674923201499e+03
6.509815314569112161e+03 7.359969713749115726e+03 -1.684842522402019677e+04
-9.961048903982325555e+02 -4.540915905172003022e+02 -6.994272597171927373e+03
2.055431474712674390e+04 -3.451871695934440595e+03 1.249961831509706826e+04
-4.034044619876445722e+03 -1.144412144010270822e+03 -6.473832328051813420e+03
-3.808686337636779626e+03 -7.263084969166250175e+02 -5.639208481547652809e+03
-7.585316557640985593e+02 5.058648963669792806e+02 -8.064524541109797610e+03
-3.571651209823201498e+03 -3.760323898272560541e+02 -5.582776170470661782e+03
-3.559808407542471286e+03 -8.574157597834789613e+01 -5.682038306724628455e+03
2.048996965724779784e+01 2.662943315274299948e+03 -6.176303941253792800e+03
4.474559068405849871e+01 -3.171692470569415491e+03 -1.227673803007825154e+04
-7.895271113146835660e+02 1.003085362431385079e+03 -9.993097203210660155e+03
-3.689045783695004957e+03 -1.128559955558696970e+01 -5.600133754732813031e+03
-3.607005016501878708e+04 -3.423945338173614437e+04 -9.786393603012018502e+03
-4.569803616576695276e+03 3.792650538540552589e+03 -2.746144651083080589e+03
-3.578142799777298478e+03 -3.657889065859286575e+02 -5.481245138263393528e+03
-3.655508060034996561e+03 -1.203408099138940486e+02 -5.822763910129229771e+03
-4.206605866561151743e+03 -2.070883146524238327e-02 -5.809183824504906624e+03
4.378000563412329029e+03 4.737760735591086814e+03 -1.071125552092642465e+04
-4.674978949061707681e+03 -5.254370814393081446e+02 -8.440851361892113346e+03
-7.531279079559536513e+03 -2.105836994726627381e+04 1.683547198605193626e+04
-3.629948261878592348e+03 -2.736979483775558037e+02 -5.790579736620179574e+03
-7.311755146499396687e+03 4.933721897004752464e+03 -8.599321478385898445e+03
-1.207055200707794029e+04 -3.178253927954277970e+03 -1.568253517392206504e+03
3.260143563477425050e+04 2.978333820599742467e+04 -2.096132380957256100e+04
-3.863824385543426615e+03 -4.705620685052449517e+02 -5.650923362666861067e+03
-4.519111932419888944e+03 -5.605173748643397857e+02 -5.373398142392386035e+03
-4.426665768800545266e+03 -2.352054718157948628e+03 -5.795627326010569959e+03
-1.171152534513392311e+03 -5.728608601391967568e+03 -6.442116179635202570e+03
6.393334564357016461e+03 -6.951815167423433195e+02 -1.337464393795902834e+04
-3.842505389002240463e+03 -6.167885329188209198e+02 -5.962990209402044457e+03
-3.326562284160593663e+03 -1.097644536709257466e+02 -6.764108002557247346e+03
-3.494079037072069696e+03 -1.265046304954692914e+03 -6.191196221514989702e+03
-4.273760366961513682e+03 1.019955953889914326e+02 -5.100093434607922973e+03
4.725505459117124701e+03 2.761199153181522433e+03 -8.248346343544892079e+03
-1.871499833082525947e+04 -2.052611419208954976e+04 -5.459175260931129969e+02
-1.422752024227514994e+04 9.253933574645683620e+03 2.874630989919540752e+03
-1.520700362945754023e+03 -4.042515391526962048e+03 -4.860832671406296868e+03
-3.729344588744111661e+03 -4.190380807032912571e+02 -6.016401232624480144e+03
-6.993234692079642628e+03 -1.396637536257368993e+03 -3.007098545655032922e+02
-8.694030352626337844e+03 -2.393214905151829043e+03 -4.804172887715953038e+03
-3.605569281589719139e+03 -5.954293420099359082e+02 -6.149883655302015541e+03
-3.971744149276050393e+03 -3.473162973682501615e+02 -5.508462022251604139e+03
-4.210675634307612199e+03 -2.902482470337995437e+02 -5.483070526280779632e+03
-6.213413253658454778e+03 9.528676115129499522e+03 -1.975700652305542462e+04
-3.466102901674236819e+03 -1.571281896879627766e+03 -9.848552642271641162e+03
-4.314326975006023531e+03 -9.447778708563203054e+01 -5.809482235165633028e+03
-4.538429431404341813e+03 -2.539954680058859140e+03 -7.220730056436124869e+03
-2.318981069215888965e+03 -2.254338600031893748e+03 -3.572717456847650283e+03
-3.786204664011393106e+03 -5.023658845144626639e+02 -5.964503146146506879e+03
2.324137366643098721e+04 2.787450444307580619e+04 1.174227612002020578e+04
-6.004441986824707783e+03 -3.972832473767311512e+03 -4.307098792348800998e+03
-1.232793569875439061e+03 9.919115325457599965e+02 -5.517848466412428934e+03
-1.645022677769474831e+04 5.850319105719918298e+02 -7.591435152241392643e+02
-3.959212321245423482e+03 -3.083266452765167287e+02 -5.594794752451837667e+03
-3.614787466829197001e+03 -3.262732731164725237e+02 -5.692392913987131578e+03
-8.641352981939109668e+03 -1.572010407443174245e+03 -6.160686057286518007e+03
-3.879698374026817874e+03 -1.703407649209209467e+02 -5.928298095526819452e+03
-3.597635689900707348e+03 -3.931689921278852466e+02 -5.658127721422014474e+03
-4.026920126534694646e+03 8.544299759262457883e+00 -6.897080554677774671e+03
-1.147026216999973713e+03 -7.670497025947656766e+03 -2.620869513521323370e+03
-3.882371330353244957e+03 -2.261481274005284376e+02 -6.028985976392517841e+03
-3.901908288899327999e+03 -6.767415150324442266e+02 -5.722871658311990359e+03
-7.274831243203271697e+03 -1.301956881863202216e+04 -5.000922296744450250e+03
-3.519233751652665887e+03 -3.236038649161113199e+02 -5.944009737086700625e+03
-4.407774149809858500e+03 -1.799770143816670611e+02 -5.368256691478063658e+03
-4.949351304213134426e+03 -3.225163768939079318e+02 -4.529333790720729667e+03
-4.737490684042583780e+03 -4.759866904575304943e+03 -5.117850105563683428e+03
-4.265117706604368323e+03 -2.281153205018840140e+02 -5.660239080793060566e+03
3.790206299544851163e+02 1.265819381113494501e+03 -7.320604877005343951e+03
-3.670174553753629880e+03 -5.012015467047328343e+02 -5.932869602969963125e+03
-1.811875380067705009e+03 -8.487370448243036662e+02 -3.453064312371051983e+03
-8.114100873775589207e+03 1.763959366354808935e+02 -5.398924573393494029e+03
-7.173221693483181298e+03 -2.862857945409918102e+03 -4.535472904428892434e+03
-2.889525486764394373e+03 -9.426178677926757246e+02 -6.770399702469137992e+03
-4.104270142407714957e+03 -2.618867715205347508e+02 -5.172216639862495867e+03
-2.608143264595745677e+03 -6.742204250646304899e+02 -6.833113643911367944e+03
-8.702669148339768981e+02 -3.540027247657315456e+03 -7.256527995850769003e+03
-4.039058156498638255e+03 -1.559261548811606417e+02 -5.389593765683252968e+03
4.370809541234076505e+02 -3.133988784685813243e+03 -3.960032329918973119e+03
6.847787140254434917e+02 4.234976693721370793e+03 -9.596659423505047016e+03
-8.281117005929299921e+03 -1.217980146207356847e+04 -1.313890161428050124e+04
-3.671557356488059668e+03 -1.072985776332310763e+02 -5.865970549427095648e+03
-3.706170289134187897e+03 -4.351041063401592055e+02 -5.903851477389807769e+03
-3.858507533246278854e+03 -5.084000054874019838e+02 -5.467302868934465550e+03
-1.166586556415634368e+04 2.943992353711571468e+03 -4.472570138298432539e+03
1.849098955416388344e+04 4.706097609291378831e+03 7.334395184923660963e+03
-3.717785574307399656e+03 -4.858318961263803430e+02 -5.985539060396176865e+03
-4.189031411551593010e+03 4.561887034631809001e+00 -5.848487422685214369e+03
-3.688283836570044969e+03 -2.319426205534924179e+02 -5.938667310443338465e+03
-2.401774304693598424e+03 -4.407097106989398867e+02 -6.074456432441381367e+03
-3.519274326743191523e+03 -3.313541271449368537e+02 -5.697563501436230581e+03
-8.095970372769314963e+03 -5.251045428344149514e+03 -6.372793337572163182e+03
-5.061205534357875877e+03 1.202970866261361607e+03 -6.369555762134644283e+03
-3.667251147242081515e+03 -4.325006887949391512e+02 -5.906003756019948014e+03
-3.837313824021920937e+03 -5.858222139706469989e+02 -5.445594961910046550e+03
-3.186897849688073620e+03 -9.306954568769222078e+02 -5.442375016771403352e+03
-3.016624385929207165e+03 -3.618611569741080530e+03 -5.585701918663946344e+03
-3.533045027040308923e+03 3.528260999369273918e+02 -6.843627024232791882e+03
-3.990240419302326700e+03 -6.351824496244146303e+02 -5.865225295177228872e+03
-3.016354115726987402e+03 -1.566606443333169409e+03 -6.574375618111593212e+03
-4.773394286094666313e+03 -7.802639524472053836e+02 -5.255294008184751874e+03
2.882972312218067964e+04 4.376866117952284549e+04 1.689797693822994188e+04
-8.160069482057988353e+03 -4.002824866795892262e+02 -4.214599067288517290e+03
-4.452648586861057083e+03 -8.111848343116242859e+02 -6.195603038908253438e+03
-3.715745634227264873e+03 -2.584822741394600598e+02 -5.702278861070921266e+03
2.094703922883927225e+04 1.560078912249596215e+04 -2.787003066182125258e+04
-3.668319959930236109e+03 -3.433290465029971301e+02 -5.689052600165711738e+03
-3.627059899084011249e+03 -3.979891027404070769e+02 -5.927956602490749901e+03
1.068302868617720014e+04 6.882627924858337792e+03 -2.224487000825357245e+04
-3.889620851573602522e+03 -4.675954135300604548e+02 -5.863760502223442927e+03
-3.513280066472626459e+03 -1.028019236196931843e+02 -5.725436359183578134e+03
-3.605295180105836607e+03 -3.258254155043033506e+02 -5.681688862936228361e+03
-9.349078350495619816e+03 -4.235069777356651684e+03 -3.355201169530244897e+03
7.098732856376284872e+03 -2.503480001719123266e+03 -8.661617326369607326e+03
-3.069461656706110261e+03 -6.605362778009741760e+02 -6.627788607520402365e+03
-3.764851269850575591e+03 -5.491974005795981384e+02 -5.990371365021092060e+03
-3.947151685474611895e+03 -6.634676047704398343e+02 -5.878935851320486108e+03
-5.141627268710398312e+03 7.690394795022268681e+01 -2.954622281834088426e+03
1.455361501308544803e+02 -1.795334073141418230e+03 -8.105595495941284753e+03
-3.532017972380717310e+03 5.873834925601682926e+02 -8.481871645062481548e+03
-3.708754452318991753e+03 -4.959793014585199558e+02 -5.916564294824947865e+03
3.300963941342202361e+03 2.803111540289868572e+03 -1.013535940926473631e+04
-3.814955946068435878e+03 -4.926238309523617431e+02 -5.231941113865897933e+03
-4.884749742693915323e+03 -1.718138559036374318e+03 -3.685428370527059997e+03
-3.533903411180173407e+03 -3.211121027740541081e+02 -5.788795471825481400e+03
-4.231271393630064267e+03 -2.147091018793180410e+02 -5.697556449982836057e+03
-2.488872466285125483e+03 2.108453962972417685e+03 -3.823406001874164758e+03
-3.594162282531139681e+03 8.038221229973993331e+02 -9.178626188470625493e+03
-3.211492859641657105e+03 -9.816260197855835941e+02 -5.558311740265960907e+03
-5.010700258556055815e+03 -2.550924228635527697e+02 -6.007663995381109999e+03
-3.892130137877680681e+03 -8.570511339710651555e+02 -5.686334458224189802e+03
-1.220455146672441333e+04 2.453901486626510177e+03 -4.171077786002093490e+03
-1.908896570873234282e+02 -2.207132267057952788e+02 -6.341360177040043709e+03
-1.884216122804207043e+04 3.547720860066462592e+03 -6.463365427093596054e+02
-3.474849791524421107e+03 -5.310304224513665758e+03 -1.140975870092570221e+04
-3.018785162376820153e+03 -9.824657783195569891e+02 -5.172623104684759710e+03
-1.064568145698441913e+04 -5.118766789018332020e+03 -1.892902095443781036e+03
-3.815424737268705940e+03 -3.429618902094007353e+02 -5.155837912676208362e+03
-6.030258574812464758e+03 -8.626841449537746485e+02 3.814323991989735418e+01
-4.104793941243528025e+03 -9.993044443982793382e+03 6.193126858879018982e+03
-3.850659908761668248e+03 -6.992296621482632872e+02 -5.613585896954387863e+03
-3.594648480713863592e+03 -3.635790424453805372e+02 -5.316386221300404941e+03
-4.044615091447182294e+03 -4.795594412742507870e+02 -5.525343274947032114e+03
2.163576231948961322e+03 3.698140381066330883e+04 6.255413395813035322e+02
-2.440552508480439428e+03 2.281868864072628185e+03 -2.139040191682090608e+03
-3.667080522266614480e+03 -3.992259867838330365e+02 -5.503451497025072058e+03
-1.936991927495132813e+03 4.802538482230582417e+02 -3.350236823065292356e+03
-8.656169017205607815e+03 -1.894625576914316525e+03 -2.490560487553664643e+03
-3.857847971994195177e+03 -8.525531387545771622e+02 -5.451253747745515284e+03
-5.378915885769864872e+03 -1.266113352870539757e+03 -4.531515398533187181e+03
-5.509936129086795518e+03 -5.842025765781363589e+02 -3.104652325763820954e+03
-9.845308599567042620e+03 -7.103445110272617740e+02 -2.768959662393413964e+03
-8.162322987315607861e+03 7.120612898826553874e+02 -6.139045621265495356e+03
-3.008944771389068592e+03 1.004065864344185002e+02 -6.256016929587707637e+03
-4.100072429012026078e+03 -6.845993658297898037e+02 -5.854898458927554202e+03
-3.664976295638120973e+03 7.207701509508618756e+02 -5.794514285264077444e+03
-3.704268088758132308e+03 -4.703472220149512850e+02 -5.882390191035204225e+03
-3.726912513881033647e+03 -4.014264908768695932e+02 -5.902825792283763803e+03
-3.676432585511010075e+03 1.367997775302903165e+03 -3.976616753295909803e+03
-3.194859893773853855e+03 1.841300001735902015e+03 -4.708910907842810957e+03
-3.660520312802233548e+03 -7.212247163900756277e+02 -5.745685495701945911e+03
-3.861708688344771417e+03 -5.407377574405472842e+02 -5.943581946439986496e+03
-2.136567915351729425e+03 6.286610082270519797e+02 -5.555829388091834517e+03
-3.688812112476274251e+03 -5.694197576074791414e+02 -5.312507667287795812e+03
1.331794597860193107e+03 1.730410040079069631e+02 -1.154485553569539115e+04
-3.837010060561490718e+03 -4.797369568193498139e+02 -5.258137299226430514e+03
-3.828720872121485172e+03 -1.140428940463370054e+03 -6.051682709544983481e+03
-3.742363143215572109e+03 -4.476439352075447005e+02 -5.716207455329259574e+03
4.379492768563327445e+02 -3.671980645346929123e+03 -8.494081794410903967e+03
-3.120050911688318592e+03 -7.913036847841774488e+02 -5.539754241407242262e+03
-4.399386353912496816e+03 -6.782171049974442667e+01 -3.467362329714411771e+03
-1.014347122781024882e+04 7.581863268628238984e+03 -2.883610216172019591e+03
-3.806814929318217764e+03 -5.202394476905698184e+02 -5.950727098656328053e+03
-3.709188694360550926e+03 -6.414640787631931289e+02 -5.784602136864254135e+03
-1.468390980268738986e+03 -1.235904201939429186e+03 -4.426098314211211800e+03
-1.450944050795894100e+03 1.790628740947391861e+02 -6.069365306900970609e+03
-9.616166762942680180e+01 -2.370196548234688635e+03 -7.422235380870498375e+03
-1.026173054244991363e+04 -1.964967277484606711e+03 -4.327289284919419515e+03
-7.467185018525197847e+03 3.432518197597504241e+03 -7.306724221035177834e+03
-3.481673141689515433e+03 8.013367196962784874e+03 -2.455571119352075129e+03
-1.597265183099335673e+03 -1.668756038106087772e+03 -6.760149460144152727e+03
-3.768063338665051560e+03 -5.244483920686452620e+02 -5.975872439570578535e+03
-3.545709817274140732e+03 -4.085500017568461999e+02 -5.373056626139264154e+03
-3.578703745009777776e+03 -3.479205045019807017e+02 -5.501555354637074743e+03
-2.945360511473163115e+03 1.012694686880760401e+03 -2.850676401530451130e+03
-4.406162439187759446e+03 2.829338585988650721e+02 -5.730568140212718390e+03
-3.178023816791319859e+03 2.092820602539974857e+02 -5.705310906892846106e+03
-3.684216396513362724e+03 -4.591315757893763703e+02 -5.817185417575346946e+03
-3.941249710254623096e+03 -6.468858058788431435e+02 -5.932356555205859877e+03
-3.025777296588765239e+03 -3.613960199652841311e+03 -6.760008336790686371e+03
-3.704751195657282096e+03 -3.814242978366770558e+02 -5.858629202030295346e+03
-5.109564058714828207e+03 -1.238843993884561769e+03 -7.001284103524478269e+03
-3.944727692241691329e+03 2.304973848518665704e+02 -5.559064132060590964e+03
5.467066538570516059e+03 2.890448223509281434e+02 -1.591821868962546432e+04
-4.063355468505585122e+03 -7.575182154429786578e+02 -5.795919585570401978e+03
6.999560110526243761e+02 1.071812778993702977e+03 -6.057811401531567753e+03
-4.118881618231117500e+03 3.732806213971139641e+03 -8.593325580308668577e+03
-1.995240339050040575e+03 -2.008009250207799823e+03 -9.170397505391816594e+03
-5.878955542498658360e+03 -1.150157300605109185e+03 -5.254415968767579216e+03
-4.009307898470309738e+03 1.990364606862428900e+02 -6.034229540894815727e+03
-6.982789040378703248e+03 2.724258158233024915e+03 -7.346065576037073697e+03
-4.382175702071926025e+03 -8.879358125212800132e+02 -5.947684198426197327e+03
-2.300019649770947581e+04 4.098675238225589055e+03 -1.570455893276762072e+04
-4.856764964257456086e+03 -1.302247526837761143e+03 -2.805351891694375354e+03
-3.746195582434613698e+03 -4.464953665937418918e+02 -5.924064703776377428e+03
-7.951177414880456126e+03 2.569802665355493082e+04 -3.887223747648119570e+03
-3.785966977715282155e+03 -7.673979605063527742e+02 -5.834656413472942404e+03
-4.309254314354004237e+03 -2.354761244021113725e+03 -6.774845582007752455e+03
-6.332974487341914028e+03 4.726927080694818869e+03 -4.371709220980254031e+03
-3.018873860571477053e+03 3.235766193951791081e+01 -5.579731680219530062e+03
-9.636827277529824642e+03 2.954924125189178085e+03 -3.741975161497478894e+03
-3.671754552622535357e+03 -3.486359142059141050e+02 -5.722363781713693243e+03
-5.926517839245538198e+03 1.385541724688618160e+03 -5.794278248018203158e+03
-2.080611236529693997e+03 -1.840333999359325617e+03 -4.766972216170615866e+03
-3.679023162483618307e+03 -4.702326097470418631e+02 -5.889122216554741499e+03
-3.674490648426223288e+03 -3.541451978977273711e+02 -5.307993296477001422e+03
-3.746446620246924795e+03 -5.200271399575127589e+02 -5.620917866925926319e+03
-2.733675369059436434e+03 -3.021119886785631024e+03 -4.760265441549518073e+03
-2.605538894328610695e+03 -7.320804912874984893e+02 -6.833179537845139748e+03
1.752871303572741908e+03 -4.566196565942200323e+03 1.164664037206194507e+03
-3.519979618001287236e+03 -5.077684602741229583e+02 -6.003480854894954064e+03
-9.998627472689846400e+03 -1.860402053218887772e+02 -4.648923635832195941e+03
-4.090840975437328780e+03 -5.529857403082759220e+02 -5.674840529698215505e+03
-2.123674649384973691e+03 -1.315410385397321306e+03 -7.004660691014799340e+03
-3.825634985663563384e+03 -3.116584203199560648e+02 -5.671486423143653155e+03
-3.664713473802632052e+03 -4.483521413195566083e+02 -5.843887593098002981e+03
-3.961245696514729843e+03 3.892848567012208605e+01 -8.267858626014030961e+03
-5.779038358885377420e+03 6.214382408160579416e+02 -3.424948503726600848e+03
-3.617276992138378773e+03 1.050417046886828757e+03 -4.602606087575246420e+03
-3.365120270960745529e+03 2.185452920203708231e+02 -6.414099376427183415e+03
-3.921224564724739594e+03 -5.844137105264509273e+02 -5.835999113085576937e+03
6.455724142717295763e+03 -3.351053885832071956e+03 -1.338546213083466318e+04
-1.844185938897190226e+03 -8.447106832329000099e+02 -8.068572421841865435e+03
-2.938479708257646962e+03 -2.374122193720768337e+01 -5.076666465380571935e+03
-5.824905372333152627e+03 -3.409977316630623818e+02 -6.458029104070485118e+03
-1.209350034070314723e+04 -2.835727162578434672e+03 1.538282092390564230e+03
-3.440217277173300317e+03 2.461264200696813873e+02 -5.934582370146868925e+03
-3.666057837253430534e+03 -5.587758158768855310e+02 -5.658856840861247292e+03
-3.500780689687153063e+04 5.279879900644110603e+04 -1.898456706409926483e+04
-2.375607486359757786e+03 -8.878933573701904152e+02 -5.091748814337715885e+03
-1.551153918208116465e+03 -1.328554338923943078e+03 -7.753956581424984506e+03
-3.605849531786547232e+03 7.037185139174065398e+02 -5.613703946336851914e+03
-3.657780403858060254e+03 -3.648011362056516873e+02 -5.328651360100847342e+03
-3.540966412595860311e+04 5.542899450890049047e+04 -1.900422378588840365e+04
-1.648214409965934919e+03 -5.596046402383229861e+02 -7.790450449764673976e+03
-3.162318356225433490e+03 -8.334182614258037347e+01 -5.372551587778066278e+03
-6.366177540213373049e+02 -1.168625558473976525e+04 -1.135027001839752484e+04
7.880619654138514534e+02 -7.133306977681426361e+03 -9.728248291283556682e+03
-3.664319079362978755e+03 -5.742485980999103390e+01 -6.396868559815846311e+03
-6.868982035169030496e+03 2.550527972565536174e+02 -8.416825800220143719e+03
8.058238417835821110e+02 -1.580356155748164747e+04 -1.590198250270850804e+04
-2.615179666863272359e+03 -7.094791823664193544e+03 -5.445906089453394088e+03
2.614072099272635569e+03 -8.628946067649401812e+03 -1.272314388091036562e+04
-3.947544718061481490e+03 1.542457426177828381e+02 -1.175286190882822120e+04
-3.757927943357206004e+03 -7.553868192670581720e+02 -5.333781606459881914e+03
-5.286337049974436923e+03 3.905326801595618690e+03 -1.362295737253172956e+04
-3.613274648952711686e+03 -5.134440619655237015e+02 -5.726354832349118624e+03
-3.734522569393503545e+03 -5.218398238909347810e+02 -6.010952326843162155e+03
-2.102965050985007110e+04 1.383609837562978100e+03 3.658870440576936744e+03
2.098197139289673032e+03 -1.955191624784266605e+04 -2.033823380546983753e+04
-2.868993527937743238e+03 -8.930426930663279563e+02 -6.640664248768011930e+03
-3.935844338338518355e+03 -7.870871236606485581e+02 -5.635750464192718937e+03
-5.235219710650364505e+03 -2.347870070890637635e+02 -1.116578868321723576e+03
-3.432508756471175730e+03 -9.167816050485241703e+02 -5.133198705899054403e+03
-3.734230404738133529e+03 -6.963521078160247271e+02 -5.602667784250360455e+03
-3.736571095275446169e+03 -6.210313366536275907e+02 -5.689079286071538263e+03
-2.425930839906514393e+03 -6.581983810933777477e+02 -8.855311396350145515e+03
-3.835020629313281916e+03 -7.435024019367422170e+02 -5.386760175492290728e+03
-4.888133746894673095e+03 -1.127239429464099203e+03 -4.240349922098461320e+03
-3.700897142411789901e+03 -1.673920154243685374e+02 -5.132291829963226519e+03
2.352188819351802067e+03 -1.618869378485482412e+04 -1.529575131467348729e+04
-2.010932908566253218e+03 -1.790355844142689239e+04 -5.500718092764665926e+03
-3.512948467922779855e+03 -1.524563920285479668e+01 -6.674331856982519639e+03
-3.433922624156820348e+03 -2.438828524995677753e+02 -6.198148159444035628e+03
-6.381996221698666886e+03 -3.296817312195562977e+02 -4.500829695676154188e+03
3.860256114396045632e+03 -9.591704500558451400e+03 -4.677246646177097318e+03
-8.387780349811037013e+02 -2.450036994219738972e+03 -7.654060008611827470e+03
-1.070922198352350460e+04 -2.386520511876781256e+03 -3.417066901733905524e+03
-3.188676836038634428e+04 5.744895858989726548e+04 -1.961565014958046595e+04
1.934521334929609566e+03 -2.954293563501262724e+03 -6.251208469653648535e+03
-3.986552396689508441e+03 -6.276734348823003984e+01 -8.107573114688125315e+03
-4.557644841740905576e+03 -1.048936137136030084e+03 -5.602471531413949378e+03
-3.755006072734602640e+03 -1.017931896832917005e+02 -6.350523940725993270e+03
-4.038083769506007229e+03 -5.327475531434010918e+02 -5.674645787535422642e+03
-1.176214585713618544e+04 -6.303688333216621231e+02 1.412018699755544731e+03
-2.957880715698666791e+03 -6.479322230002117067e+02 -6.572116341577352614e+03
-3.304559937361612810e+03 -5.607316552879790379e+02 -5.790799866138238031e+03
-3.954191220857430380e+03 -8.123057736625971756e+02 -5.493129130405854085e+03
-3.290103850123390657e+03 3.763571931866773639e+02 -6.140973931892001929e+03
-1.643783321106493077e+03 -1.208531382276427166e+03 -9.029800763936122166e+03
-3.934670324628208164e+03 -8.374388388627604627e+02 -5.677984878984210809e+03
-1.708033812415006196e+03 -9.526152320203228783e+02 -1.042248910993851132e+04
3.453958162602356879e+03 -1.109749406109575648e+04 -2.344899050071046440e+04
-3.488445984990139550e+03 -1.006143360062504030e+03 -5.591074873017422760e+03
-3.683685877858522872e+03 -2.401675552454502736e+02 -6.147553433721180227e+03
-4.672760147054026675e+03 1.174635007527245534e+03 -6.971868252117603333e+03
-4.090098351252727298e+02 -1.424030385707097821e+03 -8.324727412206346344e+03
-5.088364416059779614e+03 -2.630562064556960422e+02 -5.264937190177264711e+03
-3.288583516529959979e+03 1.684487906250838932e+03 -5.365923839029577721e+03
-5.269930413682704966e+03 -1.496143148160663259e+02 -4.807384564353009409e+03
-3.751915008437924553e+04 3.120456283577601425e+04 -4.866962228063083785e+03
-2.678763298204241892e+03 -4.097437906057957662e+02 -6.511253404537265851e+03
1.563193574388886645e+03 -1.253250379571408848e+04 -1.025977950537350443e+04
-3.242053901516193037e+03 -2.799308344778361288e+02 -6.080910796963372377e+03
-3.782353592273023878e+03 -3.593340923176478441e+02 -5.544618014655799925e+03
-1.061200622030339900e+03 1.406021019622121003e+03 -1.131981357894701068e+04
-3.161796596516392583e+03 8.389777345742197667e+01 -6.111619579828246060e+03
-3.897114256172396381e+03 -5.610469818509882316e+02 -5.471954299401914795e+03
5.694500009735466506e+01 9.265611864190395863e+02 -1.276148445726964565e+04
1.386010102195688160e+04 1.607627340261152312e+04 -8.189935167365539201e+03
-2.545618185934419216e+03 -1.153740543341909643e+03 -3.931325117870059785e+03
-3.631806331091095672e+03 -5.114714758652831961e+02 -5.611246467784828383e+03
-8.101516360444721613e+03 1.436073821706782610e+03 -4.153173722714112046e+03
-4.465332116054111793e+03 -1.114057424892808967e+02 -5.146343385147324625e+03
-3.740624832662917470e+03 -2.774506040344740541e+02 -5.276409072468796694e+03
-3.702949579303680366e+03 -4.193533132256083604e+02 -5.377161644967803113e+03
-3.754729472725112373e+03 -2.992285627471086400e+02 -5.383430878947183373e+03
-2.276834232729815085e+03 -2.459669904272153417e+03 -6.018007143313283450e+03
-3.131057550386674393e+03 -6.066560906742681709e+02 -5.035467042736137046e+03
-6.357141521380171071e+03 -2.508396005733940228e+02 -4.993592182582397982e+03
-3.846165159539234992e+03 -4.238246740029385364e+02 -5.194274798825877951e+03
-5.580225728907868870e+03 -3.832840398614534934e+03 -3.693098669617487303e+03
-3.604765778217120442e+03 -3.444104780417743541e+02 -5.623317741750164714e+03
-1.673231258711810733e+04 2.226935063149141570e+03 -4.318846463961973495e+04
-3.997453412104133349e+03 -5.716119526011100334e+02 -5.773426925489172390e+03
-3.704576108988731903e+03 -3.219732096287884247e+02 -5.445785911902109547e+03
-3.898684586715327441e+03 -2.721647702967481109e+03 -3.966430381949835919e+03
1.425248135491373068e+04 7.938386374540400539e+03 -2.218280578482472993e+04
-4.811496512497926233e+03 2.276367219094993288e+01 -5.083834719523147214e+03
-3.261900433374196382e+03 -9.836523929057318583e+01 -6.658659298538043004e+03
-3.850019008053125617e+03 -3.571510888438995721e+02 -5.347097531046102631e+03
-3.167290812940840169e+03 -1.232699424671590123e+03 -6.439135219059788142e+03
-8.535559439297683639e+03 4.221949538930928156e+02 -4.670042711661135399e+03
1.160602250072687093e+04 -1.090822888132051958e+03 -1.376874785003607030e+04
-7.012639727278008650e+03 2.475092947599393483e+03 -7.065774261138605652e+03
9.510757495188217945e+03 -1.656918898238470501e+04 4.070911126208795395e+03
-2.296991716491055740e+03 2.341142060137567000e+02 -6.729311093113239622e+03
-3.580863299594511318e+03 -3.431461310477884581e+02 -5.771248893075649903e+03
-2.029580954302728060e+04 2.869993449412530140e+02 -3.100634071278335978e+04
-1.464699241107977059e+03 3.560996851007304485e+03 -9.187211640061630533e+03
-2.630032865075376662e+02 -6.705890682280247574e+02 -4.999364242216141974e+03
-3.811608546039843077e+03 -2.508455965660662912e+02 -5.440866371408529631e+03
-3.599241844674211279e+03 -1.873500136175665887e+02 -5.399576270722000118e+03
-1.163378522882522157e+04 1.175078513068354141e+03 -2.110462522474719663e+04
-2.844637105441675885e+03 -4.296513007363620318e+02 -5.440203865353028959e+03
-4.080431094443713391e+03 -5.143509238897439673e+02 -5.708207502432325782e+03
-4.849015723441423688e+03 -6.136031812200191780e+03 1.472099856297099450e+03
-1.721065996075245130e+04 -2.627042472268079109e+03 2.846765911739564217e+03
-3.912566008076190883e+03 -3.217216735674257961e+02 -5.558133980993502519e+03
-5.229776607086756485e+03 -2.456415176794243052e+03 -4.255824017635703967e+03
2.159802819481700135e+04 -1.559201556721874840e+04 -1.583622149755780811e+04
1.641130289642315256e+04 8.332540577590896646e+03 -3.145733162216938945e+04
8.584098422407703765e+03 6.042690382502411921e+03 -1.825237976311409875e+04
-3.465916091654370121e+03 -4.298753628914116689e+02 -5.019274351421949177e+03
-1.634138365852656079e+03 -6.861960405956315299e+02 -5.513254287581833523e+03
-3.989319140588606842e+03 -7.232977343924837896e+02 -5.272826174942589205e+03
-3.742013378101150920e+03 -6.538761129107463148e+02 -5.753998357900009069e+03
-3.841450091043448538e+03 -6.506187190055970859e+02 -5.527682055666703491e+03
-5.404674013731605555e+03 -4.585872865779357198e+03 -1.455021470346301157e+03
-4.380711512184712774e+03 9.544128357035601766e+02 -5.897786584409504030e+03
-3.620741079464829454e+03 -3.181176743300039220e+02 -6.043271303190571416e+03
-3.782266776830967501e+03 -2.555879049993035323e+02 -5.324304190421466956e+03
2.629960242073384507e+04 -2.138895997069959776e+04 -8.547205016127551062e+03
-3.904191726106213082e+03 -3.489129657601425833e+02 -5.420993583373190631e+03
6.407708174551988805e+02 -6.765764815446880220e+02 -1.040033559896675797e+03
-3.919794765625536456e+03 -4.079119916312393457e+02 -5.461319615103069737e+03
3.828651951295757954e+03 4.033827890914153159e+03 -1.604116703577387125e+04
-3.944959658123144891e+03 -3.399232444516882197e+02 -5.608537235468794279e+03
-3.913522898252042069e+03 -6.064880113784049627e+02 -4.979905633380386462e+03
-3.764474573564227285e+03 -2.411685706747912832e+02 -5.557715954007633627e+03
1.153614616558938724e+04 2.510338434473248526e+03 -1.553818337977355077e+04
2.791769151801118278e+04 4.785530416680245253e+03 -3.920934386210748198e+04
-3.721686172034359970e+03 -1.679342149871614538e+02 -5.453540779043310977e+03
-3.933266493754812473e+03 7.576106262231928667e+02 -5.296518561441554994e+03
-6.190281436932988072e+03 -1.371225423774066712e+03 -5.453975671639772372e+03
-3.841937061005218766e+03 -1.652013352735195895e+02 -5.811870841017728708e+03
-9.071093513391999295e+03 -4.002934934973328836e+03 -3.063074515232144222e+03
-2.963639412071940114e+03 -9.953672791736399006e+01 -5.263957661768775324e+03
-9.058706169181403311e+03 1.442173174801014648e+04 -6.270613770834787283e+04
-6.338145245354196959e+03 -3.760537795559534970e+03 -1.990855799577256448e+03
-5.061171504983851264e+03 -6.100684041137990789e+03 -1.550930912934079743e+03
-6.289515539302350589e+03 7.816921553593927285e+01 -3.859273828660537220e+03
-3.885028454200585657e+03 -3.050601972073300203e+02 -5.479729974163127736e+03
-3.705006268778718095e+03 -1.293880978471273124e+02 -5.718929854397614690e+03
-3.722480616004803323e+03 2.360593259569677684e+03 -5.263323642799420668e+03
-4.047702949395759788e+03 -1.671123886524013415e+03 -5.566901275414060365e+03
-4.057138728932007325e+03 -1.162924730724722053e+02 -6.087767491702062216e+03
-4.072027627112072878e+03 -3.148840526473609316e+02 -5.239365096075708607e+03
-2.556365195462686188e+03 -4.773132042586826174e+02 -6.261291234488920963e+03
-3.865678447666366537e+03 1.412015652924549158e+01 -5.957199792325986891e+03
-3.684094110306567472e+03 -3.317855992860821175e+02 -5.454117782211227677e+03
-1.385029092200762352e+04 -2.118830585711655658e+03 -1.628740432015680199e+03
3.386098678802994073e+03 3.272413929169243602e+03 -1.007663722146023065e+04
-3.471920713194575455e+03 -1.497879287509876576e+03 -6.053701340797572811e+03
-3.558080051989857566e+03 -1.446541860779067065e+03 -6.226533312023620965e+03
-3.630832415590928576e+03 -1.936151023182800600e+03 -6.932240942243237441e+03
-1.133260354692228066e+04 3.575515036428809708e+03 -6.774044384322632141e+03
-3.130866110798936461e+03 -2.052234608024147747e+03 -6.278053969443223650e+03
-3.704236309921455359e+03 -9.084102096493018053e+01 -5.852890459337359971e+03
-1.022864512137381553e+03 -3.306200256279211089e+02 -7.075042929806790198e+03
-2.592502055799121808e+04 -3.260705518914282948e+03 -2.974026154465812215e+04
-5.797161792041802073e+03 -2.306941642399556258e+02 -3.913746028769391614e+03
-3.934090654331105725e+03 -4.482079075777099888e+02 -6.331858986325563819e+03
-4.381688284856554674e+03 -7.106971686568854238e+02 -5.781271501094470295e+03
-3.602090400049030904e+03 -3.624929102783971757e+02 -5.832804453431780530e+03
-7.351566083103645724e+03 -8.884261093703573351e+03 -9.621714771993770228e+02
-4.100569008596112326e+03 -5.683717283183867721e+02 -5.327177242774319893e+03
-2.041520193556934373e+03 -6.854282816184115745e+02 -7.996958642781493836e+03
-7.065506554280419550e+03 -6.455374675848896004e+03 -4.314597171974443881e+03
-8.096256270056526319e+02 9.786034899783840046e+01 -7.844371191729544080e+03
-2.418660558040842261e+03 -1.410808808461810713e+03 -6.037689648692277842e+03
-4.041075085235886036e+03 -3.997734807945867033e+02 -6.032648250954918694e+03
