1.179410640480671645e+03 1.363518090115082487e+03 -1.044370880136677988e+04
-6.796303786524927091e+03 4.883830819732703503e+02 -5.213589648780231073e+03
-3.248852133054181650e+03 1.547814874021285959e+03 -6.426842504110746631e+03
-4.072915586723678189e+03 -1.898480535662094780e+03 -4.868292062561695275e+03
-5.042393510958323532e+03 -4.160677988126648415e+03 -6.589632401010981994e+03
-4.077077556560139783e+03 -2.668166911057043080e+02 -5.511086834200526027e+03
-2.798257638587355814e+03 6.195155261038933077e+02 -6.134520860638158410e+03
-1.304398649957229827e+04 6.304912937058632451e+03 -3.544759164275515104e+03
-3.152432947619976403e+03 -1.333892749078611644e+02 -6.394386489773552057e+03
-3.012195768763072920e+03 -1.091218574398311603e+03 -5.718383797718502137e+03
-4.616799755548263420e+03 -1.435612577330769682e+03 -5.250038388836367631e+03
-1.009621753925878920e+03 -2.214609534026849360e+03 -7.575081125836747560e+03
-2.347249596035373088e+03 -7.859143696076868082e+02 -7.095856694669771969e+03
-1.893908932754836314e+03 -2.219994104161149608e+03 -6.430530002972025613e+03
-3.874094823964087027e+03 -8.927710249824774564e+02 -5.448562070169057733e+03
-6.206770669277339948e+03 3.003231656081564438e+02 -3.143859668193563721e+03
-1.965074519389497073e+04 9.698965281161441681e+02 4.126766639506658976e+02
1.731372721402909747e+02 1.082580505276381473e+02 -6.331001911961931910e+03
-3.549215656784603198e+03 -5.135690006768502371e+02 -6.785812923607982157e+03
-3.128865571597743383e+03 -4.756112490103854498e+02 -6.401969287583246114e+03
-2.517552530851338815e+03 7.769912871991235761e+02 -8.816277994876652883e+03
-7.915603662191158492e+02 -2.327779455363277975e+03 -1.617617284545266193e+04
-4.388286937755228792e+03 -2.831930899562746617e+02 -4.976371294545533601e+03
-1.106385867829363576e+02 1.183046401689407730e+03 -1.160913711664566108e+04
-3.317301580627880867e+03 3.251644014527098534e+02 -7.062124201306890427e+03
-3.390570955630184471e+03 -9.339176282537686120e+02 -5.377219261128446306e+03
1.609372218579026367e+03 -2.022637824480103745e+02 -8.419412202441335467e+03
1.301634446644611671e+02 2.076790956017043754e+03 -5.521016623588719085e+03
-6.681092378285520681e+03 -1.728681539118037108e+03 -5.149661250818872759e+03
-5.233110226637934829e+03 3.960915280412771153e+02 -5.380345514019781149e+03
2.920993297067796561e+02 5.555651702787451995e+02 -7.709004132633358495e+03
-4.568625838138650579e+03 -1.895342804897415476e+02 -5.153869307573237165e+03
-4.110150337313890304e+03 1.575190872965690914e+03 -3.402315633315128707e+03
-4.019419008598467371e+03 2.000443108287985979e+03 -3.520518354121546508e+03
-1.411500130470311433e+03 6.703006520385586953e+01 -1.169775734583564736e+04
-7.438202139325490862e+03 5.319871129803716485e+02 -4.862643072144793223e+03
-3.345941709484515741e+03 -4.038025872272394281e+02 -6.660259236703627721e+03
-3.205878010072027337e+03 -2.571237661065129032e+01 -6.122476868712788928e+03
1.712378485193596134e+04 5.724182676110162902e+03 -2.132374070187681718e+04
-4.839671278662360237e+03 -2.638428513018271815e+02 -5.197424396561426875e+03
-2.065091980511375368e+03 -2.879842473467379477e+03 -7.559201724837122129e+03
-4.063128152477847834e+03 1.050884525421745366e+02 -5.328459312605962623e+03
-4.431109242841269406e+03 1.337859764730850429e+02 -4.824615600007541616e+03
-4.844077968598217012e+03 -7.272313252487674617e+01 -4.903690208329740017e+03
-3.348390819827985979e+03 -1.477372171100083165e+02 -6.694680511929344902e+03
-1.830154469541909202e+04 7.811083084945530572e+02 1.162398601638900436e+04
-3.027859953551022045e+03 -2.300695840252835751e+02 -6.656284628310320841e+03
-2.321765068922597038e+03 -3.374017050231941539e+02 -6.730545132068719795e+03
-5.494286711629671117e+03 -2.462484077254594922e+03 -6.427534055807022014e+03
-3.943923271514341195e+03 -3.539586354772475261e+02 -3.384089470236356192e+03
-1.848294710616137763e+03 -1.466920358048704998e+02 -7.175751144004186244e+03
-2.768153272133429255e+03 -3.761088211431219293e+02 -6.644789682785716650e+03
-4.590381514947064716e+03 -4.559904776745167965e+01 -6.326737205439074387e+03
-3.034798702792760741e+04 3.289451394832250116e+03 1.583052601945204879e+04
-4.335875313609799377e+03 -9.579699887507567269e+01 -5.693381145473814286e+03
-6.259477713264353042e+03 8.756239546812458912e+02 -3.625463960949890406e+03
-1.631803146206610336e+03 -2.068090686166027353e+03 -8.073097493660204236e+03
-4.919294656710155323e+03 3.466235505226912892e+02 -3.957389717858828590e+03
-3.215559486899017884e+03 -5.556203751169439329e+02 -6.127079889264279700e+03
6.475511778332554513e+01 -5.289364843392027979e+03 -7.540008944001341661e+03
-3.679205206140260998e+03 -1.567446880437723564e+02 -5.637236008899174522e+03
-3.471584646340097152e+03 -4.597458393686823115e+02 -5.837399704535647288e+03
-2.165133598709760918e+03 -7.400130138490010268e+01 -7.371165938162550447e+03
-4.878206266797438730e+03 -2.027913744814913343e+03 -4.344908788951432143e+03
-8.380950705853372256e+02 -9.646104347398846812e+02 -7.740786294412539974e+03
-4.609488406900139125e+03 -1.413299234723448990e+03 -2.944327032432036503e+03
-2.315527418825418863e+03 -4.984577212142726808e+02 -6.599820526240175241e+03
3.195967959385809536e+03 -6.495886687316473399e+03 -5.776044620343948736e+03
-1.853256912650346931e+04 -1.534558809011679386e+03 3.007588190950638818e+03
-1.657160559587631269e+03 -8.141785659914711459e+01 -7.204587144166879625e+03
-3.832613136295052300e+03 4.008048313211939330e+03 -2.799882649436333395e+02
-2.064861002976275995e+04 3.841391619087879462e+03 -5.605735699081043094e+03
-3.430351319847025479e+03 -3.823252485397244982e+02 -6.128546270554345028e+03
1.260512536603754234e+04 4.269616381194865426e+03 -2.519388268142074594e+04
-9.960579118340303467e+03 3.890184156625417700e+02 -8.586156835359832257e+03
1.877395755999212724e+03 -4.689654845295561927e+02 -1.100430007522649430e+04
7.363555204309958754e+03 -1.007819861453065755e+03 -1.806589677921982729e+04
-6.899826216327639486e+03 7.202294533692325786e+03 -3.911198906792665184e+03
-2.644579252257064581e+03 -1.156794872353481651e+03 -5.067634154097462670e+03
-4.041868792366389971e+04 -4.590639226039187633e+03 2.922276763373971335e+04
-1.005627461753491843e+04 -3.075176629407201744e+03 -8.634801946827139545e+03
-1.807948768481757497e+03 -4.774393952047695393e+02 -6.810390108854641767e+03
1.897812569602929443e+03 2.785873588945869869e+03 -1.162211683399595495e+04
-4.833272042644282010e+03 -6.430753787434782680e+02 -5.574465411184919503e+03
-3.925490446096453525e+03 -3.601427128869665012e+03 -8.899588483374476709e+03
-3.528554784491045211e+03 3.024407159280266114e+03 -3.755891396139765220e+03
-2.111917810440148969e+03 -1.128788410003928675e+02 -7.552195878881660974e+03
-6.342884155855000245e+03 4.536188150094678235e+02 -4.146095352758884474e+03
-3.495435271730453223e+03 2.808892169832397485e+02 -7.867167968416181793e+03
-3.942621576141037622e+03 1.303519651059370153e+04 -2.108012774101704508e+03
-4.397382322721943524e+02 1.176446926466632021e+03 -6.728805459905180214e+03
-3.318386753381039853e+03 -2.412120367145088949e+03 -6.681302955686717723e+03
-4.349342831682173710e+03 6.083489730953004937e+02 -5.972689388652590424e+03
-5.975265806314133442e+03 -2.350205958256196936e+03 -9.185247105549320622e+03
-3.445741237073847060e+03 -4.968764025093914825e+02 -6.397953712137225011e+03
-4.080508092507014226e+03 2.299371123765351058e+03 -2.633714918864984611e+03
-7.003685806996526253e+02 -2.067839336317536436e+04 -1.653589308109461626e+02
-3.090984031346264601e+03 9.673366985854920586e+02 -6.358397187829307768e+03
1.626573659394879030e+02 4.174757833653091438e+03 -1.053600228050172518e+04
-2.968980597630489228e+03 -5.456294498531501631e+02 -6.693284741926438983e+03
-2.527986891937440760e+03 -1.714045891872459038e+02 -5.859150129276084044e+03
1.833904707054032315e+03 -1.104780077354698506e+03 -1.028935550623553172e+04
-3.654365142121712324e+03 -3.441829794966338909e+02 -6.024005926277159233e+03
-4.560603590861808698e+03 -5.420238416433783641e+03 -3.956043382254740209e+03
-2.807808011664895730e+03 8.612218080770634288e+02 -7.693734547718760950e+03
1.436056074016925322e+03 -5.071794275400909100e+03 -4.966242571054580367e+03
-3.894831678450413165e+03 4.540520270072289577e+01 -6.239854947830444871e+03
-3.886995095211801527e+03 -6.862960313125739731e+02 -3.313329531569336268e+03
-2.080183252548400560e+04 4.408022362568528479e+03 -5.275313360758878844e+03
-3.332724500126077601e+03 7.381019621143684617e+01 -6.108343952291021196e+03
7.186910752579439759e+03 -3.618621599681237512e+03 -1.298269071255110430e+04
1.967354168102026733e+03 -4.223407988579997436e+03 -4.230326090033784567e+03
-1.789622441476954918e+04 2.545147326974280531e+03 -4.884273973875904630e+03
-1.519359587259378713e+03 -1.435030312602261802e+02 -6.849401840129356970e+03
3.335273723698928279e+03 -2.643798464694235463e+03 -1.265310342024697093e+04
-5.616217151698313501e+03 -1.519633133773196960e+03 -1.466513920001163569e+03
-6.003328479554292244e+03 -2.202169795373487887e+03 -3.549255761189898294e+03
-3.957951677723949615e+03 3.320824126634801132e+02 -6.977593022260448379e+03
-8.233705546260416668e+03 3.909875747031389892e+02 -4.758405701670724739e+03
-2.870505161898166989e+03 -9.615214215137024212e+02 -6.742796125057441714e+03
-4.488003238966332901e+03 -2.345236076525619069e+02 -5.670109504903609377e+03
-6.194353491240029143e+03 1.527080023434660916e+03 -6.883869452784402711e+03
-4.005270100432312120e+03 2.834432623386434784e+02 -4.918940254981395810e+03
3.565297336821517092e+03 -6.207459364553696105e+03 -7.407574213358359884e+03
-1.022561860142264777e+04 -1.242618867716812474e+03 -3.888276237685915021e+03
-2.043706177037910675e+04 4.018054916622326346e+03 -5.720178109167761249e+03
-3.521613082240367476e+03 -8.325545405337244347e+02 -6.133848296837212729e+03
-1.639731916254486350e+03 3.588473959701362219e+03 -8.393413115734070743e+03
-3.070775541848935973e+03 1.054642888881619228e+03 -2.561168625193486150e+03
-4.020792078616909748e+03 -4.118863354124856414e+03 -5.381136365241646672e+03
6.840297372294973002e+02 1.112837281602159692e+03 -8.733029228646966658e+03
-3.828429065729265403e+03 -9.432056891746174188e+01 -5.451524748450747211e+03
-1.737002320083933228e+03 4.435262620196551325e+03 -6.354768967419489854e+03
-4.290736901348452193e+03 -2.906112224384502042e+03 -3.778399010677586375e+03
-5.302520003060726594e+03 4.028246490068334538e+02 -3.272859831256657344e+03
-1.456521689147371035e+01 6.706725142641019488e+01 -6.787703958562867228e+03
-4.013797439633429804e+03 -3.873889256291815286e+02 -4.979980643723744834e+03
1.879399840383075343e+03 -2.751273573411546749e+03 -9.213473201746737686e+03
-4.214991198983320828e+02 3.011747918392963402e+04 -2.122365108201111798e+04
-2.065683372055191285e+03 -3.612585218110033338e+02 -7.014247633234381283e+03
-4.611804050467873822e+03 -2.891168326358339073e+03 -4.319506002656354212e+03
-4.333571343134918607e+03 5.626875859309379848e+02 -4.526568168863092069e+03
-3.218276212165976176e+03 -5.584126185065740628e+02 -6.562036888934444505e+03
-2.323536175728297621e+03 -3.526527791150194844e+02 -6.812499468923000677e+03
-3.580218636243828314e+03 3.943264920298251468e+02 -5.319196881842834046e+03
-4.633339321640301023e+03 -3.901132525934039677e+03 -8.896847620220833051e+03
-3.881178086441666892e+03 1.769023803237396635e+02 -5.757523594571812282e+03
2.757060643709568467e+03 -3.204889269298997533e+03 -4.544729769149077583e+03
-2.095443717028040555e+04 -9.960961552578672126e+03 1.596948632801701024e+04
-2.751667195212059596e+03 -6.432778340347043923e+03 -5.209913521753593159e+03
-4.881799711052241037e+03 -5.115108321972065255e+02 -3.809466891643792678e+03
-3.021967194277665385e+03 -4.393884465578364029e+02 -6.136149542865105104e+03
-3.304492867727542034e+03 -6.271432358794495485e+02 -5.791134857287383966e+03
-3.450113616986403940e+03 -2.434384397588811407e+04 9.276363405169207908e+03
-2.996329033216176413e+03 -2.655965683238317752e+02 -5.889223436135358497e+03
-4.607302207685134817e+03 -2.116967095936606995e+02 -5.777810274883992861e+03
-3.054203710156298712e+03 1.098556021996207619e+03 -4.380642174375382638e+03
-3.503721851341936144e+03 -2.159154258943219133e+02 -5.749091050518331940e+03
-2.002536226265440973e+03 -3.734566295034040877e+02 -7.008855061644388115e+03
-1.632222360614593163e+04 2.240565822780152757e+03 -5.015998437756050407e+03
-6.902620873721475618e+03 -1.933312490627918834e+01 -5.000812082704733257e+03
-2.701002091478256716e+03 -5.028116691303204675e+02 -6.648184161886831134e+03
1.802040810138761117e+03 -8.394730957479572680e+03 -4.630748688032059363e+03
5.760702049471693726e+02 -3.692928288807340323e+03 -3.896452102223772272e+03
-8.898241830690452844e+03 -1.374367920713601507e+03 -7.423676487938683749e+03
-1.208084129601829318e+03 -2.436594446080734087e+03 -7.025830119269451643e+03
-1.906399214425839546e+03 -4.517943912188577542e+02 -6.750228062095809946e+03
-5.603304237030576587e+03 -3.250661658148345850e+03 -3.535834283267806313e+03
-2.081176272991768201e+03 -1.032760719936283749e+03 -6.517097983494724758e+03
-3.291478948044293247e+03 -4.662396041362857773e+02 -6.400083032765513963e+03
-3.692335707650597215e+03 -5.495217051511300269e+03 -3.861528202037164647e+03
-6.893029925133496363e+03 -3.313390745969688851e+02 -4.128351433325988182e+03
-4.725401690977847466e+03 -3.358909672479699111e+02 -4.391986849726634318e+03
-4.702770035036893205e+03 -1.704635561240269794e+02 -4.947828849268023987e+03
-6.485585362123350933e+03 3.465462224814629053e+02 -4.936914955989441296e+03
-2.122025792664428081e+04 -9.252655303474515676e+03 1.232839881248714664e+04
-5.870555249132489735e+03 -3.535232930735601258e+03 -1.199793083985226986e+03
3.008072396708937958e+04 1.274144835966292158e+04 3.364391720790295949e+03
-5.101582090254640207e+03 7.261554698758647646e+03 -6.329929748033074247e+03
1.255313402063408148e+03 -2.388831974807277584e+04 8.711247013567137401e+03
-3.421150699110412461e+03 7.407677801042682120e+01 -8.017569848481485678e+03
-4.736717355505615160e+03 4.641585128337968058e+01 -5.079015676239839195e+03
1.383837842597400368e+03 3.417714600354138383e+03 -1.036896301432648215e+04
-4.601319677243015576e+03 9.895667064469142815e+01 -4.950632373786882454e+03
-2.769464352507342255e+02 -1.209628628614444096e+03 -8.208036547318586599e+03
-1.898498869001012281e+04 -1.145592052111634257e+04 8.264455930668795190e+03
-4.207036230608782716e+03 -7.786697260747155269e+02 -5.108772937717047171e+03
-2.117337290794058936e+04 5.001128223742440241e+03 -6.799597350808263400e+03
9.461694181571838271e+03 -1.128920782476920613e+04 2.671273642738622698e+02
-1.720009586911469160e+04 -3.466184185343273384e+03 -8.645469892293408520e+01
-5.279026297906449145e+03 -5.200330976877438616e+02 -4.229133147227988047e+03
3.187435770803864216e+03 -6.368411339864954243e+03 -5.586143227648247375e+03
-4.752476663649562397e+03 -7.057045879985877264e+02 -3.350633597564817137e+03
-8.911188586714542907e+03 8.203739133422903933e+02 -4.756934894114756389e+03
-1.911645141086480635e+03 -1.579813558861717411e+02 -6.751674181895604306e+03
-2.853625449699442015e+03 -8.736731702336857779e+03 -6.802210714774988446e+03
2.451494045499820913e+03 -2.729982793332508209e+03 -1.384173155188405872e+04
-4.096224078982884748e+03 -4.176281883788601590e+02 -2.148868455079703381e+03
-5.511118317506938183e+03 2.483245764240382414e+02 -4.223949834996836216e+03
1.560085779103021423e+03 -1.713637605225272637e+03 -1.080995235715067975e+04
-2.424513265323480937e+03 -6.800378165397822841e+02 -6.632530138617313241e+03
-2.114183709941955385e+03 -1.185955442443761285e+03 -6.111163645727309813e+03
-4.721386333726516568e+03 -1.745849418202523964e+02 -3.432608835750558683e+03
-4.538194161096333119e+03 -1.354950468645739875e+03 -3.817922843904143519e+03
-2.429393959028582231e+03 -3.295540797347272019e+03 -5.874754232677395521e+03
-4.321704491083881294e+03 -2.624768960488070775e+02 -5.023572089054287972e+03
-3.925023020479727165e+03 -7.674237014663805212e+01 -5.252254680711013862e+03
-3.361690083372031950e+03 -1.767642442759525693e+03 -5.075121612388789799e+03
-2.433783751073082385e+03 -3.521425822961769541e+02 -6.553412734722403911e+03
-1.061474939441526885e+03 3.181890215138593021e+02 -6.105947977498512955e+03
-4.924415609752228193e+03 -2.750635465223745086e+02 -4.769350541073497880e+03
-2.934703228286566628e+03 1.125208576561032743e+02 -6.053400305265940915e+03
-3.181831122105307259e+03 -5.752032615488177498e+02 -6.329204826588210381e+03
-4.739191749101317328e+03 1.780486751107439432e+02 -5.647845212846679715e+03
-2.343033825779598828e+03 -8.527153605904302367e+02 -7.127835345202815006e+03
-8.140544938813533236e+02 1.118506789777514769e+03 -1.306266055463614430e+04
-6.678986757903644502e+02 -2.794041067443361044e+03 -4.882378065490613153e+03
-5.592636217458814372e+02 -4.014191055048111139e+03 -5.570442696039498514e+03
-1.763955528352024658e+03 4.199971962329504436e+02 -9.502100608780516268e+03
-5.587058889427413305e+03 -1.669597896766262011e+03 -2.943612196186538768e+03
-2.799967193042422196e+02 -1.734029852159201482e+03 -7.709616627708446686e+03
-8.301012241075459315e+02 -6.171289002736505608e+03 -9.563300234701242516e+03
-2.570117734067697256e+03 -6.678773039790022494e+02 -6.756118217940215800e+03
-6.181029865932636312e+03 -1.852071097842766540e+04 3.773421328854652756e+00
-5.039170524573473813e+03 3.094620401488206198e+02 -5.785392642428094405e+03
2.847395004350332783e+03 -8.099440873986718543e+03 -1.096522718497360074e+04
-6.298086917463211648e+03 4.162266181496337595e+03 -1.590430368891464968e+04
-4.311551005826309847e+03 1.200709289428873490e+03 -5.886606204491528842e+03
-1.574939472078430299e+03 -4.849778894597078761e+03 -7.710319753166244482e+03
1.195999138715712252e+04 -2.133028364007592700e+03 -2.054451106671578600e+04
-6.754966532454316166e+02 -2.676561884698754966e+03 -4.607659720426356216e+03
1.316105020106626853e+03 -1.231265176294878620e+04 -1.043726685835645367e+04
-3.633508445628859590e+03 1.934338701944913964e+03 -4.550797221126499608e+03
-7.381833169279740332e+02 -2.812399134917203355e+03 -4.973654267426928527e+03
-2.148829155298822116e+02 -2.309151464450471394e+03 -6.360112233208974430e+03
-6.031872082698083432e+03 -7.256123603696414648e+03 -8.515156468638435399e+03
-7.363330154901063906e+00 -2.026745084850037529e+03 -8.663756107421229899e+03
-1.397075025000881396e+02 -1.733417391278952437e+03 -1.008716068014162738e+04
-5.004086251060192808e+03 6.967898099998166799e+03 -7.462237273732940594e+03
-1.341993042558778143e+03 -7.305759497346177795e+02 -7.606349199882738503e+03
-4.538742599460364727e+04 2.440217682374653123e+03 5.306934716458754338e+03
-5.671917424673561072e+03 6.209567361858989187e+01 -5.617307217068416321e+03
-2.596434159694641039e+03 -1.192738852412308233e+03 -6.966313546804027283e+03
-4.202978999123634821e+03 -1.295482121246029408e+02 -5.089361076593563666e+03
-1.698547535580044041e+03 -6.438565294919776534e+02 -6.112082987172051617e+03
-2.228904826133461938e+03 1.081052862651820078e+03 -6.454543744001255618e+03
-3.046683723216625822e+03 -5.060659294606951875e+01 -6.246370190517091942e+03
-4.600068918221909371e+03 9.367527085237145457e+01 -5.345432351348734301e+03
-4.488672508693446616e+03 -1.081244121490474527e+03 -4.309159621537228304e+03
-2.648624186050346452e+03 4.320774099548617414e+03 -1.112814377649726885e+04
-3.085157042618766354e+03 8.222155515112596049e+02 -7.857171505213991622e+03
-2.196403828645788963e+03 4.119797836092302532e+02 -7.723186530290581686e+03
-4.983038374170966563e+03 -1.305395651120884963e+02 -4.338128572677743250e+03
-6.517609428850879340e+03 -2.679389874933460305e+03 -1.183988348887833354e+03
-4.132376000319663035e+03 3.364168853506139385e+02 -5.783759029896538777e+03
-3.402420046869307953e+03 -1.881312578579402270e+02 -5.983335900795696034e+03
-3.035646903726441451e+03 -1.594201950058239277e+02 -1.140104280925092462e+04
-3.693364996168598282e+03 -1.796655500592603119e+02 -6.326356865679330440e+03
-7.076545017213335086e+03 7.076264647558052729e+02 -5.243341547577103483e+03
-5.524304499620116985e+03 -5.494875009199937494e+02 -3.732699557206155987e+03
-5.134740682274636129e+03 4.385043638969212338e+02 -5.393154864399016333e+03
-6.396831389191172093e+03 1.205591091805677024e+03 -4.697760787035973408e+03
-5.138585921347168551e+03 -2.319374650863458555e+03 -6.077651288773398846e+03
-3.595940072587281065e+03 -8.845013879423431717e+02 -6.645433829942821831e+03
-3.436325818232007805e+03 2.258713116687082731e+02 -6.645901942885572680e+03
-2.859076971379411589e+03 -1.672683138459098018e+01 -4.263944764542959092e+03
-5.265624692922168833e+03 3.868354228564044206e+00 -4.589970857536022777e+03
2.599784015727718270e+03 -3.106756819840655226e+03 -5.140649382436144151e+03
-2.345500741439211197e+03 -8.012210308565286141e+02 -5.627822686740481004e+03
-3.436165422362807476e+03 -8.207805017428418068e+02 -5.555514531557303599e+03
-5.970333285899237126e+02 -2.032304481516354144e+03 -7.991519564665468351e+03
-4.741922401009202986e+03 6.216071764604032523e+01 -5.320527606225925410e+03
-3.809664535966092444e+03 -6.928059762106570929e+00 -5.468695026710661296e+03
-5.986750389161268686e+03 1.458797841612757566e+03 -6.508286407205563592e+03
2.972638852805582246e+03 -4.051306636768688804e+03 -7.663691411041721949e+03
-4.329135783535888550e+03 -1.337762879453024652e+03 -4.784093153927504318e+03
-4.973220040155287279e+03 -7.491082311816800257e+02 -3.982734817355645646e+03
-4.156890369073000329e+03 6.096543349036228028e+04 -4.699070044497139861e+03
-1.940035047366857953e+03 -3.418599461622872241e+03 -1.048842021152501547e+04
-5.470409070257765961e+03 -2.160863700274665462e+03 -1.440350625317735421e+03
-4.924586719492617704e+03 -1.586947451317696959e+03 -6.111248471273717769e+03
-2.772105520518939556e+03 -5.346936655536167109e+02 -6.216020660061440140e+03
-2.850539624230908885e+03 3.649418037687462402e+02 -7.725814222576616885e+03
-4.678458297370810214e+03 3.560080372202867238e+02 -4.528615805186619582e+03
-2.089574530154388867e+03 -5.527160790370242466e+03 -8.751447950226282046e+03
-4.804128208969977095e+03 -7.962466488355241836e+02 -6.855938539642106662e+03
-2.834344108024430625e+03 -8.561658691128528176e+01 -6.387420288149303815e+03
-3.077736167399408714e+03 -3.757477191792738722e+02 -6.471819471491285185e+03
-1.489338552309377974e+03 -4.631253253244985899e+03 -7.408778471964657911e+03
-2.278866078203793677e+03 -1.294923945627483590e+03 -6.752626267226962227e+03
-5.428312222741067671e+03 -9.724677366282440971e+01 -3.636200832872541014e+03
-8.785789748895878802e+03 1.246142546126377056e+03 1.918684399871250434e+03
2.169968064943529953e+03 -4.472692209300252216e+03 -1.117778079193960184e+04
-3.676942455952691489e+03 -3.328508950534028372e+02 -6.656815402311939579e+03
-3.877853694171523784e+03 3.453618156481629171e+02 -5.946323906498143515e+03
-1.822453034039825752e+02 -5.125018713345036304e+03 -6.511375093521645795e+03
-4.725004676511230173e+03 -5.180938142150529302e+02 -5.176001690292080639e+03
-1.501687378607958635e+03 -4.939264430776149311e+03 -6.698527953787253864e+03
-3.975524042004379680e+03 -4.663488548775831077e+03 -4.354388228596742010e+03
-2.194395519095657619e+03 -2.600134104663090397e+02 -7.405808429162703760e+03
-4.679321476776745840e+03 -2.486532245877411640e+02 -4.414628301976000330e+03
-3.564873169280967431e+03 1.230121173170280599e+03 -6.372690410389150202e+03
1.261930134383382938e+04 6.019741409458823910e+03 -7.036949847010496342e+03
-4.282321168571559610e+03 -3.267533638237999185e+04 -1.916092524289529683e+04
-1.229632856028074912e+03 3.079116603525788378e+03 -2.741941898679418955e+03
-2.594934859199413040e+03 -6.543424430358713835e+02 -6.665835876934705084e+03
-2.863823829100597322e+03 5.881639846356746375e+02 -6.687487868727427667e+03
-3.856611448474894132e+03 -8.828244776727444787e+02 -1.210849644186144815e+03
-2.656403835550995609e+03 -3.095712635686365388e+02 -6.789164509408194135e+03
-1.642002889687251582e+03 -4.176237329391563549e+02 -6.832059554876626862e+03
2.069488253372135773e+02 3.651020120891510032e+02 -1.375055266221286547e+04
-3.595098893223872437e+03 3.065171746011657888e+03 -7.992132540543477262e+03
-1.818975648659710487e+03 -2.592598982145536411e+03 -9.288581004579502405e+03
-2.368945981130970267e+03 1.083302036856914128e+03 -1.509556332926935102e+04
-5.494885971636448630e+03 -1.085711928560585875e+03 -2.986693501467410442e+03
-1.635919897907699669e+04 -1.263001234331436535e+03 4.926153537729221171e+03
-3.796018282716722752e+03 1.885528085377277648e+03 -3.273943079883913015e+03
-1.129745834184630439e+03 -2.912831444609277696e+03 -9.063319346112039057e+03
-4.818911840816412223e+03 1.630828962587789874e+03 -7.328143496245365895e+03
-3.130998750705874045e+03 -2.124787716034434197e+02 -6.253004457730077775e+03
-3.030112490981925930e+03 -5.122593279437612637e+02 -6.089694994340858102e+03
-2.594735350781241777e+03 -1.344222899689027827e+03 -6.750656429051081432e+03
-1.730465881710761550e+03 -5.756413546612573100e+02 -7.076450077211674397e+03
4.666096397482095881e+02 1.464555886029488875e+03 -7.848100526919236472e+03
-3.074691596037024283e+03 -2.506822424921491574e+02 -6.005757361933436187e+03
-2.032249195724849642e+03 -4.252795476822245746e+02 -6.648807719506668036e+03
-4.850076034970606088e+03 2.265239389148001123e+02 -4.277932889779949619e+03
-2.414148326510074185e+03 1.291581682394485142e+01 -4.967944033726485941e+03
-2.993237286723212037e+03 -6.106455045474980352e+02 -6.380872481942687955e+03
-4.393296162780325176e+03 -7.652780183628801751e+02 -5.210657447728617626e+03
-1.888756585493306375e+03 -4.178854926407546373e+03 -4.371207523820288770e+03
-2.449800910435758396e+03 -1.105040345008153508e+02 -6.121003612806443016e+03
-7.969807502848512968e+02 7.472632584450327613e+02 -5.661230748689515167e+03
-3.549294020993990216e+03 1.561993079344964826e+03 -5.287454941506941395e+03
2.003726488853363117e+04 7.196493175477787190e+03 -8.945288529567791556e+03
-1.883333136281262341e+03 -9.930308746715672896e+02 -8.735512381781722070e+03
-5.659775868400143736e+03 -6.111471632746345222e+02 -3.110784480657346194e+03
-2.176089673820624739e+03 -4.022000158373551812e+02 -6.797326745790787754e+03
-1.431697645155726423e+04 5.959043635076445753e+03 -3.038011051256060910e+03
-2.706873095652323627e+03 -2.127260428882761971e+02 -6.683913140721155287e+03
-6.778987267645651627e+03 -1.565882475624707922e+03 -4.727122491849725520e+03
-2.192479676823404134e+03 -4.744823725122128053e+02 -7.468104424846593247e+03
-4.041703830129942162e+03 -3.121070628831389513e+02 -5.213050872652420367e+03
-3.360619654078772783e+03 -4.068205984684379359e+02 -7.172472605831823785e+03
-5.997629028182017464e+03 -9.514337851636025789e+02 -3.496654678273221634e+03
-3.074061407541246354e+03 -8.340710048853626404e+02 -5.533194609881160432e+03
-1.983564823575947685e+03 -6.826634746616236953e+02 -6.984259343327857096e+03
-6.185933206562012856e+03 1.418720237043095551e+02 -4.008677772300873130e+03
-4.714571084086661358e+03 -5.322272671798810961e+01 -4.686823071215912023e+03
-7.282766766977543739e+03 1.427999607795759403e+03 -9.613509427570212210e+03
-2.164379033844301830e+03 -5.829994233902799579e+02 -7.235057977106546787e+03
-2.820988122576306978e+03 3.287239616922818186e+00 -6.456215004349097399e+03
-4.596499771380808852e+03 -1.000657652518087048e+03 -5.511352770722305650e+03
1.276947860851213818e+03 9.249539677123895672e+03 -8.605484582450153539e+03
-2.984508839018635172e+03 -3.287722402405226489e+02 -5.994646066421574687e+03
-3.435593527468533921e+03 1.330599311658703243e+02 -6.323090017582664586e+03
-6.310755643687657539e+03 -6.179987811655576024e+01 -9.045619195996901908e+03
-1.758579228901635588e+03 -4.627814750825831993e+02 -6.842682058600671553e+03
-1.795507671321755197e+03 -1.433221669158686836e+03 -7.523026693262685512e+03
2.027701656363476286e+04 7.052473881879423971e+03 -8.835457635560425842e+03
-1.897124541717155807e+03 -7.775064429943864752e+02 -6.612844916141978501e+03
-6.756618381066957227e+03 9.430347736708757793e+02 -5.814349727763383271e+03
-3.376202103880088998e+03 -4.771039125648165964e+02 -5.595610567201914819e+03
-4.298867379307663214e+03 -1.996132468689205552e+02 -4.915921653485967909e+03
-4.245980652013348845e+03 -3.024146069985295071e+02 -4.975074282651236899e+03
-4.462401041958340102e+03 -9.439835866569318341e+02 -5.619336768582946206e+03
-1.260180526168201823e+03 3.194553153055979351e+02 -7.833705867749737081e+03
5.798023824337530641e+03 -1.443112961907539102e+04 -1.306444355646505210e+04
-5.186084361994036954e+03 9.224909583416181249e+02 -3.705382210587486043e+03
-3.742879828943076973e+03 -5.536104560286177048e+02 -5.919932932001983318e+03
-6.972072595347486640e+03 7.829767735910363626e+02 -5.587126747456055455e+03
-5.294720211205561100e+03 -8.821879316759991525e+02 -4.057494214697529060e+03
-6.165278463196924349e+03 -2.761207506300190175e+02 -3.421722687106657304e+03
-2.053571147078518152e+03 -3.052506676138705188e+02 -7.290879195058385449e+03
-1.213444938446061315e+03 3.208776910243931070e+03 -3.607085104070452417e+03
-3.040300176640628706e+03 -4.201572748655328269e+02 -5.973564939134765154e+03
-3.087077629149894619e+03 -1.317518750532318563e+02 -6.119173717408527409e+03
-1.373393247755313314e+04 -2.509984911992900379e+03 1.667421463675642826e+03
8.134205121591605803e+02 2.977656562061718887e+03 -5.145961118848312253e+03
-1.320741966104032599e+03 4.334696441538047225e+02 -6.915172437388223443e+03
-4.339046554747035771e+03 1.592847990198249590e+02 -5.062867353347835888e+03
-1.514622743709918495e+03 -3.129288743655107510e+02 -6.840202106821294365e+03
-4.736146545992849497e+03 -8.335127739687922030e+02 -5.497477928930811686e+03
-5.517718803938077144e+03 -5.318068954862915234e+02 -3.126703981848506373e+03
-1.919431591440976626e+04 -5.487811281440010134e+03 1.485969516267015752e+04
-7.495231683154002894e+03 -2.891161220806321126e+03 -1.061863066291756331e+04
8.367640528778404132e+02 -1.078344179837325555e+03 -1.361782996315332821e+04
-5.041481895476270438e+03 -8.487141913300583838e+02 -4.178179505739584783e+03
-4.735943871331435730e+03 9.580523354039607966e+02 -3.938547351299138882e+03
-1.430188548019232621e+04 2.460820543088238537e+03 -4.766511998752455838e+03
-2.448342455917096686e+03 -5.592184760095115053e+03 -8.961286904524169586e+03
-7.028672485514816799e+03 -1.076422217731533237e+03 -9.255435028252230040e+03
-1.458225094656488636e+03 3.529028050545168753e+03 -4.394343791318835429e+03
-3.961524362116102566e+03 -4.148433657695215516e+03 -7.873567611940202369e+03
-2.089866948052535463e+03 -5.874621437089745086e+02 -7.184219283714063749e+03
-1.510409167228587830e+04 1.101510214297379662e+02 -4.402873457360842622e+03
-4.968471037254557814e+03 3.131021387145052586e+02 -9.274903000560017972e+03
-2.158161308664362423e+03 -2.739209359289201075e+03 -7.899733328012252969e+03
-1.371207717592610788e+04 2.082169354416718761e+03 -1.639117094041829841e+04
-5.542758656792620968e+03 -4.696109622546193236e+02 -3.355565371168771890e+03
-2.273996369845204754e+03 -1.627589006124278512e+02 -6.660818988574883406e+03
-1.278366363876387823e+03 -2.077133862555286214e+03 -7.916693184314057362e+03
-2.113932913887992527e+03 -1.342778121110254915e+03 -6.184867485475948342e+03
-7.212178598717654268e+02 6.881211046236142010e+02 -3.610702671085815837e+03
1.116939451604810711e+04 -1.150696344129110366e+04 -1.775621729792742190e+04
-4.225356881690045157e+03 -3.582514781228290985e+02 -5.559782537294650865e+03
-3.272314435804972618e+03 -1.031377049566148116e+03 -6.207762698988985903e+03
-2.949415542649593590e+03 -3.202275057661872779e+03 -7.472579299966429062e+03
-3.232313047533424651e+03 -3.778905726406492818e+02 -6.320466874029051723e+03
-2.740420114601457499e+03 -5.462410571321935322e+02 -6.640032204614629336e+03
-3.208836436410892020e+03 -2.000492291619628418e+02 -6.048694813042568967e+03
-3.206027375855927403e+03 -1.493064887061942159e+02 -6.109198406941563917e+03
-3.107223657179998554e+03 -9.171380396038154004e+01 -6.083918204471567151e+03
-4.370930704229009280e+03 -3.961430662497097615e+02 -5.417066510683780507e+03
-2.163143961061894061e+03 -4.490271159475878449e+02 -6.998864228764102336e+03
-2.556924053622010251e+04 -1.266730400084711437e+04 3.637773441375072252e+03
-4.754392564614871844e+03 -1.235173352266471738e+03 -5.653803697927135545e+03
-6.011880903749176468e+03 4.579635872967205614e+03 -3.265385739427687440e+03
-1.704778406578727754e+03 2.040957680573400239e+03 -7.121441762584428034e+03
-2.628243756599395056e+03 -4.381792359040456404e+02 -6.357788326539799527e+03
-5.779466418987007273e+03 -3.901033161935482667e+02 -5.333257949779874252e+03
-8.726551742535541052e+03 -7.426255867642408703e+03 4.717855864689610712e+01
-2.718549900106514542e+03 -5.903756574336821359e+02 -7.327738225188470096e+03
-7.235967608286336144e+03 -3.261269327443877955e+03 -5.870870774441864341e+03
2.973255208080142893e+03 2.424003359342754266e+03 -5.282948533719291845e+03
-3.183971962858343431e+03 -6.181635548065884223e+01 -6.193678352289694885e+03
-2.889966997096145406e+03 -4.631084402998764631e+02 -5.791144212161285395e+03
-2.422410753119610547e+02 -2.148716769196574660e+03 -7.323989386807108531e+03
-5.295966785437949511e+03 2.211077782528163880e+03 -3.680984965990032379e+03
-1.645304452726796080e+04 2.619622594350858708e+04 -3.123911067822947007e+04
-8.182269313706382263e+02 6.126443626746754489e+01 -7.696365886451741972e+03
-2.866047072418607513e+03 -5.349125118088538784e+02 -5.983687939103962890e+03
-1.093028603498939265e+04 -1.036481980141916438e+03 2.079481422775478677e+03
-2.511110918263772874e+03 1.017868899776866101e+03 -5.838890186861926850e+03
-4.915527823868231280e+03 4.958179605327408126e+02 -4.390434872744598579e+03
-2.920196417192833906e+03 -1.342106812852099665e+03 -6.769069261352194189e+03
-2.194768675696228456e+03 -5.108698733643735181e+02 -7.219250343806812452e+03
-1.982652218571492767e+03 -6.565305880065520796e+02 -7.302440549405408092e+03
4.612441987034538215e+03 -9.734509331476780062e+03 -1.406845676897682279e+04
-1.990097598702724099e+03 -6.812383877920154873e+02 -7.212623779734376512e+03
-7.570970389960246393e+03 -8.554589517583799534e+02 -3.728867905224999959e+03
-2.246781105875077628e+03 -2.594383524805692787e+02 -5.355794165174437694e+03
-2.330668993589044476e+03 -4.670245134538825482e+01 -6.801667004824611467e+03
-5.796782490371765562e+03 7.404341965174423876e+02 -1.160145909958195443e+04
-2.819601867048406348e+03 4.186243072410553623e+01 -6.716109137572642794e+03
-3.114260412273017664e+03 -1.693118804265720610e+04 1.688239533391580335e+04
-3.131704628960901573e+03 -4.533118504158318842e+02 -6.162169232252624170e+03
-4.478641331169206751e+03 -2.004058835388960063e+02 -5.171801814661852404e+03
-2.581666728073390459e+03 -2.665288326041153368e+02 -6.400712374210526832e+03
-4.776764828088551440e+03 -3.964934717694831761e+03 -6.547593901268617628e+03
-4.466462275201782177e+03 -1.227512725539062558e+03 -5.248321655632672446e+03
-2.938868728272057979e+03 -3.512383489139331232e+02 -5.892898341633639575e+03
-2.359161486451617748e+03 -4.907393603722197781e+02 -7.004323317273404427e+03
-3.220696282193529987e+04 -2.505791253783409047e+04 4.378129860326558992e+04
-3.775666858268755277e+03 2.267470852576286688e+01 -7.698427011486302035e+03
-3.146247889736586785e+03 -1.019592367562629875e+03 -6.129632471730325051e+03
1.293648669177438478e+03 1.405426288758356804e+03 -5.573681038334188997e+03
-3.582069240924841779e+03 -5.087207582418265162e+01 -5.143116743467851848e+03
-1.967680982819727888e+03 -3.985044982545509811e+02 -6.838963837348032030e+03
-3.249408855041766856e+03 -1.393023261630191882e+02 -6.074994359622631237e+03
-4.456408341063727676e+03 2.700135567314819696e+02 -5.015927098244565059e+03
-6.070877249650608064e+03 -7.969989873739782524e+02 -3.091064039180112559e+03
-2.038637875078035449e+03 -2.727013208448434307e+04 1.463684070202818930e+03
-1.043327659987313382e+03 -9.194347690000681723e+02 -7.534574632421160459e+03
-3.195286811487455452e+03 -2.674881291221715855e+02 -5.823567276056029186e+03
4.938673005438623477e+03 -5.760729004450991852e+03 -1.007210002313920450e+04
-2.330348951062173455e+03 -4.025196467709831722e+02 -6.601505258886986667e+03
-3.914435190116479134e+03 -7.231078749148286988e+01 -3.821277746658648084e+03
-4.857641077387188489e+03 2.476146884731343789e+01 -4.789650784071112867e+03
-1.749265973257018686e+03 -4.781527866720454085e+02 -7.002940048344759816e+03
7.503057587904614820e+02 1.283943376510935650e+02 -6.185667322202472860e+03
-3.523213660611000250e+03 -2.166847126104938184e+02 -5.945061422347465850e+03
-3.534587844378189402e+03 -2.104759547018616672e+02 -5.973816954931633518e+03
-4.577380381240775023e+03 -2.829054357970474598e+02 -4.904294010681202053e+03
-7.967685022423656847e+02 -1.622188850808224743e+03 -9.485930167465261547e+03
-2.204056353114828653e+03 -6.742668642042817737e+02 -7.163402809112273644e+03
-9.357899279283265059e+03 -1.000310593909244380e+04 1.421232317568336384e+03
-2.359524970971165021e+04 5.475109596628897634e+03 6.373940570846538321e+03
5.235348853368304844e+03 -1.107135907730173312e+04 -1.067127278905813546e+04
-5.838326879633330464e+03 -6.011934422822647321e+03 5.704202485191783126e+03
-5.762048825015793227e+03 -2.795200659817883661e+03 -3.626906901757212381e+03
-1.602233199072885782e+03 -4.054939026253059637e+02 -6.792970809145084786e+03
-3.533015084597163877e+03 -3.174940525298233638e+02 -1.905829767496899649e+03
-2.007996519565555445e+03 -3.138229186875485084e+02 -7.140696563131447874e+03
-5.780892530825248343e+01 -8.121001726867630168e+03 -5.673543129309276992e+03
-7.537718328383475637e+03 1.039572031207191230e+03 -2.857684552339840593e+03
-3.311711324293205053e+03 -4.905265320618786973e+01 -6.297535794710536720e+03
-4.565446677152353004e+03 -5.855489343223597416e+02 -4.322949744197126165e+03
-7.208730012156832345e+03 -2.643808457325247218e+03 -2.220178187467052339e+03
-3.264027568953007176e+03 -2.114381528021986014e+02 -6.076713280851471609e+03
-8.359870017008106515e+03 -5.347151123748974896e+03 -3.462388527215423437e+03
-2.761499498217361634e+03 2.477339828776243849e+03 -6.967886356586478541e+03
-4.625579183472254954e+03 -1.579800395095415297e+03 -2.819106840399859720e+03
-7.303508259860623184e+03 1.699011229701341290e+04 -2.021122843128602108e+04
-2.356176218513863205e+03 -6.324706728028885436e+02 -7.125596890059411635e+03
3.147722471353582023e+03 -9.301374999343355739e+03 -9.736695414235129647e+03
-4.176438828225906036e+03 1.341437058670847762e+02 -4.293905313099950035e+03
-2.497626122476180626e+03 5.082287690214549912e+03 -8.287882069326597048e+03
-8.693635246016795008e+02 -9.221397983701781413e+02 -8.209726254162791520e+03
-1.943291505824063961e+03 -4.924389698568452332e+02 -6.681670023372060314e+03
-3.435361263031255021e+03 -6.325184902234984747e+02 -6.720417674229887780e+03
-3.422258866744733496e+03 -3.137147241162705313e+02 -5.815770441525416572e+03
-3.256971568356732860e+03 -4.982842167544008589e+02 -5.484446610914038502e+03
-3.507877812646260281e+03 -5.273555578372755690e+02 -5.572146734846643994e+03
-3.308990405135332367e+03 -3.526629007638992448e+02 -5.576457892069602167e+03
-3.655014362284128765e+03 -4.749994565887589033e+02 -6.236653174011873489e+03
-8.997096652034332465e+02 7.430754871772476235e+02 -6.859022073498585996e+03
-5.913461189296984230e+03 2.525748957733762836e+03 -9.571081284970881825e+03
-3.636569896967671866e+03 -2.050507881542081350e+02 -5.537715090096914537e+03
-4.731546220634841120e+03 1.513404697931230203e+03 -4.248122958417263362e+03
-3.308496378062353870e+03 -9.011649904651051202e+01 -5.624678662735182115e+03
1.662332649288540415e+04 5.009682456720621303e+03 -1.450000150812712855e+04
-3.495833875138916028e+03 -4.411654580188617274e+02 -5.465428939899727993e+03
-3.236130192438992253e+03 -3.897202890364155792e+02 -5.485270919393156873e+03
-9.001086896538276051e+03 4.372766010538239243e+03 -2.987642489756153736e+04
-4.164569234064551893e+03 -1.867537202595356689e+02 -5.894564628827250999e+03
-4.177716549509429569e+03 -2.447110761456789874e+02 -5.498881456772395723e+03
-3.286711267062442857e+03 -4.076579021488452099e+02 -5.782465713482779393e+03
-3.464950035300561467e+03 -5.194237273126316268e+02 -5.628918864845643839e+03
-1.653501326123754552e+03 -2.123447660025378354e+03 -8.052980099928030540e+03
1.308880315074844930e+03 -6.619229816731911342e+03 -1.035527840794081203e+04
-9.298470342868149601e+03 3.552282590352855323e+02 1.855695437680867144e+03
-5.556355780169826176e+03 1.097106649194477086e+03 -1.051102409135728340e+04
5.336158709937874846e+03 3.194667171532124939e+03 -1.113517956864386360e+04
-1.093128900453790493e+03 -2.075449380429084158e+03 -6.450948709397527637e+03
-4.008268859872915527e+03 -1.634346573826876465e+02 -5.889451345649295035e+03
1.624195220363763292e+04 1.534938964147855404e+04 -3.556716951445362793e+04
8.740557606345146269e+03 5.238472322749934392e+03 -1.204094902737381562e+04
-3.960811464077732126e+03 2.003759354643108281e+02 -6.135657316055630872e+03
-3.374303688840059294e+03 -4.567170276774820650e+02 -5.671385194458779551e+03
-2.879061688427624176e+03 3.178443975032137132e+02 -5.686510610626099151e+03
5.135121866169281020e+03 3.072541187812187673e+03 -2.670912930863980000e+04
-2.588828257178595322e+03 6.775035542325148299e+02 -4.531912101558573340e+03
-3.669174081750813912e+03 -5.314853741914206466e+02 -5.428988277376980477e+03
-2.309299428879233801e+03 -1.955877854964970084e+03 -7.483213744268795381e+03
-1.015579659669491593e+04 -7.248813875431339966e+02 -4.627482018263211103e+03
-3.533131219560396403e+03 3.676564303663333533e+01 -5.844274715296275645e+03
2.123149605084212908e+03 3.158268957635749302e+03 -1.035020875537422035e+04
-5.155744889148803850e+03 -3.296481028263281132e+03 -2.983874845793092845e+03
-3.839208805941059381e+03 -8.469935498516122152e+02 -6.632224723625910883e+03
-2.054063791217082553e+02 -2.128262198588113733e+03 -1.336447036996198040e+04
-5.808052520957723573e+03 9.306834368927824244e+02 -5.881657762440283477e+03
-3.418371162607741098e+03 -8.425267505398838352e+01 -5.722143120494802133e+03
-5.421793943819346168e+03 1.772556473061728184e+03 -2.072808864954053206e+03
-3.392184116722768522e+03 -2.144664383609054141e+02 -5.861267024011623107e+03
-4.124622830895063089e+03 -3.350193605583283443e+02 -5.216218007561015838e+03
5.829227725905004263e+03 4.165654604148729049e+03 -1.286073137988617600e+04
-1.530538685343480665e+03 -1.164676605648537588e+02 -6.296514040668243069e+03
-3.331590316011057894e+03 -7.470591296191832953e+01 -5.667008309395438118e+03
-3.327272043853326068e+03 -1.478179641477544806e+02 -5.508509416285284715e+03
-1.337667031907377577e+03 -5.739872289714707222e+03 -4.771256750258308784e+03
-3.525491925081675618e+03 -2.575578611514845306e+01 -5.839741925850305051e+03
-3.535865463669766541e+03 -6.329008525828587040e+01 -5.769287888731434577e+03
-1.776453137311933688e+03 -1.746167708284314131e+03 -6.619894936961783969e+03
-2.671475873772815248e+03 -1.458336529999450704e+03 -2.301067575700835278e+03
-3.597677926628948626e+03 -4.263776314802044567e+02 -5.737880144121475496e+03
-2.318782839726194197e+03 -6.759263199683639414e+02 -9.281344588151468997e+03
-3.469272473972114767e+03 -4.816146095658688182e+02 -5.592706717553396629e+03
-1.496476652423169071e+04 3.065602724539123301e+03 3.994318851401553729e+03
-7.170019266247667474e+03 7.150429402661907261e+03 -9.833279483097652701e+03
-1.594990812839950650e+03 1.740921070406021954e+03 -6.030592087915064440e+03
-3.003406515715000751e+03 -1.371778038648337542e+03 -6.820252870153040021e+03
-4.352491217589845292e+03 -1.304899645770482039e+03 -6.138377492137995432e+03
-3.112631194208577199e+03 -6.658372353766054630e+02 -6.017671420067578765e+03
7.246577036264337949e+03 4.553590929859740754e+03 -1.190527734493815478e+04
-3.299655401966090267e+03 -7.499103110603980440e+02 -5.965941124336328357e+03
2.014305200618148956e+04 1.432861099862265473e+04 -5.338989960666850675e+04
-6.837323965052947642e+03 8.329896429493894630e+02 -1.052367932486314749e+04
-5.277390976205811967e+03 -3.064798336077690237e+03 -2.905944621880415525e+03
-4.012334153672537013e+03 -4.067713355505210870e+02 -5.197820565623869697e+03
-3.402665936550491097e+03 7.515705790754076361e+02 -5.133199987491307184e+03
-3.542660631417039440e+03 -2.326781198859517303e+02 -5.874469086569193678e+03
-3.770617490965626530e+03 -2.202976246595093812e+01 -5.973523017628424896e+03
-5.435000029822009537e+02 -6.027391526588246506e+00 -8.800416586644472773e+03
-3.335305542881370457e+03 -2.926753272068637557e+01 -5.634184794225613587e+03
-4.008258543971788640e+03 -3.877135960209403152e+02 -5.795596925200604346e+03
-4.058904164054544708e+03 -4.100062737760441109e+02 -6.296424041422846130e+03
-2.950959554517209654e+03 -1.496691938104198925e+03 -5.971202205363058965e+03
-3.690264409668231110e+03 -5.163301998531150048e+02 -5.415705341550003141e+03
-1.165640805430791079e+04 -1.137178008115383136e+03 -9.494379603812014466e+03
2.029518975138124006e+03 6.480488995786087116e+02 -3.464910603758288744e+03
1.232170292024142327e+03 -3.771092119939004533e+03 -4.203410791235522993e+03
-3.612482025924768550e+03 -2.876588759765440955e+02 -5.666583675485867388e+03
-3.819447839678196942e+03 -3.710651375325035133e+02 -5.998497996797981614e+03
2.316605220539653601e+03 4.480263557544000832e+03 -6.532981425107313953e+03
-5.483014226335809326e+03 -1.632875437835506546e+03 -5.426451224010970691e+03
-3.561694316088910909e+03 -3.796298051892620151e+02 -5.557234132547082481e+03
-3.080703812592484155e+03 -7.683063210292345957e+01 -5.998006876545585328e+03
6.570448790513335553e+03 7.521845994744104246e+03 -1.676283289159410197e+04
-9.227956994573193015e+02 1.912122480816946108e+02 -7.196100323035125257e+03
2.094475221183436952e+04 -3.464281298495473493e+03 1.280066290823723830e+04
-2.454799546615302461e+03 2.344611791912427634e+02 -6.186189958794873746e+03
-4.294535993140259052e+03 -4.783052107488142610e+02 -5.529458120800273718e+03
-1.167810101342208554e+03 6.165840570041409592e+02 -7.563805295452455539e+03
-3.590511093431450718e+03 -4.616905163816749109e+02 -5.634694771626287547e+03
-3.279382686868103519e+03 -3.727759838955114446e+02 -5.549505298291102008e+03
-6.233979741827564567e+02 2.161008583116087721e+03 -5.871270755045620717e+03
6.163509057312014505e+01 -2.969378113728438620e+03 -1.240762999428954754e+04
-4.123946677539510688e+02 1.181392416740867247e+03 -1.086331323271649308e+04
-3.507991399568243196e+03 -3.660705678453267637e+02 -5.459229624802714170e+03
-3.687787886763112328e+04 -3.498081715412703488e+04 -9.927803728735441837e+03
-4.806928112353804863e+03 3.416367147113754072e+03 -2.968239717048268176e+03
-3.546778272362752432e+03 -4.787678904135628954e+02 -5.650162583046021609e+03
-3.390530899564481388e+03 -4.887498505824717085e+02 -5.682492997535677205e+03
-3.570323596876142801e+03 4.323167898982418489e-01 -5.883035725903496314e+03
4.114120781273833018e+03 4.746799863794002704e+03 -1.040581673176323420e+04
-4.602715643553948212e+03 -7.597179328138327037e+01 -9.382997964187181424e+03
-7.639264163681491482e+03 -2.142170831476119565e+04 1.722671145710978453e+04
-3.407438266128881878e+03 -5.002959401201468381e+02 -5.620423636965815604e+03
-7.012545695763816184e+03 4.768408764612707273e+03 -8.386613631562202499e+03
-1.192647198351541374e+04 -3.153663566180518501e+03 -1.879992275072659140e+03
3.352885202472809760e+04 3.060123801462913980e+04 -2.145547968128892535e+04
-3.605626672788303040e+03 -6.916010095583405928e+02 -5.340901136277687328e+03
-4.097402967802510830e+03 -2.752517027761708164e+02 -5.646224566356371724e+03
-4.749469626536193573e+03 -2.924210354148601255e+03 -6.570058271367332964e+03
-1.213284538296861683e+03 -5.742988361759240433e+03 -6.677840830281842500e+03
6.827284087923134393e+03 -7.306935131919706237e+02 -1.388459742977150199e+04
-3.598883231077319579e+03 -4.340680175341485096e+02 -5.974331893250167923e+03
-3.048661043124064236e+03 -2.134437978521829677e+02 -6.179817399530744296e+03
-3.670831936391033196e+03 -1.160109482632917661e+02 -6.094191791646836464e+03
-4.217715458973997556e+03 3.418457624438340190e+02 -4.768291031048514014e+03
5.119213420913678419e+03 2.949579322199705985e+03 -8.103094209105964183e+03
-1.899442485442202451e+04 -2.075656912549423214e+04 -5.369318269562988917e+02
-1.438635299140214011e+04 9.484951300374876155e+03 3.023682249996356859e+03
-1.789615289102529687e+03 -3.149911892453108521e+03 -5.122198155323202627e+03
-3.354699680371731120e+03 -4.480747988700617270e+02 -5.867151283513422641e+03
-7.296323957762626378e+03 -1.184868243305616716e+03 -2.911991195390577900e+02
-8.607585366622995934e+03 -1.893913078543314441e+03 -5.074578368182947997e+03
-4.263900899915703121e+03 1.392530874992689860e+01 -6.243942778796402308e+03
-3.335766199412486458e+03 -3.485043394854013741e+02 -6.029353553991257286e+03
-3.474200966795892782e+03 -2.583516130334667196e+02 -5.986298378037191469e+03
-6.334477952345187987e+03 9.582584440200713289e+03 -1.981859563244855235e+04
-3.439711860503791286e+03 -1.261587331891575786e+03 -9.533225002322144064e+03
-3.696764982001029239e+03 1.013477840431533821e+02 -5.889181036202875475e+03
-4.624392427026832593e+03 -1.958931616294436935e+03 -7.362820630226684443e+03
-2.585017891865926686e+03 -2.273436369934452614e+03 -4.351448969166800453e+03
-3.372593976603829105e+03 -4.239194819217716486e+02 -5.880679661758757902e+03
2.372090908774737545e+04 2.845435853344544012e+04 1.198890054737263745e+04
-5.969901368255566922e+03 -3.805816057566636573e+03 -4.842272924542421606e+03
-9.713665337402852629e+02 4.826399138916596598e+02 -5.557573373493097279e+03
-1.647363215932576350e+04 6.933906127329605624e+02 -8.219000999593761208e+02
-4.011741293672951997e+03 5.009458262609440453e+02 -4.360533402950122763e+03
-3.708710063308817098e+03 -1.999838600242474911e+02 -5.545289175392390462e+03
-9.286550481917322031e+03 -1.391273845116003713e+03 -6.540164411493503394e+03
-3.317435397340642339e+03 -3.729967481081900473e+02 -5.822472078984092150e+03
-3.657136008984864930e+03 -3.704265518777509669e+02 -5.646724714109366687e+03
-2.858344912626896985e+03 9.042056280536504573e+02 -6.466827638964767175e+03
-1.274674950081483530e+03 -7.958396626555541843e+03 -2.765273467475422876e+03
-3.335897592880647608e+03 -3.422797956996432163e+02 -5.929776775220252603e+03
-3.274412657072258298e+03 -3.366466232910706253e+02 -5.710524870898653717e+03
-7.292302827546830486e+03 -1.312672945711004650e+04 -5.187184626185087836e+03
-3.319403699388872610e+03 -3.171929914435652904e+02 -5.897284719414819847e+03
-3.815955251339565621e+03 -1.272235002559391290e+02 -5.828228569872600929e+03
-4.037621864592485963e+03 -4.364769629492844842e+02 -5.099116830760449375e+03
-4.797147887729765898e+03 -5.073727913726816041e+03 -5.549509325531562354e+03
-3.540026688192479014e+03 -2.046311022032864173e+02 -6.074013883093739423e+03
1.463637848962233647e+02 8.671227965583778996e+02 -7.224708845894284423e+03
-3.492808386047146541e+03 -2.685934618664161917e+02 -6.011676692269957130e+03
-2.748027387022513722e+03 -9.973283082800032844e+02 -3.434153717899151616e+03
-8.258410815223625832e+03 7.483943608243573635e+02 -5.701075076981608618e+03
-6.458638485922116161e+03 -2.545353154901928974e+03 -5.057430440459909732e+03
-2.782920606670379584e+03 -8.301333902865083019e+02 -6.654853211152563745e+03
-3.544930771639111299e+03 -3.495193292313082907e+02 -5.804845344918093360e+03
-2.681551809949832659e+03 -4.752245631191902930e+02 -6.471206711487448956e+03
-1.551592378049483841e+03 -3.075912138897125260e+03 -7.516274295928897118e+03
-3.619470155763101957e+03 -5.455976090909696268e+02 -5.913445731211517341e+03
1.804412155939950821e+02 -2.705485472363418921e+03 -4.550879641677483050e+03
5.351563263893466456e+02 4.087353270283224447e+03 -9.325733665449508408e+03
-8.230312138912933733e+03 -1.215284469133584571e+04 -1.341708109148765652e+04
-3.257290947047374175e+03 -2.634107812549108303e+02 -5.870017291337447205e+03
-3.666700455128393969e+03 -1.872536543709134946e+02 -5.626397214861729481e+03
-3.846283028962369372e+03 -2.019605944199586816e+02 -5.820655913146450075e+03
-1.139717896604342968e+04 3.035306293409068985e+03 -4.669312145700245310e+03
1.875497144482225121e+04 4.789400245983527384e+03 7.471727865752474827e+03
-3.412281130870477227e+03 -3.905224107274582366e+02 -5.711856612989813584e+03
-3.560649801465156997e+03 -9.988776985105465656e+01 -5.950071319849562315e+03
-3.375686543179515866e+03 -4.488303248715582185e+02 -5.686161585497178748e+03
-2.610406186060589334e+03 -8.307975320654020379e+01 -5.221258408883276388e+03
-3.570064877628888553e+03 -3.968681458728721623e+02 -5.591178307981041144e+03
-8.682101557714791852e+03 -5.647870067000671042e+03 -6.561857462185676923e+03
-5.003694959293356078e+03 1.698217262397818786e+03 -6.774967449980789752e+03
-3.637018720377067893e+03 -1.578877752057436510e+02 -5.667288455295762105e+03
-3.628131421995962228e+03 -5.139699258709877085e+02 -6.073942198627551988e+03
-4.013868247675661678e+03 -4.623505577626159493e+02 -6.005611970194034257e+03
-2.598048356575400248e+03 -3.480083960439846578e+03 -5.974277456361972327e+03
-2.628091603078953540e+03 2.872338465693223384e+02 -7.320927084532123445e+03
-3.817704483580587748e+03 -5.921578447715332914e+02 -6.026409432427835782e+03
-3.491655297540020911e+03 -1.109659231464149116e+03 -6.715746690664972448e+03
-3.168160707803683636e+03 -1.041556728503973545e+03 -4.430620668117325295e+03
2.947825209717042890e+04 4.473259005669126782e+04 1.729322918093900444e+04
-7.493823192812557863e+03 -6.796958526049468219e+01 -4.305867384963372388e+03
-2.944517301711347500e+03 -3.561569341107166338e+02 -6.009325579819770610e+03
-3.527151152499498494e+03 -2.414109483174478328e+02 -5.460342202357730457e+03
2.146733701302923873e+04 1.598167859085891541e+04 -2.847899460566678317e+04
-3.785074742890624293e+03 -8.750848067878365555e+01 -5.551623758606232514e+03
-3.356173374093804341e+03 -3.471821397547164452e+02 -6.031887799529830772e+03
1.080640320814717597e+04 6.947545229684687911e+03 -2.257716947000463188e+04
-3.417341997836676001e+03 -5.026036766128901263e+02 -6.051801789630419080e+03
-3.371812783360602225e+03 -1.608946404501420773e+02 -4.848795722921731794e+03
-3.489043781046879303e+03 -4.870649232606866121e+02 -5.643347898276660089e+03
-9.591187425841328150e+03 -4.031093584334363186e+03 -3.270907956167531665e+03
6.809103898363596272e+03 -2.574519564871686725e+03 -8.819356548802790712e+03
-2.630793423296361652e+03 -7.684940809335024596e+02 -6.916471569657038344e+03
-3.577475819046822835e+03 -2.155621730034720258e+02 -5.909280338299380674e+03
-3.918059158942393424e+03 -2.406188371680248110e+02 -5.892637982421343622e+03
-5.154974711291378298e+03 1.885948706831602237e+02 -2.308553026522966320e+03
-4.730214249362272767e+02 -2.141323753096932705e+03 -8.390655323565446452e+03
-3.432858296898328717e+03 -4.237581160697734504e+02 -8.368771840949471880e+03
-3.512676749049905993e+03 -2.457774019236999550e+02 -5.773352522726368989e+03
2.811892836981842720e+03 2.599540874784624975e+03 -1.008792804067390898e+04
-4.213612479829747826e+03 -8.202205863734736795e+02 -5.555204593600281441e+03
-4.494544965522256462e+03 -1.700422168490952345e+03 -3.535544153159946291e+03
-3.361130129190159096e+03 -2.444710276882171911e+02 -5.872932734592832276e+03
-3.535609590047523852e+03 -2.990141383847808356e+02 -6.081860381833658721e+03
-1.897099719497571641e+03 2.678506117963672295e+03 -4.415659355307055193e+03
-3.292599428188359980e+03 7.349666827493474557e+02 -9.472949661472652224e+03
-3.764501782057680430e+03 -5.467233016336416540e+02 -6.177821234057531910e+03
-5.029360138437522437e+03 3.753633742903513166e+02 -5.879981439310916357e+03
-3.829262250226335709e+03 -6.790666088964014762e+02 -5.968248376477939928e+03
-1.202045799486716351e+04 2.537646768804462226e+03 -4.478622225707129473e+03
3.665559587578053424e+01 -5.771389079570935792e+02 -6.383683144184145931e+03
-1.913821939073631074e+04 3.736301708605774820e+03 -7.304180704590423829e+02
-3.615407358894238314e+03 -5.521753921562667529e+03 -1.148596790068801783e+04
-4.552735507637235060e+03 1.046889188089879781e+02 -5.517058564986029523e+03
-1.071398522017438154e+04 -4.911611085222357360e+03 -1.948572945867379985e+03
-4.108497622258631964e+03 -8.043534367018189641e+02 -5.345354500586031463e+03
-6.245510238374286018e+03 -4.127108585122754789e+02 1.002039030863505644e+02
-4.049931644557652817e+03 -9.886300741905834002e+03 6.044197769161728502e+03
-4.365119923341687354e+03 -7.081059913603969562e+02 -5.810280220549862861e+03
-4.249885233375865027e+03 -7.346484499337007037e+02 -5.673967677351982275e+03
-4.243893946861147924e+03 -7.485673612246805533e+02 -5.874209129844639392e+03
2.275339672845937457e+03 3.774998852120438823e+04 6.333442827893446747e+02
-2.296304441944478640e+03 2.371996625153185960e+03 -2.091310783939843077e+03
-3.337764701240248996e+03 -2.846112376614410095e+02 -5.928236236756734797e+03
-1.969483310827753485e+03 4.755598245780667526e+02 -4.308491651236945472e+03
-8.172629306143000576e+03 -2.339292982349147223e+03 -2.611545420404032029e+03
-4.005452346117425350e+03 -7.277724148745612638e+02 -5.554045572290000564e+03
-6.079637966841037269e+03 -1.078720581821303995e+03 -4.926262889672717392e+03
-5.492749290727154403e+03 -2.879456319342895654e+02 -2.311713575372817104e+03
-9.535332014164092470e+03 -7.558996307598641806e+02 -2.546542990871022994e+03
-8.877508431354543063e+03 7.553447318613647212e+02 -5.747779718514149863e+03
-3.393225194522430684e+03 8.547318979983961640e+01 -5.518162486837181859e+03
-4.273472690170117858e+03 -4.872020746181762547e+02 -5.947023535607761914e+03
-4.189610809080710169e+03 -6.298572088330525958e+02 -5.705370639627939454e+03
-3.571397284052837222e+03 -2.723129211715563542e+02 -5.646484047066102903e+03
-3.614922089960743051e+03 -1.339896854767094396e+02 -5.691635211521274869e+03
-4.087685797480989550e+03 1.362326900799577288e+03 -4.699609602003513828e+03
-2.940793246203740637e+03 1.343351971332999483e+03 -5.665886317017793772e+03
-4.317948690051783160e+03 -6.288591435382703594e+02 -5.677121763623908919e+03
-3.688639496146698093e+03 -1.715427352848834630e+02 -5.869961588394290629e+03
-2.012993521159339480e+03 1.506915322231063101e+03 -5.805600652264869495e+03
-3.571738209279728380e+03 -3.015710303483820098e+02 -5.741966521464175457e+03
1.242294964259055405e+03 2.913287778451197028e+02 -1.156589382390503306e+04
-3.642956548434318393e+03 -5.589694263393743086e+02 -5.879612804326839978e+03
-4.306260038639888080e+03 -9.448216047938730071e+02 -5.359698419198094598e+03
-3.417972444882914260e+03 -4.051604582225714921e+02 -6.136065728915546060e+03
9.382687695610738956e+02 -3.392040976339605095e+03 -8.930507579371424072e+03
-3.790868011282739189e+03 -5.056957750664556670e+02 -6.237121190333346931e+03
-4.346483324774841094e+03 7.315786783374867355e+02 -3.484157519204799883e+03
-1.046546478596855013e+04 8.088063493031485450e+03 -2.832399397031853368e+03
-3.381639163501392886e+03 -4.577188686374950066e+02 -5.895567315615256121e+03
-3.588355704420203438e+03 -1.090961377473001903e+02 -5.841166098949055595e+03
-1.703860378777343385e+03 -1.716091270368071037e+03 -4.212472964007775772e+03
-5.923599499654472993e+02 7.374573307548192247e+01 -5.951155686792889355e+03
5.181179049169330142e+01 -2.729652819681199617e+03 -7.230928315092623052e+03
-1.013352068381943172e+04 -1.714215360148853506e+03 -4.394980804256980264e+03
-7.282529340102666538e+03 3.113905557845786916e+03 -7.415546812546074761e+03
-3.436229145967547083e+03 8.158206845478891410e+03 -2.855519003225157576e+03
-1.230186365021845631e+03 -1.605440956071211758e+03 -5.876303426265613780e+03
-3.572041249601577420e+03 -2.413784397926385168e+02 -5.801819652075931117e+03
-4.290519844979027766e+03 -7.153911789014828173e+02 -5.713449845465429462e+03
-3.577965147911822442e+03 -4.831285190954464497e+02 -5.647546306372961226e+03
-3.101666833163800675e+03 5.004481186101791081e+02 -3.420065328180467077e+03
-3.396407314539115305e+03 2.606103248568722961e+02 -5.290524293526360452e+03
-3.767622495089731274e+03 -2.206404910486555764e+02 -5.142830085441636584e+03
-3.590081919127313995e+03 -2.571774212782543145e+01 -5.797391587444652032e+03
-3.795352208859184429e+03 -3.398204459425204504e+02 -6.023245159682346639e+03
-3.245640605806196163e+03 -3.768959576759968058e+03 -6.735868520692087259e+03
-3.655333042758315059e+03 -5.262340469000884013e+01 -5.721739554451043659e+03
-5.031851715029245497e+03 -2.094129854326798522e+03 -7.499517000811740218e+03
-3.045108259916275529e+03 -5.041452834710071329e+00 -5.303282285579090058e+03
5.867609681821831145e+03 4.207305738663995953e+02 -1.644297768798753168e+04
-4.226668752732854045e+03 -4.982087613807987054e+02 -5.912035763860055340e+03
5.689267309914284851e+02 9.320759176477304209e+02 -5.558873378554466399e+03
-4.067512118653473863e+03 3.269757125682555852e+03 -8.875898113156483305e+03
-1.778283355503007442e+03 -1.867714990318621858e+03 -9.694436484623569413e+03
-6.327365480625004238e+03 -6.945875752917486352e+02 -4.692736002275362807e+03
-4.140022732461272426e+03 -4.031415974552203352e+02 -5.471121809291524187e+03
-6.561733423913111437e+03 2.271862262074324462e+03 -7.652578299195911313e+03
-4.023261036423819405e+03 -2.439096593194695970e+02 -5.946907627301214234e+03
-2.356671004113805247e+04 4.260090524419357280e+03 -1.597979541326303115e+04
-4.795147646314008853e+03 -1.554755141696276496e+03 -2.717763020451244756e+03
-3.643459125653179399e+03 -1.019225324138275255e+02 -5.740064011423790362e+03
-8.025133529943942449e+03 2.618685731023544577e+04 -3.946600545159164085e+03
-3.669376200544578751e+03 -3.700185328472568358e+02 -5.941717930924874054e+03
-4.477866612654311211e+03 -2.253558302577070663e+03 -6.915025931613048670e+03
-6.070160650887921292e+03 4.109952655822422457e+03 -4.712630206049783737e+03
-3.506903970463358746e+03 -4.196144411145879758e+02 -5.104425743162659273e+03
-9.304237823614286754e+03 3.073766391563630805e+03 -4.148500678712356603e+03
-3.757326688042816386e+03 -1.952003621877219928e+02 -5.572654580617429929e+03
-7.079901123740500225e+03 1.796908222076266838e+03 -6.090796512639331013e+03
-2.707680664508032351e+03 -4.258528400344546299e+02 -4.964657823575973453e+03
-3.501697850211200603e+03 -2.400190498846642129e+02 -5.783447059274426465e+03
-3.658074505906646209e+03 -2.335273217511792154e+02 -5.664815214940937949e+03
-3.978639580911929897e+03 -9.437722334024181237e+02 -5.361821286214179054e+03
-2.535371976840255684e+03 -2.993161937463768027e+03 -5.156070151630038708e+03
-2.837520330384141289e+03 5.970478945243703492e+02 -7.174156185832973279e+03
1.451782843877031155e+03 -4.301970819157197184e+03 1.005731259645470800e+03
-4.037280690479808072e+03 -2.660092979733007610e+02 -5.371246231087598971e+03
-1.075129235983005856e+04 -1.307124737033781798e+02 -4.653257452270254362e+03
-4.414252182939926570e+03 -2.993668037826698196e+02 -5.663875555549117962e+03
-3.104358879014508148e+03 -9.352307057753455410e+02 -6.866108445356059747e+03
-3.267260505581213692e+03 -3.506964843583916149e+02 -5.955053014066485957e+03
-3.437107172909527435e+03 -2.807634353392490993e+02 -5.898009058623199053e+03
-3.298972105208682478e+03 -5.705199395292952431e+02 -9.027754456714481421e+03
-4.964221311718180004e+03 9.352192269159226043e+02 -4.204803361030149972e+03
-3.087993168884579063e+03 6.733027544583728741e+02 -5.850930985173152294e+03
-3.490752525963629068e+03 -1.877310226101144508e+02 -6.019515244367584273e+03
-3.860029013871972893e+03 -1.502454760579910840e+02 -5.846873544586618664e+03
6.485940818686384773e+03 -3.278847250942880237e+03 -1.342149995690219839e+04
-1.721666089364006439e+03 -7.682356770579602880e+02 -7.659655002679265635e+03
-4.692025390802349648e+03 8.708900498277674842e+02 -5.608985236869271830e+03
-5.550678202006056381e+03 -6.922628032943478047e+02 -7.457208639709073395e+03
-1.202230891951979902e+04 -2.862768752206988665e+03 1.545754335373496815e+03
-3.717375673460333928e+03 -4.638482261319909981e+02 -5.999609989654013589e+03
-3.935830577554941556e+03 -8.666101224558399281e+02 -5.231126757553868629e+03
-3.565213154474440671e+04 5.397155455518096278e+04 -1.932469134029720226e+04
-3.605930296534306763e+03 5.271655025501122509e+02 -5.066395106442274482e+03
-2.047524918357630440e+03 -8.562120195593536209e+02 -7.719537504259329580e+03
-3.154804678505058746e+03 7.113110972862328936e+02 -6.457134705257013593e+03
-3.451831117007872763e+03 -2.427509016948785074e+02 -5.769148089671879461e+03
-3.606733676387002197e+04 5.666240926129514992e+04 -1.934619557816980159e+04
-8.653547930867791820e+02 -5.404472413161192890e+02 -7.580012967792681593e+03
-4.025084334244923411e+03 -6.558986400472076639e+02 -5.505021108982364240e+03
-6.953257653676789687e+02 -1.146272504685558670e+04 -1.121955359257354758e+04
6.076947614063943774e+02 -6.717515710232984020e+03 -9.394963876241510661e+03
-4.209970527495001079e+03 -4.257415275197458868e+02 -6.153491419014530038e+03
-6.407150987673983764e+03 -1.242642256088648196e+02 -8.045267178724903715e+03
8.024080933665147768e+02 -1.581632995771657443e+04 -1.591748266190223330e+04
-2.717586817160749888e+03 -6.364698296108374052e+03 -5.302546574647111811e+03
2.522793577987853496e+03 -8.422743762800873810e+03 -1.251046156082013658e+04
-3.947813721921626438e+03 2.120075056065426509e+02 -1.185824426712203967e+04
-3.676920898493458026e+03 -4.157400548859266110e+02 -5.671756229284548681e+03
-5.261867572481722164e+03 4.061141746861893807e+03 -1.432590097450818394e+04
-3.450351224677053324e+03 -7.324179202683421863e+01 -5.884530441167212302e+03
-3.585948239938978986e+03 -2.012424304480497312e+02 -5.854869339748321181e+03
-2.144043144932027280e+04 1.582027408565283849e+03 3.850640096181398349e+03
2.142691114400919105e+03 -1.973117025322534755e+04 -2.050315041094981279e+04
-2.040282789006762414e+03 -8.576545555284923239e+02 -7.081666864361228363e+03
-3.948596008034718125e+03 -6.022253063222065066e+02 -5.984912063336040774e+03
-5.414488578500880067e+03 3.389270236710176505e+02 -1.872780921450038250e+03
-3.135508007290086880e+03 -1.071823816586369730e+03 -5.181921266990494587e+03
-4.166098093779592091e+03 -9.215060812638929519e+02 -5.543737083602529310e+03
-4.331784815972671822e+03 -4.026955194171484891e+02 -5.563245703924038025e+03
-1.904045299968194740e+03 -1.587659670461090627e+03 -9.036365212512802827e+03
-4.061676060594512819e+03 -4.165684299104880779e+02 -5.510408898795315508e+03
-5.138416355823745107e+03 -1.603714648795192261e+03 -4.758013288124997416e+03
-3.624421784347312496e+03 1.556701020254255923e+02 -4.971232792371471987e+03
2.373890051960835081e+03 -1.620783334033715255e+04 -1.531325810552646908e+04
-2.045635057228781534e+03 -1.786744778155174572e+04 -5.443056003225287895e+03
-3.906471221324937233e+03 -3.531104653634099577e+02 -6.198207396839638932e+03
-2.169149882561957838e+03 -3.390473134643250432e+02 -6.903531284043571759e+03
-5.879448676820004039e+03 -4.118144770921105646e+02 -5.328400102426249759e+03
4.277854896552448736e+03 -1.000506353740576742e+04 -4.688746734714562081e+03
-1.423533138580285595e+03 -1.783346691544832083e+03 -6.852213936363256835e+03
-1.070095041347451479e+04 -2.451648771001541263e+03 -3.603639419460356294e+03
-3.247556715924317177e+04 5.871829082643161382e+04 -1.997091068655364506e+04
2.036016365120286991e+03 -2.966257764481545109e+03 -6.006804416787523223e+03
-3.084074626060919854e+03 -7.931697819900585955e+02 -8.309932163501089235e+03
-4.803306791536670062e+03 -6.335631544809768911e+02 -6.272390478933964005e+03
-4.167655615388322076e+03 -6.623873419597662178e+02 -6.045458094873783011e+03
-4.129777163505269527e+03 -2.659907653349840189e+02 -5.720049997624702883e+03
-1.142560895281059129e+04 -4.698835231506370747e+02 1.270243016149315963e+03
-3.608741748089166322e+03 -4.572069494675531587e+01 -5.136679027854974265e+03
-3.952142063813768800e+03 -5.340343884058301001e+02 -5.266378340273834510e+03
-4.100858392279581494e+03 -5.186767191085057220e+02 -5.702051767866192677e+03
-3.823241813635012477e+03 3.471169534929770748e+02 -5.726380519111273316e+03
-1.080760864770303442e+03 -1.267961361375148954e+03 -9.212204493153627482e+03
-4.026610899930559299e+03 -7.160868224762137970e+02 -5.922548283059369169e+03
-1.028350222114479038e+03 -1.179933247505425243e+03 -1.059606122921847964e+04
3.625477173031409166e+03 -1.135640798696123420e+04 -2.401714468257168483e+04
-4.458414193818312924e+03 -4.461156652714378197e+02 -6.199724636137679227e+03
-3.419407708907917367e+03 -5.533667235712217689e+02 -6.149834933037241171e+03
-4.112279589077979836e+03 3.939829452084210288e+02 -7.466610426127525898e+03
2.540700965559509541e+02 -1.827878232309693203e+03 -8.002915799404025165e+03
-4.571731371433327695e+03 -5.816041958880523453e+02 -5.275732752180365424e+03
-3.342258406884880969e+03 2.517907446270190576e+03 -6.407749514912523409e+03
-5.221373420553391043e+03 5.817790287656808346e+01 -5.049601947062742511e+03
-3.818144319197563163e+04 3.189455769608830451e+04 -4.912849334866487879e+03
-1.753656671995400302e+03 -3.821334600820682112e+02 -7.671018979522325026e+03
1.533948332654238584e+03 -1.233569159078372104e+04 -1.015431754285488023e+04
-3.730937143855675913e+03 -6.014702236499117589e+02 -5.858643267872505930e+03
-3.389613999603597222e+03 -4.805558468838476074e+02 -5.983347168305682317e+03
-1.566573822960741836e+03 1.557973263931701467e+03 -1.110823005792203367e+04
-3.670509797566683119e+03 2.375657695569178998e+02 -5.484342545927906940e+03
-3.891516718332897653e+03 -2.322446513083474997e+02 -5.823583326924826906e+03
6.205828564269262415e+01 1.084159530733019665e+03 -1.320442737727350504e+04
1.400664873565009475e+04 1.626846111968553123e+04 -8.307851897763104716e+03
-3.229563781176612792e+03 -5.215452648129867157e+02 -4.820516062907059677e+03
-4.212856864777888404e+03 -9.234167016568278541e+02 -5.659222516527323023e+03
-7.641229357145755785e+03 1.447788208774910572e+03 -4.471211042697475932e+03
-2.542316596986659079e+03 -2.202251396801005114e+02 -6.198348708225160408e+03
-3.800864037365216063e+03 -1.539469619853840072e+02 -5.351160207900930800e+03
-3.595005140880416093e+03 -2.517095077877795291e+02 -5.839029161302159991e+03
-3.924339030196651493e+03 -3.467111786402597318e+01 -5.145329003746985109e+03
-2.736818770559192217e+03 -2.245700227889280541e+03 -6.039251337730614068e+03
-3.919987454736636209e+03 -6.890548600610014773e+02 -5.396938781724635191e+03
-5.774024721809922994e+03 7.308841688831340662e+02 -5.233900780331859096e+03
-3.349984634537608144e+03 -2.552611954447321523e+02 -5.527400603168009184e+03
-5.893656440288253179e+03 -4.186661426645202482e+03 -3.478734105464349796e+03
-4.072358191100774548e+03 -5.401403616048474987e+01 -5.202848894041638232e+03
-1.703263846201428169e+04 2.382835997321371451e+03 -4.412167018514590018e+04
-3.883545447184022578e+03 -2.964494206778647936e+02 -5.903005628792267999e+03
-3.668669749573380159e+03 -3.653116235948834856e+02 -5.754495214509346624e+03
-4.578983460189019752e+03 -2.823631007834175307e+03 -3.453897942325419081e+03
1.440510307301700959e+04 8.158534031469986076e+03 -2.240767971667327220e+04
-5.144636505149216646e+03 2.896046264533725321e+02 -4.879495359901939082e+03
-4.080976923817396710e+03 3.590754363989242961e+02 -5.403740991024935283e+03
-4.063170306755221191e+03 -2.722458314282519041e+02 -5.483356154202568177e+03
-3.248428704588576693e+03 -3.240663704087044152e+02 -6.623034386722925774e+03
-9.321570320069711670e+03 3.690569739747964491e+02 -4.698156405775107487e+03
1.156640922277158279e+04 -9.766575995262571723e+02 -1.382415342221086394e+04
-6.291892654475539530e+03 2.613165179379749588e+03 -7.194161623383222832e+03
9.647691194464676300e+03 -1.676378529824383804e+04 4.207284934042451823e+03
-2.897071683484037749e+03 1.847175071448264418e+02 -5.957954107872701570e+03
-4.191863364357563114e+03 -3.696155031980415515e+02 -5.356852187250980933e+03
-2.052746378920489951e+04 3.980273443089715784e+02 -3.145171091268820965e+04
-1.972842304668829911e+03 3.222321972220593580e+03 -8.696674550004319826e+03
-4.220193940846011174e+02 -7.140184690040747455e+02 -4.822075271448326021e+03
-3.892959889248339096e+03 -3.902139079578666951e+02 -5.306676086132280943e+03
-3.417517956415646495e+03 -2.765144210090236356e+02 -5.447441356312029711e+03
-1.159331564521920700e+04 1.296865674196275677e+03 -2.116765212430605243e+04
-3.853256897884116370e+03 -1.193536745362489228e+03 -5.621268472761484190e+03
-4.250255096680813040e+03 -2.649078023085018003e+02 -5.666952484598210503e+03
-5.002107516686085546e+03 -6.131932995943217065e+03 1.566921562750119847e+03
-1.806477490334288086e+04 -2.621072970056394752e+03 3.251840339059747748e+03
-3.856631487154074875e+03 -5.801773167234282482e+02 -5.348018107595615220e+03
-5.724060330087805596e+03 -2.966910940043857408e+03 -3.883345420115114848e+03
2.198030711645609335e+04 -1.580086752340337625e+04 -1.604644098695346656e+04
1.667825442420654872e+04 8.576302639517149146e+03 -3.190040090272964517e+04
8.541649193898339945e+03 6.185698031215011724e+03 -1.828486574216929512e+04
-4.037172359857079300e+03 -5.238632100828392595e+02 -5.313140953902668116e+03
-1.090931139540054346e+03 -8.480308575848564487e+02 -4.912653926023708664e+03
-4.699760911662850958e+03 -1.768384296455307322e+03 -4.951671626735963400e+03
-4.349320277326889482e+03 -4.348213082936642877e+02 -5.654101757327315681e+03
-3.955092471079527058e+03 -6.616085151338429569e+02 -5.255744282911884511e+03
-5.548890708110317064e+03 -3.923673261893979088e+03 -1.939692640656296589e+03
-3.596557543982023162e+03 2.161091841747754643e+03 -6.306110557763666293e+03
-4.021306454147859313e+03 -2.477083312236817392e+02 -5.300580193148033686e+03
-3.924664503367743691e+03 -2.133411256869327701e+02 -5.360137617401427633e+03
2.684648555389385001e+04 -2.176406480563628793e+04 -8.640270176902004096e+03
-4.126544930509317965e+03 -4.410402782203216248e+02 -5.310702036381356265e+03
1.203155863425556163e+03 -6.777440393361280258e+02 -7.563829110624460554e+02
-4.027900102066820637e+03 -3.075785397413830538e+02 -5.663899483355802658e+03
3.643958106399297321e+03 4.117901050962237605e+03 -1.591151897610963715e+04
-4.115475224684880232e+03 -8.640994888923819417e+02 -5.432420582074044432e+03
-4.288576662546774060e+03 -8.063899514640943380e+02 -5.922646538632515330e+03
-4.150948234560913988e+03 -1.546672158942658939e+02 -5.249798772301711324e+03
1.151958856339972044e+04 2.656056341482792504e+03 -1.559562870162464060e+04
2.847968119323985593e+04 4.983499542848368947e+03 -3.989281731993515859e+04
-3.626511541608017069e+03 -3.114450478435257992e+02 -5.277007059849818688e+03
-3.819480523318936321e+03 1.333381444147074262e+03 -4.833857795779184016e+03
-5.538656791081988558e+03 -1.464852612281904157e+03 -5.978713144868812378e+03
-3.795541594466802962e+03 -1.698952520881653072e+02 -5.278093265700618758e+03
-9.537687126173654178e+03 -4.139247676946155480e+03 -2.957664851825476489e+03
-3.403894517900381743e+03 -4.423620310267146465e+02 -5.883957319711896162e+03
-9.146394246318568548e+03 1.481430326594537837e+04 -6.392779140229106997e+04
-7.107275578394639524e+03 -3.712674551020449599e+03 -1.928817773091142953e+03
-5.595651913796778899e+03 -6.275999328590378354e+03 -1.305105780746776418e+03
-6.258404248821603687e+03 -5.943824732169744607e+00 -4.194378262407799411e+03
-4.024110116774898415e+03 -4.500215359123718599e+02 -5.251235999579032068e+03
-3.219757542203987214e+03 -3.897866758445254050e+02 -5.475853771316053098e+03
-3.912792889276509868e+03 2.774265667482077788e+03 -4.786716466416971343e+03
-4.122785990593330098e+03 -9.824051413866181974e+02 -6.344612034125761966e+03
-3.881948561310683544e+03 -1.449891699582076967e+02 -5.504016639915094856e+03
-3.514308894076073557e+03 -2.169668554391307111e+02 -5.379269159093404596e+03
-4.041225227714025550e+03 -4.304716203400117820e+02 -5.859860826043379348e+03
-3.465944413775344401e+03 -1.191702077544489669e+02 -5.678752474187262123e+03
-3.663804820252718400e+03 -4.090762825064917934e+02 -5.716368849653342295e+03
-1.399122750554334743e+04 -1.733481738017207590e+03 -1.869944463219148474e+03
2.929617520693336701e+03 3.285625948309933847e+03 -9.875469145421991925e+03
-3.511391273043463116e+03 -9.077278197372510249e+02 -6.460979579267890585e+03
-3.606092242104929937e+03 -8.026712338123189738e+02 -6.465366925281944532e+03
-3.922744990091955970e+03 -1.238667367050663415e+03 -6.279947299788311284e+03
-1.143018235903765708e+04 4.052789963687370800e+03 -7.052481374181477804e+03
-3.835189587997389026e+03 -1.981788070731133075e+03 -6.343283273449555963e+03
-3.338205084494236871e+03 -7.636357142642351903e+01 -5.613917181986731521e+03
-8.493161007183442734e+02 -9.171990638797342399e+02 -7.074117976091185483e+03
-2.628530022360276052e+04 -3.210534471732194561e+03 -3.020479820598269362e+04
-5.203947972798702722e+03 2.851225388823646654e+02 -4.364416040400559723e+03
-3.922679211664277318e+03 2.663574492085709835e+02 -5.769753388721391275e+03
-3.780764893439835760e+03 -2.596546653638926045e+02 -5.953920891716122242e+03
-3.488096680989141078e+03 -2.212789540708751304e+02 -5.741390486599114411e+03
-7.619150071348803067e+03 -9.036281901288817608e+03 -9.926400534636326256e+02
-3.405512016537784348e+03 -3.481943499988045119e+02 -5.623039329868120149e+03
-2.233745953392901356e+03 -1.260296024365326275e+02 -7.567353335029973096e+03
-7.182186911371840324e+03 -6.112538625319733910e+03 -4.492597274669648868e+03
-3.554251409275935316e+02 1.208321287976025218e+02 -7.607772055947483750e+03
-3.206028695520710244e+03 -1.976269070905268563e+03 -6.304149323721135261e+03
-4.573042242265673849e+03 1.199584983717928708e+02 -6.184477885627693468e+03
