-2.410975180553496102e+03 -1.619522222842439987e+03 -4.940446400507466024e+03
-2.448115099059163640e+03 -1.838285333997518592e+03 -4.907247297715278364e+03
-4.097171305509372360e+03 -1.521060943778229330e+03 -4.893590774721491471e+03
-1.550291117093008324e+03 -7.089540313563361451e+01 -4.987770233638296304e+03
-4.389482565514431371e+03 -3.106181989145180978e+03 -4.799294332785250845e+03
-1.834761817502542954e+03 -2.252745018433347013e+03 -4.971806609004890561e+03
-2.419030588645726766e+03 -1.965034356043273192e+03 -4.852022440226105573e+03
-4.167869721488659707e+03 -2.577580024477463667e+03 -4.831452175016344881e+03
-2.208245837906705219e+03 -1.901370905750905649e+03 -4.799836931721614746e+03
-2.166551916493723638e+03 -1.608915051056517996e+03 -4.939223913366430679e+03
-2.895445967232851672e+03 -2.078764787084173804e+03 -4.836052973574282987e+03
-2.511461936458591026e+03 -1.747446056405254467e+03 -4.759824490314425020e+03
-1.814315514184173026e+03 -1.775474564729111307e+03 -4.786991531465220760e+03
-2.566843390254699443e+03 -2.085381163738948089e+03 -4.866180612473499423e+03
-2.064607741425205404e+03 -1.425848059085552904e+03 -4.854817945058323858e+03
-1.013786352367535255e+04 3.658194136126620833e+03 -5.242021790334390062e+03
-3.116189304108552278e+03 -3.210975326805403711e+03 -4.856982695934517324e+03
-3.641785065818410658e+03 -3.306193722305138181e+03 -4.793020377651599119e+03
-1.727117517759660814e+03 7.437312599960346233e+02 -5.053188236888136089e+03
-1.895817117651653234e+03 -2.074523906400014312e+03 -4.849675341024036243e+03
-2.627922038889750638e+03 -1.792353924795060266e+03 -4.874581047207670053e+03
-3.173201328295263920e+03 -2.338082738480119133e+03 -4.810618864101134022e+03
-1.989093946513700530e+03 -1.995154146411520514e+03 -4.971708761253444209e+03
-4.078275078138963181e+03 -3.505956486613289144e+03 -4.761258321906741912e+03
-4.536189982684396455e+03 -2.006754414982516437e+03 -4.841664358883570458e+03
-2.310279168144412779e+03 -1.680555868888693794e+03 -4.783554633752386508e+03
-3.692497825321088385e+03 -1.186264970711791648e+03 -4.862142481969852270e+03
-4.520917260869649908e+03 -2.952303655455803437e+03 -4.803668798912487546e+03
-3.733918868123489119e+03 -2.652954592791374580e+03 -4.840131955681958061e+03
-1.800539101564529119e+03 1.322815067613322299e+03 -4.950466870780182944e+03
-1.217298357579623371e+03 1.309140693525333973e+03 -5.024457734724205693e+03
-1.996436271857568727e+03 -1.936365582396983427e+03 -4.931059665129831956e+03
-3.951224690599773567e+03 -3.017777333417483533e+03 -4.811690793041839243e+03
-1.408792860435484272e+03 -1.389997674712360777e+03 -4.983574855944406409e+03
-3.795631084991905482e+03 -2.707349325966240031e+03 -4.847715486716788291e+03
-2.813503899561092112e+03 -2.119124912254822448e+03 -4.787572547666962237e+03
-2.552790400526166650e+03 -1.761748881054753610e+03 -4.824566547186502248e+03
-1.734129358378877214e+03 -1.850839709836830480e+03 -4.911775725593393872e+03
-1.736343299164028576e+04 -2.925233072629881917e+03 -5.308670471950000319e+03
-2.395270166414252344e+03 -1.821347842661898767e+03 -4.789017372933894876e+03
-1.545447940034865042e+03 -6.798399441369630267e+02 -4.992499698913099564e+03
-2.103479883087019516e+03 -1.870249854953605109e+03 -4.767999287595329406e+03
-1.824030823706465526e+03 -1.764744362974455498e+03 -4.805071533673516569e+03
-2.607211698623583288e+03 -1.189441800149791788e+03 -4.860415650990577888e+03
-2.282344483317085633e+03 -1.877867866445197933e+03 -4.855382041775294965e+03
-1.832763209545914378e+03 1.556491407374539676e+03 -4.980239182174312191e+03
-2.348407968709037050e+03 -1.734354075340883583e+03 -4.797508633666785499e+03
-1.739040522095501728e+03 -2.053081137543568730e+03 -4.989916726708803253e+03
-3.985246985393212071e+03 -1.981528716551605839e+03 -4.845453296798436895e+03
-1.485997383938017492e+03 1.078269860629731511e+03 -4.979886298501621241e+03
-1.917964558969471000e+03 -1.962045425790652644e+03 -4.925981634609570392e+03
-1.808650504154544024e+03 -2.169484626020405813e+03 -5.008705443879559425e+03
-2.727091728695048459e+03 -1.715708634018636985e+03 -4.806328168866401029e+03
-2.277655142014037665e+03 2.233210518325203338e+03 -5.028505675945648363e+03
-2.482279764362637707e+03 -1.790893460721453266e+03 -4.855719842264033105e+03
-2.715294777033505397e+03 -2.052872685471658770e+03 -4.905447200427499411e+03
-1.581606198646663415e+03 1.442899374364283176e+03 -5.092022332832202665e+03
-1.867107926902822555e+03 -1.857373116386759648e+03 -4.968921838278103678e+03
-1.832686758877291595e+03 -2.158456132434836036e+03 -4.875513000334121898e+03
-3.531629759389953961e+03 -2.137452656958188072e+03 -4.846746461116801584e+03
-2.028210947889054296e+03 -1.757130587233579718e+03 -4.763466717137637715e+03
-1.780818392628668789e+03 -2.106627857868106275e+03 -4.860824550277421622e+03
-3.554673186349056323e+03 -2.273805732549829372e+03 -4.841693618185753621e+03
-3.959019427486244240e+03 -3.397782937243772722e+03 -4.874689856862103625e+03
-3.290290928999828793e+03 -1.996622211048691497e+03 -4.835641013432233194e+03
-4.578971762943680915e+03 -3.050629539794140783e+03 -4.926141238063287346e+03
-1.794264499634462709e+03 -2.276094790257288878e+03 -4.819228031381330766e+03
-1.416083954175542203e+03 -6.340732797599598598e+02 -4.971262964568290954e+03
-3.040378337516584452e+03 -1.822542706136887546e+03 -4.869181728300560280e+03
-1.959535784700329259e+03 -1.998441263312070987e+03 -4.867954088326043347e+03
-1.616121184539534852e+03 7.829224393604174566e+02 -4.952213855287845945e+03
-2.706642173275965433e+03 -2.164229233023037978e+03 -4.814538126266256768e+03
-1.834090890106040206e+03 -2.148420608177323174e+03 -4.953626338159333500e+03
-3.601745022813303422e+03 -2.125521574239485744e+03 -4.842013958001443825e+03
-1.527342553984214646e+03 -1.909685740338871028e+03 -4.989750897980815353e+03
-3.580467121775456235e+03 -2.353816855957222742e+03 -4.841564460740532013e+03
-3.779290723902039190e+03 -1.867134921365516448e+03 -4.850783900113186064e+03
-8.250058545680005409e+03 3.391049128275924431e+03 -4.984493383388020447e+03
-3.414522642986427854e+03 -2.584940921435101700e+03 -4.825630961271558590e+03
-2.551522858233427542e+03 2.460738737189589301e+03 -4.933768591988663502e+03
-2.538139290684292064e+03 -2.831523050469864302e+03 -4.844593266309382670e+03
-1.870984549567898739e+03 -2.498032862765945993e+03 -4.857052994404394667e+03
-1.354407232409649168e+03 4.854964183361560117e+02 -4.997450153663085075e+03
-1.968777987374091254e+03 -2.015267276408667385e+03 -4.905381602033021409e+03
-4.400853602792287347e+03 -3.080213973424365577e+03 -4.853965769900853047e+03
-3.242338131591430283e+03 -2.936477390977921914e+03 -4.781073381635419537e+03
-3.462798798020610320e+03 -2.040916265395532037e+03 -4.840984013898058038e+03
-1.897070206146512646e+03 -1.935301581014383373e+03 -4.866043968879702334e+03
-3.480307393833997594e+03 -3.286636835274978239e+03 -4.817090218071475647e+03
-4.233274873854135876e+03 -1.565771598848270969e+03 -4.791796206469945901e+03
-3.416596816004573611e+03 -3.584801827527847308e+03 -4.788821357094831910e+03
-1.413962700611333048e+03 -1.179473068124359543e+02 -5.027615122403829446e+03
-2.635019850914519338e+03 -3.062502802905853969e+03 -4.964603074353197371e+03
-2.033749879885074279e+03 1.198845393629118462e+03 -4.948259132606988715e+03
-1.902875131095265033e+03 -2.150930761378369880e+03 -4.997166311136679724e+03
-2.901521043788973202e+03 -3.124284704995003267e+03 -4.955111759325118328e+03
-4.073916669784152873e+03 -1.382043293332708572e+03 -4.847412751688077151e+03
-3.848670630635281668e+03 -2.801732942410624219e+03 -4.811203614892045152e+03
-4.151779033223778242e+03 -3.726787871222148624e+03 -4.864309330060946195e+03
-2.068948751637939949e+03 -1.944175300908194458e+03 -4.900222055293541416e+03
-3.224118956113999957e+03 -2.595918084383734367e+03 -4.782297139980286374e+03
-2.967604972314159568e+03 -2.805196261000840423e+03 -4.819163493188613757e+03
-2.651028258068736250e+03 -2.783672766211133876e+03 -4.815911902016739987e+03
-3.800379088753013548e+03 -1.010834219444244127e+03 -4.988000198777442165e+03
-2.386150311762146885e+03 -4.231348812948224804e+03 -4.762657149678944734e+03
-2.493107190749337860e+03 -2.155114826186075788e+03 -4.870276173002163887e+03
-2.288055212226130152e+03 -3.527717693604086435e+03 -4.843644178392589311e+03
-2.279728832142498050e+03 -4.900908013152872627e+03 -4.778962921585682125e+03
-2.570185111635640169e+03 -2.279590739448142358e+03 -4.723642418536872356e+03
-2.315312580059393895e+03 -1.949927729337089431e+03 -4.798997650024895847e+03
-2.773042166077144884e+03 -2.781336377732454366e+03 -4.780475162666260076e+03
-2.456743699317692972e+03 -2.128650731890895713e+03 -4.819593692161088256e+03
-2.661684554608113103e+03 -2.223597639710625117e+03 -4.868160883574288164e+03
-2.881526154697811307e+03 -2.836055264735485252e+03 -4.835482678250547906e+03
-2.898920714839365701e+03 -2.824892934814155069e+03 -4.773648414114824845e+03
-9.451782263986284306e+03 -7.509905881691724062e+03 -5.044643289074450877e+03
-2.159363875914164510e+03 -2.158256826342438217e+03 -4.863694046703264576e+03
-1.974821884988709826e+03 -2.231171701237455181e+03 -4.991943781156709520e+03
-5.734654184487962993e+03 -1.992396651623669754e+02 -4.911413970025817434e+03
-2.089844575839290883e+03 -1.899056569274152480e+03 -4.742833587674221235e+03
-2.844550242804772097e+03 -2.508883752658726735e+03 -4.741410253018498224e+03
-2.533839625317687023e+03 -4.441847656817030838e+03 -4.738021681229171918e+03
-2.342846213195157816e+03 -2.112457399494225683e+03 -4.822847150351716664e+03
-1.733959664335469370e+03 -4.910216954342824465e+03 -4.853381293191660006e+03
-3.299950200885718004e+03 -3.760802028908647117e+03 -4.797852331081880948e+03
-2.625143926277838546e+03 -2.241754883860508471e+03 -4.766745526857403092e+03
-2.565826750548053042e+03 -4.219869900389751820e+03 -4.812217900192056732e+03
-2.050164925879401380e+03 -4.118500919322531445e+03 -4.830624285228739609e+03
-2.555921058169700700e+03 -4.316557383233815926e+03 -4.817826933258785175e+03
-5.557142245145179004e+03 -6.179186225534102732e+02 -4.890681148113652853e+03
-5.114503791940384872e+03 -5.397973030289324470e+02 -4.880515705959962361e+03
-2.870549571361787912e+03 -3.172693391590250485e+03 -4.829722668958770555e+03
-2.065765150866127442e+03 -4.275764340440660817e+03 -4.781842090874311907e+03
-2.259057321902547301e+03 -1.876205518756546098e+03 -4.922013650382666128e+03
-1.702784897051779581e+03 -4.029944961383152986e+03 -4.757873839445421254e+03
-3.522586039928647551e+03 -4.276725367425371587e+03 -4.760117129819715046e+03
-2.699703135187180123e+03 -2.521234782894599448e+03 -4.811858088140529617e+03
-2.514871713973778242e+03 -1.911296599897997112e+03 -4.826400928377060154e+03
-6.005076852745985889e+03 -1.676640336387079878e+04 -5.038828586172178802e+03
-1.971399834267016558e+03 -1.967303217368286141e+03 -4.964706147491680895e+03
-3.854470755248587011e+03 -8.687490147389364665e+02 -5.010107042461579113e+03
-2.280420663647955735e+03 -2.014623530012804167e+03 -4.883490874074394014e+03
-2.067924765750047754e+03 -1.937111349114984250e+03 -4.892958503715652114e+03
-2.166744231782332918e+03 -1.985120630086217034e+03 -4.977139233300104024e+03
-2.280169067451507544e+03 -2.022066212403522059e+03 -4.972263461927771459e+03
-4.833352824744566533e+03 -7.217596182664588014e+02 -5.037561100367075596e+03
-3.258902063896965046e+03 -3.940098098662484517e+03 -4.811874070056828714e+03
-2.413265571054451357e+03 -2.196647607819589666e+03 -4.886998531933783852e+03
-2.868574479214576058e+03 -3.482256962942613427e+03 -4.813289879946436486e+03
-4.381850690886592929e+03 -9.687168345422031734e+02 -4.918767520885552585e+03
-2.517948322141228346e+03 -1.962411781945426810e+03 -4.923746479517505577e+03
-1.801592504352611513e+03 -2.186684967210434479e+03 -5.005021994328096298e+03
-2.407034580596392971e+03 -2.588922579585283984e+03 -4.751325288606957656e+03
-6.979073605134030004e+03 -1.337995299878130709e+03 -4.788700526682981035e+03
-3.010096561397054757e+03 -2.893978056889786330e+03 -4.801441801806741751e+03
-2.764249702946825437e+03 -2.829296613830018941e+03 -4.859434869174647247e+03
-4.889106692022434800e+03 -5.342887657235812640e+02 -5.001176026550685492e+03
-2.828008202459970562e+03 -2.478353337127249233e+03 -4.799705400853600622e+03
-2.002896951962823550e+03 -1.959992678467279120e+03 -4.940414179668347060e+03
-2.663403301495177402e+03 -2.417841938016220865e+03 -4.808693457159698482e+03
-3.225021783080965633e+03 -2.849367584795002585e+03 -4.844431282257580278e+03
-1.878367217355308640e+03 -2.081904393429862012e+03 -4.923760225182807517e+03
-3.266556016214103693e+03 -4.614347622226006933e+03 -4.840396631679562233e+03
-1.874853182095152306e+03 -4.912274604944590465e+03 -4.851331542004638322e+03
-3.769756942891877770e+03 -3.547948168748407625e+03 -4.791138206613552939e+03
-2.545103934439982822e+03 -4.571166240794591431e+03 -4.801134109679733228e+03
-1.858126490240641260e+03 -2.386353117167128403e+03 -4.878543034700561293e+03
-4.223581457704551212e+03 -5.358984870966139624e+02 -4.991927462936053416e+03
-2.439253269412021837e+03 -3.142901417480672080e+03 -4.882001021297761326e+03
-2.461167404964418893e+03 -1.892718557414582165e+03 -4.724532442389922835e+03
-4.238128773349912990e+03 -7.389611943134195826e+02 -4.982294720629977746e+03
-3.177917801041545317e+03 -2.984845197047146030e+03 -4.853568388196432352e+03
-1.884650266027391808e+03 -2.016744939407185257e+03 -5.016222669777645933e+03
-2.414560907959339147e+03 -2.594966958879719641e+03 -4.890389073084530537e+03
-1.891456596777312825e+03 -3.344434957272856082e+03 -4.793801357257082600e+03
-2.681491329891128316e+03 -3.698347627409935740e+03 -4.811381657439563241e+03
-2.583107836214604959e+03 -4.204531483188484344e+03 -4.799129366455929812e+03
-9.616955001357571746e+03 -6.066228460805238683e+03 -5.112203907405848440e+03
-2.318872168787769169e+03 -4.003558539272351936e+03 -4.801837171131697687e+03
-7.175869950889176835e+03 -1.796756375653141049e+03 -5.048844952048304549e+03
-1.714230415677290694e+03 -2.926512167810764367e+03 -4.908086709742587118e+03
-2.169921184686601919e+03 -1.964249783446720130e+03 -4.873742406125307753e+03
-3.908099470367676986e+03 -1.283591884563824806e+03 -4.896853607277105766e+03
-2.208021041161125595e+03 -1.972157670017250894e+03 -4.929896684622206521e+03
-2.376099490080896430e+03 -4.563642868655821076e+03 -4.870259143719598796e+03
-1.942533746671322888e+03 -3.696136819167522390e+03 -4.837063928700799806e+03
-2.294489832247277718e+03 -3.384723697840717250e+03 -4.870488899726635282e+03
-2.692820339849117317e+03 -2.158497011734072657e+03 -4.836433482901599746e+03
-1.460627725112351072e+03 -3.504630978856300317e+03 -4.872518407801053399e+03
-3.345692757431075734e+03 -4.357866002060653045e+03 -4.869813182619967847e+03
-1.833351508707527728e+03 -3.023894196038213522e+03 -4.819033718127152497e+03
-3.918563683034888982e+03 -3.532818931475786144e+02 -4.962598741927399715e+03
-2.836637156913991930e+03 -1.113665245531833307e+03 -4.965222261224338581e+03
-5.375936807193222194e+03 -8.104919099559447204e+02 -5.057038972748752713e+03
-2.145447240951535150e+03 -1.976083668590041725e+03 -4.956358177007820814e+03
-1.852247721524346616e+03 -4.076641729602086343e+03 -4.910236980522933663e+03
-2.398326529116432539e+03 -2.213633645409292967e+03 -4.960985190610157588e+03
-2.167425887315689124e+03 -4.648003270997819527e+03 -4.882045436559230438e+03
-1.657605821537003067e+03 -4.227031607690826604e+03 -4.744345820152917440e+03
-2.563434669405475688e+03 -1.891324783426216072e+03 -4.809732152777291049e+03
-2.353798667560572540e+03 -2.571657353836548282e+03 -4.765264454928053965e+03
-2.070543888770304875e+03 -3.104160158429646344e+03 -4.781215565771634829e+03
-1.770208411471953468e+03 -3.443151740288938072e+03 -4.819740776347174688e+03
-4.014208203788105948e+03 -3.808888738080455369e+03 -4.514256287332019383e+03
-6.079085889090451928e+02 -2.644701833525045458e+03 -4.889888498318995516e+03
-2.263227512290286541e+03 -2.011478239422007391e+03 -4.904908917331904377e+03
-1.948109017822129772e+03 -2.778298932673578292e+03 -4.872906688626521827e+03
-1.467657725517363133e+03 -2.723869398709151483e+03 -4.886353728654278711e+03
-2.141101587627184927e+03 -2.655893941607888337e+03 -4.744075734333399851e+03
-2.342706210116628426e+03 -2.154389101369101809e+03 -4.871117668240874082e+03
-2.190553677969586261e+03 -2.591994401276008830e+03 -4.964823398521924901e+03
-1.802201395887802846e+03 -3.512578679678073058e+03 -4.863221727341212500e+03
-2.166510396920687981e+03 -1.938342037066146986e+03 -4.958362997729716881e+03
-1.928285331468765435e+03 -2.994572246578201884e+03 -4.772144185221144653e+03
-2.283414109142025609e+03 -2.593000445645260697e+03 -4.774739763088647123e+03
8.361470425952036294e+02 -1.078094517093531431e+04 -5.054911620533238420e+03
-1.392612515662633996e+03 -1.929852348756443462e+03 -4.772129324853587605e+03
-6.725536369385856688e+02 -2.256554589095480424e+03 -4.946902056204507971e+03
-4.731419043678460184e+03 -4.551191164679703434e+03 -4.399179454086931401e+03
-2.547249681708932258e+03 -2.080509024050460539e+03 -4.775947679282546233e+03
-2.124911857011436496e+03 -2.901835910099790908e+03 -4.897942174928500208e+03
-7.581426700979159250e+02 -2.950990522454265374e+03 -4.836831088368819110e+03
-2.287599036900738156e+03 -2.514737630644412093e+03 -4.865183446173180528e+03
9.477887458298732781e+01 -2.795416458903058810e+03 -4.793098899836433702e+03
-1.856039088657703587e+03 -2.976590432183940266e+03 -4.829860740738761706e+03
-1.909303210065981148e+03 -3.067833455374424375e+03 -4.786025633376248152e+03
-1.458311565921587771e+03 -4.468487557172418747e+03 -4.820484222551180210e+03
-1.085887791901333003e+03 -3.435799828345384412e+03 -4.860835151585254607e+03
-7.297759806211477098e+02 -2.940568689521338456e+03 -4.927513790514796710e+03
-4.937238092549280736e+03 -5.296355658257853065e+03 -4.515660773917777988e+03
-3.988415255311697365e+03 -3.821045338613761032e+03 -4.645916426102298828e+03
-1.774800951402444980e+03 -3.902076417908264375e+03 -4.821421347018839697e+03
-3.579631506302930575e+02 -2.899134615299989036e+03 -4.897968868047405522e+03
-1.281763109651314153e+03 -2.009165902887848233e+03 -4.893094290773189641e+03
-1.911306380309606084e+03 -2.283257091298654814e+03 -4.908361707058666070e+03
-7.584941199509005401e+02 -3.519648761785223542e+03 -4.875069765568209732e+03
-2.136328629583940256e+03 -2.804871202537516183e+03 -4.880804542773977118e+03
-2.364777486554082770e+03 -2.704861553812142574e+03 -4.854960246765518605e+03
1.111786776649398780e+04 -1.034005352938251235e+04 -4.975583229939637931e+03
-2.263369024241041188e+03 -2.727320380124147505e+03 -4.874443834785778563e+03
-3.586293585712227468e+03 -3.259972538816887663e+03 -4.573530778570047914e+03
-2.387024528788097996e+03 -2.294154549277930073e+03 -4.916678908234852315e+03
-2.267255904309924063e+03 -2.618524185038485484e+03 -4.715904908347879427e+03
-1.999260449309713749e+03 -2.772393009399157108e+03 -4.908044405670061678e+03
-2.243992986791067779e+03 -2.989565125393418384e+03 -4.858433689132489235e+03
-4.429124412777428006e+03 -4.407337646460156975e+03 -4.389195238240587059e+03
-2.234782855365303476e+03 -2.742642115857534918e+03 -4.768386871832532051e+03
-2.339908555397064447e+03 -2.567197388336925542e+03 -4.791243492602549850e+03
-1.062045461257859415e+03 -3.572104780133482109e+03 -4.834112400567737495e+03
-4.282032284003645145e+03 -4.024286815336289237e+03 -4.553956204413615524e+03
-2.230948352937528398e+03 -2.875076088127869298e+03 -4.805807997343653369e+03
-2.375014008469769578e+03 -2.542423894232013026e+03 -4.716799667759868498e+03
-1.713146121985283344e+03 -3.425845589400655626e+03 -4.853786948230162125e+03
-4.326767680345438748e+03 -6.102865580089149262e+03 -4.418640377597775114e+03
-2.150827741449777932e+03 -3.372986301454129716e+03 -4.838774873367134205e+03
-2.019162930196954221e+03 -2.828789956776595773e+03 -4.902309924890481852e+03
-4.429922882522552754e+03 -4.583750428721414210e+03 -4.462151809208153281e+03
-2.402248199252065206e+03 -3.515774051457568930e+03 -4.843918939540755673e+03
-2.438483253856871670e+03 -2.412859938879309993e+03 -4.732636761633481910e+03
-1.906193534033579908e+03 -2.716145875659793091e+03 -4.936213443722678676e+03
-1.910295332096077800e+03 -2.990157985061074214e+03 -4.775209174050039110e+03
-2.338196533597781126e+03 -2.406606118130241612e+03 -4.820777181579596800e+03
-7.386486800354491606e+02 -3.536809086661535275e+03 -4.845367796715631812e+03
-1.145221989755095819e+02 -2.559728665669841121e+03 -4.899188741455031959e+03
-1.349611886607700171e+03 -3.308573351143530090e+03 -4.849966333474908424e+03
-1.093103147506095411e+03 -3.809909036566487885e+03 -4.819358308815860255e+03
-2.444884149986371995e+03 -2.605319218274671584e+03 -4.763997443205293166e+03
-3.097719187825246991e+03 -2.763257960694662870e+03 -4.695592818211057420e+03
-1.248328185076970158e+03 -2.974765108229411908e+03 -4.873797227716648194e+03
-2.317566954872175302e+03 -2.704207444579405546e+03 -4.834216862086273977e+03
-4.408696834579085589e+03 -3.815817598359287331e+03 -4.674401048118649669e+03
-2.237288127649464968e+03 -2.669702018092636081e+03 -4.721176008894402912e+03
-2.229666712873272445e+03 -1.822444575694778905e+03 -4.790043572443176345e+03
-1.810698735679460015e+03 -2.917391691599922069e+03 -4.860537569742326923e+03
-1.048322709645813347e+03 -1.922095745265904043e+03 -4.815213443254781851e+03
-1.838143463489260284e+03 -3.006152072618568127e+03 -4.813912581657629744e+03
-1.706560410173419541e+03 -2.815734100255808698e+03 -4.823414578013483151e+03
-1.785233153138023681e+03 -9.319311601249004525e+03 -4.567868382492219098e+03
2.456950161588338233e+01 -3.300088674812557201e+03 -4.929828732131375546e+03
-4.349286246262839086e+03 -6.586490219256331329e+03 -4.304191184517149850e+03
-2.481962206200772926e+03 -2.245218922255266079e+03 -4.826294123732998742e+03
-2.775416220257242458e+03 -2.772374842844634259e+03 -4.736485822776841815e+03
-4.168876738334614856e+03 -4.169076230971853875e+03 -4.398528768564839993e+03
-2.317247299283478696e+03 -2.523166738911672837e+03 -4.777181866599720706e+03
-1.004579383423717900e+02 -3.390576544605229174e+03 -4.748994375742426200e+03
-1.118789589989189835e+03 -2.768373746481124726e+03 -4.838202988536753764e+03
-1.328852903304547226e+03 -3.270452817586736273e+03 -4.850015939277802318e+03
-2.299212167494315963e+03 -2.211794298637117208e+03 -4.949959481598771163e+03
-1.796174966464964655e+03 -2.281146916545750628e+03 -4.801505030549859839e+03
-1.845638600542955601e+03 -3.161883876206757122e+03 -4.903373320123168014e+03
-1.860214091611636604e+03 -2.170045434787199611e+03 -4.860099806351677216e+03
-3.761362112152266036e+03 -3.307806588450488107e+03 -4.637156598896297510e+03
-2.578618830703846925e+03 -2.337100390954576142e+03 -4.800258838221567203e+03
-4.324118995282918149e+03 -4.566404768702385809e+03 -4.562612355964806738e+03
-2.353679687520080734e+03 -2.789078788776898364e+03 -4.916497318023244588e+03
-1.212895778022475952e+03 -2.183464353635488351e+03 -4.854822212446631966e+03
-2.006366585583122287e+03 -2.848593646887189607e+03 -4.875648937247773574e+03
-7.573680324867402760e+02 -2.616618410629698701e+03 -4.839536879214205328e+03
2.120395103323312469e+01 -2.304178097648738458e+03 -4.992291513353722621e+03
-2.328025617104397043e+03 -2.376209637679501157e+03 -4.886621191417144473e+03
-2.046883848287365026e+03 -2.662776550919263173e+03 -4.856894517962792634e+03
-1.388993841033882291e+03 -2.766705743025820539e+03 -4.892277882351330845e+03
-9.352087984628076356e+02 -1.362203976479394214e+03 -4.915242160303462697e+03
-1.816769981428642723e+03 -4.234873273576824431e+03 -4.757113956554187098e+03
-9.217652341380029384e+02 -9.994373848070895292e+02 -4.940303430206350640e+03
-2.195383360444297068e+03 -2.596063940681053282e+03 -4.932060436490238317e+03
-9.472285018212338628e+02 -1.455609993775821522e+03 -4.910105384809576208e+03
-1.000874414893261701e+03 -1.360132816429583045e+03 -4.908473326982228173e+03
-2.057638920107236572e+03 -2.753560796249982559e+03 -4.890157345156094379e+03
-1.891513341267390388e+03 -2.464700476072372567e+03 -4.774619394678727986e+03
-1.555248448839065986e+03 -2.314249181213704105e+03 -4.793026705750400652e+03
-1.518607407450176424e+03 -2.827325117478101220e+03 -4.914205883910543889e+03
-1.635377715995872222e+03 -2.938206942178661848e+03 -4.875795850755758693e+03
-1.577364792451837275e+03 -2.585947360595774626e+03 -4.860957700301543809e+03
-1.812437801156077057e+03 -2.600612300128251718e+03 -4.803502983926871821e+03
6.937606774034625232e+03 -2.377244883953709177e+03 -5.283007831512274606e+03
-2.348055343678799090e+03 -2.364712145962839259e+03 -4.710558836972762947e+03
-2.010396331913616450e+03 -5.515443185967822046e+02 -4.917508882579720193e+03
-1.135776762442018025e+03 -5.418545432659009748e+03 -4.803018052495069242e+03
-2.458141097785749480e+03 -2.334676290115159645e+03 -4.934326237301867877e+03
-1.487248791967615489e+03 -2.241885920006126980e+03 -4.814206619729629892e+03
-1.174524117737901634e+03 -1.542470773102095109e+03 -4.918059077167549731e+03
-2.099630773194006906e+03 -2.499067723211942393e+03 -4.885099129325462854e+03
-1.578152662602629789e+03 -1.082840536378223760e+03 -4.897492641210111287e+03
-1.537995681600076523e+03 -1.775141090957386496e+03 -4.949337827273639050e+03
-1.804916783721985894e+03 -2.317051877016242543e+03 -4.953416933705791962e+03
-1.456375830611305673e+03 -1.951476275275102125e+03 -4.932318078552661063e+03
-1.137839677296343325e+03 -7.910997956892333605e+01 -4.907511914365282792e+03
-1.548026793436566777e+03 -1.573159477469873764e+03 -4.912312549314179705e+03
-1.139040071848510706e+03 -5.140354203648462317e+03 -4.801668064544763183e+03
-1.160519428987160836e+03 -5.848478770119170804e+03 -4.630773819109734177e+03
-1.177536144530995898e+03 -2.031673640795923575e+03 -4.878393493369442695e+03
-1.203631909660530482e+03 -1.238567034042305067e+03 -4.903206603716106656e+03
-2.398449565312777850e+03 -3.549820793148935991e+03 -4.662441214078980920e+03
-1.362495225295219825e+03 -7.255025208783840753e+02 -4.919581472708313413e+03
-8.392990686619372127e+02 -1.568998499259538676e+03 -4.920901434997377692e+03
-1.833746738305218969e+03 -2.717820359418752105e+03 -4.902207652352983132e+03
-1.940403836484135809e+03 -2.359773348003846877e+03 -4.911236037275982198e+03
1.029506783017801354e+04 7.984861075885512946e+03 -5.362167331171113801e+03
-1.946655142141705028e+03 -2.567790842459604391e+03 -4.714268291611577297e+03
-1.532595340610441099e+03 -4.612400523716231874e+03 -4.705345922177056309e+03
-2.249581608834108920e+03 -2.546821323796079014e+03 -4.958734244281395149e+03
-2.290338788575050785e+03 -2.075317105738934060e+03 -4.933675610981502359e+03
-1.595011831416328278e+03 -2.857533263530509430e+03 -4.892195521396937693e+03
-2.110771363369391111e+03 -2.626643851952372188e+03 -4.951689820009796676e+03
-7.542697487144989736e+02 -5.184258127803192110e+03 -4.764045337066761022e+03
-2.014902052670082867e+03 -2.481663204216931717e+03 -4.944756091390330766e+03
-1.959975914691870003e+03 -2.919688634200170782e+03 -4.851919667668912552e+03
-1.354204207491307443e+03 -1.627891682717217918e+03 -4.853708223243018438e+03
-9.397901641049447790e+02 -5.174456232945136435e+03 -4.743783592859448618e+03
-2.217486066019861028e+03 -2.573513803123305934e+03 -4.874349531125366411e+03
-2.447709244203090748e+03 -2.260725824745291902e+03 -4.961674713103470822e+03
-1.405802395359330831e+03 -2.178740864287375189e+03 -4.806235090391523954e+03
9.717592525422480776e+02 -5.441193330889318531e+03 -4.832492045478449654e+03
-1.532139183839041834e+03 -2.201474292320573113e+03 -4.807141533218489712e+03
-6.232820306701332811e+02 -1.272382862513137752e+03 -4.937481769648047703e+03
-9.367379211116091255e+02 -5.109855672317082281e+03 -4.844169287390051977e+03
-2.039414580085348916e+03 -2.471081953663713193e+03 -4.831794003735099977e+03
-2.222701904901494345e+03 -2.565394558594937280e+03 -4.849964053787884950e+03
-7.803638629580364068e+02 -1.300402770946417604e+03 -4.912676490479393578e+03
-1.203621288975468133e+03 -2.336098672477254240e+03 -4.864629262920983820e+03
-2.390247513682065346e+03 -2.431165694692772831e+03 -4.776092957584577562e+03
-1.598349124591323971e+03 -2.170723450005297764e+03 -4.957686809981307306e+03
-1.505852470303475911e+03 -1.355962788218686455e+03 -4.946661191022048115e+03
-1.387050757041155748e+03 -1.991153986736423121e+03 -4.941869975392353808e+03
-1.192741293598060338e+03 -1.438646367650285583e+03 -4.918700557451213172e+03
-2.128179235837504166e+03 -2.824282270336070724e+03 -4.717638675450521077e+03
-2.132383836970825996e+03 -3.361051469251995968e+03 -4.719299869830457283e+03
-1.348060613046015760e+03 -1.321137698102233117e+03 -4.903580398023136695e+03
-2.101632307616564503e+03 -2.661453723204283961e+03 -4.833646067509399472e+03
-1.253043699942253625e+03 -4.887402001229573216e+03 -4.811887345689031463e+03
-1.848422629955947514e+03 -2.386664274965350614e+03 -4.830174533290676663e+03
-2.008827531134984383e+03 -2.635952090615507586e+03 -4.707621754587749820e+03
-3.210312604691330307e+02 -1.410355166859593055e+03 -4.858368101462675440e+03
-2.306463282015562527e+03 -2.177076130096169436e+03 -4.788527486945778037e+03
-1.610579805893652974e+03 -2.048406754013226418e+03 -4.967616016944481999e+03
-1.751611582068116604e+03 -1.635587782166870056e+03 -4.915366702878105571e+03
5.649187503058486072e+03 -3.362655461361500784e+03 -5.000435839421399578e+03
-4.715047264895894159e+02 -6.453188677636323973e+02 -4.933541547918258402e+03
1.425609904106840986e+03 -5.823178077540315826e+03 -5.102602384086439088e+03
-2.386175889581744741e+03 -1.584086395405324083e+03 -4.867618529911368569e+03
-1.753680895400874761e+03 -2.306910570012857988e+03 -4.778970596625282269e+03
-1.163574823952295219e+03 -5.167836300218053111e+03 -4.844766793984617834e+03
-1.949979633502650813e+03 -2.693234410084487536e+03 -4.748619197644335145e+03
-4.356118480947499165e+02 -9.433383618025828810e+02 -4.895593560316607181e+03
-1.063560960549595166e+03 -1.938160864348595851e+03 -4.902628772030609980e+03
-3.771714327009863155e+01 -9.193724621340260228e+02 -4.925027777586279626e+03
-1.941323325584289705e+03 -2.523329938594884425e+03 -4.898961147241177969e+03
-1.485810366005114247e+03 4.956557261869727427e+01 -4.850232752114490722e+03
-9.148173244651383129e+02 -1.689758630752139197e+03 -4.903213447537430511e+03
-1.734437750418313044e+03 -9.147062291368947626e+02 -4.834714531810423978e+03
-1.525511148156335366e+03 -5.275824157383474812e+03 -4.784809902187963417e+03
-2.157823844470205131e+03 -9.409124375066789980e+02 -4.810987179200877108e+03
-1.338812680103837920e+02 -5.454300656382005400e+03 -4.970181825488347386e+03
-2.137386282491939255e+03 -2.497382108918028280e+03 -4.963652558817948375e+03
-1.120423818480863474e+03 -2.024336840260273220e+02 -4.842236669629802236e+03
-1.714158836340416883e+03 -2.183364304394684495e+03 -4.862827520708159682e+03
-8.016344687999998087e+02 -2.419194447839221311e+02 -4.908975052288119514e+03
-1.502012973790798696e+03 2.203898502067968366e+02 -4.840507154343778893e+03
-1.991673888934407842e+03 -2.729323837808897224e+03 -4.808330374911053696e+03
-1.783472888018297908e+03 -2.208540530462773404e+03 -4.785792444526190593e+03
-1.817227143156211014e+03 -1.964693286475703644e+03 -4.843762480046028031e+03
-2.319304228154539942e+03 -1.680043616639776474e+03 -4.947623196859271047e+03
9.705063284661626994e+02 -1.919261796378760209e+03 -5.044794070207132791e+03
-3.870856111468235213e+03 -8.276098910399214219e+02 -4.944542910566998216e+03
-1.815521293239893794e+03 -2.215271336924176012e+03 -4.938390873095011557e+03
-2.244571038252317521e+03 -1.577132068938623661e+03 -4.885833497179658480e+03
-2.677439171862752119e+03 -1.058267605149182145e+03 -4.879423282565712725e+03
-1.829644517602355336e+03 -2.199560058241959723e+03 -4.929154455015784151e+03
-1.723989592800779747e+03 -1.693733510629032935e+03 -4.789997883167947293e+03
-1.956035500905320760e+03 -1.854154853337418899e+03 -4.892897972232019129e+03
-1.642090125405236449e+03 -1.609270438777298295e+03 -4.966006578358208571e+03
-1.723890316136215233e+03 -1.840331117795990167e+03 -4.948132062097940434e+03
-1.789162864185244416e+03 -2.137958378207531496e+03 -4.898371459330007383e+03
-1.834619127240529906e+03 -2.276813160073546442e+03 -4.890078772163130452e+03
9.998283247884525053e+02 6.620139290068836999e+03 -5.152752828991689057e+03
-2.674554632881027828e+03 -2.139152564238496325e+03 -4.859897463581590273e+03
-2.918385458668862611e+03 -2.019734636964508127e+03 -4.923646906556019530e+03
8.182801665271475713e+02 -1.739417520956266571e+03 -5.081450616784968588e+03
-1.808476462306249232e+03 -2.255170443103806974e+03 -4.988137608041743079e+03
-2.215119290930763327e+03 -3.831063715767006670e+02 -4.937057430712879068e+03
-3.034517222964777375e+03 -3.312717878829266738e+02 -4.871672810395541092e+03
-1.622765028226410095e+03 -2.128259689012859781e+03 -4.803747641441372252e+03
-3.784201356443384157e+03 -9.570274015248512569e+02 -4.852925612921862921e+03
-2.664824961103618989e+03 -5.389412837009342638e+02 -4.906935307427675070e+03
-1.909949333301819252e+03 -1.605108704278490904e+03 -4.869423374922432231e+03
-2.073218377048367529e+03 -1.615537218032171950e+03 -4.952509745910985657e+03
-2.510480084623412495e+03 -1.468154814764139019e+03 -4.913794462826283961e+03
-3.383951888209654953e+03 -9.941810668229979910e+02 -4.899617845953031065e+03
1.198101915106241904e+03 -1.210163897776117665e+03 -5.016681418785541609e+03
6.219518656139723589e+01 -2.210753254518745507e+03 -4.988194131192545683e+03
-1.955524078402885152e+03 -1.531498103942064972e+03 -4.941102020401490336e+03
-3.502193999171252472e+03 -1.703842312134095209e+03 -4.830399134629440596e+03
-1.634882930848866636e+03 -2.535800560094260618e+03 -4.946470475589735543e+03
-3.341387812333187412e+03 -1.549755445975592465e+03 -4.830632191410174528e+03
-2.240814919590811769e+03 -1.598884659745571980e+03 -4.913749049978441690e+03
-1.446275249231813405e+03 -1.701489785939496414e+03 -4.956405281068592558e+03
-2.116544523810212922e+03 -2.541488114985962966e+03 -4.969887711672106889e+03
-7.712047722719382364e+03 1.199473826998504228e+04 -5.175271177461177103e+03
-2.070432423053135608e+03 -2.503697191406991806e+03 -4.964121323044198107e+03
6.605089231345607459e+01 -2.137489348682778200e+03 -4.989647951650379582e+03
-2.505606484638234633e+03 -2.430112157777827179e+03 -4.893533273476692557e+03
-1.754256951538353860e+03 -2.275607432524721389e+03 -4.721147588021368392e+03
-1.732887731680398019e+03 -2.035957179234023215e+03 -4.755035763118115938e+03
-1.530001228422907161e+03 -1.648157292410562150e+03 -4.848987139794960058e+03
1.735538623670397101e+03 -1.307149557552704209e+03 -5.091679844900128046e+03
-2.008968875276669223e+03 -1.889758492321779840e+03 -4.813600835360211022e+03
-1.819027094648696675e+03 -2.232120733677788849e+03 -4.989683767437893039e+03
-2.604665530353023314e+03 -1.299421697924123464e+03 -4.879343677027513877e+03
8.094947493853617289e+02 -1.255916116133044170e+03 -4.965327500964822320e+03
-1.422850927992002198e+03 -2.157722067209901070e+03 -4.831381407185016542e+03
-1.817209825814354645e+03 -1.781201532354624987e+03 -4.764661221490769094e+03
-1.865503634367211362e+03 -1.881463256607393987e+03 -4.935187727437089052e+03
2.118390925352143313e+03 6.841895368084715301e+01 -4.989987290181748904e+03
-1.792032776162699065e+03 -1.028839689998234007e+03 -4.921787056779287013e+03
-2.092781594952613432e+03 -1.410046917477705165e+03 -4.932399986551060465e+03
4.235007380985031205e+02 -1.738723711898143165e+03 -5.073114015283538720e+03
-1.761879718781528027e+03 -1.987753953262717232e+03 -4.985180882310433844e+03
-1.920922869828612875e+03 -2.350460654071655426e+03 -4.908424949748292420e+03
-1.818529578717831555e+03 -1.536279131830347296e+03 -4.847520072390060704e+03
-1.958638530110771853e+03 -1.879884333449701671e+03 -4.918206647277494085e+03
-1.935430294606054531e+03 -2.609951738537629353e+03 -4.748975742699495640e+03
-3.251011691774966948e+03 -3.711608625183943104e+02 -4.953460865251532596e+03
-2.647944730477761368e+03 -1.294321376663361889e+03 -4.898514217947338693e+03
-2.046405933715727315e+03 -1.746690497565264877e+03 -4.886866218251579994e+03
-2.851028960830216420e+03 -9.939736324480594476e+02 -4.876096934899527696e+03
-1.891358903863449996e+03 -2.455811323682706188e+03 -4.981622396483578996e+03
-2.469996068510925397e+03 -2.385241717432125824e+03 -4.947983076414155221e+03
-2.145063965638083573e+03 -4.990450779853666177e+02 -4.875568370914608749e+03
-2.018363051112538187e+03 -2.517580095074088604e+03 -4.848826614302683083e+03
4.720995367203227033e+02 -2.322511097595103820e+03 -5.009987491141556347e+03
-2.167859749692569949e+03 -9.833715137149182510e+02 -4.907312725585364205e+03
-2.051813203322331901e+03 -2.583924162386868829e+03 -4.780642864573293082e+03
-2.040961017464764154e+03 -1.495890507687807940e+03 -4.907483566869347669e+03
-1.903209640612396015e+03 -2.550672814005579312e+03 -4.924582157673605252e+03
-2.349453242877345474e+03 -1.263595799193955145e+03 -4.841634211971711011e+03
-2.853872901313725833e+03 -8.750520594190435304e+02 -4.878036547981284457e+03
1.805418134587514487e+03 5.725604016294240864e+03 -4.987848768537654905e+03
-3.654756640490529662e+03 -1.009117206772136569e+03 -4.820781127412640672e+03
1.712908798445705315e+03 -4.100387658316024044e+02 -5.110877315157536032e+03
-4.284344528709385486e+03 -1.387247200226709765e+03 -4.919105055928710499e+03
-1.840553666651412868e+03 -2.377771126838080818e+03 -4.788055500013570963e+03
6.415646117378802273e+02 -1.521422199156609850e+03 -4.940875901237226572e+03
-1.886791329369344794e+03 -2.280896826270642578e+03 -4.985890757228245093e+03
-3.714307500935967255e+03 -6.208078463886967029e+02 -4.815467171753010916e+03
-2.988669303479854079e+03 -7.828943129862168462e+02 -4.867099640925660424e+03
-2.057068874123105161e+03 -1.653480611930509667e+03 -4.899984853052856124e+03
-1.804718109208010446e+03 -2.235396143243990082e+03 -4.817074032519285538e+03
-3.621302210956589533e+03 -1.055303188730462352e+03 -4.785807099995504359e+03
-1.985474265058969650e+03 -1.546848368462294047e+03 -4.868733446540910336e+03
-3.393072503548590248e+03 -1.762325468667487030e+03 -4.858436036901280204e+03
-6.789526673413820390e+02 -2.347021067218438020e+03 -4.974174986799276667e+03
-3.541340805301558248e+03 -1.965206717180617943e+03 -4.813679101499139506e+03
1.357897895865469536e+03 -1.440357046565496830e+03 -4.911831536779873204e+03
-1.462219399573502642e+03 -2.113199284113840349e+03 -4.813365056766152520e+03
-3.685456010601538310e+03 -1.079812711999187968e+03 -4.772378480645360469e+03
-1.761315196781656823e+03 -1.948781717416660968e+03 -4.961915805894902405e+03
-4.076583918460228688e+03 -7.308639834741164805e+02 -4.872934983593116158e+03
-4.023291608936986449e+03 -7.634865416280756563e+02 -4.790040010598921072e+03
-1.786970567378020178e+03 -2.329956192128488965e+03 -4.814789719972876810e+03
-5.380688253188382987e+03 -6.102694578045519847e+03 -7.988104984045432957e+02
-4.140221259557572921e+03 -5.592852739208540697e+03 -1.914334783197268735e+02
-3.959193041822370105e+03 -5.821194509802216089e+03 -5.100069638416097746e+02
-4.171206646506330799e+03 -5.777776987009913682e+03 -8.451747309159941324e+01
-4.085228313345794959e+03 -5.700899451970995869e+03 -3.455920488089184914e+02
-5.500442665312934878e+03 -5.666392804680890549e+03 -3.143790803475377515e+02
-5.439177707576466673e+03 -5.700781540221220894e+03 -3.388295778796172044e+02
-3.656443196600353076e+03 -4.119996701407480032e+03 2.189790132100084975e+03
-4.401970679438871230e+03 -5.725573166921684788e+03 -3.823025997639079492e+02
-6.006824497701387372e+03 -6.101705586406067596e+03 -8.972830893903388869e+02
-4.126860697166215687e+03 -5.625333476026741664e+03 -2.887448165928324215e+02
-1.124748669955168589e+04 -1.880557645264686926e+03 4.879295221101619063e+03
-4.140143248564462738e+03 -5.785126905463176627e+03 -2.754851447173029442e+02
-4.016399974463198305e+03 -5.731184974885140946e+03 -4.661190959660821136e+02
-2.879264892851092100e+03 -5.062612905841639076e+03 9.382387070587229800e+02
-5.043926008251772146e+03 -5.967557012422481421e+03 -5.541412919342864143e+02
-4.700069996503317270e+03 -5.857088575562989718e+03 -4.440216299896246710e+01
-4.236079311434747069e+03 -5.767261954543242609e+03 -3.732216152564873823e+01
-4.090256575577288459e+03 -5.711407956088224637e+03 -2.826168681494154953e+02
-5.344234121974166555e+03 -5.560585322848041869e+03 -1.860063662756506346e+02
-5.424255090303775432e+03 -5.185483268042915370e+03 1.758192757356358129e+02
-5.297560665731455629e+03 -5.792122433505508525e+03 -4.152073160257219229e+02
-3.849563878099018439e+03 -4.180518576362985186e+03 2.085810351126232490e+03
-5.520204871074359289e+03 -6.323263539164527174e+03 -1.026343629210856079e+03
-5.142224889081722722e+03 -5.587616613185805363e+03 -1.477021685950465724e+02
-4.319123520601670862e+03 -5.642936996690473279e+03 -4.675998332749674091e+01
-6.297021687741160349e+03 -2.738367146317402785e+03 4.004790215982364771e+03
-5.573735719360172880e+03 -6.126073395374752181e+03 -9.631202045273233807e+02
-4.837796202724630348e+03 -5.577144989096483187e+03 -1.414256531834487021e+02
-4.121676816605405293e+03 -5.730969967410990648e+03 -2.322741037520520706e+02
-4.436121670231488679e+03 -5.479001952098475158e+03 1.240560215786494496e+02
-6.642917991691782845e+03 -2.190022376405111117e+03 4.627430401188913493e+03
-4.860398869387041486e+03 -5.661426035250621680e+03 -1.410321762683629458e+02
-4.140418411370840658e+03 -5.800900017213044521e+03 -1.009398004753705322e+02
-4.444822691252618824e+03 -6.010816358380767269e+03 -4.616689005911455297e+02
-4.571834344477536433e+03 -5.936288030102520679e+03 -3.776663880316057202e+02
-4.211214475552808835e+03 -5.758828695474928281e+03 -1.232150739871556198e+02
-5.784013568151543950e+03 -5.649497810703814139e+03 -4.553490646633169376e+02
-3.589403231616513040e+03 -5.355385984893192472e+03 4.841429099039405628e+02
-4.302290052907873360e+03 -5.933786599392307835e+03 -3.935872215503986808e+02
-5.092555459167576373e+03 -6.098420732954443338e+03 -7.258843893518892401e+02
-5.000164533434378427e+03 -5.517039085078062271e+03 -1.280213896358576449e+02
-4.119261606118954660e+03 -5.648744626223467094e+03 -3.304140626876123292e+02
-5.282714008189983360e+03 -6.140225450055372676e+03 -9.630866806886498352e+02
-4.293720478769978399e+03 -5.733809478868695805e+03 -9.290893818825290396e+01
-4.094495914176869974e+03 -5.612378368743889041e+03 -5.510374520809062915e+01
-4.682773876828938228e+03 -6.324396897930470004e+03 -8.291559231313826785e+02
-3.373507169925453127e+03 -5.132670923127043352e+03 8.286632309790254567e+02
-4.190504216317813189e+03 -5.698362567500108526e+03 -1.756026037065320224e+02
-4.103088985977342418e+03 -5.723499622225542225e+03 -3.415564797989273984e+02
-3.512298181203714194e+03 -5.443526839166854188e+03 3.508920253654782755e+02
-4.250644831534344121e+03 -5.525614888625746062e+03 -1.804674170799205513e+01
-4.220015611376301422e+03 -5.726463899142067021e+03 -8.565628411757472804e+00
-4.942106416985237956e+03 -5.163489638731040941e+03 2.885317951711682554e+02
-3.169620912185378074e+03 -4.927105110627740942e+03 9.717774524012675101e+02
-4.143275433891270040e+03 -5.808252777575571599e+03 -2.720876920797694538e+02
-5.373932018289488042e+03 -5.862935629072817392e+03 -5.058588644854291942e+02
-4.033508315105786096e+03 -5.636539711777032608e+03 -3.110400908493570000e+02
-5.436440190034762963e+03 -6.276958306618267670e+03 -9.265228020660766788e+02
-6.110893665948216949e+03 -6.437313347747339321e+03 -1.100065905127360111e+03
-4.393085133354989921e+03 -5.040469129407028049e+03 4.042237644710132258e+02
-4.919873399422535840e+03 -5.208773595193804795e+03 2.437627144991496095e+02
-4.651310276195035840e+03 -5.501767322109697488e+03 -8.022659452272233693e+01
-4.564911368266548379e+03 -5.699146180871593970e+03 -1.271881767886680876e+02
-5.923267748847933035e+03 -6.058477625415667717e+03 -9.552038430612627735e+02
-4.438632445478572663e+03 -5.638538770706920332e+03 -1.503704797913387949e+02
-5.727585171904665913e+03 -2.582138380126856646e+03 4.003415111469883414e+03
-3.483788209902447306e+03 -4.218431057417074044e+03 1.827203247161778108e+03
-3.396133022724985949e+03 -4.859019333605261636e+03 1.112606504695569356e+03
-4.120792679155862061e+03 -5.662826624920958238e+03 -1.721911141295322523e-01
-4.865056849838451853e+03 -5.316563931187981325e+03 1.570158384579173969e+02
-4.404443842283633785e+03 -5.616939141115903112e+03 -2.322113229834426704e+02
-4.220089190536085880e+03 -5.715286085888405069e+03 -1.240906951981262978e+02
-4.836617728580860785e+03 -5.869856874656974469e+03 -3.578210560763008061e+02
-4.172344768455850499e+03 -5.622899013812138037e+03 -2.464014811192751040e+02
-4.148809454878624820e+03 -5.907741847608554963e+03 -2.096149156374878544e+02
-4.206093261350460125e+03 -5.463610811589946024e+03 2.988389858631433071e+01
-4.620516596612482317e+03 -5.489501440947710762e+03 -5.690220866556836654e+01
-4.140408576889802134e+03 -5.791656237210229847e+03 -9.285499442477879484e+01
-3.462001905479216020e+03 -4.381747637192813272e+03 1.665300598887439719e+03
-5.038267554972652761e+03 -5.583920636952596396e+03 -1.731732069507796439e+02
-5.114462775404767854e+03 -5.450903799385488128e+03 -3.272593423715761674e-01
-4.098488039513487820e+03 -5.779379310217700549e+03 -1.334509584872923256e+02
-5.000096231675623130e+03 -5.871161057088468624e+03 -4.456401155710250919e+02
-3.763638500511264738e+03 -3.703374441421679876e+03 2.660008910731851756e+03
-5.133084356779723748e+03 -5.645858136194322469e+03 -2.266579184921954777e+02
-4.069481876059360729e+03 -5.614257008394052718e+03 -2.107701326265320745e+02
-5.475190394215042033e+03 -5.747478852045253007e+03 -3.960415795653333362e+02
-6.455701827630741718e+03 -2.592389051659239158e+03 4.193450772297811454e+03
-5.417705092364131815e+03 -5.996644384627337786e+03 -6.607051588253141290e+02
-6.401059370287466663e+03 -5.978552278315321018e+03 -9.121632569832042918e+02
-4.763499628731128723e+03 -5.714295353590471677e+03 -2.010172226751853941e+02
-4.247076927225151849e+03 -5.774480838817769836e+03 -2.555270414123615410e+02
-1.050384629087573921e+04 -2.392397765117195377e+03 4.143229895944008604e+03
-4.044978033118389703e+03 -5.741120892235768224e+03 -2.755696498683813047e+02
-4.049785138404937243e+03 -5.706043447845640003e+03 -3.869368254853690132e+02
-9.384444970838452718e+03 -2.200292276162012513e+03 4.236673494036975171e+03
-5.195214000066044719e+03 -5.381649685529520866e+03 1.401140218922685676e+01
-5.776336994399329342e+03 -5.950113924754197797e+03 -6.607536516067585808e+02
-4.119444775594558450e+03 -5.756149659206114848e+03 -2.402373264283896219e+02
-4.264866136384986930e+03 -6.990474484554350056e+03 -1.834320239828946569e+03
-4.345269986724057162e+03 -7.042912579245297820e+03 -1.917920179086700045e+03
-4.077380010722010866e+03 -5.809720645090580547e+03 -3.227337886642447984e+02
-4.141200274924873156e+03 -5.757886180578186213e+03 -1.788120016899315772e+02
-4.220138548712565353e+03 -5.785462042989160182e+03 -8.089909135392764483e+01
-3.815045697016545546e+03 -6.603345418265454100e+03 -1.406951916367947206e+03
-4.580015260889549609e+03 -7.036345988207216578e+03 -1.995871125378577744e+03
-7.209000418806654125e+03 -5.440305231422052202e+03 1.031616247195115875e+03
-4.198039259357073206e+03 -5.767438492538457467e+03 -1.010947030866167609e+02
-3.732768340798632380e+03 -6.766478524786302842e+03 -1.539024840370647553e+03
-4.760213235813776919e+03 -5.733005691115215086e+03 -2.004573583641106325e+02
-1.212313364858639761e+04 -9.815919705089405397e+03 -2.864868955217350049e+03
-3.870835690577127934e+03 -5.978355943861683045e+03 -2.217688176103307001e+02
-4.280692652615221050e+03 -5.592372024470489123e+03 -2.093725494759766264e+02
-5.088296681503060427e+03 -5.125019498908069181e+03 9.589447798812295787e+02
-4.219696098797579907e+03 -6.500492063601839618e+03 -1.249726413120843290e+03
-4.799538016146519112e+03 -5.748106300457494399e+03 -3.845909048001473138e+02
-4.282478275434577881e+03 -5.799492166647645718e+03 -1.605992052059498860e+02
-4.717066914077941874e+03 -5.771900904510749569e+03 -2.162771720068475361e+02
-4.992765281436499208e+03 -6.427209810711006867e+03 -1.148810391821800295e+03
-4.430198362234574233e+03 -5.997481543235217941e+03 -3.915146520363929312e+02
-4.094220346400978542e+03 -7.121352759597630211e+03 -2.100479181270351091e+03
-6.766281936116489305e+03 -4.812475241976302641e+03 1.489511609656555947e+03
-3.737514073142763209e+03 -6.260955882454510174e+03 -9.237280549060168369e+02
-4.788775094342046032e+03 -6.949823143433328369e+03 -1.776841019353356387e+03
-4.205217184128943700e+03 -5.704535018306728489e+03 -1.471571377486927190e+02
-9.166264918829790986e+03 -6.366086650514815119e+03 1.386805679719124385e+02
-3.763170796340955803e+03 -6.578440944564836173e+03 -1.271139956436925104e+03
-4.564371811613402315e+03 -6.124522981123947829e+03 -8.219220478373641754e+02
-4.242892370097993989e+03 -5.612453229736609501e+03 -2.899435334612351198e+02
-4.249253077744637267e+03 -5.635696477499231150e+03 -2.318628484799328646e+02
-1.001406958867332833e+04 -6.615519908878384740e+03 1.355082736465606104e+02
-4.201220575582363381e+03 -6.445118003088446130e+03 -1.189645324030832626e+03
-4.270454442383354944e+03 -5.739006584226818632e+03 -6.794714720155695886e+00
-3.293744960458119294e+03 -6.608542970493679604e+03 -1.385041255428884824e+03
-3.760987805642193052e+03 -6.475894543570291717e+03 -1.087281462636795368e+03
-4.292074008633411722e+03 -5.808597224556925539e+03 -7.337687485143740673e+01
-4.231775305664761618e+03 -6.157782983485028126e+03 -7.819211020122625087e+02
-3.446452722116575842e+03 -6.439439706175574429e+03 -1.126670692685253016e+03
-3.203395960770786132e+03 -6.963423770396307191e+03 -1.792004704714313675e+03
-3.559056539701676684e+03 -6.764701282963375888e+03 -1.626117532147179645e+03
-4.774789885239073556e+03 -5.838239286312569675e+03 -4.447231779583122488e+02
-4.045896122612896761e+03 -5.549464606939159239e+03 -2.016666126115811721e+02
-3.433031861970949194e+03 -6.593450266416782142e+03 -1.448832918777381110e+03
-4.260742663045078189e+03 -5.798242036227815333e+03 -1.702758403805711396e+01
-4.078030067011514348e+03 -5.702532244050627014e+03 -1.882758351129820653e+02
-3.442656823736311708e+03 -6.318667119855828787e+03 -1.030789476451593828e+03
-4.510166000346051987e+03 -5.395329878275856572e+03 5.318538375656212338e+02
-4.176165343333612327e+03 -5.712831684498031791e+03 -1.035548647955371280e+02
-4.192766981267310257e+03 -5.716800509523997789e+03 3.402700899823099689e+01
-5.564751921596151988e+03 -4.928597827811320712e+03 1.111628734635696219e+03
-4.125547432740878321e+03 -5.557738274094466760e+03 -2.553215526860610680e+02
-4.375975522279431061e+03 -5.757146715960525398e+03 -1.753463033771740243e+02
-4.478131321585165097e+03 -5.791744360346757276e+03 -3.761719804546065120e+02
-4.212925780183581082e+03 -5.630989242189994911e+03 8.774357801317250960e+01
-4.228924362499760718e+03 -5.679377365688655118e+03 -1.493372714050499326e+02
-4.274781591517495144e+03 -6.400046133318873217e+03 -1.096506157511338643e+03
-4.226687125629619914e+03 -5.581132651509704374e+03 -2.506993767394583301e+02
-3.640650633372848461e+03 -7.098142191660301251e+03 -2.047908722529682791e+03
-3.636906254234167136e+03 -6.902683185215926642e+03 -1.788328016277281222e+03
-4.999015335977690484e+03 -5.739016318239719112e+03 -2.919587770622192693e+02
-4.635919185242138155e+03 -5.930653550506569445e+03 -3.814683179542290645e+02
-4.306757192531773399e+03 -5.686796632503009278e+03 -3.249706848571568116e+02
-4.548390920592650218e+03 -5.827676380876163421e+03 -2.552558893922826826e+02
-3.650076880434216037e+03 -6.978635978500852616e+03 -1.826325224034374060e+03
-4.359682428931846516e+03 -5.914290569225028776e+03 -2.408994837922373335e+02
-9.905157969296369629e+03 -6.183600775168417385e+03 3.681621012392063221e+02
-6.139162622352094331e+03 -5.155059621869917464e+03 9.436123826473451572e+02
-5.274725825180708853e+03 -5.116439249769429807e+03 9.969607954486095878e+02
-4.154867364632071258e+03 -5.635938320949126137e+03 -2.165826415784611925e+02
-4.174291243637713706e+03 -5.623311976298052286e+03 -1.316218635707694489e+02
-4.363085453044988753e+03 -5.775517665154740826e+03 -2.513346547268119480e+02
-4.972350529819672374e+03 -6.492750430391434747e+03 -1.234656565320648497e+03
-5.168857558700366098e+03 -6.957408859003886391e+03 -1.870379005646369933e+03
-4.205687703541027986e+03 -5.731491442124395689e+03 -8.491932785443037801e+01
-4.211728350122937627e+03 -5.809383656143580083e+03 -6.396480420797917077e+01
-4.146461821709216565e+03 -5.725764941048084438e+03 -1.206636374905251330e+02
-4.807484688817677124e+03 -6.303906030701395139e+03 -9.559188332492568634e+02
-4.045053305290718072e+03 -5.610718495409546449e+03 -2.618469712286151889e+02
-5.774914983244782889e+03 -4.917181493010303711e+03 1.181925970700644939e+03
-4.057275061476796509e+03 -6.300721688069760603e+03 -1.048417669660705087e+03
-4.138186081702678166e+03 -5.544455143568075982e+03 -1.788208305776792599e+02
-4.308775404064727809e+03 -5.745394592440134147e+03 -2.998905564967110422e+02
-4.474283918250442184e+03 -6.106285840830271809e+03 -7.926363989951114490e+02
-6.893327795956327464e+03 -5.187726117582143161e+03 9.956384030816534505e+02
-4.416533467840470621e+03 -6.430137016908935038e+03 -1.137066979138901388e+03
-4.262982263264271751e+03 -5.866378053558766624e+03 -2.296529182045103710e+02
-4.605276037008037747e+03 -6.409284454405414181e+03 -1.117976790756070613e+03
-1.004784965344401098e+04 -6.575112058714095838e+03 -2.176871755092592764e+02
-4.807427956369145249e+03 -7.020469338781103033e+03 -1.883755246045135209e+03
-3.891041481429097075e+03 -6.695596804896761569e+03 -1.476624314440894068e+03
-4.885270447688551940e+03 -6.252780249394520069e+03 -9.095414879183501853e+02
-4.207100868413976059e+03 -5.700098332304962241e+03 8.778401634257454589e+01
-1.177511585656557872e+04 -9.577440951445252722e+03 -2.981276524427784807e+03
-4.074665813328893364e+03 -5.551457931146527699e+03 -1.152108534355220968e+02
-4.212505962293416815e+03 -5.618479284075804571e+03 -2.514983220107788497e+02
-1.118295860218437883e+04 -8.672331916371931584e+03 -1.752383233471105768e+03
-4.309079501511592753e+03 -5.810494489254697328e+03 -1.677480859834451223e+02
-4.365638976956815895e+03 -6.057513076948271191e+03 -5.497627561513222645e+02
-4.203811202235280689e+03 -5.758270581607243003e+03 -1.063055629448171828e+02
-2.443550871662606824e+03 -5.846667362642154330e+03 -7.363839623333265081e+02
-2.373915717034630688e+03 -6.347698813841356241e+03 -1.220860085853423243e+03
-4.470520974924947041e+03 -5.808722209659310465e+03 -2.515410559780007702e+02
-4.239576381248294638e+03 -5.613427002415938659e+03 -1.569002304322685006e+02
-4.252435257889803324e+03 -5.734177617407288380e+03 -1.753747010082106783e+02
-2.462761831214334052e+03 -5.609838026450175676e+03 -4.325474618675766010e+02
-2.202553955043342739e+03 -6.053997041351341068e+03 -8.566120982164402449e+02
-6.376325624620270901e+03 -7.794961934855960862e+03 -1.693582582734542257e+03
-4.279518895994409831e+03 -5.759074449345487665e+03 -1.086264057420535778e+02
-2.739148131241057399e+03 -5.197333549310662420e+03 4.640251921305005567e+01
-4.163176242337122858e+03 -5.833462756978582547e+03 -4.537804644213738356e+02
-9.712377338665944535e+02 -1.255227905509831544e+04 -5.625583970686309840e+03
-4.284355002010258431e+03 -5.732823649608294545e+03 -9.018537520328848700e+01
-4.258067260237088703e+03 -5.725643195693511188e+03 -1.372431707832197390e+02
-2.367762473683433200e+03 -5.285341187831199932e+03 4.578499748759662680e+01
-1.919433859762173824e+03 -5.789955690660651271e+03 -7.767937669078237377e+02
-4.223762142494475484e+03 -6.067138978363841488e+03 -6.171266084714662838e+02
-3.631868502991627793e+03 -6.075296629510515231e+03 -6.690266853631628692e+02
-4.233619661484107382e+03 -5.634399098522537315e+03 -2.924212350408143948e+02
-2.625327914952286847e+03 -6.175998049686138074e+03 -1.048745113245783159e+03
-3.728489806914296423e+03 -6.237674512035031512e+03 -8.787265265162263859e+02
-2.876328168790181735e+03 -6.001823128364320837e+03 -7.601623208542176826e+02
-6.469821617770731791e+03 -7.469178104589685972e+03 -1.136498579251337787e+03
-2.229072485880578824e+03 -5.563802202192121513e+03 -2.401669050279273563e+02
-2.962108484879320713e+03 -6.344987639953478720e+03 -1.130300004208447262e+03
-4.132367123675470793e+03 -5.857231014731702089e+03 -5.347775069042540963e+02
-5.524218023230383551e+03 -1.049365378997236439e+04 -4.093935585377932512e+03
-2.538659751059641167e+03 -5.569788977532395620e+03 -3.987451215496398618e+02
-4.244346231396151779e+03 -5.838720501001434059e+03 -2.913522643055600270e+02
-4.172120670064970000e+03 -5.856825553990410299e+03 -3.521909042008232404e+02
-4.218567776915976538e+03 -5.947063541263134539e+03 -3.148961592034288515e+02
-5.265195303818266439e+03 -1.073147882963723168e+04 -4.410388354773776882e+03
-2.607263114326876803e+03 -6.330149684964922926e+03 -1.231613204080822470e+03
-4.373492149420892019e+03 -5.803267708130472784e+03 -1.644066407067237492e+02
-3.112076599388168688e+03 -5.624435167005418407e+03 -1.657702508067116867e+02
-2.030014267137934212e+03 -6.059392443077773351e+03 -1.011701398550448971e+03
-4.325322881468401647e+03 -5.661898091444301826e+03 -3.612787766787585042e+02
-2.507216639030112674e+03 -6.143872239147925939e+03 -9.526291626310063521e+02
-5.523193499615305882e+03 -6.184524255227206595e+03 -1.083221433894421182e+02
-1.887120992489351465e+03 -5.456684716522283452e+03 -4.119068113238583919e+02
-1.818221416779912488e+03 -5.583399223973758126e+03 -3.445863876153514980e+02
-3.996132102776582997e+03 -6.108594191822709035e+03 -6.088896635546187781e+02
-4.242972457263090291e+03 -5.870432171731232302e+03 -1.944758396048704583e+02
-2.186866714356394823e+03 -5.545167884145013886e+03 -3.074301524780781278e+02
-4.188876120753569012e+03 -5.672236051517099440e+03 -1.221626955875643006e+02
-4.246765991939500054e+03 -5.666426579726697128e+03 -1.005633301617006339e+02
-3.520033253597728617e+03 -5.440681926629582449e+03 -1.179783814518343377e+01
-3.092486521623477529e+03 -5.495582905315226526e+03 -4.134542061055441309e+00
-4.228041183290812114e+03 -5.823767291330133958e+03 -2.506482663107879034e+02
-4.278111823632716550e+03 -5.712114412851043198e+03 -1.205903964363957783e+02
-4.975627853691391465e+03 -6.225888055526242169e+03 -3.401318309485709506e+02
-4.422009677814226961e+03 -5.663781145058485890e+03 -3.044270957990693205e+02
-3.675513729932743900e+03 -6.265777180469254745e+03 -9.067084438563911135e+02
-4.317328906837697104e+03 -5.790774693032985851e+03 -3.457078212855063271e+02
-5.560652261973300483e+03 -6.253172451857221859e+03 -2.569281695050685812e+02
-4.283401248202221723e+03 -5.664794487996103271e+03 -2.776021435958255665e+02
-2.416993456967040402e+03 -6.119357903001990962e+03 -9.770551054202936712e+02
-4.241049643033166831e+03 -6.102145055825109011e+03 -6.005312546457267899e+02
-2.417880042325268278e+03 -5.471051006887528274e+03 -2.687554579631126899e+02
-3.001420245919163335e+03 -5.854600281896950037e+03 -3.765498568364867538e+02
-4.289376641665133320e+03 -5.813028403843830347e+03 -8.917931304240167378e+01
-4.302204805903205852e+03 -5.492021962696498122e+03 -1.356374452953175478e+02
-2.583792103091100216e+03 -6.612610846167591262e+03 -1.488547795817503584e+03
-3.600546293046118990e+03 -6.123179667213545144e+03 -7.052374583316957342e+02
-2.442695100677071423e+03 -5.510830659205139455e+03 -3.986959430715967301e+02
-3.649747992366734707e+03 -6.336428601308168254e+03 -1.115397132392194408e+03
-6.095801847127727342e+03 -9.282211478712451935e+03 -2.946136873034463406e+03
-6.277639448720996370e+03 -7.262835944000759810e+03 -1.161906101956343264e+03
-6.316831142935836397e+03 -6.588217989182108795e+03 -4.952251046448824354e+02
-4.271805232393076039e+03 -5.733018244816888000e+03 -1.109160401141490979e+02
-4.196320403167345830e+03 -5.864502964316276120e+03 -2.901796221098052229e+02
-4.078780087369006196e+03 -5.789435419440732403e+03 -3.274442186123040415e+02
-2.719476492050160232e+03 -6.652499617825566929e+03 -1.606340924004171939e+03
-3.709897113193667337e+03 -6.140322656618512156e+03 -7.328145748872640297e+02
-4.031884943771945927e+03 -5.955484466046089437e+03 -5.703203587468960905e+02
-4.252889733622101630e+03 -5.528985697626623733e+03 -1.076853969450058486e+02
-4.255322628630689906e+03 -5.721242473605822852e+03 -1.837966372281266274e+02
-3.490469262287137553e+03 -6.079406251338639777e+03 -7.463554595385103312e+02
-4.213260045490485027e+03 -5.569434997450710398e+03 -1.076152859692903974e+02
-5.985437451698246150e+03 -7.146109828594720057e+03 -9.541307831023990502e+02
-3.231391701722769540e+03 -5.981343738982006471e+03 -6.652506078023936880e+02
-3.769585727353652146e+03 -6.293821285401637397e+03 -9.946341567243152895e+02
-4.261193075677448178e+03 -5.781229992479353314e+03 -2.279441269660020737e+02
-2.295984062243981498e+03 -6.533480308085503566e+03 -1.359323372364400257e+03
-6.471868341250012236e+03 -8.086243957776004208e+03 -1.714343668006110420e+03
-3.570515641029162907e+03 -6.322278882733900900e+03 -1.003750300764374174e+03
-3.270471442224556540e+03 -6.256705537268870103e+03 -1.001250193629386331e+03
-3.836751509186870408e+03 -5.895663438294418484e+03 -5.457482193753669435e+02
-5.508204172169413141e+03 -1.010589443158934955e+04 -3.520025555095061463e+03
-2.793666728370686997e+03 -6.513722981394713315e+03 -1.426028676098486812e+03
-1.948714631819103943e+03 -5.545579892700860000e+03 -3.229704930446958997e+02
-3.010277845151889323e+03 -6.430676283340763803e+03 -1.260708659905633340e+03
-4.233851042261923794e+03 -5.613300229028596732e+03 -1.065210833758370086e+02
-2.171317586240048058e+03 -1.260281311252248815e+04 -5.950075164258420045e+03
-4.243915430914307763e+03 -5.554367094805959823e+03 -2.306648798677409218e+02
-4.164164900662664877e+03 -6.258776188054346676e+03 -9.430044797156226650e+02
-3.477714999543836711e+03 -1.164586832299736670e+04 -5.338584689648978383e+03
-4.152358995943720402e+03 -5.944464499948383491e+03 -3.296604054522055094e+02
-2.830892198222446495e+03 -6.171955393036188070e+03 -1.007297854286316124e+03
-4.118634601661191482e+03 -5.609574663793729087e+03 -1.384443404882936193e+02
-3.030039622605042950e+03 -4.452149731873621022e+03 8.433731448483144959e+02
-2.566608843660314051e+03 -4.265921241027254837e+03 8.838700092925614626e+02
-4.283691476111521297e+03 -5.769130529935872801e+03 -1.098636917542696665e+02
-4.395077924210357196e+03 -5.750853593777149399e+03 -3.421743384235079475e+02
-4.221496909969750959e+03 -5.703895636676201320e+03 -3.888085242257608343e+02
-3.311174262683614415e+03 -4.432566009615393341e+03 8.490782508446999373e+02
-2.886437558375997014e+03 -4.612748149420172012e+03 5.733062658061412549e+02
-3.114109197948434939e+03 -7.279179376284624595e+03 -1.380957232736381229e+03
-4.014617987763520887e+03 -5.696987182276815474e+03 9.358673501982283938e+01
-3.062765735112444418e+03 -4.178406886133160697e+03 9.612911711682902478e+02
-4.195454199962399798e+03 -5.859947648576529900e+03 -1.597843683530682597e+02
5.514550994575405639e+03 -6.671087694035125423e+03 2.573047520984099492e+02
-4.366683088773605959e+03 -5.828392653920419434e+03 -1.056945615322890859e+02
-4.321254482948258556e+03 -5.824710945385375453e+03 -1.436071483062551408e+02
-4.081754536469408777e+03 -5.996384468102090977e+03 -3.673278591066620038e+02
-3.270463867870349986e+03 -4.692211733134584392e+03 5.788315812789932124e+02
-3.579434565540889253e+03 -5.614933690462129562e+03 -1.725807186964572963e+02
-3.995328081201520945e+03 -5.787257489425373933e+03 -2.894613042059879717e+02
-4.277534916819393402e+03 -5.763782892101703510e+03 -1.702610181618031220e+02
-3.253889896193207733e+03 -5.276306874974929997e+03 5.698654338224849880e+01
-3.554420622234714301e+03 -5.352921183313288566e+03 8.814931826185068076e+01
-2.715803509030281930e+03 -4.508570900311511650e+03 6.722977034865541555e+02
-2.608191397517085989e+03 -8.042927921172924471e+03 -1.970505999434873047e+03
-3.600988176887226473e+03 -4.389101963254292968e+03 8.111239950221412300e+02
-3.919470199763629353e+03 -5.556159874411850979e+03 -2.329834707083017236e+02
-4.244032738548059569e+03 -5.692321205649914191e+03 -3.787930942725707837e+02
9.060349878492758080e+02 -8.127792494496330619e+03 -1.824110760060153780e+03
-3.548180947207702957e+03 -4.166126927165062625e+03 1.109570756072423592e+03
-3.842301363237077567e+03 -5.321263529306557757e+03 2.031606186106702694e+02
-3.575257833979676434e+03 -5.544314310466513234e+03 -9.605762221733397155e+01
-4.418367512085081216e+03 -5.734172424876247533e+03 -3.317414572217918476e+02
8.686063712670624000e+02 -8.126056264287043632e+03 -1.931890180443210738e+03
-3.393851449034743382e+03 -5.312603283195172480e+03 3.555572072751800761e+01
-4.170327959878811271e+03 -5.918711518765976507e+03 -3.168071926468416564e+02
-3.978859201756098628e+03 -4.775244236991929938e+03 5.437149454081263684e+02
-3.385025494029047422e+03 -4.524658126739333966e+03 8.183474373712339229e+02
-3.689432342860893186e+03 -5.875304095209365187e+03 -3.834070558615543973e+02
-2.648501667387492489e+03 -4.447006077608888518e+03 7.366694677122541179e+02
-4.005972053238823719e+03 -4.612143072764510180e+03 7.098791499412963049e+02
-3.752729129061943240e+03 -3.915261273170368895e+03 1.311418730921453516e+03
-3.240100953545595075e+03 -4.303895012991201838e+03 9.032928913949206162e+02
-2.458378648037029961e+03 -4.879129561100257888e+03 3.612737614736323053e+02
-4.395964884977904148e+03 -5.634540485193590030e+03 -2.697467495350590525e+02
-3.440882815424659384e+03 -4.570168266278058582e+03 7.109024974835659805e+02
-4.328288506990842507e+03 -5.578443411506812481e+03 -8.559093512637515744e+01
-4.212346809399769882e+03 -5.582608225019344900e+03 -1.698278138100094452e+02
-4.096340923694112462e+03 -5.060119770635699751e+03 3.663445779561764084e+02
-3.994336846769633667e+03 -4.474013313767450200e+03 7.961987958140990713e+02
-2.405871566240856282e+03 -5.909028816278703744e+03 -7.077734063496800445e+02
-4.229894062969317929e+03 -5.730829035306020160e+03 -3.516347979904314229e+02
-4.047211320504347441e+03 -6.254408440899971538e+03 -5.714757528730131071e+02
-3.542616896801348503e+03 -5.806310763891387069e+03 -4.398421947298806458e+02
-4.243223412070969061e+03 -5.732295207057741209e+03 -3.532992671169399728e+02
-4.207796186110604140e+03 -5.815853212895501201e+03 -2.169181859291849150e+02
-4.194511219250658542e+03 -6.546682007389115824e+03 -7.561963656782583030e+02
-4.368015465267142645e+03 -5.655656131195907619e+03 -3.396507236951060804e+02
-2.927071659724646452e+03 -4.476080316894223870e+03 7.209443991035595900e+02
-3.591121878303345511e+03 -5.843547618894557672e+03 -3.946071330386038767e+02
-3.394331453221890115e+03 -4.097535277979345665e+03 1.206519650974152682e+03
-3.673014343545804422e+03 -4.791224063771443070e+03 5.161761788491363632e+02
-3.807028939993122549e+03 -5.806964897518605540e+03 -3.534965852832660858e+02
-3.133274307685319400e+03 -5.413670935440453832e+03 -8.215458526388320593e+01
-2.498338877091131508e+03 -5.232735643114127015e+03 -3.435989935274056961e+01
-3.047116386420263552e+03 -5.145381681948624646e+03 1.560973219916633923e+02
-3.942095747023020522e+03 -3.959989606465208453e+03 1.265519832307167462e+03
-3.237272371728734015e+03 -5.177833958863007865e+03 1.497528570712328815e+02
5.849695766788794344e+02 -8.360310579956683796e+03 -2.280389975337237956e+03
-2.508914274735986055e+03 -8.106770212001663822e+03 -1.945759930264799777e+03
-3.594107191951593450e+03 -7.021071498464088108e+03 -1.171181578829636237e+03
-3.555512356974721570e+03 -6.219188961568105697e+03 -9.215421821643442399e+02
-3.660924546072167686e+03 -5.799164509021234153e+03 -3.430474899661341510e+02
-4.185384363666982608e+03 -5.869605004843516326e+03 -1.652077092398541254e+02
-2.405422983030555770e+03 -4.691074406594006177e+03 4.513397294447462400e+02
-3.567699625714968079e+03 -5.203402135933761201e+03 2.008470109964752055e+02
-4.196638805519735797e+03 -5.753293811683477543e+03 -2.722968504109043124e+02
-4.331180383717137374e+03 -5.763064564208525553e+03 -2.666718867944120461e+02
-3.903206263545068850e+03 -5.914367244643139202e+03 -4.944343965386390778e+02
-2.545754626028342955e+03 -5.530802920288322639e+03 -3.191243005083250637e+02
-4.255217377751978347e+03 -5.676369045811239630e+03 -2.961033920950067113e+02
-2.896704804242483078e+03 -7.608701139287253682e+03 -1.628551340040253535e+03
-3.559684301851011242e+03 -4.968407072565152703e+03 3.468293597658600902e+02
-3.293523870532329511e+03 -6.002025971229404604e+03 -6.291756437842115020e+02
-3.884360013346479263e+03 -5.713960872395852675e+03 -1.939774762568993367e+02
-2.046749101020608123e+03 -4.922137830795483751e+03 2.524670027880685552e+02
-2.135974730284021916e+03 -7.985974147711411206e+03 -1.950029046840897763e+03
-3.807610498881950207e+03 -5.399835888017362777e+03 -7.805787575521719646e+00
-2.354238960545919781e+03 -4.548563069323590753e+03 6.187897098753826413e+02
-3.349258348605499577e+03 -5.360780362246146979e+03 3.150935832216799781e+01
1.665176377202255708e+03 -8.587641162446618182e+03 -2.097331393214361469e+03
-3.992201949813922056e+03 -5.555237757035852155e+03 4.617215049149024253e+00
-2.956520520746637885e+03 -4.110635279028902005e+03 1.102371616973357050e+03
-4.003026396512340398e+03 -5.668629893458012702e+03 -4.499923523059351282e+00
-4.358096620638520108e+03 -5.933883623847558738e+03 -2.159115395261338790e+02
4.305874681902104385e+03 -6.488259997149867559e+03 9.691890807204259772e+00
-3.896101698917661906e+03 -6.120427757485553229e+03 -6.105688718955318564e+02
-4.345862146772123197e+03 -5.794104409069537724e+03 -2.306705325315782602e+02
3.423404770444970836e+03 -7.902279570318987680e+03 -1.231359541339558746e+03
-3.088101769583134228e+03 -4.859739918419438254e+03 4.396500481963806806e+02
-3.382322622325742486e+03 -4.900926307460867065e+03 4.055388085227601778e+02
-4.204997434355015685e+03 -5.792189761672641907e+03 -3.543844482787078505e+02
-4.740898443849994692e+03 -5.232795520704516093e+03 4.011507265547652423e+01
-4.584431188267262769e+03 -4.122108591792730294e+03 1.134769026977817475e+03
-4.305218708904418236e+03 -5.725416712863250723e+03 -3.441623117074194624e+02
-4.380207992050960456e+03 -5.745282153032838323e+03 -2.908579289030882364e+02
-4.257777287217709272e+03 -5.689251653548024478e+03 -3.317373378036906502e+02
-4.504116776654212117e+03 -4.984943926753105188e+03 4.471071561931637461e+02
-4.977165734545967098e+03 -5.062232752891970449e+03 3.530149101433686383e+02
-1.014591942144890140e+03 -5.504858660497728124e+03 6.061016609475886980e+02
-4.571684704674856221e+03 -5.690232365376643429e+03 -3.295327255562148707e+02
-4.813861419673528871e+03 -4.933498894891310556e+03 3.187452741085820662e+02
-4.183736531977777304e+03 -5.666144901461444533e+03 -2.603515338427968118e+02
-7.844731866343850015e+02 -3.529715087310363515e+02 6.586568519840342560e+03
-4.262092464257973916e+03 -5.893669439055754992e+03 -1.983420471517938211e+02
-4.211399532503436603e+03 -5.814827941251354787e+03 -2.759284011307385640e+02
-3.728319262502542188e+03 -5.955984249290923799e+03 -3.499956577124484056e+02
-5.146861964266217910e+03 -4.746072731508906145e+03 5.472658143556418509e+02
-4.021917373221445814e+03 -5.645703951213989967e+03 -9.433749006243726853e+01
-3.907614419565701155e+03 -5.264666158758085658e+03 1.782338595541201016e+02
-4.260929728688577597e+03 -5.782542209681831991e+03 -2.601235188969547494e+02
-4.323874304478355953e+03 -4.905621655345253203e+03 5.144487006673888345e+02
-3.920258754192430843e+03 -4.150090555755111382e+03 9.829815266086836800e+02
-5.914052701091199197e+03 -4.507465909449499122e+03 6.243171458326643233e+02
-8.108890719428848115e+02 -5.647422491113483375e+03 5.978436196523822446e+02
-3.781565235933459462e+03 -5.977492494414975226e+03 -3.717345850853894831e+02
-4.542867172686705999e+03 -4.841193162925412253e+03 5.519604843064367969e+02
-4.107274856505164280e+03 -5.666336768367243167e+03 -1.309049578150475099e+02
7.210005573009349291e+02 -3.488277670246173329e+03 2.903902701237143447e+03
-5.753277650669439936e+03 -4.453190099282306619e+03 8.144973045227461625e+02
-3.822348274995890733e+03 -4.944296617490715107e+03 4.839464710520983317e+02
-4.126786973819190280e+03 -5.698876356888143164e+03 -1.727258960350771986e+02
-4.241108634467936099e+03 -5.777235007802703876e+03 -4.224000284720062837e+02
4.192050396878240690e+02 -3.424035216011722696e+03 3.196284163551492384e+03
-4.763051705379094528e+03 -5.253527101786995445e+03 2.203179413123488075e+02
-4.126025608961209400e+03 -5.871588451296322091e+03 -1.396394456806505104e+02
-4.205247268429589894e+03 -5.801775837345581749e+03 -2.846351057485402976e+02
-4.859181500637090721e+03 -5.112615136634940427e+03 2.424790105327132892e+02
-4.128540119428797880e+03 -5.792229522956899928e+03 -5.731699317452694231e+01
-4.999947905933415313e+03 -4.567460050479177880e+03 7.438859002865071943e+02
-4.402569545897305034e+03 -5.745362554090759659e+03 -2.101585408490009286e+02
-4.950972019859093052e+03 -5.257402028540518586e+03 5.686605248851691385e+01
-5.360420244676805851e+03 -4.867073723236698243e+03 5.604202539878600646e+02
-3.919494706299132304e+03 -4.799984492728864097e+03 5.842635032962162995e+02
-3.809206880887644729e+03 -5.319506563939838998e+03 1.327720024192318533e+02
-5.345740552464929351e+03 -4.570459204671952648e+03 6.235223271587030922e+02
-4.214830218152839734e+03 -5.831004383784325000e+03 -2.107563998421718168e+02
-3.870519019065650355e+03 -5.933491895922148615e+03 -1.946197096997923381e+02
-4.042298065117791339e+03 -5.797066541718568260e+03 -3.190129511791615187e+02
-3.417206450808936552e+03 -5.980826182966093256e+03 -3.324299320799189559e+02
-4.086147969334347636e+03 -5.574598994849080555e+03 -1.831917221701382914e+01
-4.235414684554546511e+03 -5.748091114408871363e+03 -2.600090426727667818e+02
-4.185699860273671220e+03 -5.822626914518465128e+03 -2.960856746439565654e+02
-4.129958293113903892e+03 -5.737747847067221301e+03 -1.524903038185019000e+02
-3.952854321417906249e+03 -5.190203137687495655e+03 2.476503337080191613e+02
-4.261199306173200057e+03 -5.806097992023183906e+03 -2.372865433654349658e+02
-3.100920037646254968e+03 -6.115225443941007143e+03 -4.116057562934171301e+02
-3.880987967189701067e+03 -6.033263868586430362e+03 -2.935228159630440814e+02
-4.744256867831125419e+03 -4.854688460287930866e+03 5.176149267073778901e+02
-4.130284697793540545e+03 -5.637664751414325110e+03 -1.981279378119877492e+02
-5.542990719344382342e+03 -4.422140061474166941e+03 8.587772670180535215e+02
-4.862535233994067312e+03 -5.279956287391683873e+03 1.949037948810270677e+02
-4.150626068851357559e+03 -5.739244374863798839e+03 -2.565416153912647133e+02
-4.019453685862407383e+03 -5.309593268360486945e+03 2.581731823833731596e+02
-3.740683404941356912e+03 -4.941030311559479742e+03 4.240844427209869423e+02
-4.113277119703986500e+03 -5.564325476090832126e+03 -7.460855366681209944e+01
-4.716269174319637386e+03 -5.374510283371165315e+03 -7.606366512393864809e+01
-3.778794729488150097e+03 -4.695703108721839271e+03 6.307403477777996841e+02
2.677941846973695874e+02 -3.895446033438198810e+03 2.235479825575886935e+03
-5.861678391086995816e+02 -5.993893500734219742e+03 4.039540126962546651e+01
-2.459728692563263849e+03 -5.993444287470017116e+03 -2.430752523224287529e+02
-3.784611386465575379e+03 -5.520909581836536745e+03 -2.889705250445177853e+01
-4.117996156596407673e+03 -5.710124071577461109e+03 -1.075576413848419293e+02
-3.980686684903372679e+03 -5.776555154036956083e+03 -5.065470085218632903e+02
-4.282223808169144831e+03 -5.125243520589729997e+03 3.204008692596260630e+02
-4.205137615921359611e+03 -5.197620269467292928e+03 2.246029318804332888e+02
-4.158840922816814782e+03 -5.590454659807751341e+03 4.417495604298790113e+01
-4.599624157446085519e+03 -5.856448226564331890e+03 -3.395532385934038757e+02
-3.904711819666408246e+03 -5.480063323935982226e+03 -1.041104958840628569e+01
-4.237458439435648870e+03 -5.645928630618806892e+03 -5.770495019268025771e+00
-4.170127505268833374e+03 -5.816492594302593716e+03 -2.557428738068971654e+02
-7.657952618544068173e+02 -5.836337669079734042e+03 1.536426064465533727e+02
-5.205128875744849211e+03 -4.360402868994337950e+03 1.022145323678006662e+03
-4.028457558964982127e+03 -5.042153289995481828e+03 4.019476549472892657e+02
-4.029444792484160644e+03 -5.066384410268748070e+03 4.030808392691180870e+02
-4.518859203015965250e+03 -4.589361464482837619e+03 7.530122046995120400e+02
-1.364706695157065042e+02 -5.562054944826393694e+03 7.352359777893335604e+02
-4.470498195959984514e+03 -5.171384688196812021e+03 2.681817403697883151e+02
-4.186595791329104941e+03 -5.602285334702033651e+03 -1.312167839612352509e+02
-4.328280989219199910e+03 -5.339536577884196959e+03 2.153138598107458392e+02
7.729223738405513586e+02 -3.207986644191104915e+03 3.152256241625038456e+03
-5.045959248282810222e+03 -4.219805270903982091e+03 1.118587964918687021e+03
-4.789220023909972042e+03 -4.864883843127029650e+03 5.129275316888108591e+02
-4.324539336093695965e+03 -5.548958421125377754e+03 -4.074536903070350036e+01
-4.262939731570117146e+03 -5.723215665635611003e+03 -9.485449914786661907e+01
-2.071787304521970441e+02 -1.214868637483549037e+03 5.524102228363044560e+03
-4.485668991842562718e+03 -5.731179186188059248e+03 -1.057990513353194615e+02
-4.226469706496761319e+03 -5.339255123447212100e+03 4.937046911994730181e+01
1.011341479121340967e+02 -1.118301917026117735e+03 5.635181342980178670e+03
-4.208870637919962974e+03 -5.060907442805528262e+03 3.266741725204880140e+02
-4.387435734416904779e+03 -5.181400761283449356e+03 2.486252488890377208e+02
-4.261858442692599965e+03 -6.153355721021238423e+03 -8.263615732609882798e+02
