-5.121375736905504709e+03 -2.734114759045079609e+03 -2.982860763764991134e+03
-5.634096589818371285e+03 5.923334779421095391e+02 -4.081524304103109898e+03
-2.064225897830383474e+03 -9.396193283938468994e+02 -7.764175683899114119e+03
-2.203222716999389831e+03 -1.233486577806010587e+02 -6.555398778159678841e+03
-2.050534647577572741e+03 1.986725843932528278e+03 -1.002689509323829952e+04
-4.034953110622834174e+03 6.816084498506168075e+02 -7.063102304400465073e+03
-2.482660948711319179e+03 7.788138118334727551e+02 -7.411234857693154481e+03
-4.085595568857103899e+03 -1.287563292663460288e+02 -6.312012754591360135e+03
-3.112293172749524729e+03 4.446573389645092789e+02 -7.430769866853160238e+03
-4.042991196534971095e+03 7.179596721329559159e+02 -7.016330548286871817e+03
-1.164494827834007538e+03 2.225886096685227130e+03 -9.094447601691917953e+03
-8.560739858188584549e+03 4.310647088285180871e+03 -7.644759203971995703e+03
-2.921307258094173449e+03 2.490690343015307064e+02 -8.047620367940977303e+03
-9.288674795864170619e+02 2.654320011256166708e+03 -8.332800857951457147e+03
-2.754141796786422674e+03 -7.920274355036610814e+01 -7.733145807971829527e+03
-6.028878577141465939e+03 -3.287258927733739256e+03 -3.712891338241441872e+02
-2.422302389441689229e+04 2.413354144250286879e+02 -1.591366117129054146e+03
2.436303683584491409e+03 5.179946007610406014e+03 -6.653039404660084983e+03
-2.849825626681071299e+03 1.631596490377766031e+02 -6.651915997958121807e+03
-2.282962039951553834e+03 6.616772786187149222e+02 -7.980161600862429623e+03
-7.509192908668788959e+02 -1.119545248092734255e+03 -7.367093915413521245e+03
-1.449825462747576466e+03 -2.643232031643075970e+03 -2.116883617239004525e+04
-4.337991740141404080e+03 7.054483553642465949e+02 -6.596419556336825735e+03
-4.226745790308829783e+03 1.896831739258481321e+03 -4.364952814888301873e+03
-7.552058031155404933e+03 4.594556344133348489e+02 -2.882911643769691636e+03
-4.563149809853254737e+03 1.446775867447952351e+03 -7.102282501591739674e+03
-4.822570216685578089e+03 -1.084940612909313131e+03 -6.670604514659795313e+03
-1.494248088894198418e+03 1.735781046408226985e+03 -1.292137610042904635e+04
-2.479444377350705508e+03 4.947429046014444793e+02 -9.573476482011075859e+03
-7.928900254049058276e+03 1.823598676165959432e+03 -1.359296871395618382e+03
-3.915247449416217478e+03 1.106169838597350918e+03 -6.812506644947731729e+03
-2.602717836164373693e+03 9.235701840552226827e+01 -7.718319241620112734e+03
-4.272472401535466815e+03 -2.184440277752862130e+03 -5.604321166563225233e+03
-5.022822252728794410e+03 1.020072615699391577e+03 -7.498194248068460183e+03
-1.021972534974056362e+04 2.431515050155381687e+03 -1.530566921633337870e+03
2.349648510598500252e+03 2.490264689920241381e+03 -1.393193106965085826e+04
-2.806905022142468169e+03 6.853641410336171020e+02 -8.266782872999954634e+03
-4.476583935933374050e+03 5.921475923794555456e+02 -7.035658007609850756e+03
2.657877865273087082e+04 1.008854443221681322e+04 -3.208075561815488254e+04
-4.292704392899409868e+03 7.042214082812596416e+02 -6.224748754176881448e+03
-5.279287856871275835e+03 -2.330092741177058087e+03 -6.530668766275995949e+03
-4.425193774712354752e+03 1.207214989022476402e+03 -6.630383387353012949e+03
-4.729456189772685320e+03 9.032238576889981232e+02 -6.415772582705266359e+03
-1.965464182400536856e+03 -2.676198999992528570e+03 -8.317900491907535979e+03
-4.506944197612690914e+03 4.469119015356767477e+02 -6.723895365432333165e+03
-1.970438226462698731e+04 3.977888933763833847e+03 1.110460716787648926e+04
-2.145424515638354023e+03 7.360487184459393575e+02 -8.116687507034334885e+03
-2.226191127033855992e+03 6.721970053961151734e+02 -7.881716141341315051e+03
-4.300959271017331048e+03 -1.568818560661994070e+03 -9.954249594487633658e+03
-6.631888010148683861e+03 1.676408634873083884e+03 -7.615754753681435432e+03
-5.970274375376802709e+03 1.967308096485529632e+02 -6.366187210643157414e+03
-3.326167236810135364e+03 4.412080998722893810e+02 -7.286066968842076676e+03
-3.161728317885399520e+03 4.241752516550643008e+02 -8.421744496882502062e+03
-3.775883375467128644e+04 7.210609720694779753e+03 1.983654635429946211e+04
-2.061967532046271117e+03 7.784983158004363304e+02 -8.610026393790656584e+03
1.877884201166618141e+03 1.598724319701504555e+03 -1.015029872220460857e+04
-1.154999490201032131e+03 2.310365598359183423e+03 -8.046939151849403970e+03
-6.675552102703519267e+03 3.963395015368038230e+02 -6.399885145587460102e+03
-2.631402609491632120e+03 5.011821584024246476e+02 -7.595195077502726235e+03
-2.938519888409528903e+03 7.177003416512609874e+03 -1.027481455781536715e+04
-2.291714020604261350e+03 1.021399768827546609e+03 -7.502695078666179143e+03
-2.142978383126770950e+03 6.025239675479468815e+02 -7.685831692145955458e+03
-1.342217909442989367e+03 2.090764818366402324e+03 -8.608404519280737077e+03
-2.672907023174418100e+03 -2.540712037863789192e+03 -6.044238226528542327e+03
-9.652011714306916019e+02 -1.082681641632321856e+01 -7.828664757438436936e+03
1.091385460930133036e+02 2.643767911990724315e+03 -1.283282321021860298e+04
-1.654480301539269476e+03 6.560368452570053250e+02 -7.859747064107401457e+03
-6.710479831588368143e+03 3.117550652431691560e+03 -1.068367809562720322e+04
-2.252001703618173269e+04 -1.524053935566837254e+03 3.609140318384160310e+03
-3.067828768499657599e+03 9.373495937855069542e+02 -7.468412418318965138e+03
-5.144262274900397642e+03 -6.684193073318838287e+03 -1.107788726038057939e+04
-2.385013517977934316e+04 5.362752864642960049e+03 -6.716864421849233622e+03
-2.416019585172575262e+03 5.234671880596956726e+02 -7.910183608065788576e+03
1.654661149456208659e+04 5.940494247698602521e+03 -3.112833370940871100e+04
-1.484925253455217353e+04 2.422384599489743778e+03 -9.938004963191206116e+03
2.379455066453646850e+03 1.713530238963948932e+03 -1.477969772658097281e+04
4.733426682688725123e+03 1.020607171014380299e+01 -1.855147349061885325e+04
7.603845424246786706e+02 -4.260557508654513867e+02 -9.644560221504936635e+03
-3.363214044492527137e+03 1.141176066305200493e+03 -7.634628004973817951e+03
-5.326871510142393527e+04 -3.591562723129753522e+03 3.992142215399311681e+04
-2.357436881191772045e+03 4.262565579304378844e+03 -1.929236688352267720e+03
-3.439759443159633975e+03 5.662757830343753085e+02 -7.531912647406727956e+03
-8.271956887176671444e+03 3.464598400294794828e+03 -1.178240146715538003e+03
-2.703541035870161522e+03 8.183601881176251425e+00 -7.484253870698527862e+03
-2.657141636754383399e+03 4.365082366889972946e+03 -6.893959324605697475e+03
-2.575807368226020117e+03 -1.937737036092009021e+03 -8.885632676609640839e+03
-3.291172235056145837e+03 -1.435214119172640267e+03 -4.789830494141424424e+03
-5.511591480242617763e+03 2.183765864167770303e+02 -5.618953693944528823e+03
-5.956729533727434500e+03 2.559700429818638895e+03 -9.525440100375008114e+03
-3.944945357390148729e+03 2.592567676909444344e+04 5.541396267001858860e+02
-3.096655380488697574e+03 -5.972068910148009309e+02 -8.223411946866841390e+03
-5.863771109432779667e+03 1.128844150004265066e+04 -5.349716611929598912e+03
-5.055130275567865283e+03 -8.824545036726085527e+02 -4.511997697654425792e+03
2.149320851272560049e+03 4.125562885366467526e+03 -4.269091233800729242e+03
-2.602983270466863360e+03 4.438390575088121750e+02 -7.937770977115442292e+03
-1.064589524381461842e+03 2.112286476116362337e+03 -7.047790510929042284e+03
-1.346032399483802692e+03 -1.995893214754563814e+04 -1.276455680784537890e+03
-4.279515151618548771e+03 3.150665489288392109e+02 -7.085438176902618579e+03
-1.600690566897156259e+03 4.987058015683283543e+02 -1.414935232573922804e+04
-2.667626717612893117e+03 4.118178799188395942e+02 -8.125799949848518736e+03
-2.978992225903855342e+03 1.859724151073315852e+02 -8.882455854271520366e+03
-1.020955464470992956e+04 5.847517673000440936e+02 -4.445752317160108760e+03
-1.495838233468095495e+03 4.215944165132091257e+02 -7.434468336242758596e+03
1.779893453386686133e+02 1.044063906975001373e+03 -8.898957989356858889e+03
-3.913898126588328523e+03 1.132364253368612481e+03 -7.338734103418340965e+03
-6.214607788622936823e+03 8.213113680260641559e+03 -7.561202998305708206e+03
-1.699416889535835708e+03 6.662028259359712479e+01 -7.125559797252559292e+03
-5.314596811781127599e+02 -6.520109840171757014e+02 -1.289311867886523214e+04
-2.426835447339902748e+04 5.048538409451381085e+03 -6.506137775273215993e+03
-2.633003101840294676e+03 8.363039057980965936e+02 -8.095809419186693049e+03
1.171536931495121644e+04 -5.085467716591729186e+03 -1.951719448334859771e+04
-5.730670065701898238e+03 4.093355197883444362e+03 -6.250983528757963541e+03
-1.744219157739762522e+04 3.490402745260380016e+03 -5.780998383242023010e+03
-5.272850053715344075e+03 1.088127529735093049e+03 -6.673093664340537543e+03
-5.873571856222448559e+02 -1.229883464666213513e+03 -1.254324825107307151e+04
-3.037860463742231332e+03 5.398031737396875542e+03 -4.325086152523228407e+02
-7.255127689964012461e+03 5.985353301509829180e+03 -8.577471011807640025e+03
-3.388787821902019459e+03 -1.455650734885108022e+03 -6.513657507262115359e+03
5.099253441889127316e+03 -3.678781791978651199e+03 -8.056030886464924151e+03
-4.713571773354698053e+03 9.626529961088380105e+02 -6.289222566398173512e+03
-4.983166797270143434e+03 7.352387753473501562e+02 -6.887337300392929137e+03
-5.608312181166773371e+03 1.079006465960223750e+03 -4.022128662577937575e+03
-4.570904590163662760e+03 -3.040246961758454347e+01 -6.659054672945085258e+03
3.939237639197752742e+03 -8.165901826265239833e+03 -2.150908244925944473e+03
-1.776754046107659406e+03 1.486623146691407101e+03 -8.620885011917618613e+03
-2.349033847639322630e+04 5.612611356296065424e+03 -6.406981506902538968e+03
-3.982029882756799452e+03 9.480069208316707545e+02 -7.542058332539228104e+03
-6.105718946253239665e+03 2.426638969753488254e+03 -6.191112611755027501e+03
5.013672184835849066e+02 2.132917619938496955e+03 -6.281937196335530643e+03
7.789223338952497215e+02 1.958073913577765325e+03 -9.376357971420406102e+03
1.864452608071937220e+03 -6.338814481989725209e+03 -6.149817963582317134e+03
-1.978424734291705818e+03 1.447794835960785420e+01 -8.391099026840762235e+03
-2.933334876055133009e+03 -1.303594862667497637e+03 -7.872951418819919127e+03
-3.282056436895068146e+02 5.862127898092197029e+03 -1.126107994210951438e+04
-1.403154412058767093e+03 1.554936450554911971e+03 -4.176418643047050864e+03
-3.224076090549012861e+03 1.224926650466096589e+03 -4.342020492953124631e+03
-3.661262851581293035e+03 6.398578205565289636e+02 -6.518993793578187251e+03
-5.754176653383386110e+03 -1.225142504014926772e+03 -2.893141266032355816e+03
1.650128501238619720e+03 4.838775938299039990e+04 -3.222441948473234152e+04
-3.865993955720847680e+03 5.204572150449820356e+02 -7.335236212440822783e+03
-3.617877855847957562e+03 7.561012996377894524e+03 -9.122431420220375003e+03
-2.553727573769297123e+03 1.214430469356886533e+03 -7.168559061767492494e+03
-2.250858494396474271e+03 2.609829062487501119e+02 -8.632144193059948520e+03
-5.117802453055852311e+03 4.317665924159866222e+02 -6.498229493583409749e+03
-2.725723869375867253e+03 1.466661318448396514e+03 -7.982312479097449796e+03
-6.648071096590069828e+03 1.686389491384934445e+03 -2.215160767184922861e+03
-4.299024562772124227e+03 1.718103801491445438e+03 -6.917455381872329781e+03
-8.299089604848539238e+03 4.477357509416003268e+03 -4.563347176754236898e+03
-2.460161067985949558e+04 -9.671718546096417413e+03 1.965942889957905572e+04
-7.240094859386776989e+02 3.155826699870010543e+03 -8.239829826661913103e+03
-7.697835357727306473e+03 1.917994477565013312e+03 -6.389229018245804582e+03
-2.368384587739398739e+03 5.228490087118119618e+02 -7.626523831662554585e+03
-3.807841635184177903e+03 8.070930388816091181e+02 -7.433925714378743578e+03
-5.348247046024345764e+03 -2.765201850875094897e+04 1.092437177734758006e+04
-4.935878713854046509e+03 6.958036751715800392e+02 -7.097477027416116471e+03
-3.441515082389631061e+03 6.393828479345097549e+02 -7.157613915225440905e+03
-6.577166676486193865e+03 -9.032993378781922729e+03 -1.902538007140470654e+04
-2.211582503069557788e+03 4.404645523394852944e+02 -8.010130357515425203e+03
-4.233879741771314002e+03 4.157324868788666663e+02 -7.168101944934616768e+03
-1.279142030106782659e+04 2.779050590626308804e+03 -5.587747223673171902e+03
-5.567500394024568777e+03 8.721151586814414713e+02 -4.998703851286368263e+03
-4.181547858108810033e+03 4.859762430367412662e+02 -6.889871739116249046e+03
-4.134158955489891014e+03 1.790868435643934617e+03 -6.353206078342966066e+03
-4.053821110786610006e+03 2.817628982674536928e+02 -1.258715117788329371e+04
1.981323879236888388e+03 1.411725385529009827e+03 -3.004665177525444051e+02
-5.185811939417217218e+03 -1.986063108928075508e+03 -6.328385039798485195e+03
-2.713725429809916477e+03 5.373131345324172798e+02 -7.645022297653673377e+03
1.363264027722631681e+03 -1.480210274770815431e+03 -8.884538247804759521e+03
-3.180209705755589312e+03 2.439439816731765518e+02 -7.756210976953621866e+03
-3.509572286170970983e+03 5.003241789976780183e+02 -6.955368011373549962e+03
1.530906292488866256e+03 2.168127927269228167e+03 -9.238932419926653893e+03
-3.031654279544160545e+03 3.404641904398596353e+02 -6.984242803533830738e+03
-1.406394103944471681e+03 6.777013011836804708e+02 -8.474308441879838938e+03
-9.629474385171241011e+03 -1.069541233581443976e+03 -1.697871170290726695e+03
-4.509428907832943878e+03 4.191250011055685150e+02 -4.620552803744903940e+03
-2.447236854887710797e+04 -8.258257739924918496e+03 1.448174658865596757e+04
-1.042093672276561119e+04 -7.189842920683341617e+03 4.688169744356202500e+03
4.044817349607613869e+04 1.852031541805657616e+04 3.973935778500054766e+03
-6.037679008399883969e+03 1.750227627893539466e+04 -9.000223776771692428e+03
3.529098980980836586e+02 -2.738209998453541630e+04 1.010703797834284887e+04
-2.537983753526315013e+03 9.703446574012548353e+02 -4.014073284174988203e+03
-4.943720770767592512e+03 1.057179106985798853e+03 -6.514228729178435970e+03
4.096062446510160044e+03 -4.325912768653573949e+03 -7.739837397122289985e+03
-4.559301985261246955e+03 1.222816511446900222e+03 -6.441816552251631947e+03
-5.424500638603703010e+03 -1.331166524279310579e+03 -1.053371071271612891e+04
-2.108757828081136540e+04 -9.698930350856651785e+03 9.116068430862775131e+03
-2.806892395432155354e+03 4.960444302386122217e+01 -7.176571471565925094e+03
-2.539256615587602573e+04 6.475592300877620801e+03 -8.029672896456039780e+03
9.228016556246924665e+03 -1.008325842100204318e+04 -8.784982262605403776e+02
-1.630823151893893737e+04 -2.639282873654694868e+03 -3.442261524957013989e+02
1.915831507618196838e+03 -2.201253181210891398e+03 -7.340159586690621836e+03
-6.098154948703127957e+03 5.230757099729635229e+02 -5.998925815214081922e+03
-4.024168027044583141e+03 4.203859259346461954e+02 -1.603118011659180229e+04
4.357243735164090140e+03 -7.919524800270190781e+02 -9.148724127161749493e+03
-4.309102372656861007e+03 1.471342198452908860e+02 -7.262597171971459829e+03
-1.614683301384751758e+03 -2.306518341600472013e+02 -7.546822521770544881e+03
-5.024203017878866149e+02 -3.032579467127140560e+03 -1.607783264740241793e+04
2.823484201574780741e+02 1.007079379506989909e+02 -5.237251113979075853e+03
-5.668522643283498837e+03 2.987606560055938587e+01 -1.006393241930082877e+04
-5.663794874806137159e+03 -2.507712434993951774e+03 -6.043829368273653699e+02
-2.372913820561815555e+03 4.769826174372652758e+02 -7.810973881545174663e+03
-3.397326498143424942e+03 1.121165243713414384e+03 -7.941716415585716277e+03
-6.907230330408853661e+03 7.256965196795006250e+02 -6.210714882761723857e+03
-5.805616095943336404e+03 1.114396937701242678e+03 -6.242162964273149555e+03
-2.628624636310592905e+03 -3.907484002146977673e+02 -7.466003824784038443e+03
-2.088313612635043683e+03 -3.198699340233715134e+02 -8.857695286401660269e+03
-3.289525013005116307e+03 4.587646698251000998e+02 -7.377378463558588919e+03
-5.136719777950872412e+03 -2.379174747792042695e+02 -8.130146218622354354e+03
-1.983369808394925258e+03 6.075278438427828860e+02 -7.850265319287495004e+03
-6.659019707836698217e+03 9.697400216105157256e+01 -4.141330704952384622e+03
-6.059054259830810224e+03 7.306948268122636136e+02 -6.032626647436257372e+03
-3.861512880832530755e+03 1.141775965137862272e+02 -7.268768045168886601e+03
-3.453541177507261636e+03 6.946843128312974613e+02 -7.070082663839776615e+03
-2.042867067730290273e+03 6.849264307982031141e+02 -9.014194194716261336e+03
-5.306297289291010202e+03 1.025774406768224708e+03 -5.892946644372181254e+03
-2.586616318375194624e+03 2.889705830754931526e+01 -3.827556496763261748e+03
-8.617988333216841056e+03 1.235716077745004259e+04 -1.230813026142860872e+04
-3.066042623981060387e+03 8.225162951654830977e+03 -1.072305774872552502e+04
-2.184101721806399382e+03 -1.099523396578068514e+03 -7.853216628280907798e+02
-6.211289154351045909e+03 1.982404254443383024e+03 -6.260205003663611024e+03
-9.362012024921881675e+03 -7.209445422532165821e+02 -3.481707759341287783e+03
-3.925805238173643829e+03 8.120869637232724017e+03 -9.386930668665641861e+03
-5.129437739068863266e+03 7.995770707469031322e+02 -6.271105123179247130e+03
-8.809947427808736393e+03 -2.455897268836732837e+04 1.528686784367400378e+03
-4.360981703889049641e+03 4.165155563986868401e+02 -5.318260811918727995e+03
3.313658970966362631e+03 -8.755364977805498711e+03 -1.291166302366968011e+04
-6.038112289252466326e+03 7.602383991408274596e+03 -2.592419486648575185e+04
1.951711052896826459e+03 -8.661927706873555508e+03 -8.439848055387774366e+03
-4.117323396650590439e+03 5.783732280604294829e+03 -9.890236455356254737e+03
1.540721107630325969e+04 -1.158861296862864720e+03 -2.276442325628130493e+04
-7.968180674073389127e+03 7.864025872099413164e+02 -3.823749485088721485e+03
-6.099390647544390731e+02 -9.889013673281158844e+03 -1.054412946463141452e+04
-4.371601289638559138e+03 -4.025030905603405699e+03 -5.785075013375182607e+03
-4.132049000526683812e+03 5.637279408743025670e+03 -9.044615999008314247e+03
8.312011478122034532e+03 -6.538493284575597499e+03 -1.423245947142320620e+04
-2.330847835866120931e+03 3.303113838490682610e+03 -5.807431817154831151e+03
1.341980924468874719e+03 -5.735008319497213733e+02 -9.341735905157001980e+03
-9.089890704720688518e+03 1.544914757836250828e+03 -5.188750500975113027e+03
-4.566669739062967892e+03 -2.976931169810951815e+03 -6.095938300480242106e+03
7.254698775985108341e+02 3.262198719994611338e+02 -9.392312968875137813e+03
-6.287200829863025137e+04 5.097883200718441003e+03 9.461148546472706585e+03
-2.269264361964119416e+03 9.705625460521627019e+02 -9.074522409597375372e+03
-2.379647692195627769e+03 7.375290559734719409e+01 -8.066567623444347191e+03
-5.929409442236392351e+02 -5.692983671463704809e+01 -8.547917120974558202e+03
-5.512830513743063420e+03 1.135630482897789534e+03 -6.759725119987099788e+03
-3.081909780617686010e+03 1.967951119295006720e+03 -7.641457253577870688e+03
-2.541198697964957319e+03 9.827498438938249592e+02 -7.731531791799637176e+03
-2.525685596746405281e+03 1.012519638072978637e+03 -7.558558356786023978e+03
-3.774724354680535271e+03 2.499032570703655892e+03 -7.082821473510244687e+03
-1.062368023284646370e+03 -2.699305468601457960e+03 -5.231207269653180447e+03
-2.145284037428578358e+03 -1.238269994133855562e+03 -7.192661051072434930e+03
-6.124567781693036522e+03 2.446911489624593287e+03 -6.666582219582713151e+03
-1.649869613092836289e+03 -3.615292459403257794e+02 -7.767479299560702202e+03
1.328247212936779306e+03 8.032817834294843351e+02 -7.578618736434395032e+03
-5.174915704868344619e+03 1.285355181584026468e+03 -6.574536094303786740e+03
-7.277179469538217745e+03 -2.736884776251444009e+02 -4.651398917586897369e+03
-5.041550154396003563e+03 6.416427275952817126e+02 -7.334529666754116988e+03
-2.163591012848306946e+03 5.938018043206608354e+02 -7.857083938650206619e+03
-4.893483907181393988e+03 5.586371554493983922e+02 -4.974317459447012880e+03
-5.556339115010501700e+03 1.284953562131366425e+03 -6.432779746424675068e+03
-5.874122749265918173e+03 -2.931053373565038100e+02 -3.885632169682616222e+03
3.910594641647160756e+02 1.732657821162184518e+03 -1.025087310449036340e+04
-2.234004778640743552e+03 -5.551527381063851863e+02 -8.259525583412749256e+03
-4.036399991785338443e+03 -4.149714966185314324e+01 -6.527825160030313782e+03
-3.216558608376877146e+03 -6.431105107741715301e+02 -7.748007478541429919e+03
-2.743282178336224206e+03 1.301456132448398876e+03 -7.865691376424417285e+03
-7.131156226218850861e+03 -6.584806175233106842e+02 -4.219780853032808409e+03
-1.072420298400395222e+04 7.247365312092202657e+03 -1.378791938370038952e+04
-2.638297383251782321e+03 7.608980802970711466e+02 -6.921563112350730989e+03
-1.651559843683373401e+03 -8.339992964580241619e+01 -7.233354001428832817e+03
-1.449601108118622506e+04 4.002005563649106080e+03 -1.593789086781655215e+03
-3.089307957039266512e+03 9.751266558856693791e+02 -7.319850697982058591e+03
-2.712074091025679081e+03 7.788354310942168013e+02 -7.559987775764117941e+03
-5.485967241879111498e+03 5.917239888105486898e+02 -5.879407450293375405e+03
-7.033191746634650372e+03 4.087221119190689024e+03 -9.021046521958143785e+03
-3.026821227462759907e+03 6.008065891891419597e+00 -7.370208217195552606e+03
-6.494088481471872001e+03 1.622279747374239605e+03 -6.327612099697810663e+03
-4.300089143476118807e+03 8.420364660286557046e+04 -5.877374820044552507e+03
-7.468939308142430491e+03 -2.642737284265947437e+02 -5.822675207255900204e+03
9.500266488020755560e+02 -1.952180457679835399e+03 -6.079593608458399103e+03
-4.651114264288721643e+03 -2.122930747857763436e+03 -9.361288628693173450e+03
-2.246588454849762456e+03 1.443889795924854411e+02 -7.686109877682368278e+03
-4.463308570751327352e+03 3.687168888031401366e+02 -6.290925489500725234e+03
-1.326363671394304220e+03 9.112732742731044482e+02 -8.021767895724682603e+03
-1.586927036831502846e+03 -5.318958888289628703e+03 -1.050497759480320383e+04
-2.526038618344823590e+03 -2.996930110050886356e+02 -7.903233967598662275e+03
-3.174927612022249377e+03 1.375083355598658727e+03 -7.766602353169503658e+03
-2.402220943356604494e+03 5.908135198684597071e+02 -7.990259053648299414e+03
-2.014642297862802479e+03 -2.636263408619505753e+03 -6.247856006686673936e+03
-4.881664029533216649e+02 2.899384935432043221e+03 -8.824674905206846233e+03
-6.165596855302384029e+03 5.861500076340702208e+02 -5.966258976027439530e+03
-2.405062928434526384e+03 -3.322059614114610326e+02 -1.430957367452978178e+04
-3.108426155902925530e+03 1.862196873979113207e+03 -8.576452124207158704e+03
-4.967794140579727355e+03 -4.923986729051595717e+02 1.134166955852042975e+03
-1.965783003440652237e+03 -7.379671573512717941e+01 -7.022247944522076978e+03
-6.031091934598862281e+03 1.377999115776787221e+04 -8.896425396858277963e+03
-3.004368356604343717e+03 6.272834862853178493e+02 -7.549267295360501521e+03
-2.680834791971276445e+03 5.796168856567209332e+03 -8.980223920141059352e+03
-6.547037620578810220e+02 2.106498102023626871e+03 -7.941651531331815931e+03
-5.041976465249430476e+03 7.958742526617028261e+02 -6.149028366545698191e+03
-4.601808738994374835e+03 8.232108069584480745e+02 -6.742953689626239793e+03
-2.554122016094422634e+03 -1.917406546185251273e+02 -7.767001961336910426e+03
1.716421566825134141e+04 9.122710097576107728e+03 -9.273198641635513923e+03
-4.323242816233095255e+03 -4.349681938263022312e+04 -2.596592485666219727e+04
-9.674821148339608044e+03 -2.783252426144844321e+03 -6.067514740353357411e+03
5.220945305574308577e+02 8.312790995951087325e+02 -9.035000570330099436e+03
-5.267662647685547199e+03 3.710290491879694628e+02 -6.158882575218129205e+03
-1.036761559256111013e+03 1.794344984522508639e+03 -9.861385501437398489e+03
5.720115008128226464e+01 2.094453803252735327e+02 -8.522808788400552658e+03
-5.882908318709430205e+03 3.253584822422111529e+02 -6.497760803135849528e+03
-1.763344116056171742e+03 2.423028103167162897e+02 -7.606258693596139892e+03
-2.378907837677813859e+03 -4.333962211856663998e+03 1.518439306205770663e+03
-9.524567187983737313e+03 9.549073159943549172e+02 -6.205106175622916453e+03
-2.860315314015581407e+03 1.108361318429993844e+03 -1.579052914429468365e+04
-5.841768069408271003e+03 1.637091926310441977e+03 -6.566082578801595446e+03
-1.423249590398295368e+04 -9.586007247458060192e+02 2.561494774732713722e+03
3.137548911514691099e+02 -2.154410325606047536e+02 -1.075052720656761267e+04
-4.358862354903761116e+03 -8.701873853275445072e+03 -9.664892873315900943e+03
-7.755589719771528507e+02 3.097997786910250852e+03 -5.732688951067384551e+03
-2.262901933879172248e+03 7.310847497242457393e+02 -7.881973628425754214e+03
-3.985465685096671223e+03 6.732170115442663700e+02 -7.079091804714079444e+03
-5.120410979598417725e+03 1.587427967420329423e+03 -6.356791163339699779e+03
-5.680660500920024788e+03 6.266178915368234357e+02 -6.257974124451661737e+03
-5.004843800793718401e+03 3.228594714555975770e+03 -4.260876717763353554e+03
-3.871903070904245396e+03 6.860329786396242753e+02 -7.134265461741971194e+03
-4.523210118342283749e+03 2.751862947417976670e+02 -6.429224160573642621e+03
-3.935517133825845121e+03 8.186567929042653304e+02 -6.834665725520572778e+03
-5.171441316634794021e+03 -7.028948781370418146e+02 -1.086427506885603179e+04
-2.856052550876263012e+03 5.812036709148781028e+02 -7.748007691602912018e+03
-5.472362635984763074e+03 -7.583654560719177198e+02 -4.919755897490523239e+03
4.768146269468321634e+02 4.199781829899678996e+03 -8.112862316984971585e+03
-3.137019909350589842e+03 1.559039397981881052e+02 -8.305116199335190686e+03
-3.213171944120214903e+03 -1.092450251514303091e+03 -8.827313112937996266e+03
-5.964745641835513197e+03 1.731890595795868649e+03 -5.160489874587440681e+03
2.554551300101371089e+04 9.523260155403911995e+03 -1.249175342164890026e+04
-1.426503492523871728e+02 1.183960689531397293e+03 -5.871346176560100503e+03
1.777319275626153967e+03 -5.488216802577010185e+02 -9.109588375779241687e+03
-3.068597481665555279e+03 4.061987624210921126e+02 -7.416202075050707208e+03
-1.772285209331021906e+04 1.125517241516525792e+04 -1.663440749321466456e+03
-1.982856535326313633e+03 6.948648394518288569e+02 -8.277708096125094016e+03
-3.440390113656185349e+02 -6.874202739451769730e+02 -8.853904539499166276e+03
-5.501621631019180313e+03 6.686950840337801765e+02 -5.735420662668236218e+03
-2.051210535787011395e+03 5.268910520811912193e+02 -7.487715510169211484e+03
-2.805631820116940617e+03 1.018696173773382043e+03 -8.338892147222179119e+03
-1.559364098315161755e+03 2.553637217657538940e+02 -7.619088413615053469e+03
-1.907550274202092169e+03 5.183708888358827380e+02 -6.296655478112408673e+03
-5.728156293648048631e+03 6.517798111016703615e+02 -5.906434059518903268e+03
-6.002449903982851538e+03 1.359966176474183840e+03 -6.375752512266057238e+03
-1.651409533346098669e+03 -2.842852903691581332e+02 -8.607448402404688750e+03
-3.446460081792350593e+03 -2.730193080977029240e+03 -3.532161182479598665e+03
-9.861477902308789680e+02 3.820108449967420938e-01 -8.836306551982946985e+03
-3.920255995604311011e+03 7.017227204843711661e+02 -7.320343737039673215e+03
-6.039811253236046468e+03 2.034856006092858934e+03 -7.101792692360518231e+03
-1.826751429271228972e+03 5.613470783987201685e+03 -7.843849844921574004e+03
-3.785968230643585684e+03 4.354925849149872192e+02 -7.277269391918091060e+03
-2.724884807197030568e+03 1.004989040487591069e+03 -8.159510407662791295e+03
-6.646968396702877726e+03 -1.173276988458840151e+03 -4.400073052886476944e+03
-4.540945581314499577e+03 4.161292456242672415e+02 -7.134120802131908022e+03
-1.077473591619037279e+03 1.343038587928335119e+03 -8.458202436483106794e+03
2.576513714780339433e+04 9.715930411987867046e+03 -1.243857534606127774e+04
-4.483289691016012512e+03 1.666100194272817816e+03 -7.210220668463754919e+03
-4.209929316640795150e+03 6.588103660276713072e+02 -6.736541507087974423e+03
-2.216686262381390861e+03 4.710598746607838621e+02 -7.318005462708722916e+03
-3.665778080657581995e+03 7.722073768384140067e+02 -7.471483455906723975e+03
-2.628859317486511827e+03 9.438625060397214384e+02 -7.852960720428296554e+03
-3.110110340527716744e+03 5.811702692773429817e+02 -7.428682840169825795e+03
-7.392265624781935003e+02 -1.574942664822827965e+01 -8.847404573199608421e+03
7.489177872466590088e+03 -1.586569688572480663e+04 -1.605254484499254613e+04
-5.540944401470243974e+03 3.698090775492323701e+02 -6.238699183485823596e+03
-5.327335647627450271e+03 3.083545167860499987e+02 -6.714829222465157727e+03
-2.336564310932092667e+03 -2.651431801192728926e+03 -9.426458008973862889e+03
-6.773267687917704279e+03 1.800663236126800484e+03 -5.609807821286375656e+03
-6.370878185323383150e+03 9.386065345630559023e+02 -5.797067048601250463e+03
-5.460634461554416703e+03 6.128143661020512809e+02 -6.753630291324190694e+03
-1.851019543323524886e+03 -6.814227830896318210e+02 -9.546167165415381533e+03
-3.478299989983904652e+03 5.425025461201986445e+02 -7.437020149837261670e+03
-3.805561267927614153e+03 5.901593659866714461e+02 -7.341340251194073971e+03
-5.296060674825473143e+03 -1.184054830547482652e+03 -3.800708966758421411e+03
-5.470932842750855343e+03 1.441828479733572522e+03 -4.537511495503682454e+03
-1.901081663064716167e+03 -1.084916123815547280e+03 -8.098913247186163971e+03
-6.347670173510886343e+03 -1.594534169222239143e+03 -6.815612624120899454e+03
-2.912371904434814496e+03 7.904413277048327018e+02 -7.010659805130191671e+03
-5.293272106122685727e+03 -6.376375341137430723e+02 -4.786279330454291085e+03
-2.147839428078634228e+03 8.198957443356533759e+01 -7.774350162609008294e+03
-2.127393905990912390e+04 -4.056638348665383091e+03 1.811541447327921196e+04
-1.499252088115773768e+04 -7.495589024359243012e+03 -2.227062992186971314e+04
2.364129187457433545e+03 2.116927229934764000e+03 -1.697685976634848339e+04
-3.454545566432755550e+03 1.083319025342673285e+02 -6.953188441260789659e+03
-3.359892374152162574e+03 1.373905120544673991e+03 -5.736172470841286668e+03
-7.358091535375366220e+03 1.353891892326729476e+03 -6.304390650787479899e+03
-4.405636335601936480e+03 -8.821624876369054618e+03 -8.336184160748924114e+03
-4.839464110529491336e+03 -1.483543132057403682e+03 -2.924727105209243291e+03
-9.905470530074883300e+02 -7.963139708424350829e+02 -9.638655365459024324e+03
5.822325513282671636e+02 3.704004091160014696e+02 -3.642126866551921921e+03
-3.704876358255092782e+03 4.481744087042642377e+02 -7.220177593474803871e+03
-5.541643443241440764e+03 3.104051677510242371e+03 -5.448709854813493621e+03
-4.743236783506013126e+03 3.936365527740450716e+02 -5.362403081425213713e+03
-4.919116865326159314e+03 -5.766875808373483778e+02 -1.253110193053837975e+04
-1.341376257396622168e+04 5.315288227605292377e+03 -1.766944018247830172e+04
5.815872333147848394e+01 -2.714119174400973407e+02 -8.406718645305742029e+03
-4.614255866830412742e+03 6.229574852743076008e+02 -5.615575769882540953e+03
-4.620565635157227007e+02 -1.195841911971141371e+03 -8.082993680677051088e+03
-4.963659683957983361e+03 1.353588925660033965e+03 -6.937042345318704065e+03
-5.536899070772621599e+03 -3.911541067134714922e+02 -6.776047795789503652e+03
1.321009176592588847e+04 -9.692364354962366633e+03 -2.187790343361984560e+04
-4.055098407496479012e+03 5.624560807192931406e+02 -7.224997951889700744e+03
-4.165328216569667347e+03 8.339664054283014138e+02 -7.074426614850252008e+03
-1.817677913005724804e+03 2.172538672677354725e+02 -8.774344539679394074e+03
-3.096227827405958124e+03 6.215728545904514704e+02 -7.516112420249914976e+03
-2.778764744913974027e+03 1.058588557423900966e+03 -7.970897007131756254e+03
-4.159588273929550269e+03 2.354775390635770975e+02 -6.876863798912653692e+03
-3.285083425248634740e+03 3.207531003111277528e+02 -7.235627772566513158e+03
-3.734432995553070214e+03 3.225480006940357498e+02 -7.278482152630659584e+03
-4.910361082857942165e+03 5.378850570453114415e+02 -6.639857115824346693e+03
-2.329486596515033852e+03 6.297799725072284218e+02 -7.602960312478780907e+03
-3.315391243033983483e+04 -1.373452340713473131e+04 5.832032694530762456e+03
-4.673104729769715959e+01 2.750537163600698477e+03 -7.494634925189930982e+03
5.853806880657773490e+02 2.447661019867590767e+03 -9.466320198135612372e+03
-2.239400445701630815e+03 2.063445809039577853e+03 -8.091782428572981189e+03
-3.601252557146885010e+03 4.933915118890390659e+02 -7.462275086341596761e+03
-5.620360490636628128e+03 1.150882400782048535e+03 -4.984521914073742664e+03
9.610222208531902197e+02 -1.295475537301140321e+02 -9.858029426024584609e+03
-4.922344460671781235e+03 6.797637158933447381e+02 -5.745866805184179611e+03
8.860255542042388697e+03 8.339819267291739379e+03 -3.148506368808210027e+03
2.228832097037742642e+03 3.398907110549511344e+03 -7.753703298017193447e+03
-3.517813558930467934e+03 3.051750004517535899e+02 -7.106859135045903713e+03
-4.334658377309360731e+03 8.637674726726651215e+02 -7.280857312064904363e+03
-1.812968874172536971e+03 -9.418077580875539070e+02 -5.995166816312578703e+03
-1.605185722981214894e+03 4.411578572769219136e+03 -7.218450893676799751e+03
-2.195503552778227458e+04 3.792611670890758978e+04 -4.242883922295040247e+04
-8.905074981222684073e+03 3.581516060026632658e+03 -1.214939151139151727e+04
-4.306047590937423593e+03 9.891586138237216801e+02 -7.295282323374070074e+03
-1.128719090860100914e+04 -3.566819248069864443e+03 -2.302695832518249972e+03
-1.894145663579240136e+03 -2.414385946362163509e+02 -8.414003439940595854e+03
-6.369395066443019459e+03 -6.225661393594562469e+03 -4.798683794912636586e+03
-4.921473584900660171e+03 1.208903328037326446e+03 -6.252169044963090528e+03
-4.466349058971514751e+03 5.231638385359223093e+02 -6.554515118011705454e+03
-5.116677546599376910e+03 6.060537044471838044e+02 -6.218753379463352758e+03
6.673003794758019467e+03 -9.144200920814233541e+03 -1.840614395119874825e+04
-3.828356990845511973e+03 5.253886377180408545e+02 -7.141821604829610806e+03
-8.439581690034131043e+02 1.346863474606434465e+03 -1.045441197903034481e+04
-3.913426430774541132e+03 1.330200943421388729e+03 -5.631011707435243807e+03
-4.912035293027951411e+03 2.644435785356731117e+02 -6.050739354924159670e+03
8.368726389750088401e+02 -2.138575396024999463e+03 -4.335647118269081147e+03
-4.287662615670537889e+03 5.167976482773005955e+02 -7.058076782659945820e+03
-2.059096954898872355e+03 -1.851266175289838066e+04 1.959425032118470699e+04
-3.763085955805216145e+03 6.346649704417291105e+02 -7.040901531917375905e+03
-4.321413559863030059e+03 6.385787305254547164e+02 -6.706083482650656151e+03
-4.120799314845514346e+03 8.087744470058996740e+02 -6.995298878128915021e+03
-2.052089892830854296e+02 1.418085527114217257e+03 -8.521840744891069335e+03
-1.933881855894625915e+03 4.212416575560853857e+02 -7.457879789692367012e+03
-3.776552406511898425e+03 5.251396141491450180e+02 -7.496819281425681766e+03
-2.062872568456980844e+03 3.137535339424766789e+01 -8.154231376569704480e+03
-4.215305591201870993e+04 -3.236579823251434209e+04 6.059604933406804048e+04
-2.941131260924672461e+03 -4.769022057290168050e+03 4.423377207968290350e+03
-3.991049449640751391e+03 1.200149914572084981e+03 -6.963957705643141708e+03
-4.572121754455011796e+03 -2.646547403210955736e+02 -8.622100456036503601e+03
-9.638635423894871792e+02 1.011022626746183732e+03 -7.795386457432114184e+03
-2.692342809875881358e+03 4.470817985679702247e+02 -7.508402861635506270e+03
-3.441787496410810490e+03 6.022134189422534973e+02 -7.313507566938540549e+03
-3.807452385405704263e+03 9.107111005652669746e+02 -6.970668366646609684e+03
-1.468676565862860116e+03 -7.805471794919009199e+01 -7.920939448634012479e+03
-1.916272893640937582e+03 -3.130494547332440197e+04 1.612006121982868081e+03
-5.245378408077995118e+02 2.424692949097273811e+02 -8.513850733909432165e+03
-2.416694955133013991e+03 -1.520284908749052306e+02 -7.849981616645110989e+03
9.215886653852539894e+03 -3.611106603788680786e+03 -1.421714661345148306e+04
-1.751869712056641447e+03 4.748713700442807522e+02 -7.873297395234047144e+03
-3.040218920644212631e+03 3.868155308540748365e+02 -5.549934427060801681e+03
-1.551567061417554214e+03 5.632256583988015564e+02 -8.402400512609225188e+03
-4.547353442394587546e+03 4.260911969483690882e+02 -7.018800061854630258e+03
-5.302551725692230320e+03 5.433970298744451384e+02 -1.027329639698646861e+04
-3.814649743122696236e+03 1.152829409156385736e+03 -6.784898663275518629e+03
-1.745270944034874219e+03 6.494759320761390882e+02 -8.297236707033860512e+03
-3.557019491630685934e+03 9.030832621486838434e+02 -7.197997979820583168e+03
-7.361664916133435327e+03 -3.212729314616038209e+03 -7.008506385590693753e+03
-3.703948186393707147e+03 7.298373904732321762e+02 -7.212769036852957470e+03
-1.518862944235741816e+04 -1.438571402245115860e+04 6.572846324959200501e+03
-2.760432583037979930e+04 9.756310600003009313e+03 8.375843029357640262e+03
2.394035235772726082e+03 -3.910229576358045051e+03 -1.205512075664121221e+04
-3.713464144945887256e+03 -1.557207972393276805e+02 -4.857092271272766993e+03
-7.806518866871115279e+03 -7.383276063240055919e+03 -5.553213373840139866e+03
-5.794809753957265457e+03 3.355843413803447675e+02 -6.572166441412628956e+03
-6.798346297626364503e+03 -2.865140093234099368e+02 -8.003183936861958500e+03
-3.983882696619753915e+03 3.443382554684833963e+02 -6.846799615857177741e+03
-9.203812295354335220e+03 2.958855177018936047e+03 -2.956117395498064070e+03
-6.305719276844680280e+03 4.843867663869930766e+03 -6.728454533898559930e+03
-3.451255874579492684e+03 3.250967226286367122e+02 -7.099443276024475381e+03
-2.293433416213009423e+03 -4.082875336679600196e+02 -7.777218806639278228e+03
-3.306388348684472021e+03 4.899199628757369283e+03 -6.993926350843409637e+03
-3.724433121881551415e+03 1.025871719002203463e+03 -7.327274762780481069e+03
-1.965866211973445161e+03 3.546404181593721660e+03 -4.665265407421054988e+03
-1.994084514782381120e+03 -2.162191196858508647e+03 -7.391561544356201921e+03
7.752324248751433515e+02 -8.919285185310619681e+02 -6.444426451627595270e+03
-8.544474942283111886e+03 2.189039337909386450e+04 -2.445951672739123387e+04
-9.385312703823005904e+02 7.709799235201851388e+02 -8.100860395850309942e+03
-3.794295528437720350e+03 2.120184413573734673e+03 -6.923379267789733603e+03
-1.179180055825917179e+03 8.349463321093728609e+02 -7.577204335241226545e+03
-1.413945198038683429e+03 -6.831739716570285054e+03 -7.999691804951617996e+03
-4.033417821428023672e+03 -4.094037227358815471e+03 -6.706923537803896579e+03
-2.564221621119755127e+03 7.299017229670296274e+02 -7.680270135385070716e+03
-4.017781601713624241e+03 5.938886825332286890e+02 -6.819478064280518083e+03
-3.389893662364714146e+03 4.962716103684308564e+02 -7.546995647082357209e+03
-3.672620430434558784e+03 7.933726104148271361e+02 -7.641751367920056509e+03
-3.609113981288751802e+03 8.669954041544256143e+02 -7.373487024058145835e+03
-3.625744914362816417e+03 7.106585064323270444e+02 -7.557288273088680398e+03
-9.378330607604984834e+03 4.455180642696582254e+03 -2.494595706471957897e+02
-1.028477985754058409e+03 -5.098898424730734291e+02 -7.834415541278986893e+03
-3.474787101340944446e+03 -6.331639567087743671e+03 -2.724111728963182941e+03
-3.738475256987642297e+03 5.035084882256119840e+02 -6.996540134646574188e+03
-1.243749624285313985e+03 5.610820331912645997e+01 -7.494949869850302093e+03
-3.610518005629407526e+03 3.483216006244762752e+02 -7.583103013825113521e+03
2.123601866567865363e+04 7.479113888275587669e+03 -1.645843520825670566e+04
-3.703762915662078740e+03 8.190788186173788290e+02 -7.311574335642131700e+03
-3.682240411670442427e+03 7.093454342288110865e+02 -7.688727677062099247e+03
-7.487420178199383372e+03 7.889875993368697891e+03 -3.401454895421237597e+04
-1.574889590837064588e+03 1.910283307870135729e+02 -7.436366132599925550e+03
-3.926415699562107875e+03 5.013510847839087319e+02 -6.889701041260368584e+03
-3.543342033488326251e+03 6.485733729870767093e+02 -7.639488203676293779e+03
-3.504029809794025823e+03 8.877908819883514298e+02 -7.381918502931283911e+03
-4.759920763972186251e+02 1.714182052017999467e+03 -7.942740248256552150e+03
-2.963423057294902719e+03 4.790214677923381714e+03 -6.179236221858152021e+03
-1.484886599889461877e+03 -6.714635852763892672e+02 -1.151618401056022230e+04
-4.971960845496198090e+03 -3.790877592192093744e+03 -3.782904531553127981e+03
-5.501186704773072051e+03 9.332825380503768429e+02 -1.958472228269367861e+03
-1.700237354518719258e+03 3.205291784350666603e+03 -8.933627480107823430e+03
-3.411443534921967967e+03 6.650294948853986625e+02 -6.479697964842993315e+03
2.251671632074099034e+04 2.254745674645190229e+04 -4.506619399386064470e+04
2.083811160322913111e+03 2.849410773971050276e+03 -1.205266573860300377e+04
-5.578921287543847029e+03 1.154079562061588376e+03 -5.844633772382190728e+03
-3.520805172944018523e+03 8.314590016883013277e+02 -7.486205403556162310e+03
-2.954032750382187260e+03 2.980458400068470155e+02 -8.458636726980763342e+03
7.352881155031486742e+03 6.339863771269729114e+03 -2.971216166069566680e+04
-4.788874940918454740e+03 7.676011260327144328e+02 -5.895409664525713197e+03
-3.777017940160876606e+03 8.888303187316631693e+02 -7.289464438125682136e+03
2.152364361081377410e+03 -2.233724618759147688e+03 -9.132452686067628747e+03
2.233297673527205916e+03 1.888475432020816470e+03 -4.573292519812100181e+03
-4.089397873927975070e+03 1.793791829388037513e+02 -6.906229417688847207e+03
-9.589675186448561362e+03 7.868591958868546499e+02 -6.151125181237791821e+02
3.994274188464054987e+03 5.400696657639216937e+03 -9.471279026781805442e+03
-9.144358339303502362e+03 5.255083511813861151e+03 6.206278306961334238e+03
-5.503057696157579812e+03 3.994654853069170031e+02 -5.826973808534293312e+03
-2.636798561058659288e+03 2.641632455224034402e+03 -9.883735856352048359e+03
-3.554173203566065695e+03 2.823999284602844000e+02 -7.095437766663893854e+03
2.972547891991031861e+02 -4.973867513503087139e+03 -7.471292099816358132e+03
-3.372163631077738501e+03 4.336263740085305471e+02 -7.457858174550965487e+03
-2.740428703743412370e+03 4.601142065170541855e+02 -7.533918417476974355e+03
-3.747256432055773075e+03 3.610602120839139957e+02 -9.377302136643907943e+03
-5.767750595557558881e+03 3.601463801241332931e+03 -5.941287662739524421e+03
-3.790480280637219948e+03 3.521966594226390157e+02 -7.505725029833374720e+03
-3.717986320328400325e+03 4.312700324640960616e+02 -7.619668510025061551e+03
-3.338668900218769977e+03 3.511037646955691343e+03 -6.827902992583845844e+03
-3.502036277053495724e+03 2.543462951878152865e+02 -7.099932606819890680e+03
-3.597566780889092115e+03 6.976245468056981736e+01 -7.210088971109976228e+03
-4.482917556817918012e+03 4.397857984204313198e+02 -5.995975168094131732e+03
-1.220452083289101756e+04 -2.823933357381765745e+03 -1.035647549843097477e+04
-3.497410079779710486e+03 6.878546490914875449e+02 -7.047773230582659380e+03
-1.283484295637211972e+03 -3.428331572153712386e+03 -1.589465062939864947e+04
-3.484874961319517752e+03 8.342053195529708773e+02 -7.355900337222879898e+03
-1.826838745362203554e+04 4.752101637026986282e+03 2.535417347630790118e+03
-3.632469343586597915e+03 -5.114877466554804414e+03 -6.659093897951159306e+03
-5.325156567444706525e+03 1.098811061332774898e+03 -8.887913014449939510e+03
-3.348740565142747073e+03 2.626620568772405022e+03 -8.466046321507807079e+03
-2.870956493174749085e+03 5.779697646907370654e+02 -7.159049702787873684e+03
-3.917554499280844539e+03 3.448513491420657147e+02 -6.768596202526866364e+03
-1.443426570472770891e+03 1.012864410219420392e+03 -9.269327514184000393e+03
-3.721246920896594020e+03 3.710086452147612022e+02 -7.075064650636416445e+03
2.876860109832977832e+04 2.174110817552517619e+04 -7.119911074122045829e+04
-2.685795464315965546e+03 -3.026055303431682660e+03 -3.410378453771926161e+03
-1.074512861456518840e+04 -1.221990538609211399e+03 -1.205090224303953437e+04
-3.182303021004685888e+03 5.361140107437861388e+02 -7.374635221501080196e+03
-3.473557800883314030e+03 -7.402808239426182126e+02 -6.720865141621366092e+03
-3.514322790304722275e+03 3.173944564668631187e+02 -7.047522753013243346e+03
-3.426296553763819247e+03 4.371432782244116879e+02 -6.707005555095166528e+03
-5.197900837874427452e+03 1.317407584222597734e+03 -6.910188305596723694e+03
-3.739161159036494610e+03 3.171594497229789340e+02 -7.479893734764002147e+03
-3.706817888768743160e+03 4.891014890829138153e+02 -6.989660353899833353e+03
-3.350912483091493414e+03 7.004405335393367977e+02 -6.399099617402785043e+03
-5.297716267088753739e+03 -2.080685657341061301e+02 -7.073664861352075604e+03
-3.777593754182939847e+03 8.651208086855530155e+02 -7.291686490060191318e+03
6.754082284633921063e+01 2.373043854557961822e+03 -7.495519437371071945e+03
-1.038619042597687439e+04 -5.513938392303420954e+01 -1.348126324851595018e+04
1.396788247377239031e+03 -6.005250209308440390e+03 -4.321310108969729299e+03
-3.546058202156823427e+03 5.560298781867804792e+02 -7.064634088112361496e+03
-2.326386733290752545e+03 5.351872239236911355e+02 -7.670019344188047398e+03
-9.313235741378906823e+03 -5.241884460280498388e+02 -1.145533456351461609e+04
6.978883773906865827e+03 6.222399959263831079e+03 -9.296454815376946499e+03
-3.533342481715115355e+03 6.814556610737852225e+02 -7.360597315942597561e+03
-4.352309561261841736e+03 5.411498425886272798e+02 -6.663977511739734837e+03
6.130645981101541111e+03 9.043936829929976739e+03 -1.375214561207118641e+04
-2.108042356800127436e+03 2.015945710312624897e+03 -9.800740363917220748e+03
2.749627110646440269e+04 -3.633737798513734106e+03 1.783941790462104473e+04
6.901008853007833750e+02 3.828267054132425983e+03 -5.394852346404964919e+03
-3.054634035898454840e+03 7.830973134003047562e+02 -7.091822016738156890e+03
-1.123495836723165485e+04 -1.041322781002751071e+03 -3.679388643530816807e+03
-3.540223452520282990e+03 7.339410828886011586e+02 -7.144547889811823552e+03
-3.636909220359258597e+03 7.213672504679998383e+02 -7.613577802587903534e+03
-8.824483294566705808e+03 -2.098099783086415300e+03 -1.082704973724621959e+04
-7.044861188520477299e+03 -1.416663691557730090e+03 -5.211073850917382515e+03
2.966876615450594727e+03 2.300249446356221142e+03 -1.952603243165570893e+04
-3.727600050678703610e+03 7.303753792311204052e+02 -7.364945762133969765e+03
-5.124576519682274375e+04 -4.814767321692265250e+04 -1.245206757784849833e+04
8.166963530753906753e+02 3.156548242553637920e+03 -8.299909434546565535e+03
-3.512942037295660157e+03 7.439158159709070333e+02 -7.129602618250081832e+03
-3.516561550075188279e+03 8.441242264292145592e+02 -7.491208552062881608e+03
-3.979259099381557007e+03 1.491677223360933908e+02 -6.848211804081500304e+03
-7.833824964622388507e+03 -3.349328275474380462e+03 -8.827735317232996749e+03
-8.945270057535310571e+02 3.274341375473904463e+03 -1.053426423583678479e+04
-9.509368031610623802e+03 -2.757745629144871418e+04 2.383160515057234079e+04
-3.542071608293176268e+03 8.132374325738452399e+02 -7.522274394433625275e+03
-1.121151570067635703e+03 -1.006590872662794391e+04 -8.359410568503841205e+03
1.252940733946632008e+03 2.611062638157206948e+03 -6.094625823620576739e+03
5.006044147851332673e+04 4.518627480518358789e+04 -3.028564263920731173e+04
-3.739908239732070342e+03 8.811299962795990268e+02 -7.559886685616745126e+03
-3.623376440117694528e+03 6.959107769739302967e+02 -6.765620175664182170e+03
-3.780308846226488185e+03 3.990449194958383714e+02 -3.249658996733468030e+03
-5.903484533123955771e+03 3.454730512606561661e+03 -1.253705924255586524e+03
1.242225520512136245e+04 -1.261759160692164187e+03 -2.131932633329131204e+04
-3.410373328300748199e+03 4.831678229778729019e+02 -7.387939860225527809e+03
-4.277009129027145718e+03 7.313344314432702049e+02 -6.360518554616802248e+03
-4.778817509043200516e+03 8.780824608923333585e+01 -7.337275643861773460e+03
-4.396653534233262690e+03 1.051776695872888467e+03 -6.461843419607384931e+03
6.923531498122336416e+03 4.205935542940619598e+03 -5.273518576731317808e+03
-2.349103834923776594e+04 -2.421554889637196538e+04 -5.490278367810710733e+02
-1.610701744291074829e+04 1.245058190278682741e+04 4.636892401432335646e+03
-1.628752509736288994e+04 1.432998257245942841e+04 -1.140585998643136918e+04
-3.412520683733263922e+03 6.070079833233425006e+02 -7.611916311711802337e+03
-2.829152904292424182e+02 -8.555213823347686457e+02 -7.264878033376363419e+03
-9.600695729016521796e+01 -5.052985143627535763e+03 -7.956349594452290148e+03
-2.978040159975918868e+03 8.376492264967412211e+02 -7.215007370694444035e+03
-4.117078308092363841e+03 5.802256148421377020e+02 -6.870496088950526428e+03
-4.223863109281923244e+03 5.548250057487580307e+02 -6.675523669448699366e+03
-8.023865057116267963e+03 9.246739019581280445e+03 -1.915704752650640148e+04
-7.001912557272580671e+03 -5.510544069379250232e+02 -2.147346395199461767e+03
-3.928447758041798807e+03 1.081610151260406951e+02 -6.665182028719508708e+03
-3.977529424193614432e+03 2.121494724890995712e+03 -6.117283357213965246e+03
-4.056748097171440804e+03 -1.204023083349087756e+03 -9.461725509956700989e+03
-3.465643343627292779e+03 5.243293145542811544e+02 -7.567522038592703211e+03
3.215987633218187693e+04 3.868556909845631162e+04 1.629679109288469954e+04
-1.743177080628796148e+03 3.484098057751597253e+02 -4.066282770909082956e+03
-4.707339823704774972e+03 9.291413017101156129e+02 -9.068800438419773855e+03
-1.348866469721040085e+04 2.209093647296967902e+03 -3.335872847043592628e+03
7.785793769449282991e+02 -4.202140987527066045e+02 -1.103421878546749576e+04
-3.603009989057570692e+03 5.294280496467597459e+02 -7.220192363630055297e+03
-1.164770793928883359e+04 2.451314646653323507e+03 -1.050057652425646120e+04
-3.611430010732119626e+03 6.382694605269552994e+02 -7.527896306866938176e+03
-3.538624161482642648e+03 6.371357004188820383e+02 -7.145509241844732060e+03
-4.529348152047165058e+03 3.603360212645052798e+03 -7.989055021134142407e+03
-4.578302476287796708e+03 -5.876834438872405372e+03 -7.563410911036789003e+03
-3.538417914239546917e+03 5.539140835607533973e+02 -7.462037484646277335e+03
-3.818647850465117244e+03 4.834439271707619241e+02 -7.390110017514793071e+03
-6.615271872423975765e+03 -1.167265732307126564e+04 -8.562057280269809780e+03
-3.269200828146093954e+03 5.777739401817639191e+02 -7.516096338447784547e+03
-3.671735796377293809e+03 4.485539220497478823e+02 -6.792164177887769256e+03
-2.499526410288095121e+03 3.819529077619549753e+02 -7.816255756376061981e+03
-3.648821520847461670e+03 1.281709446574235471e+03 -3.583593947066669898e+03
-4.078635012187897246e+03 4.749723797201745015e+02 -6.561357151283235908e+03
-4.523908719198433573e+03 3.157310403536003832e+03 -5.045911651283153333e+03
-3.289717325651126430e+03 3.710141442730408698e+02 -7.384401099032136699e+03
-1.156533137660174589e+03 1.785321743964036159e+03 -9.048090951330364987e+03
-3.568580074557033640e+03 -3.649195163807980407e+03 -6.759753822586382739e+03
1.244775494947198240e+03 4.661269550289462131e+03 -6.442603428367409833e+03
-4.266747529144467990e+03 9.283396023091880807e+02 -6.429540560692726103e+03
-4.218805040641474989e+03 6.929566902443585832e+02 -6.751749175174832089e+03
-3.186392332407853246e+03 6.101463088532165102e+02 -7.193379438550166014e+03
-3.364040918205461821e+03 1.150227441182075268e+02 -1.010875465083951212e+03
-4.059677726148145666e+03 8.729016547954561247e+02 -6.766339556597225965e+03
-8.236597725202933361e+03 5.880459976120076817e+02 -2.285769542695150449e+03
-1.206714717756830942e+04 -1.743388109919780163e+03 -7.201596580070093296e+03
-6.393851704048418469e+03 -9.429818932024913011e+03 -1.674740186030701807e+04
-3.501589093832191338e+03 5.740021908214336008e+02 -7.523648253839930476e+03
-3.547084514451500581e+03 3.895962254540884828e+02 -7.407996949903314089e+03
-3.658994949784334040e+03 3.434962911616520387e+02 -6.903092692637363143e+03
-5.859209017852887200e+02 -3.888039877112562408e+03 -6.723584968273176855e+03
2.279367524801205218e+04 6.118767175626229800e+03 9.487004400447132866e+03
-3.472421765225916261e+03 5.456317522756528433e+02 -7.608406418400313669e+03
-3.903646855507530745e+03 2.181151577809261255e+02 -6.787407889539956159e+03
-3.506336394088349607e+03 7.548182537207710538e+02 -7.600082184449421220e+03
-4.989371686912578298e+03 -8.016358623538903316e+01 -8.686598323994370730e+03
-3.501362599794335893e+03 7.120046682308952768e+02 -7.260456668106530742e+03
-1.474189250614279081e+04 -8.451902206994627704e+03 -9.010411303950208094e+03
-3.677105040602815279e+03 1.940036688337239866e+03 -7.724779414670192637e+03
-3.506799633367433216e+03 3.555486273116223970e+02 -7.401641966707555184e+03
-3.683872713672225018e+03 6.338837926282218405e+02 -6.829245519502284878e+03
-3.253520905953851525e+03 1.265146631680453083e+03 -7.599306746362983176e+03
-2.473259136415752437e+03 -6.207568823018275452e+02 -7.815331101624731673e+03
-2.194224634929615604e+03 -1.544265250575448817e+03 -7.018732319314206507e+03
-3.495148778967388353e+03 7.525170259755759616e+02 -7.072639954518569539e+03
-2.200683566401059124e+03 -1.526821292073335030e+02 -6.995494445302629174e+03
8.248570286882242726e+03 1.349852560425095589e+03 -7.869278795759858440e+03
4.106512305715411640e+04 6.196442964307736838e+04 2.434520514267374892e+04
-1.100407705074499745e+03 -3.066956969457801733e+03 -1.330475923948613854e+04
-3.836538989889718323e+03 9.901545910631898550e+02 -6.889822916754026664e+03
-3.726166120581570794e+03 5.815209249267524001e+02 -7.437684799986358485e+03
3.055404589273268721e+04 2.264911185222130734e+04 -3.918788173660512257e+04
-3.596747726684550798e+03 3.816385124623674869e+02 -7.177592149782342858e+03
-3.316910130912602654e+03 5.131406493874408170e+02 -7.440918992732057632e+03
1.232903640534726401e+04 7.732415731129779488e+03 -2.768868112713421579e+04
-3.556783019072316165e+03 6.302862388608074298e+02 -7.355978500996910952e+03
-2.992446951136013013e+03 1.912053535621220135e+02 -6.667800216301544424e+03
-3.524542078800565832e+03 7.847241870323168769e+02 -7.327178408216879689e+03
-2.912096981608563965e+03 1.496768874302131508e+03 -7.380224254465231752e+03
-5.141921722796419999e+03 9.752981366092501503e+02 -6.642523615922174031e+03
-2.576021436018426357e+03 2.802154502033243944e+02 -8.178736843329898875e+03
-3.417362375707557476e+03 3.267589499748131630e+02 -7.409400254198664697e+03
-3.541214432779704566e+03 3.589501826365292914e+02 -7.065646043505850685e+03
-1.878558758064936001e+03 7.506051407643930133e+02 -1.055886983552525817e+04
-9.180648212613489250e+02 2.993962666653100769e+03 -4.829008234166905822e+03
-4.686961027569517682e+03 3.172930149031655219e+03 -6.318303737101585284e+03
-3.482936305809245368e+03 3.739197114911557946e+02 -7.457717325335810528e+03
-8.323604339057974357e+03 2.085888988735948715e+03 1.377610616656317461e+03
-3.502598225778617234e+03 9.335446229833459029e+02 -7.024559921790079898e+03
-4.299401517606279413e+03 1.596185474636369236e+03 -5.566363314409962186e+03
-3.325886358054945504e+03 5.122332796719528005e+02 -7.370141218932159973e+03
-4.125114584114336139e+03 5.470154348877846360e+02 -6.605175472319777327e+03
-1.729968177801006732e+03 -1.370660875156558404e+03 -1.189551375069149435e+04
-4.134839362169321248e+03 7.434162808654906485e+02 -8.475872798841712211e+03
-3.284254677650560097e+03 1.272199768665969486e+03 -7.326722673113819837e+03
-2.299852520016258950e+03 4.724797653884776309e+02 -7.003812671466445863e+03
-3.432883018457376693e+03 8.764942692809249820e+02 -6.932122721398993235e+03
-9.315114695873385244e+02 -1.822236920972227153e+03 -4.732469597296475513e+03
-4.185434148412053219e+03 1.292131256388617885e+03 -5.421132360915054051e+03
-2.257900068124514291e+04 6.516670965265189807e+03 -2.877778552924860833e+03
-3.943933697705258965e+03 2.731161677603904536e+01 -6.217438840694169812e+03
-4.569961690086312046e+03 7.006440888237847275e+01 -5.819397025089327144e+03
-1.976892781168866577e+03 4.184826171404341721e+02 -7.966172478468437475e+03
-3.587329542395204498e+03 8.352903519857236461e+02 -7.169502346040558223e+03
-2.681816013842290886e+03 -1.231903442856328184e+02 -8.819449059517499336e+03
-3.122654898436680014e+03 -5.971837130721926769e+03 7.911686070603661847e+02
-3.120322273101277460e+03 9.490389706992417587e+02 -6.898468715306291415e+03
-3.370924705672930031e+03 6.195468790339702991e+02 -7.432180968276374188e+03
-3.535381988652350174e+03 1.005507369440824391e+03 -6.636804723727957025e+03
4.231442059105085718e+03 5.121529472060670378e+04 7.084144197351274670e+02
-8.598008578368955568e+03 -3.933058955764860457e+03 -1.431612959521673292e+04
-3.544334179848901385e+03 4.704180745426743897e+02 -7.135785840509721311e+03
-2.319566573835430972e+03 -4.610659184872934020e+02 -9.446093987032059886e+03
-1.021092811972778463e+03 5.049341509817846600e+03 -1.052690386485649833e+04
-3.651594122445678295e+03 9.743414778866950883e+02 -7.038552007097513524e+03
-3.972309201930719610e+03 2.240771873177208818e+03 -7.095947842384061005e+03
-3.672882044164464787e+03 -1.051165623728581977e+02 -8.759792884483867965e+03
-4.113268746512654616e+03 1.414925970877682175e+03 -1.290758665264255069e+04
-1.157905648560530244e+04 1.376777316596448486e+01 -6.858801458781612155e+02
-4.183498985540144531e+03 1.205333654479004053e+03 -6.214379072569585333e+03
-3.313147485680106911e+03 7.264736475787144627e+02 -6.607913395652654799e+03
-4.636942950440123241e+03 2.479924227381621677e+03 -8.954017215341693372e+03
-3.571223912229701455e+03 4.575232091484663215e+02 -7.446722298249167579e+03
-3.548044192437494530e+03 3.491322092101448789e+02 -7.403337431186543654e+03
-5.094788777846692028e+03 -1.924239051452114381e+03 -6.776540283997715051e+03
-4.605549261513987403e+03 -2.098434104298853981e+03 -5.276208795635047863e+03
-2.804994640842453464e+03 9.233118581514125935e+02 -7.155654149504717680e+03
-3.496985600850236096e+03 2.880432752259628160e+02 -7.344022020719877219e+03
-4.439045388141679723e+03 1.276324240504266982e+03 -9.148054078054894489e+03
-3.683578215747653758e+03 4.743014424927783352e+02 -6.983555334827338811e+03
-8.884569519526537988e+03 -3.860319981093089154e+02 -3.171145208181651924e+03
-3.843115271833369661e+03 7.671092241955203690e+02 -6.803486227287133261e+03
-4.743850176765222386e+03 1.435379245953998861e+02 -6.701547619541421227e+03
-3.480979420579579255e+03 5.392041308335035410e+02 -7.140898876717332314e+03
3.470187319469550857e+01 3.756727362265859938e+03 -9.942803323161293520e+03
-3.473391937918590429e+03 1.158388047873752157e+03 -7.550073065260289695e+03
-4.354436460594157325e+03 1.406584492731150931e+03 -8.812665246015516459e+03
-1.431606777178178891e+04 1.450496941421183692e+04 -2.789650153033598144e+03
-3.478673330109218568e+03 5.513712781215594987e+02 -7.547943494539053063e+03
-3.470332848423625819e+03 1.853032032028035587e+02 -7.251847029658104475e+03
-5.267509859970032267e+03 -6.304253551495503416e+01 -7.588771935352666333e+03
-4.685834523384427484e+03 1.146220263980574828e+03 -4.785657060301390629e+03
-7.263326347628950316e+03 7.549929892837227271e+03 -1.098817017240499445e+04
1.439373996427023258e+03 -2.863410258290165530e+03 -1.195901258468629385e+04
2.842688710199059642e+03 9.960303332517833041e+02 -4.129582641978701758e+03
-3.060926739983996868e+03 1.609511737924810632e+03 -1.012747528314841293e+04
-1.051764109731907183e+03 -6.277473814890327048e+02 -8.017959348069643966e+03
-3.460493398130357491e+03 3.664085687740898152e+02 -7.450335273841067647e+03
-3.252852359533060735e+03 6.577871544290086376e+02 -7.509253762806746636e+03
-3.528772597957048674e+03 7.694683799528118016e+02 -7.113661964639620237e+03
-1.861748222800634267e+03 1.200511974421460309e+03 -7.344375132879258672e+03
-3.212366476812697329e+03 1.687463577759923510e+03 -7.684299672420333081e+03
-3.783127018058871727e+03 5.221825661026778107e+02 -6.727169307051003670e+03
-3.482602113945446945e+03 1.796643697566819355e+02 -7.297797243847408936e+03
-3.449688505337462630e+03 4.377592027033695103e+02 -7.157495389554276699e+03
-5.202619589836269370e+03 7.403907938543422915e+02 -5.928037449709611792e+03
-3.541641122516861742e+03 2.710926178973747369e+02 -7.314193005215755875e+03
-5.943203098963242155e+03 2.124091156464111009e+03 -7.419162097011871992e+03
-3.648718335995297821e+03 -3.392597599355576676e+01 -6.536788007155134437e+03
1.146820478563973120e+04 2.602429001979746317e+03 -2.403202893509093337e+04
-3.415012981324984594e+03 7.265000413175525864e+02 -6.664968600988148864e+03
-2.968359591095334963e+03 2.342557948145583850e+03 -9.607572952083419295e+03
-4.504455949137053722e+03 3.319860401174086292e+03 -2.687721050759176251e+03
-8.590296988453612357e+03 -1.343165642361763730e+03 -6.004006766350043108e+03
-4.199982864080169747e+03 -2.707886755154621369e+03 -1.060703251877283583e+04
-2.761522102823697423e+03 2.789608929197015641e+00 -6.994678347279509580e+03
-1.383391211019424645e+03 1.680620273837295827e+03 -1.360547244319063111e+03
-3.324398580189364111e+03 8.979233612590803659e+02 -6.420542671277044064e+03
-3.285894362641854241e+04 6.954015656501198464e+03 -2.046730753002292477e+04
-5.255495669210964479e+03 1.758348015267908522e+03 -6.744744818250801472e+03
-3.530430445781144954e+03 2.812125327251666249e+02 -7.365811335430975305e+03
-9.230220116233971567e+03 3.419956290204355173e+04 -5.076139648335751190e+03
-3.417024683313738478e+03 3.937531556863544324e+02 -7.208588531821011202e+03
-3.250093726449636961e+03 1.000319704547561741e+03 -6.167185114657153463e+03
8.112508253632015112e+03 -9.794927681982617287e+03 -8.168994908010839026e+03
-3.537406128558142427e+03 9.043183303057668354e+01 -7.275140807651030627e+03
-4.070825768448743815e+02 -6.366523977611366718e+03 -3.933703407314621472e+03
-3.608053660776219658e+03 5.011278498632669880e+02 -7.206659728334085230e+03
-1.809527516353348983e+04 3.983315320529040491e+03 -9.418712476977687402e+03
-1.370047127584187001e+04 4.407393639423591594e+03 -1.391287664032054818e+04
-3.472673330321461890e+03 3.854218970883251245e+02 -7.436873162650230370e+03
-3.643386914593064830e+03 5.021870976743933852e+02 -6.925010168365967729e+03
-3.162245135921079964e+03 7.981444496531357800e+02 -7.303769160893319167e+03
-2.456519406113820423e+03 2.603194463005070247e+03 -7.239411669991014605e+03
-3.878136179275024006e+03 1.521233328097165440e+03 -6.128383151802087923e+03
-4.176225743244471232e+03 9.409920820471021443e+02 -1.344858332096188133e+04
-2.768358656333074578e+03 5.207470642613653808e+02 -7.542692251553229653e+03
-1.773828235170522748e+04 6.628274479383778726e+02 -5.399436120023037802e+03
-3.150052695970109198e+03 5.512842853910287886e+02 -6.841919641327132013e+03
-7.536832749867980965e+02 8.258734633326234871e+02 -7.728661712439277835e+03
-3.830413820632469651e+03 5.784442501633629945e+02 -7.220696934691680326e+03
-3.401882874673131482e+03 4.354616714433703351e+02 -7.400329118247341285e+03
3.073221565179877871e+03 -4.191018060478716507e+03 -7.290199821871045970e+03
-1.649110511410439358e+03 -5.170042482388796088e+03 -8.217545158724258727e+03
-4.471550207009185215e+03 4.827018758756161333e+03 -8.155128330368947900e+03
-3.782035483446131821e+03 2.152664786067089153e+02 -6.743955274163924514e+03
-3.628292902746117761e+03 2.705322573247530045e+02 -7.136397153049477311e+03
3.237092255427487544e+03 -9.625331098872945859e+02 -1.145006142656331758e+04
-2.265085575792903910e+03 4.703184104804508934e+02 -8.714583835444722354e+03
-1.749693034190852995e+04 1.809635791653715614e+03 -1.116879381354055113e+04
-4.571407608996176350e+03 1.702137420904187366e+03 -5.249827149771588665e+03
-7.015780823505443550e+03 -1.799712006493050012e+03 -2.365419721922157805e+03
-3.051358623340280246e+03 1.036647077787556839e+02 -7.033904018116155385e+03
-2.967098383480050416e+03 7.358261174713153423e+02 -7.507989998862010907e+03
-4.717928678266178758e+04 7.496121958945006190e+04 -2.541841836206191874e+04
-8.778778669362260189e+03 -1.896748876732337408e+02 -9.730316817436085330e+03
-1.891700764245896380e+03 -2.464370572225568026e+02 -7.556687524158915039e+03
-3.792430869950297620e+03 9.518862901815742816e+02 -9.154713896830222438e+03
-3.664496886605399595e+03 4.770663204906474562e+02 -7.030015074375032782e+03
-4.784154735363352665e+04 7.875159253851532412e+04 -2.547621345167884647e+04
-1.359861964566069673e+03 2.553952310646884030e+02 -5.609053804648398000e+03
-3.479262724705929486e+03 2.613041003056098361e+02 -8.044168987769064188e+03
-2.901605916773052286e+03 -1.144208405620132908e+03 -6.763663861571759298e+03
-1.064831194955925639e+04 3.250691170957375107e+03 -9.047173629260869347e+03
-3.560489747288377657e+03 9.012910195922030709e+01 -7.287529114144856067e+03
3.748546760811526838e+03 6.305938989127515015e+03 -5.678264774459407818e+03
3.351262906608576486e+02 -1.438765025626498391e+04 -1.517120123648477056e+04
-5.357939698965116804e+03 8.413992886536407241e+03 -1.401831605424839654e+04
-4.821930802495817261e+03 1.964174764265322210e+03 -6.850786009662947436e+03
-6.226423925205367595e+03 1.148377092478822732e+02 -3.763944293705300879e+03
-3.735610559023363749e+03 5.616524839653543495e+02 -7.053025417109735827e+03
-4.100093455473921495e+03 5.061564819386877389e+03 -2.310342753462559267e+04
-3.420073153422232281e+03 1.732871751480556100e+02 -7.254005108711549838e+03
-3.408245505518262689e+03 3.277040460885093012e+02 -7.422337981185870376e+03
-2.763742045253427204e+04 4.957740801714501686e+03 6.622112966117048927e+03
2.721596904171904043e+03 -2.212727971929685009e+04 -2.285283025061435910e+04
-3.850976136715469693e+03 6.084884277467580205e+02 -6.832295871537487074e+03
-3.493842634812448523e+03 7.530803614899557488e+02 -6.798646823377107467e+03
2.731648337030278981e+03 -4.011484223794603622e+03 -9.709330031378554850e+03
-3.384014798236109982e+03 -2.845539141593338286e+02 -6.483965505814398966e+03
-3.120742093445424416e+03 9.656882667356916272e+02 -7.232937865179744222e+03
-2.786895440459040401e+03 7.145929863843432486e+02 -7.209850011636626732e+03
2.880470308141192959e+02 -6.719454122752088551e+03 -3.963390020422175894e+03
-3.657906713991859760e+03 5.943921717505845663e+02 -6.958521996685211889e+03
-5.450109393392167476e+03 9.465551876619929317e+02 -9.873704108291965895e+03
-3.467192309506053789e+03 3.532767352468636659e+02 -7.510055348857723402e+03
2.217726209999510502e+03 -1.497348418709310135e+04 -1.473803548137973485e+04
-2.799927369256318798e+03 -1.496207207501684206e+04 -4.603278083331240850e+03
-4.876175317351054218e+03 5.777781935958200847e+02 -7.387195283139421917e+03
-1.246077777864796190e+03 6.965396616588652705e+02 -8.872977505754108279e+03
-6.092910786828917480e+03 6.317015582004335101e+02 -7.420966463775735974e+03
9.904558830640618908e+03 -1.516732817584840996e+04 -5.319284903963955912e+03
-2.120271221389998573e+03 9.889955698136260480e+02 -7.259770148654138211e+03
1.948611012872280753e+03 4.316080300610035010e+03 -7.309377594736208266e+03
-4.301762311027476244e+04 8.145128047677743598e+04 -2.633923219195512502e+04
-6.405489974078856903e+03 1.532531446497584739e+03 -1.041561129243240794e+04
-2.317870084139080063e+03 6.604471109609107771e+02 -2.895457316271302261e+03
-3.892292145401703692e+03 -3.493742710108674032e+02 -7.006640103951627680e+03
-3.133408532914515035e+03 1.419839926461364996e+02 -6.935871268667744516e+03
-3.711847122064611995e+03 4.014527692328464354e+02 -6.967481670641831442e+03
-2.496305551520548761e+03 -1.223604597537537302e+03 -1.087014875216944893e+04
-5.109672145696502412e+03 9.121534912272436486e+02 -5.588768614439128214e+03
-2.904873770687877823e+03 7.949236039605042379e+02 -7.802908416429373574e+03
-3.659108348924023630e+03 7.065641188056649753e+02 -6.845643959016554618e+03
-3.898841997911646558e+03 1.386058620503876682e+03 -7.027299979909331341e+03
-9.189211136050196728e+03 3.318315770391792512e+02 -7.932048825451938683e+03
-3.452614047723806834e+03 9.702668599723391480e+02 -6.780748319896290013e+03
1.277708266523864040e+03 -1.393121936349120915e+03 -5.545809822743263794e+03
6.386773510658624218e+03 -1.546728538392940027e+04 -3.334072703053890291e+04
-4.649627389040395428e+03 -1.980044549653260049e+02 -6.984709500440831107e+03
-3.269583680871794058e+03 7.946040281188486460e+02 -7.333507392242037895e+03
-4.274785274447765914e+03 -3.336879501315310108e+02 -9.710086273099586833e+03
-2.325380900536872559e+03 -1.355342586367809872e+03 -3.115024423856236808e+03
-2.734301831431438586e+03 1.641215735951611805e+02 -7.347043170033464776e+03
-3.750402401311879657e+03 2.227827276311628793e+03 -1.557912227743640324e+04
-1.388006821905855531e+03 5.934082279625067713e+02 -8.179702426722092241e+03
-4.991136906469998212e+04 4.413293140902192681e+04 -5.745214361296869356e+03
-5.141881457259401941e+03 7.203428894631261983e+02 -6.155914213357133121e+03
-8.260849272492127966e+02 -4.362738903668790954e+03 -7.285029259069033287e+03
-2.813598812546591034e+03 7.885671950994571944e+02 -7.388850228017957306e+03
-3.633683947540758254e+03 6.940794968418695134e+02 -7.086990129071945375e+03
-1.308372816891418893e+02 -4.159432695342862644e+03 -3.333042327509805546e+03
-4.012834244657731233e+03 1.036117551193042573e+03 -6.622360642010117772e+03
-3.681152649436907723e+03 3.533779206930520331e+02 -6.889567064314944218e+03
-2.067030372070926660e+03 2.174101582018560293e+03 -1.394062702179315420e+04
1.588695516455169127e+04 1.896385009690704101e+04 -1.035302516897412897e+04
-5.344035313278789545e+03 1.533221027268888747e+03 -1.256131643061008253e+04
-3.112838376614558911e+03 6.090272374369288855e+02 -7.355544673537101517e+03
6.874482272537276003e+03 -5.716905296774213639e+03 -1.100478618684830144e+04
4.762084931177436715e+02 -1.011906009892129305e+03 -1.128026398402123232e+04
-3.842871774962240124e+03 5.091855195552149098e+02 -6.999345132360194839e+03
-3.601823627700439829e+03 4.614958971778560795e+02 -6.924452949463188816e+03
-3.611671184842965431e+03 3.385469986599236449e+02 -7.370000264423892986e+03
-3.789976545768364304e+03 2.087147925519631826e+03 -5.775127919270202256e+03
-3.413746859819009842e+03 1.195524138342787523e+02 -7.637100533765315049e+03
-3.850694796150827187e+03 -3.819055058877408101e+03 -8.293046166203410394e+03
-4.234963794268282982e+03 5.071372942208307677e+02 -7.156127645325245794e+03
-1.630050098526797683e+03 1.540939653006808840e+03 -8.635066164827507237e+03
-2.867345218666832807e+03 3.042769609048204416e+02 -7.691660525296870219e+03
-2.232052480982300040e+04 5.163718763045017113e+03 -6.059035091689365800e+04
-3.641029621429560848e+03 4.017470811319296899e+02 -7.089249816079114680e+03
-3.591039462310227009e+03 6.537215872328537216e+02 -6.964954712553164427e+03
-4.293904640662800375e+03 2.314749042440559606e+03 -8.014576707507409083e+03
1.649711323122529211e+04 1.176360045243500826e+04 -2.583699089558385822e+04
-1.436188430705223482e+03 3.762873286770113168e+01 -8.019813964198008762e+03
-5.910125295077043120e+03 2.025597973752765256e+03 -6.151837321961180351e+03
-3.740025141865277419e+03 6.024370359526064931e+02 -6.830265924352335787e+03
-4.363972539934145061e+03 -1.325709261122473492e+01 -7.550914545825598907e+03
-1.429812032470028862e+04 -9.734059513352686963e+02 -6.102588042276398482e+03
8.539989473651183289e+03 1.085301116172681986e+03 -1.368206526153365667e+04
-5.008161900669345414e+03 -5.664582673987263661e+03 -5.879054961762904895e+03
1.149299403804111898e+04 -1.950309678851339049e+04 6.142490374077761771e+03
-4.729168802895182125e+03 8.490327172950162549e+02 -6.175948827362069096e+03
-2.727755167644790163e+03 5.328674036853329881e+02 -7.519674001804169166e+03
-2.433880215818823126e+04 2.374095285579170195e+03 -3.893323066746634140e+04
-2.431539801997780160e+03 -9.500188306357884358e+03 -3.208439833518471460e+03
-4.816270109181115913e+03 1.608173382751466988e+03 -8.147647216986430976e+03
-3.795711064679333504e+03 7.664057904924336526e+02 -7.118704087623652413e+03
-3.774014358335968609e+03 6.168614439000589300e+02 -7.377155283239496384e+03
-9.800497851775891831e+03 3.200580496763795963e+03 -2.028842158624358126e+04
-2.836758131717202559e+03 1.322645807614894238e+03 -8.531513873629013688e+03
-3.553240078926521619e+03 4.614000249513949257e+02 -6.918799017892039046e+03
-6.498797217245522006e+03 -2.204279141847259325e+03 -2.209580328584507242e+03
-3.217076029617769746e+04 -2.331243566563944569e+03 9.738433335208836070e+03
-3.794062251430214928e+03 8.810471884855143117e+02 -7.252699785000052543e+03
-3.790613165660551203e+03 1.324362470223604532e+03 -7.256843592623500626e+03
2.835197735336431288e+04 -1.924942627741773686e+04 -1.963902802136943137e+04
2.116860520686147356e+04 1.281173239832863146e+04 -3.946635703703845502e+04
6.454910266312059321e+03 7.870456988954887493e+03 -1.748456703946641937e+04
-3.601594284701959168e+03 9.043361049807118661e+02 -7.435744220791585576e+03
-7.056951622546866020e+03 2.941252945740947780e+03 -1.247465178384349929e+04
1.854898260825043963e+03 3.081100432908240691e+03 -9.665193385543519980e+03
-2.791087052075094107e+03 7.468948222707246032e+02 -7.108764089257954765e+03
-3.603461318453596050e+03 9.471144685534620749e+02 -7.369452762070560311e+03
4.571596722657852297e+03 6.340454226732363168e+02 -1.145378577225265144e+04
5.502818948387918681e+03 6.068551007962171752e+03 -1.000762804328645143e+04
-2.735680012763089962e+03 3.881629831173640923e+02 -7.478285988283141705e+03
-3.800971931490908446e+03 6.067422094470537104e+02 -6.952039683722208792e+03
3.633623608300891647e+04 -2.826684173038687368e+04 -1.029088785441735308e+04
-3.631379860596583057e+03 7.902193173358996319e+02 -7.057458028027836917e+03
6.193839051485438176e+03 -4.368847384491355115e+02 -7.633963844984109528e+02
-3.740660895951305974e+03 5.365434761728373587e+02 -6.866241753806712040e+03
-2.409979124776670687e+03 2.622359903908448814e+03 -9.020331948839890174e+03
-3.231917913360659441e+03 7.908401096574427811e+02 -7.125358849045168427e+03
-3.928379203437633350e+03 8.867818615605224295e+02 -7.838155603534991315e+03
-3.084223477570072646e+03 3.761017765761215514e+02 -7.426650459324139774e+03
9.410982501042812146e+03 4.788451248596924415e+03 -1.550524496311756957e+04
3.840523223898991273e+04 8.513487145799424979e+03 -5.199393729687042651e+04
-3.839097078490281547e+03 7.193842747103667534e+02 -7.331785249281858341e+03
-5.762133573181984502e+03 -2.874140916731116135e+01 -7.754597146773506211e+03
-4.814971388427339662e+03 -1.609781325944491073e+03 -8.212744224717576799e+03
-3.425057367648473701e+03 3.798938796142346064e+02 -7.465339268758872095e+03
-1.182572773086683083e+04 -2.745801668061976670e+03 -3.658838113177615469e+03
-3.851474119146941121e+03 3.243418640507477448e+02 -7.939864482812346978e+03
-1.070809902285095814e+04 2.183854995017982947e+04 -8.575894381384426379e+04
-1.342179676142639983e+04 1.156978021352966152e+03 -5.772939501069604376e+03
-1.248650097426798857e+04 -4.538007200024876511e+03 -1.004953056692255927e+03
-6.326150377934485732e+03 1.007816971372195894e+03 -4.740943766710260206e+03
-3.659950931892455628e+03 7.802061692632439645e+02 -7.184634694250250504e+03
-3.721208123058983347e+03 6.904351408016813139e+02 -7.681655634478256616e+03
-2.684341860266120534e+02 2.566935857861266413e+03 -7.986472644800301168e+03
-3.368542547639475742e+03 1.197349616472163461e+03 -6.364452866807635473e+03
-3.188264728667190411e+03 1.438548300096732646e+02 -7.019597553752235399e+03
-4.271729085004220906e+03 5.206933788568788941e+02 -7.162895524469165139e+03
-4.278027896921978027e+03 4.526398579786024357e+02 -7.328889855751715004e+03
-3.566509392295337875e+03 3.049625615488338894e+02 -7.451185500795903863e+03
-3.569160841445905589e+03 6.864566755606394963e+02 -7.002752905710051891e+03
-1.132845399742185327e+04 4.809547920185586918e+03 -7.415079260846960096e+03
-8.714362641477962825e+03 -8.758590426470560487e+03 -2.549285085672952846e+03
-4.651582509037903037e+03 9.279887162288538605e+01 -7.676178842418099521e+03
-4.716855492968397812e+03 3.792294934082842133e+02 -7.673039963051124687e+03
-3.300631362146779338e+03 1.663545837575802580e+03 -6.681233830438597579e+03
-8.780769549855187506e+03 8.878341318936025345e+03 -1.065249564169189216e+04
-2.031357717729103570e+03 5.469703882842425173e+02 -6.628148773253753461e+03
-3.601720710211408459e+03 3.429168322736434220e+02 -7.623442565407728580e+03
-2.879425082492551155e+03 -3.969194916073425702e+03 -8.588994312312930560e+03
-3.240148161175673886e+04 -2.265137075525074124e+03 -3.817461144198713009e+04
-5.897405880903566867e+03 1.561331587274428784e+03 -6.232892259468592783e+03
-2.826578342648037506e+03 6.013184257404807340e+02 -6.808129274727641132e+03
-3.668493258912898000e+03 8.221906973969397541e+02 -6.359570076353202239e+03
-3.460990784541476842e+03 4.631775862184899779e+02 -7.404521595789498861e+03
-1.039005266969532022e+04 -7.886962440576648078e+03 -3.489845534850303011e+03
-4.324667073310933120e+03 5.705834410785325872e+02 -7.008648688359649896e+03
-5.127923756517115180e+03 1.672766587439155046e+03 -5.431481537766498150e+03
2.003004550834288466e+03 -1.280132047116424928e+03 -8.342682552725282221e+03
-2.555752615404838252e+03 -4.631303425669034368e+01 -6.669973988241846200e+03
-3.408351540080740051e+03 1.111250297575268178e+03 -5.468218858427487248e+03
-3.103788960103517184e+03 1.155501990080846554e+03 -7.630813597177674637e+03
