-1.868251226891818987e+03 -2.335843143605733985e+03 -4.827532703942524677e+03
-1.752063358688059907e+03 -2.304019397725208819e+03 -4.763903406557264134e+03
-4.572098402557191548e+03 -1.307629891662939372e+03 -4.666260290529651684e+03
-1.822391335969913825e+03 -1.127222729386304991e+03 -4.899130473676862493e+03
-5.179322797015156539e+03 -3.451442351982650507e+03 -4.576263724894459301e+03
-2.128979482164304045e+03 -2.706729871541082503e+03 -4.793501021943708110e+03
-1.741377804455683190e+03 -2.191653549912779908e+03 -4.688515064904317114e+03
-4.632481686393361997e+03 -2.702183648362758504e+03 -4.626853076651015726e+03
-1.782601859908190590e+03 -2.313647472770215700e+03 -4.636983907973780333e+03
-1.882753244372269364e+03 -2.446069340240895599e+03 -4.815402609164942987e+03
-2.045726816643696111e+03 -2.202007201883769085e+03 -4.658864010895705178e+03
-1.876448207331541653e+03 -2.324698687449477802e+03 -4.560294086903144489e+03
-1.971871946575080301e+03 -2.507511166565175245e+03 -4.598960740019016157e+03
-1.842405245929068315e+03 -2.171660603483694558e+03 -4.713082449206282035e+03
-1.882387937164774712e+03 -2.242487002452913657e+03 -4.645685927659176741e+03
-9.992097460836921528e+03 3.566486554118918775e+03 -5.209467581816113125e+03
-4.003744850916937594e+03 -3.940622693701924163e+03 -4.584346816042298997e+03
-4.451738143775838580e+03 -3.825428221098312861e+03 -4.550449731023393724e+03
-1.737410226689544061e+03 -8.949380395198465976e+01 -4.933965801084864324e+03
-1.930806431997794334e+03 -2.579399919103003867e+03 -4.682064098589033165e+03
-1.873776861837498473e+03 -2.202746401932092340e+03 -4.719115376870267028e+03
-2.587854419018838598e+03 -2.307195274007811804e+03 -4.575284921837777802e+03
-1.863456250065548375e+03 -2.623730973841761624e+03 -4.812381168183032969e+03
-4.953196541469158547e+03 -4.089030007004153958e+03 -4.519946454897022704e+03
-5.476593602131325497e+03 -1.913091983526973763e+03 -4.650155084890531725e+03
-1.841308918709601812e+03 -2.391783463393901457e+03 -4.587041606934870288e+03
-3.899415887032696446e+03 -1.025787230983817835e+03 -4.716302073847185966e+03
-5.450977342429443524e+03 -3.270279147313399335e+03 -4.579064852867023546e+03
-4.648807331893555784e+03 -2.858647149349173105e+03 -4.603736172569804694e+03
-1.785735547616366375e+03 6.119843570000276713e+02 -4.905228469316584778e+03
-1.433366918385536337e+03 6.049052157983036295e+02 -4.948048932424672785e+03
-1.788690002211610818e+03 -2.578634772059748684e+03 -4.772747068783621216e+03
-4.777550727055860079e+03 -3.366084476244935104e+03 -4.575994985650156195e+03
-2.513954869435216096e+03 -2.835983913279780609e+03 -4.820384288640639170e+03
-3.932985012122064290e+03 -2.787766369300677525e+03 -4.583544033188730282e+03
-1.997965190803496171e+03 -2.187968901173350787e+03 -4.580867738489131625e+03
-1.851564416812013405e+03 -2.277570632301181377e+03 -4.644431233400728161e+03
-2.117598344976488534e+03 -2.565705596965573932e+03 -4.751430417185317310e+03
-1.726743263322960775e+04 -2.906319376445462694e+03 -5.287389819029220234e+03
-1.819069011339130157e+03 -2.393158165329172789e+03 -4.613052923303688658e+03
-1.980752718268936405e+03 -2.054149213107464220e+03 -4.861898700245205873e+03
-1.819943994170643691e+03 -2.290774787750135147e+03 -4.615380202756770814e+03
-1.963042910638388548e+03 -2.512005668144223364e+03 -4.620208874232254857e+03
-2.258753208777269265e+03 -1.752122366763212767e+03 -4.627780706962125805e+03
-1.782024631424583731e+03 -2.437394475319460980e+03 -4.693974649358977331e+03
-1.817361020032090209e+03 8.850264818014214825e+02 -4.924130549862287808e+03
-1.833281399126495216e+03 -2.402035135684150191e+03 -4.611762093628297407e+03
-1.827939809207311555e+03 -2.307383743710371164e+03 -4.812670478267094040e+03
-4.264391315192815455e+03 -1.948177687637341251e+03 -4.664820689359668904e+03
-1.587983379876496656e+03 3.245500400838761834e+02 -4.920683923785046318e+03
-1.948978372468964608e+03 -2.619623688760847926e+03 -4.763401206602980892e+03
-2.152169897807890266e+03 -2.710106581561607982e+03 -4.844311304855345043e+03
-2.026924449296526291e+03 -2.133953122444598193e+03 -4.597201712808413504e+03
-2.150288980714931313e+03 1.646512579297112097e+03 -4.969021338877500057e+03
-1.822033832715620974e+03 -2.348114195702245070e+03 -4.694693894797818757e+03
-1.899445361452818133e+03 -2.206523987993403807e+03 -4.778903229844306225e+03
-1.633228421416453330e+03 7.480380307116278118e+02 -4.992331014004445933e+03
-1.965849560110101038e+03 -2.599919599904950701e+03 -4.818989512286082572e+03
-1.952751064106590775e+03 -2.607727270987695192e+03 -4.706185547425863660e+03
-3.274188109843146776e+03 -2.172883732559020700e+03 -4.695048062379825751e+03
-1.837142599883924277e+03 -2.479958855747121106e+03 -4.579991440416419209e+03
-1.965256012121571302e+03 -2.452406343522137377e+03 -4.695441392082720085e+03
-3.319337426512435741e+03 -2.310383898858653083e+03 -4.666275716869135067e+03
-4.804850072853760139e+03 -3.928518185619806445e+03 -4.609450879819557485e+03
-2.787549796516153037e+03 -2.057650447613540564e+03 -4.595470635639400825e+03
-5.639345888680501957e+03 -3.427511607716241997e+03 -4.683421201032940189e+03
-2.154048591576043236e+03 -2.546623642271006702e+03 -4.658466681907703787e+03
-1.910522795963839826e+03 -1.930942432608477020e+03 -4.888281504719971963e+03
-2.367986072214128853e+03 -2.037489992647372219e+03 -4.717326053510002566e+03
-1.920638102471730463e+03 -2.600878508692038395e+03 -4.695141043332479057e+03
-1.688392364323593711e+03 -3.604520175924983505e+01 -4.903702522867246444e+03
-1.955080849649732045e+03 -2.163805977351990805e+03 -4.633435905862400432e+03
-2.092974126531865750e+03 -2.686675475875881148e+03 -4.780790221343628218e+03
-3.437386603030906372e+03 -2.154500335740035553e+03 -4.706326621101466117e+03
-2.993206039127148870e+03 -3.131086657376860785e+03 -4.797210667433775598e+03
-3.383524557247801567e+03 -2.386145833141446928e+03 -4.717871528063206824e+03
-3.859876671327723216e+03 -1.830336593084833112e+03 -4.674689526466430834e+03
-8.076451466778754366e+03 3.244877256766624669e+03 -4.948607723760001136e+03
-3.100702039031372806e+03 -2.555892032802375070e+03 -4.596798249236092488e+03
-2.420248747905603068e+03 1.934644378057554150e+03 -4.895388974585457618e+03
-3.417436055167237100e+03 -3.615683760974469806e+03 -4.570985867906495514e+03
-2.227003108969399364e+03 -2.500903486467093899e+03 -4.688513311304821400e+03
-1.625358993703719079e+03 -3.557176699843455481e+02 -4.919233031529527580e+03
-1.811772886078493684e+03 -2.479414175405453989e+03 -4.736921203623233851e+03
-5.203841942273600580e+03 -3.415218857430827939e+03 -4.613169147350572530e+03
-4.294203511213168895e+03 -3.479398848943244047e+03 -4.531875671654694088e+03
-3.138635878218610287e+03 -2.073952471748003063e+03 -4.571978412812726674e+03
-1.953357808418859349e+03 -2.593254079882154656e+03 -4.691444776660271600e+03
-3.599770892301189178e+03 -3.355294180761596635e+03 -4.612357237137806806e+03
-4.819207240307779102e+03 -1.338018148995424554e+03 -4.666784470739989956e+03
-4.149867087745000390e+03 -4.238566885467687825e+03 -4.537950796710784743e+03
-1.762562853670940967e+03 -1.158692869102770601e+03 -4.896526589972811053e+03
-3.404231174741221366e+03 -3.981947597525035235e+03 -4.682869206785750976e+03
-1.932189932971166400e+03 4.798700740960928215e+02 -4.904853243710768766e+03
-1.955957951792325957e+03 -2.689218032034713815e+03 -4.823615019531921462e+03
-3.764452121093093410e+03 -3.925297821895730522e+03 -4.669885475282688276e+03
-4.561324517892668155e+03 -1.138541494827488123e+03 -4.685803950714664097e+03
-4.056325116079540749e+03 -2.914134971689754366e+03 -4.644792023165643513e+03
-4.981187732657835113e+03 -4.333872910679710003e+03 -4.597929234175952843e+03
-1.740377134792647439e+03 -2.318832968102609357e+03 -4.736851268027460719e+03
-2.784108624822704314e+03 -2.498190648180560402e+03 -4.502608747210995716e+03
-2.479318960802760103e+03 -2.504335613195205951e+03 -4.639133742782786612e+03
-2.184125530973027708e+03 -2.254230330011017486e+03 -4.645377025134526775e+03
-2.884066816572080825e+03 -1.699913363364716588e+03 -4.784402823106353935e+03
-2.509131294550002167e+03 -4.640094695900033003e+03 -4.592634793157359127e+03
-1.829981646623218694e+03 -2.134869849290414095e+03 -4.716518323238633457e+03
-2.368217943652407030e+03 -3.165307639672580990e+03 -4.683310085221090958e+03
-2.413416713496462762e+03 -6.062292852604207837e+03 -4.524343467501445048e+03
-2.001458712640069734e+03 -2.133308607931240658e+03 -4.537527752254978623e+03
-1.808828383404141505e+03 -2.228590775908534852e+03 -4.632811590467325914e+03
-2.287490274391594085e+03 -2.358660195973870486e+03 -4.570873776045817976e+03
-1.865575283580109499e+03 -2.108596147908593139e+03 -4.653007235948221933e+03
-1.931732467545639793e+03 -2.156071161077380111e+03 -4.722046636879185826e+03
-2.416136886232196048e+03 -2.469259619218243188e+03 -4.680803913647479021e+03
-2.446963070949138910e+03 -2.485515720995796528e+03 -4.527658345022241519e+03
-9.240965884742103299e+03 -7.372397270813962677e+03 -4.914561848739237576e+03
-1.126856840389674971e+03 -3.405869690534424990e+03 -4.615028893131680888e+03
-1.557059744760510057e+03 -3.736863760416123569e+03 -4.754632682690677939e+03
-5.182654022941494077e+03 -5.437745097276414299e+02 -4.835955042111130751e+03
-1.788028643562493471e+03 -2.458996263215222370e+03 -4.585753370759534846e+03
-2.160078823821078004e+03 -2.237584807775494482e+03 -4.517962690930164172e+03
-2.716905896828362529e+03 -5.090904567956874416e+03 -4.536596345662085696e+03
-1.952066631417047574e+03 -2.087934799157587349e+03 -4.661950837136716473e+03
-1.703601474787082680e+03 -6.114235520438796812e+03 -4.591736283663383801e+03
-3.551723613167228450e+03 -4.016015532112536675e+03 -4.580639342459079671e+03
-1.957647299105699176e+03 -2.139236651245649227e+03 -4.577910258307137155e+03
-2.718689832487643343e+03 -4.642868746430688589e+03 -4.564882263334120580e+03
-2.167431599201968311e+03 -4.412600490058533069e+03 -4.508160804224358799e+03
-2.818128499403400383e+03 -5.249654998802525370e+03 -4.555668969870843284e+03
-4.925224493132622229e+03 -9.055383166761371285e+02 -4.794461230228096611e+03
-4.433959457212991765e+03 -9.098319463273392103e+02 -4.800247543092058550e+03
-2.610539598787072464e+03 -2.802935088028833889e+03 -4.668946155353904032e+03
-2.171134586629725618e+03 -4.727041857478052407e+03 -4.597444610369097973e+03
-1.356405052984739086e+03 -3.421769509150031809e+03 -4.646717931970733844e+03
-1.720291514394534488e+03 -4.974686195337349091e+03 -4.552235102873602045e+03
-4.087333931820885482e+03 -5.008243780961507582e+03 -4.515477687488133597e+03
-2.094561153588394063e+03 -2.168392553135183334e+03 -4.643103026705603952e+03
-1.787672618222005212e+03 -2.220966254123316048e+03 -4.652591197862427180e+03
-6.007094070096278301e+03 -1.663867582055133244e+04 -5.005065871130166670e+03
-1.730159848543253929e+03 -2.357062682688615041e+03 -4.797896266861524055e+03
-3.036897162430271692e+03 -1.610196260821870283e+03 -4.808927728100734384e+03
-1.876608008194699778e+03 -2.060878463292580363e+03 -4.722280316618173856e+03
-1.780641078599093134e+03 -2.228001394568018441e+03 -4.728447530244952759e+03
-1.798375119058935752e+03 -2.088509855984251317e+03 -4.815041463588842817e+03
-1.773183509893225164e+03 -2.099052460272528151e+03 -4.824787646658370249e+03
-4.071602635757910775e+03 -1.111826523841479002e+03 -4.869262546917036161e+03
-3.575364733181204883e+03 -4.318805875910924442e+03 -4.557659324320986343e+03
-1.877583412128414921e+03 -2.072542820299666346e+03 -4.732713100977978684e+03
-2.797189266877204773e+03 -3.312919790164059577e+03 -4.574019794696361714e+03
-3.556762777010701029e+03 -1.417271817729113081e+03 -4.803559867229405427e+03
-1.776133118261025174e+03 -2.209304680078462752e+03 -4.792822510139940277e+03
-1.881263294747016744e+03 -2.530084847293665007e+03 -4.818723401768203985e+03
-2.143868682305439506e+03 -2.126582535196639583e+03 -4.578956892816592699e+03
-6.502484147561946884e+03 -1.446173614648486364e+03 -4.685205338547368228e+03
-2.586073446026954116e+03 -2.587602429748892519e+03 -4.586695152598139430e+03
-2.307455013120015792e+03 -2.361841727454311240e+03 -4.732652240997313129e+03
-4.184617030043827981e+03 -9.560304375170896947e+02 -4.865254043257049489e+03
-2.121865228348014170e+03 -2.221085266788113586e+03 -4.615882740364819256e+03
-1.746418275251251316e+03 -2.316606510325508225e+03 -4.776396029509294749e+03
-2.025270896876674215e+03 -2.155626103284928831e+03 -4.640730028488115749e+03
-2.888661456582385199e+03 -2.669110161638064710e+03 -4.704815081687757811e+03
-1.865638072401231739e+03 -2.473291235172498546e+03 -4.752492249569082560e+03
-3.838870737007199295e+03 -5.648253060007637032e+03 -4.558590437913840105e+03
-1.879594875048056792e+03 -6.105747758873521889e+03 -4.588417198735620332e+03
-4.207609828886274954e+03 -3.869668389213823502e+03 -4.585146927062583927e+03
-2.740124968044249272e+03 -5.359123857001855868e+03 -4.546150183272741742e+03
-2.238555879841671413e+03 -2.545484161261570534e+03 -4.709603652355855957e+03
-3.563176387806673119e+03 -1.215338373532683818e+03 -4.849830090941130948e+03
-2.332599027918265165e+03 -2.554838669733253028e+03 -4.760405691480329551e+03
-2.071076959402744706e+03 -2.140069122740827424e+03 -4.576339297963638273e+03
-3.486292609240234015e+03 -1.317904810414184567e+03 -4.825304935933663728e+03
-2.897554825941112995e+03 -2.785368149200101016e+03 -4.739536083437329580e+03
-1.757455488395040675e+03 -2.377420089842739799e+03 -4.840702688365498034e+03
-2.091908416684040731e+03 -2.047031152837549826e+03 -4.742891146754383044e+03
-1.934969418726807589e+03 -4.501120820535596067e+03 -4.557245900192257068e+03
-2.709202830601297592e+03 -3.614226434890679684e+03 -4.577020188292643070e+03
-2.740178038836399537e+03 -4.612120168032821311e+03 -4.570569485676782278e+03
-9.373080081031448572e+03 -5.965833064787148942e+03 -4.982583971980984643e+03
-2.411778231135028818e+03 -4.170992203386265828e+03 -4.615871769590949043e+03
-6.716206822592196659e+03 -1.863682623955186045e+03 -4.910575968338981511e+03
-1.467452050488689792e+03 -4.046720499421007844e+03 -4.656731270658659923e+03
-1.815872125560952554e+03 -2.157932805703163467e+03 -4.710770276065557482e+03
-2.880012399014001403e+03 -1.780962866956012476e+03 -4.803390886777329797e+03
-1.855509581092244389e+03 -2.063177995928391283e+03 -4.766651937568010908e+03
-2.524672270647705773e+03 -5.339964910357591179e+03 -4.573952613165049115e+03
-2.157164695840106106e+03 -3.542710371495171330e+03 -4.718843182543687362e+03
-2.347865683354118573e+03 -2.946352729068948520e+03 -4.759196719312144523e+03
-1.939767104414454252e+03 -2.162751699165893115e+03 -4.667534993089911040e+03
-1.252069437886984815e+03 -4.499203569149686700e+03 -4.626228732005498387e+03
-3.849401759756093270e+03 -5.101085993851310377e+03 -4.560397443751870014e+03
-1.766966822495669476e+03 -4.174072380270834401e+03 -4.580060441325846114e+03
-3.323282009899180139e+03 -1.163430465432390292e+03 -4.868445537023239922e+03
-2.011455490604206261e+03 -2.509461146480301068e+03 -4.792547443127768020e+03
-4.686742249477274527e+03 -1.074538050719667808e+03 -4.890810975963263445e+03
-1.790589265967274287e+03 -2.109443616500878761e+03 -4.792512056617765666e+03
-1.906226801922220375e+03 -5.003195087447988044e+03 -4.611602476960568310e+03
-1.884408180545751748e+03 -2.048962356683146027e+03 -4.818434843335542610e+03
-2.264671171538336239e+03 -5.520337104617252407e+03 -4.576635110384060681e+03
-1.643000453198879313e+03 -5.177450748738050606e+03 -4.542580888430147752e+03
-1.818836285068745383e+03 -2.225935365061963239e+03 -4.621579597067373470e+03
-2.215487509696207326e+03 -2.120555348574961045e+03 -4.599798835678545402e+03
-2.302855352928318553e+03 -2.488547468422073507e+03 -4.578280405448870624e+03
-2.135237003678854762e+03 -3.168331962847092655e+03 -4.597392612189648389e+03
-3.300389584633666800e+03 -3.300911441442647629e+03 -4.283333971165259754e+03
6.842509078252612653e+01 -2.982344426078294873e+03 -4.740588555587541123e+03
-1.959154305552197002e+03 -2.060901716874400790e+03 -4.740874294596983418e+03
-2.506875605055144206e+03 -2.314163465708138574e+03 -4.701211311797349481e+03
-2.249769235569938246e+03 -2.495469293508992450e+03 -4.737403323787548288e+03
-2.324457365090198891e+03 -2.315034621382998921e+03 -4.580771163901613363e+03
-1.893394714636858680e+03 -2.057973097124086962e+03 -4.710555504428421955e+03
-2.471886686467928939e+03 -2.180526714344403445e+03 -4.800442955437975797e+03
-2.145418666037679031e+03 -3.266174744406867831e+03 -4.754592291875256706e+03
-1.890742310483050460e+03 -2.041936172766431127e+03 -4.797482626320153031e+03
-2.372874330533431475e+03 -2.415453051611655610e+03 -4.556766217996613705e+03
-2.301564406936799060e+03 -2.237018036283822312e+03 -4.615201856354483425e+03
6.723058043693604304e+02 -1.058825747438118924e+04 -4.962746736318665171e+03
-4.523119025956348196e+02 -1.746010113004614368e+03 -4.716260723049237640e+03
9.018463034602746120e+01 -2.392281150637448718e+03 -4.804824675745089735e+03
-4.195529560089803454e+03 -4.166869988794177516e+03 -4.101580676329332164e+03
-1.861594809343394672e+03 -2.161499917380100669e+03 -4.588299487001601847e+03
-2.323848767276696435e+03 -2.234800153158303601e+03 -4.760012654228616157e+03
-1.265909920411318126e+02 -3.485534847041815738e+03 -4.679070738498213359e+03
-2.317632968867555064e+03 -2.070648716481292013e+03 -4.707878382628140571e+03
8.461354517813766734e+02 -3.115112452177916566e+03 -4.670859823479326224e+03
-2.396077517747867660e+03 -2.443258591951125254e+03 -4.639792907189207654e+03
-2.347460777803012206e+03 -2.488961501095913718e+03 -4.568366363530458329e+03
-1.441028651388666958e+03 -5.265898400402980769e+03 -4.586952292908979871e+03
-1.392890617274585566e+03 -3.538118400442833718e+03 -4.581790456449976773e+03
-1.009890780877129828e+02 -3.445080191074191134e+03 -4.741125364094950783e+03
-4.533903440478870834e+03 -4.890747499983290254e+03 -4.149297208113391207e+03
-3.282565589845368322e+03 -3.280276815180102858e+03 -4.335941361888504616e+03
-1.966995702736104249e+03 -4.036076781600276718e+03 -4.581941902751071211e+03
3.124011540976855485e+02 -3.323231958266876973e+03 -4.743285799189341560e+03
-3.407716426894717188e+02 -1.900860679979358338e+03 -4.805231549457868823e+03
-6.861380859087405497e+02 -2.924801101974010180e+03 -4.725247908373368773e+03
-8.008948655096645552e+02 -3.848038194323080461e+03 -4.658555488285038336e+03
-2.345669945246302177e+03 -2.186365928662712577e+03 -4.732943616707407273e+03
-2.201142469474367317e+03 -2.086972093401039729e+03 -4.694074054186127796e+03
1.102411711556249429e+04 -1.032872138833105055e+04 -4.962440289109619698e+03
-2.309520728713691824e+03 -2.107290978963821544e+03 -4.722969177164949542e+03
-2.572432416302287038e+03 -2.687976341697127737e+03 -4.454009738637709233e+03
-1.931885068205327343e+03 -2.056240644342126870e+03 -4.764984653093535599e+03
-2.281461422268263050e+03 -2.203231050000882078e+03 -4.556034661513412175e+03
-2.502964712006295485e+03 -2.279347326841068480e+03 -4.758589738287322689e+03
-2.317500688383791839e+03 -2.306910280653139125e+03 -4.702868717891574306e+03
-3.897754215225451389e+03 -3.956344878041019911e+03 -4.106155544838268725e+03
-2.332968594796482193e+03 -2.170312911264651575e+03 -4.592567443913414536e+03
-2.232237999077111908e+03 -2.103725078693622891e+03 -4.629070005157164815e+03
-1.296857751131029318e+03 -3.766057287853379421e+03 -4.702234530781242029e+03
-3.633322238834855852e+03 -3.574953869059413591e+03 -4.273961004930890340e+03
-2.305100804882794364e+03 -2.230036512160946586e+03 -4.626552726464082298e+03
-2.183601595699327845e+03 -2.150384811981986786e+03 -4.555452966892386030e+03
-2.115449884388981900e+03 -3.157563181581504523e+03 -4.713938877874711579e+03
-4.143126566239047861e+03 -5.649973709573346241e+03 -4.021256683616752071e+03
-2.296106811595598174e+03 -2.923812328928563147e+03 -4.669473624411254605e+03
-2.456489025334615235e+03 -2.254232436903645976e+03 -4.754609612435257986e+03
-3.946561700561862835e+03 -4.113315048020154791e+03 -4.143846977110536500e+03
-2.416347576463522728e+03 -3.151744271667987505e+03 -4.710362053464829842e+03
-2.053749294892564649e+03 -2.133622820736968606e+03 -4.568040576718692137e+03
-2.544852453142534614e+03 -2.391833675046577810e+03 -4.790424514024828568e+03
-2.378124155790208079e+03 -2.420064158675745603e+03 -4.558087449723188911e+03
-2.143586620384552134e+03 -2.088021278616766722e+03 -4.663819824661957682e+03
-7.599558533369279303e+02 -3.884710286421367528e+03 -4.673233856125106286e+03
2.313262652790668312e+02 -2.733133402719443438e+03 -4.761192128815159776e+03
-1.848196132879117158e+03 -3.165482994949625663e+03 -4.667581410285291895e+03
-1.204171957999103824e+03 -4.149341063538284288e+03 -4.673409000331959760e+03
-2.248894283425742742e+03 -2.358942127818127119e+03 -4.598282554173722929e+03
-1.612890938005402859e+03 -2.113421546973302156e+03 -4.607368913331052681e+03
-1.902589765838577478e+03 -2.781691171784102607e+03 -4.728619172641764635e+03
-2.296643647249796231e+03 -2.096321884963636876e+03 -4.671868410639483045e+03
-3.657045465621391486e+03 -3.465893639455125594e+03 -4.364164670150170423e+03
-2.323571785575722060e+03 -2.170608757692972631e+03 -4.554378948297365241e+03
-1.969325173499389621e+03 -2.144033113224454610e+03 -4.642164063031292244e+03
-2.419163534271719527e+03 -2.428802818531101366e+03 -4.690706767972149464e+03
-1.762617586314277105e+02 -1.796810693983067722e+03 -4.741296011855922188e+03
-2.375273944360988935e+03 -2.478423540938505539e+03 -4.609654336636656808e+03
-2.403351651841217517e+03 -2.454133105143093871e+03 -4.615836919543879958e+03
-1.935967500296198523e+03 -8.986109322760545183e+03 -4.376889505284451843e+03
7.362203937911297089e+02 -3.830320445612050207e+03 -4.763114055943179665e+03
-4.202557282529767690e+03 -6.153994161094401534e+03 -3.904432028683726003e+03
-7.881396922451708633e+02 -2.240109060569760459e+03 -4.757611836052993567e+03
-2.296587934806828798e+03 -2.368212933075020374e+03 -4.488578260048563607e+03
-3.599110347478131189e+03 -3.650266939124825058e+03 -4.152999659504481315e+03
-2.240970139710322655e+03 -2.136741063924077480e+03 -4.621166709125358466e+03
5.758670563162023655e+02 -3.977854195444726884e+03 -4.592575295404369172e+03
-1.848516913752210257e+03 -2.673075492822895740e+03 -4.576568909112836081e+03
-1.836383617311035550e+03 -3.132540032708229319e+03 -4.648947074599838743e+03
-2.057500037487678128e+03 -2.012625277780691931e+03 -4.784616702797959078e+03
-6.024856155660124841e+02 -2.754957449065630044e+03 -4.655288194612568986e+03
-2.316498869961019864e+03 -2.665005973165486012e+03 -4.793759111735326769e+03
-5.554477665587112369e+02 -2.374838087490331873e+03 -4.746674076368472925e+03
-2.780689919179800199e+03 -2.806393463782318122e+03 -4.419783868867111778e+03
-8.901288696810827332e+02 -2.052388440314096897e+03 -4.775703964832943711e+03
-3.852594530268492235e+03 -4.054982296398467952e+03 -4.221041871429863022e+03
-2.282815631522748390e+03 -2.133531436480756383e+03 -4.780353439301999970e+03
-2.551192962580234962e+02 -2.369171085811382454e+03 -4.742630736323992096e+03
-2.449188270405818457e+03 -2.268549208828464543e+03 -4.716453480109915290e+03
-1.309050037174506542e+01 -2.985137084434159078e+03 -4.705014855620272101e+03
8.849127797626148322e+02 -2.450254942533344547e+03 -4.847521373878526902e+03
-2.148627019779885359e+03 -2.040989259353942543e+03 -4.727414029687890434e+03
-2.514941658267556704e+03 -2.325628834650595309e+03 -4.684540416548195026e+03
-2.174866455963101998e+03 -2.526930354313956741e+03 -4.754398369815677142e+03
-1.172982400479490707e+03 -1.580582861409043062e+03 -4.693641453580376947e+03
-2.190383728174189855e+03 -3.211035635168547742e+03 -4.494639497993151053e+03
-9.018160004949811537e+02 -1.079000370395851633e+03 -4.728217494555509802e+03
-2.456651370002098702e+03 -2.183388540710837788e+03 -4.772588733676068841e+03
-1.267772499916471588e+03 -1.709486408364755562e+03 -4.805736214415273935e+03
-1.280981289865708277e+03 -1.628790848468039712e+03 -4.828501831195523664e+03
-2.454073759863379564e+03 -2.224768962612065025e+03 -4.734396438649508127e+03
-2.328533912686648364e+03 -2.478444865455548097e+03 -4.613567756933610326e+03
-2.365868409413268182e+03 -2.468533369488877725e+03 -4.594357255663636352e+03
-2.280624326666311845e+03 -2.505128890154838700e+03 -4.805396611570256027e+03
-2.322675449441146156e+03 -2.514142673598768852e+03 -4.719564115054468857e+03
-2.377524187041034565e+03 -2.432289629060161133e+03 -4.683212893651407285e+03
-2.477910924398066982e+03 -2.386587448244107236e+03 -4.611266071666126663e+03
6.744450162688728597e+03 -2.431673682895815091e+03 -5.249887293189353841e+03
-1.757032918149641318e+03 -1.016667786112190697e+03 -4.737026577067245853e+03
-1.827858091885818112e+03 6.789814176269226209e+01 -4.833234184977436598e+03
-1.555578844601843230e+03 -4.803559653408102349e+03 -4.563762842147042647e+03
-2.271041914839137917e+03 -2.228795303490971946e+03 -4.748486628841026686e+03
-2.293498382820681400e+03 -2.477557433858051354e+03 -4.608200951912490382e+03
-1.666738731616675977e+03 -1.985374552017353153e+03 -4.798272019975880539e+03
-2.589222387241630713e+03 -2.321567471937577466e+03 -4.712919476515507085e+03
-1.641297833001442996e+03 -1.672059690492794743e+03 -4.725865876230465801e+03
-2.131472638368198204e+03 -2.421902101620040412e+03 -4.828455267473802451e+03
-2.466079362599582964e+03 -2.552742326238492296e+03 -4.791439651476934159e+03
-2.159875097143054973e+03 -2.470098892483204509e+03 -4.798592310968173479e+03
-6.831066886377248011e+02 6.783581956725278133e+02 -4.827474885792737950e+03
-1.984071789260205151e+03 -2.229094889831907039e+03 -4.764725797149903883e+03
-1.636246140844398496e+03 -4.508388637178691170e+03 -4.574138888234445403e+03
-1.498527854778817527e+03 -5.227593150812110252e+03 -4.436170132598888813e+03
-1.927018124228846318e+03 -2.345990209084428898e+03 -4.678842233531140664e+03
-1.435760718067478820e+03 -1.626691904917729744e+03 -4.724278520899702926e+03
-2.373274044453392889e+03 -2.041978555982880607e+03 -4.517705078190253516e+03
-1.266237364331969957e+03 -8.599453731979035638e+02 -4.745960771018004380e+03
-1.135319312184825094e+03 -1.771252644707690706e+03 -4.724537177164909735e+03
-2.511441224241952114e+03 -2.390778069164986846e+03 -4.744344516502405895e+03
-2.453231163736585131e+03 -2.528805823820609930e+03 -4.739939241396264151e+03
1.025926667463752892e+04 7.916419759654748304e+03 -5.354117823590660009e+03
-2.336941754005893927e+03 -2.359948977519764867e+03 -4.559042096638274415e+03
-1.976707061276383456e+03 -3.813341942890141581e+03 -4.514457048491306523e+03
-2.368246845968501930e+03 -2.351970069079019595e+03 -4.770539117835393881e+03
-2.019135214720162821e+03 -2.060570640406406710e+03 -4.766535620951967758e+03
-2.322452340980375993e+03 -2.488427740082792297e+03 -4.749879253899087416e+03
-2.538123331321718524e+03 -2.281751272294966839e+03 -4.795217175965252864e+03
-1.375367648816567907e+03 -4.677957763102430363e+03 -4.594954190186295818e+03
-2.594639591212855521e+03 -2.360598919272376406e+03 -4.783745442443881984e+03
-2.440054388853730870e+03 -2.344502109904705321e+03 -4.677106288376788143e+03
-1.841759973911552606e+03 -2.146876784337520348e+03 -4.621563451523800722e+03
-1.486723760449655629e+03 -4.609040120821512573e+03 -4.558630231995923168e+03
-2.412395123328345562e+03 -2.166049667219200273e+03 -4.712794801137324612e+03
-2.236800899656825550e+03 -2.181055320387790744e+03 -4.772992518275042130e+03
-2.202259471851632952e+03 -2.456729422764155061e+03 -4.584955837532798796e+03
4.554447633456560425e+02 -5.206457260083853726e+03 -4.713192826215123205e+03
-2.298427444908819780e+03 -2.514334374832396861e+03 -4.599240176401462122e+03
-1.304381958329838653e+01 -9.828745034837754702e+02 -4.837809796799776450e+03
-1.505237520481050069e+03 -4.538483890280063861e+03 -4.623044850646284431e+03
-2.574174970813221080e+03 -2.378260227244791167e+03 -4.657780383974043616e+03
-2.392742997263458619e+03 -2.218698650497036397e+03 -4.685453274953283653e+03
-8.862393035602960936e+02 -1.419193584301475312e+03 -4.796854013688383020e+03
-2.040256073201094068e+03 -2.474670692775590396e+03 -4.679825452154363120e+03
-2.163044935579418961e+03 -2.178284519271750469e+03 -4.617710482395221334e+03
-2.361433664557506745e+03 -2.551568090407496129e+03 -4.822378607070638282e+03
-1.815540108216114049e+03 -1.994675579035544615e+03 -4.881378568545678718e+03
-2.124068419948180690e+03 -2.457024965262892692e+03 -4.831594828719496036e+03
-1.618519762972821809e+03 -1.901052452473664744e+03 -4.848869467321363118e+03
-2.330024217256742304e+03 -2.251938658824584763e+03 -4.530442820890438270e+03
-2.495581484016875493e+03 -1.818959581955917429e+03 -4.602232858204426520e+03
-1.686975901859374744e+03 -1.874100944861469088e+03 -4.754170741535733214e+03
-2.469990713209287151e+03 -2.281635806566033807e+03 -4.660523043916164170e+03
-1.800982776816505520e+03 -4.208361884906702471e+03 -4.579040836644947376e+03
-2.476735665533896281e+03 -2.457081364818360271e+03 -4.655634630035745431e+03
-2.344441904554996654e+03 -2.348812292699514273e+03 -4.548527311641460983e+03
-4.598611296463354847e+01 -1.362735181842798511e+03 -4.801690239210880463e+03
-1.830371928700270473e+03 -9.335932832563632928e+02 -4.838913771822471062e+03
-2.303466844238189879e+03 -2.550212267177470949e+03 -4.839891371709542909e+03
-2.000650027558703869e+03 -2.460387482449562413e+03 -4.765017910397498781e+03
5.399928487457099436e+03 -3.397131599988424114e+03 -4.962329493396936414e+03
1.446572413790215705e+01 -2.483986083162587875e+02 -4.825863570496808279e+03
9.875144914681997079e+02 -5.619962524118663168e+03 -4.969899561270853155e+03
-2.285520953856168489e+03 -6.212041546933479594e+02 -4.822086508487030187e+03
-2.157773697703486960e+03 -2.488584640629159367e+03 -4.625622364597896194e+03
-1.638318529857405338e+03 -4.528774798812697554e+03 -4.597115681605449026e+03
-2.498393171387836446e+03 -2.406076185978190551e+03 -4.548421110732379020e+03
-6.031397865054913154e+01 -7.169734680394169573e+02 -4.803823079740237517e+03
-1.740317361716869300e+03 -2.257879650274135201e+03 -4.754555224038018423e+03
7.367450156911586419e+02 -5.123191815335007959e+02 -4.829562368098411753e+03
-2.556420592068366204e+03 -2.364989197947395041e+03 -4.737111054373143816e+03
-1.205652495869368067e+03 7.064498622854509904e+02 -4.781981940024301366e+03
-1.357449203439030953e+03 -1.963326200968628200e+03 -4.837655018001029021e+03
-1.348049486729822320e+03 -2.868221517640522507e+02 -4.801282487008347744e+03
-1.819754082875077529e+03 -4.555793706180552363e+03 -4.507941166694932690e+03
-1.976108794258663465e+03 -1.657526893868163143e+02 -4.762142898366567351e+03
-7.513113640811528740e+02 -5.064419707485176332e+03 -4.766779729000441876e+03
-2.478491261696800393e+03 -2.360633223990047554e+03 -4.781691990948779676e+03
-6.553069691842429165e+02 5.147651414980913387e+02 -4.770555787871472603e+03
-2.393118560014886498e+03 -2.583582724815773872e+03 -4.681223014678653271e+03
-2.326884306625844374e+02 4.433102290987760625e+02 -4.826808526258722850e+03
-1.195957537335844108e+03 1.092857474692052165e+03 -4.761342272094229884e+03
-2.481090589585642192e+03 -2.335443569975038372e+03 -4.620389441990093474e+03
-2.268998451580584970e+03 -2.591476769988244087e+03 -4.613215220466501705e+03
-2.013466751267002792e+03 -2.602605132746608433e+03 -4.668343670170966107e+03
-1.822868064685452282e+03 -2.425629416144736751e+03 -4.822399230431474280e+03
1.667789145374875943e+02 -2.089669093236784647e+03 -4.928701044278893278e+03
-4.555941792789430110e+03 -2.677269887579534497e+02 -4.778617574786300793e+03
-2.268295705858970450e+03 -2.678011285003547982e+03 -4.764597441633206472e+03
-1.854148955888511409e+03 -2.375083256998583238e+03 -4.727981192043419469e+03
-2.436032576638325281e+03 -1.476050425338632294e+03 -4.667892099649209740e+03
-2.355418948418476248e+03 -2.673159232186665577e+03 -4.758122102009949231e+03
-2.033244026973274458e+03 -2.469602482664262425e+03 -4.583286752396948941e+03
-1.927366368433200478e+03 -2.583616933708613942e+03 -4.724897907556331120e+03
-1.986004500220735736e+03 -2.359808237056730832e+03 -4.857131669089763818e+03
-2.134995259350962442e+03 -2.560712608241058660e+03 -4.799982680839222667e+03
-2.127764225747987439e+03 -2.679824537198535836e+03 -4.724449328546892502e+03
-2.300923029544720066e+03 -2.622568815671652374e+03 -4.712716722788339212e+03
9.730836892484934424e+02 6.441525009634902744e+03 -5.132188139505483377e+03
-3.639267897095041462e+03 -1.478343602892486160e+03 -4.668198394091385126e+03
-3.772531007407388643e+03 -1.475767090578017587e+03 -4.723190647438811538e+03
1.279207068301286654e+01 -2.032585488794284402e+03 -4.953120533364068251e+03
-1.964440301506753258e+03 -2.581149244949521290e+03 -4.799831595765425845e+03
-2.120869582586889464e+03 -2.560203257652199227e+02 -4.765583451105228960e+03
-3.256503570175399091e+03 5.278189058337926554e+01 -4.747655604940612648e+03
-2.325539960217018233e+03 -2.543496167618350228e+03 -4.601262233657555953e+03
-4.453983286082403538e+03 -4.292255250590256992e+02 -4.704398020302540317e+03
-2.640496752756782826e+03 -4.727095590470559614e+02 -4.735928545651934655e+03
-1.891669134489275621e+03 -2.441832774450408124e+03 -4.688618285665646908e+03
-1.870034926890151155e+03 -2.468256621932625421e+03 -4.836870516842899633e+03
-2.010301797902983935e+03 -2.149169701484624056e+03 -4.804553790716643562e+03
-3.976226365881862876e+03 -4.200672580796230022e+02 -4.742714165332658922e+03
5.543231304718468664e+02 -1.553756236853261271e+03 -4.944066599999081518e+03
-1.050495758774993192e+03 -2.323423584968174964e+03 -4.853085033430083058e+03
-1.890575715194353506e+03 -2.385041228379365748e+03 -4.830061149924426900e+03
-4.383044111393117419e+03 -1.276348499446538426e+03 -4.647455899179956759e+03
-3.426234250487388636e+03 -2.173984110575524483e+03 -4.731907880235995435e+03
-4.171618597096198755e+03 -1.008395073167637292e+03 -4.663058171726531327e+03
-1.844551597224436819e+03 -2.403592364685413031e+03 -4.778448506566864125e+03
-1.996417281455548618e+03 -2.290206489183440681e+03 -4.868632141105162191e+03
-2.393052352915731262e+03 -2.425785298078500091e+03 -4.781182158707403687e+03
-7.660987927199426849e+03 1.192971348407836558e+04 -5.165957845220726995e+03
-2.485498680830142803e+03 -2.483109042747323201e+03 -4.783215305098176032e+03
-1.036165660573866717e+03 -2.312313880927803439e+03 -4.847925724087048366e+03
-2.280106092375085154e+03 -2.322172451636188725e+03 -4.711204244002676205e+03
-2.193142320743802884e+03 -2.481219102584614120e+03 -4.575642334960794869e+03
-2.146351313914253751e+03 -2.596777765408943196e+03 -4.569978276793980513e+03
-2.026235870181265909e+03 -2.277365924530151915e+03 -4.640910592292034380e+03
1.102186023284296880e+03 -1.561868309423002529e+03 -5.000771447216977322e+03
-1.870632957171221051e+03 -2.555189582560043164e+03 -4.642777903339707336e+03
-2.211801248946468149e+03 -2.701152205861963921e+03 -4.816919721375517838e+03
-2.152986985466492115e+03 -1.931018896516013683e+03 -4.716428839575077291e+03
9.746256505930512049e+01 -1.662376266170233521e+03 -4.905757127533976018e+03
-2.200113830141228391e+03 -2.479666475874815205e+03 -4.621621363462980298e+03
-1.936563054998044208e+03 -2.203134242782246019e+03 -4.627191273737398660e+03
-1.964519425300377634e+03 -2.600966291959849514e+03 -4.775559370824584221e+03
1.731282021332694057e+03 -2.599604460688340737e+02 -4.943878457390440417e+03
-1.745265613278432284e+03 -1.655229945453026176e+03 -4.857790010368157709e+03
-1.891938779474719013e+03 -2.248147725698368959e+03 -4.826946432782474403e+03
-4.752271173940956714e+02 -2.099462090105029802e+03 -4.921442474775010851e+03
-2.273763295570245646e+03 -2.611413587357620145e+03 -4.841767510148995825e+03
-2.472248066999920866e+03 -2.523530174924157564e+03 -4.738967463151763695e+03
-1.940392236700445665e+03 -2.361845343738453266e+03 -4.655624481725766600e+03
-1.922708796712684261e+03 -2.597556656804772501e+03 -4.756725019902953136e+03
-2.506419230521841200e+03 -2.390023824358998354e+03 -4.554382387119438135e+03
-3.567805535630837767e+03 7.606176466701668915e+01 -4.766999086078678374e+03
-2.209762408443255026e+03 -1.890273548075125291e+03 -4.794937150483163350e+03
-1.865800244079354798e+03 -2.538703912818317349e+03 -4.716597293645017999e+03
-2.700325812982812295e+03 -1.243864955919419344e+03 -4.649836161799912588e+03
-2.219845290442513942e+03 -2.587607370422007989e+03 -4.796833737397309960e+03
-3.748551620421959342e+03 -2.147219043852136110e+03 -4.712436541588636828e+03
-2.033098688822346730e+03 -5.260175128047363842e+02 -4.832367917814378416e+03
-2.385253047063797567e+03 -2.402769088913074938e+03 -4.678412081847209265e+03
-4.989527649425713207e+02 -2.375978164230706625e+03 -4.883058237594252205e+03
-1.982211746606162478e+03 -1.545597375237389087e+03 -4.814728623013157630e+03
-2.487019773580760557e+03 -2.323839584809408734e+03 -4.603325942266783386e+03
-1.885579743728436142e+03 -2.335298355648301367e+03 -4.761235596528850692e+03
-3.500182130348348437e+03 -1.986854684583918242e+03 -4.721490785009132196e+03
-2.010347717757749933e+03 -2.000512601743474988e+03 -4.596554143948589626e+03
-2.778584906908056382e+03 -1.054638774113205727e+03 -4.751512629884930902e+03
1.752679459629046278e+03 5.535775398733214388e+03 -4.968493227085577928e+03
-4.308476197534479070e+03 -4.616951245717182246e+02 -4.679508083408827588e+03
1.238013060151822401e+03 -8.030982592772533053e+02 -5.029818525670605595e+03
-5.142427978133692704e+03 -1.008973376924296417e+03 -4.724654203220670752e+03
-2.272434194311872488e+03 -2.493677344164498209e+03 -4.630053032536137835e+03
-1.568491968535638534e+02 -1.921285421961558768e+03 -4.892093176678686177e+03
-2.464336558024444457e+03 -2.601791354284948738e+03 -4.820845507154373990e+03
-4.186106835167438476e+03 -1.728625809126709214e+02 -4.708024663025725204e+03
-2.995607372602702981e+03 -8.137048270339429337e+02 -4.750342351316849999e+03
-1.872665724090453068e+03 -2.498309946263975235e+03 -4.740421418146905125e+03
-2.414063238226402973e+03 -2.570008419548033544e+03 -4.634673822056415702e+03
-4.268669299828096882e+03 -5.209897238403887059e+02 -4.649608586661262962e+03
-1.881100096635170075e+03 -2.376463118645140185e+03 -4.679050964448219929e+03
-4.312676476519926837e+03 -1.314318691816906039e+03 -4.664718144370429400e+03
-2.232419254421876303e+03 -2.415601687997674162e+03 -4.760647998997576906e+03
-4.510730493609014047e+03 -1.644955901390881991e+03 -4.616273411018928527e+03
6.974303661140500026e+02 -1.711524127815284828e+03 -4.865489123657716846e+03
-2.207729853071037724e+03 -2.485134879510746941e+03 -4.593692288283802554e+03
-4.360664000063585263e+03 -5.648990938205204202e+02 -4.634315013286831345e+03
-2.159541715578321600e+03 -2.618553075398158398e+03 -4.813100952523593151e+03
-4.787190800405458504e+03 -1.907764446181932954e+02 -4.724900734682852999e+03
-4.723822250899981555e+03 -2.253952724354375050e+02 -4.660092366285345634e+03
-2.175124704270678194e+03 -2.515005637351865062e+03 -4.655976172424866490e+03
-4.896557346228702954e+03 -5.693449905539822794e+03 -8.284852826341576701e+02
-3.681914419664552952e+03 -5.278408604083826503e+03 -3.824037745064543969e+02
-4.062831789965255666e+03 -5.495588557859153298e+03 -7.773399842602332228e+02
-4.044873350235332055e+03 -5.683200149486357986e+03 -6.688660554455543661e+02
-3.905255382829599057e+03 -5.644647528528157636e+03 -8.090159143402388509e+02
-4.822495426842076995e+03 -5.447625139483150633e+03 -5.259878698067168443e+02
-4.669114159345346707e+03 -5.466963473832795898e+03 -5.244271628263331877e+02
-3.708241014965975864e+03 -4.482919432975038035e+03 1.310694218390831111e+03
-4.578488809550669430e+03 -5.488757799317324498e+03 -6.767378703789020165e+02
-6.612374625897451551e+03 -5.990825701423661485e+03 -1.397781419353886577e+03
-4.024436705140141385e+03 -5.795145002511856546e+03 -9.660501358000308301e+02
-1.110374387665316681e+04 -1.883710749205955835e+03 4.731887261411554391e+03
-4.213626850450201346e+03 -5.732361607013054709e+03 -8.203587056683904848e+02
-4.023433992799122279e+03 -5.551848394997715332e+03 -8.028664948294315309e+02
-3.766066617867283639e+03 -5.363651027592880382e+03 -1.032465283324885377e+02
-4.031709254132993919e+03 -5.490200945003181914e+03 -3.730193632597352007e+02
-4.213157577248843154e+03 -5.449684857179911887e+03 -4.804202925067787078e+02
-3.844463235467275808e+03 -5.525540379055129051e+03 -4.486728816066677155e+02
-3.860807114094275676e+03 -5.603845459809770546e+03 -7.293257826596436644e+02
-4.435168038634271397e+03 -5.486048128752066987e+03 -3.847664338509805475e+02
-4.899485197135868475e+03 -5.113989412120461566e+03 -2.235879062090655793e+02
-4.351162547333909060e+03 -5.521598436734916504e+03 -4.414183910506577604e+02
-3.846536612889442949e+03 -4.574725612590396850e+03 1.166204488690586004e+03
-6.046406038067689224e+03 -6.288788095335942671e+03 -1.670514790650185205e+03
-4.028377147208508632e+03 -5.562310538847840689e+03 -3.617320763894852007e+02
-3.771570237929888663e+03 -5.809291027806244529e+03 -6.958773814244798359e+02
-6.115996426132497618e+03 -2.855660792204315840e+03 3.630689445728675764e+03
-6.159166468344100394e+03 -6.063036865669619147e+03 -1.550785078319543572e+03
-3.740518631620226188e+03 -5.515178366590165751e+03 -4.888786083078753109e+02
-3.811861940243291883e+03 -5.650496354825259914e+03 -7.162938857754521678e+02
-3.857276172896031312e+03 -5.838104286755217800e+03 -6.181099232125463914e+02
-6.489945069911661449e+03 -2.281687699087730834e+03 4.313356495704417284e+03
-3.770691884415192362e+03 -5.582736026970619605e+03 -3.719227836468296573e+02
-4.163861132351264132e+03 -5.862075991582293682e+03 -7.529641421177486791e+02
-5.314669827962589807e+03 -6.170121106869010873e+03 -1.449832708259358924e+03
-5.566850447518077999e+03 -5.981603672581808496e+03 -1.221682310439876346e+03
-3.777316304627701356e+03 -5.763964730874190536e+03 -6.705702382073744729e+02
-6.422395550786444801e+03 -5.398001338264186415e+03 -8.135005512459536021e+02
-4.726293167330873985e+03 -5.954284271554534826e+03 -1.211863683912771194e+03
-5.186254792669103153e+03 -6.169626315555370638e+03 -1.498947860687007278e+03
-4.300360355857611466e+03 -5.573060100979957497e+03 -4.720290379122146760e+02
-3.848694673507026891e+03 -5.444634001163940411e+03 -5.371391973196244862e+02
-4.028151801090916706e+03 -5.789803400573690851e+03 -9.734261615568111665e+02
-5.864097196202194937e+03 -6.111423049767519842e+03 -1.628776061538384056e+03
-4.066543535897621496e+03 -5.313488807976116732e+03 -3.942195106966246385e+02
-4.289651963958247507e+03 -5.888323810088898426e+03 -8.385167134879266087e+02
-5.209434512504747545e+03 -6.406006569070183104e+03 -1.706113104346861064e+03
-4.197113195016574537e+03 -5.607703010165989326e+03 -5.527880221060402164e+02
-3.858480047998309146e+03 -5.793799544217009498e+03 -8.028657919021342195e+02
-4.017651548474882475e+03 -5.738464982508970024e+03 -8.845405184498413291e+02
-4.934650987268712925e+03 -5.946666550187856046e+03 -1.183759554011500313e+03
-3.989171462814040751e+03 -5.848243793075805115e+03 -8.314025506035166018e+02
-3.963214167599720440e+03 -5.927358853295045265e+03 -7.122192794583090745e+02
-4.146208136001895582e+03 -5.542579812199786829e+03 -3.562804591617077676e+02
-3.913030938286717173e+03 -5.425307751571541303e+03 -1.754546090982023543e+02
-4.229187063014244814e+03 -5.553048629027463903e+03 -7.431612938460662008e+02
-4.590729430946708817e+03 -5.500593383579503097e+03 -5.886635162311337126e+02
-3.835746636786123872e+03 -5.490131603376446037e+03 -6.825045944670181370e+02
-6.035130764331201135e+03 -6.242362463361242590e+03 -1.606514028452562798e+03
-6.739794925018037247e+03 -6.406020402681098858e+03 -1.698087759055090373e+03
-4.088977944890415529e+03 -5.631488730789357760e+03 -5.175731437130566519e+02
-4.061908281349758909e+03 -5.581884405113249159e+03 -4.275699027860165415e+02
-3.724792829633263864e+03 -5.579699699844664792e+03 -6.219254622705016118e+02
-3.678064404528116484e+03 -5.557348825582384961e+03 -3.894333877039252911e+02
-6.497866117741737071e+03 -5.962640184754651273e+03 -1.447803147674773072e+03
-3.625514023331252247e+03 -5.536857434027808267e+03 -5.095591330954176783e+02
-5.581281340730486590e+03 -2.723927267091855356e+03 3.609260580364541511e+03
-3.634075303294022433e+03 -4.693209553851344026e+03 8.917908934225172288e+02
-3.900271953976022814e+03 -5.419109710260608153e+03 -1.321902019332801501e+02
-4.223116684656156394e+03 -5.935055715651669743e+03 -7.679062398453129390e+02
-3.940970983402319234e+03 -5.653219681313665205e+03 -4.984710894123858225e+02
-4.403299386728363970e+03 -5.248152776666705904e+03 -4.510074366747745671e+02
-3.652344322187439502e+03 -5.639094746349557681e+03 -5.658401547907023996e+02
-3.824058550268206091e+03 -5.479675605297271431e+03 -2.710528675733697241e+02
-3.943000473964947105e+03 -5.789554608793598163e+03 -9.335000554878938601e+02
-4.413588306720944274e+03 -5.448400127667965535e+03 -4.901388443101297980e+02
-4.038925428428512078e+03 -5.852770443553515179e+03 -8.264035817941231699e+02
-3.736329139141727410e+03 -5.619230288120040314e+03 -6.474328941122300876e+02
-4.160536642609338742e+03 -5.878253518166727190e+03 -7.588240477644399107e+02
-3.652801890532467951e+03 -4.890910022388131438e+03 6.522798389366962510e+02
-3.875742257171258188e+03 -5.470059848127548321e+03 -4.750592793858806999e+02
-4.047292655162425035e+03 -5.589764605865955673e+03 -3.793444982317881227e+02
-4.204684388151932581e+03 -5.439409906407061499e+03 -7.202920602474409861e+02
-3.908796967470190339e+03 -5.452013234472796285e+03 -3.656985245754852940e+02
-3.752432386444952954e+03 -4.017302500044621411e+03 1.938178035031963645e+03
-3.996684913905877693e+03 -5.492926606819336484e+03 -4.341477625333188257e+02
-3.777833408803298425e+03 -5.438935634412579020e+03 -5.713326609871147639e+02
-4.781373067634530344e+03 -5.490964074513331070e+03 -5.524442884821631878e+02
-6.284448680064133441e+03 -2.697233334246760478e+03 3.842804034213062096e+03
-4.827982423113803634e+03 -5.578902969884954473e+03 -7.479731028194786404e+02
-7.111452299985508944e+03 -5.857737390910651811e+03 -1.385979107778921843e+03
-3.734662848073553505e+03 -5.507580181224944681e+03 -3.554906826750114419e+02
-4.681747660346597513e+03 -5.422310039094307285e+03 -4.250756257830475420e+02
-1.032640597204919868e+04 -2.404042642365389383e+03 3.972934062893457849e+03
-4.011929076800707662e+03 -5.491995684670917399e+03 -7.065928881736265339e+02
-3.944342524207509541e+03 -5.602180106997107032e+03 -8.018414539061545838e+02
-9.199583946889937579e+03 -2.234689152082422879e+03 4.032789096873134895e+03
-4.182382385360171611e+03 -5.483893133260738978e+03 -4.167945305722228113e+02
-5.607666211311089683e+03 -5.680683885377462502e+03 -8.805689200979879843e+02
-4.059054131073868575e+03 -5.804193526081510754e+03 -8.479283727837366769e+02
-4.228590305085398541e+03 -7.129819381938515107e+03 -2.653216214539467728e+03
-4.304269177592809683e+03 -7.064558565806955812e+03 -2.589850847212128429e+03
-4.123422152233951238e+03 -5.526719258946530317e+03 -7.546665455976192334e+02
-3.821569751032375734e+03 -5.640965777319814151e+03 -6.592964999742698637e+02
-3.798801731021882006e+03 -5.766546802797170130e+03 -6.204513199989362420e+02
-3.834075159697491472e+03 -6.166457934688938622e+03 -1.483391791067228951e+03
-4.633844192199443569e+03 -7.218967141154664205e+03 -2.839878261090359956e+03
-6.494161887958248371e+03 -5.375157682547182958e+03 6.849663204892847261e+02
-3.899251463254452119e+03 -5.594550659773025473e+03 -5.812876675441882526e+02
-3.551103358629409286e+03 -6.896595891738370483e+03 -2.448598919421497158e+03
-3.738862790538711579e+03 -5.522035486520930135e+03 -3.362721810701144705e+02
-1.196707115521863125e+04 -9.668778534278540974e+03 -2.876773070640488186e+03
-4.207507436065854563e+03 -5.353644070665674917e+03 -6.811046403172510963e+02
-3.592513774252948224e+03 -5.430542501231611823e+03 -5.418857210797021935e+02
-4.102938623561405620e+03 -5.534816957765006919e+03 -2.134884334676257822e+02
-4.140242078930543357e+03 -5.798639424991444685e+03 -1.068761572904683362e+03
-3.763817866846228753e+03 -5.304639615123337535e+03 -4.326891092476249696e+02
-4.063487080602420519e+03 -5.205741663379502825e+03 -8.676934307992655704e+01
-3.745184594119478788e+03 -5.508200042810473860e+03 -2.908053991418362898e+02
-4.727740874965980765e+03 -5.861384330731453701e+03 -1.118161073324583640e+03
-3.967592658205333919e+03 -5.279489442925750154e+03 -5.876444664330608703e+01
-3.997310813975192104e+03 -7.323449736189358191e+03 -2.983257794873064995e+03
-6.079126543404902804e+03 -4.906161497408137620e+03 1.019347887024256352e+03
-3.471335155238385596e+03 -6.478928170324018538e+03 -2.015094236379345602e+03
-4.847033154987212583e+03 -6.900709935174974817e+03 -2.359236719674880987e+03
-3.682120609167982366e+03 -5.347751302300954194e+03 -3.111411951507636786e+02
-8.727540412550722976e+03 -6.216401787072863044e+03 2.606338332462016183e+01
-3.539895535829535220e+03 -6.803954678761952891e+03 -2.365399554249596804e+03
-4.058038034218768644e+03 -5.171232509590296104e+03 -3.463214143752153973e+02
-3.681608191651691413e+03 -5.177177493190429232e+03 -3.334140193162006653e+02
-3.632102780911418449e+03 -5.268934136953681445e+03 -3.625660688146639927e+02
-9.666132319636335524e+03 -6.476047426895996978e+03 3.696936714309573802e+01
-4.131460727061826219e+03 -5.663290159097919968e+03 -9.155317348493301779e+02
-3.861151573948491659e+03 -5.869477859819051446e+03 -6.503418688275321529e+02
-2.893316354405047150e+03 -6.705020959574106200e+03 -2.309261648626649730e+03
-3.514336973401750583e+03 -6.764061171604242190e+03 -2.258020983738872474e+03
-3.957059822856248502e+03 -5.306719396327981485e+03 -1.553834844124721144e+02
-4.463404277266567988e+03 -6.452260524789575356e+03 -1.921791297974157033e+03
-2.974259568394990310e+03 -6.643082468650841292e+03 -2.223690463960063425e+03
-2.863250809333183952e+03 -7.090571924577859136e+03 -2.673381971950856951e+03
-3.488111319658652974e+03 -6.563944463840236494e+03 -2.034287602389318408e+03
-3.814935349358694111e+03 -5.317470735260509173e+03 -3.603516237852300605e+02
-3.883257196133980415e+03 -5.336442362128018431e+03 -5.332067877476320064e+02
-3.091951441270901341e+03 -6.735394148872513142e+03 -2.389245824275627911e+03
-3.871150174506560234e+03 -5.592261123674089504e+03 -4.719433781779678156e+02
-3.983061430848019882e+03 -5.458339752701403086e+03 -6.481356604593465818e+02
-2.922534005540498583e+03 -6.543338691784510956e+03 -2.154210763361311365e+03
-3.527662931921212021e+03 -6.091896473074062669e+03 -1.252054318391202514e+03
-3.667899507391999578e+03 -5.493328115956336660e+03 -4.301657922277314015e+02
-4.164246557888977804e+03 -5.247650012296851855e+03 -6.787138587101474059e+02
-4.675381691005108223e+03 -5.274138513893923118e+03 2.703231655384885244e+02
-3.631152632908776013e+03 -5.321546434352110737e+03 -5.059933754250208153e+02
-3.667571286651455466e+03 -5.394767700155602142e+03 -2.748077667348720752e+02
-3.767790620269558076e+03 -5.208053373308686787e+03 -2.439253781074218637e+02
-3.142087572474518765e+03 -5.974926031610675636e+03 -1.344102014779410183e+03
-3.619541205379051462e+03 -5.426954786765852077e+03 -4.133985778477828035e+02
-4.155891986344337056e+03 -5.595082569691360732e+03 -6.170445318963965065e+02
-3.836952808964929773e+03 -5.109765550503515442e+03 -2.542236221477310778e+02
-3.425701134078236919e+03 -7.232452327865905318e+03 -2.881572475843739085e+03
-3.421762345427915079e+03 -7.032248590194034477e+03 -2.622737632611286244e+03
-3.849876058260386344e+03 -5.475071593022623347e+03 -3.923922698633401183e+02
-3.852081486059821145e+03 -5.386822222991231683e+03 -1.861908025398449809e+02
-3.741967259596347503e+03 -5.134448962653666968e+03 -2.430904963054200607e+02
-3.741322970402956344e+03 -5.397850810688005367e+03 -2.242641979807315522e+02
-3.436020936108910064e+03 -7.117129121538101572e+03 -2.683713986116139040e+03
-3.975674303981130834e+03 -5.262330687508541814e+03 -4.327011776984721791e+01
-9.540088193442232296e+03 -6.064523588351374201e+03 2.558979073453915305e+02
-5.145083501237657401e+03 -5.254487981975410548e+03 4.032701621603013109e+02
-4.282508592265532570e+03 -5.458024917279183683e+03 -5.473953603747213492e+01
-3.650612141270009943e+03 -5.539745251667901357e+03 -6.241025058586507157e+02
-3.901440466600467516e+03 -5.276113830930833501e+03 -3.665740496225299694e+02
-4.589296171148321264e+03 -5.401334946563683843e+03 -4.675277119727320496e+02
-4.779261806459898253e+03 -6.012210512558569462e+03 -1.261417185139832327e+03
-5.465521739531384810e+03 -7.102630812352174871e+03 -2.672816837101538113e+03
-3.817846458293253363e+03 -5.375592333548584975e+03 -3.230880152832509111e+02
-3.786842906246989514e+03 -5.706664346227049464e+03 -5.558838769662748973e+02
-3.770562773891603683e+03 -5.554846728564033583e+03 -5.447622654470276302e+02
-4.298822311307054406e+03 -5.607737221724401934e+03 -5.270962739820071192e+02
-3.848733718279517234e+03 -5.447306730065082775e+03 -6.368635597669549497e+02
-4.914057138206047057e+03 -5.190162995608683559e+03 4.334108804173566796e+02
-4.180801121830026204e+03 -5.345211893148792115e+03 -5.923202376394261819e+02
-3.876608523202089145e+03 -5.217464376816840741e+03 -3.717949719872060541e+02
-4.027064481854135011e+03 -5.085753134903901810e+03 -1.161735096081710310e+02
-4.070216993100521904e+03 -5.156916935596148505e+03 -2.957418032986400931e+02
-6.110172877535466796e+03 -5.199760895893338784e+03 6.199478842865969455e+02
-4.224501925919686983e+03 -5.649458263909623383e+03 -7.699810994495708201e+02
-4.106409980648373676e+03 -5.208978629899735097e+03 -4.827429785892863379e+01
-4.312183209707873175e+03 -5.727689998331130482e+03 -7.449432611895862237e+02
-9.691040966354697957e+03 -6.436970037734841753e+03 -2.945080972361998874e+02
-4.905780343719016855e+03 -7.069617215052050597e+03 -2.581740444253791793e+03
-3.865159270581294550e+03 -6.242776282729648301e+03 -1.704108152990666667e+03
-4.308246318289126066e+03 -5.549886446764467109e+03 -5.135020379722745929e+02
-4.160235461887850761e+03 -5.609621034890489682e+03 -5.836294098743090899e+02
-1.160688154846116595e+04 -9.423472451416344484e+03 -2.987370182502894750e+03
-4.011935270669022884e+03 -5.287394754675307922e+03 -5.230937982232874219e+02
-3.714251703673671727e+03 -5.197879355816049610e+03 -3.094414443416575864e+02
-1.096586311777102856e+04 -8.507587270399708359e+03 -1.779433602361770909e+03
-3.917542863647539889e+03 -5.237837681474160490e+03 -1.049102200237780664e+02
-4.088554922810005337e+03 -5.243059189208965108e+03 -9.672783211144468396e+01
-3.986560512533748351e+03 -5.568527998457536341e+03 -6.210233620862757107e+02
-1.709077826767957504e+03 -5.696193787458190855e+03 -1.317014175850618358e+03
-1.983655853684033900e+03 -6.238717517108751963e+03 -1.805164256812630811e+03
-3.723654809717182616e+03 -5.362133438742200269e+03 -2.318750871199307539e+02
-3.983701711929309567e+03 -5.144006447162454606e+03 -2.136358594344987409e+02
-4.275409523428223110e+03 -5.194464668979707312e+03 -1.922888337634443303e+02
-2.436267550133894474e+03 -5.439964428994660011e+03 -7.661391250248606184e+02
-1.810561204907441379e+03 -5.835774878537075892e+03 -1.389356325323638202e+03
-5.887814911941002720e+03 -7.226281895139722110e+03 -1.483545169385527743e+03
-4.059552120574828223e+03 -5.281539766104954651e+03 -2.668830582496555053e+02
-2.908164627757087601e+03 -5.081779056544021842e+03 -2.602008350739030220e+02
-4.343699019802153089e+03 -5.080710564483689268e+03 -1.463209704639385222e+02
-1.036724402170377743e+03 -1.231784029689609997e+04 -5.590356235491514781e+03
-4.053608535618438964e+03 -5.349743592411497957e+03 -4.855510941903586399e+02
-3.645365230135111688e+03 -5.422358786715776660e+03 -3.407452962575559923e+02
-1.668887178599724848e+03 -4.811737685466152470e+03 -2.643634333403517758e+02
-1.134341019215722554e+03 -5.619923058289063192e+03 -1.299480164321167649e+03
-4.198922154047325421e+03 -5.204060922487508833e+03 -1.207734352719191975e+02
-4.443489732771083254e+03 -5.458766200361461415e+03 -3.856946314117187740e+02
-4.298187968650347102e+03 -5.044228839557611536e+03 -1.654778360719812440e+02
-2.542285396660849528e+03 -5.997339023572283622e+03 -1.427779753292794567e+03
-4.263694615835066543e+03 -5.468224756945399349e+03 -4.381388748786285419e+02
-3.242260616991537518e+03 -5.644396457324366565e+03 -1.030037845878619692e+03
-5.837193220320212276e+03 -6.895033996883566033e+03 -1.029644500195379351e+03
-1.501417961020266603e+03 -5.223271045200971457e+03 -6.587579434697597662e+02
-3.087567424332989049e+03 -6.033939796638065673e+03 -1.459199398964448392e+03
-4.361286916887112966e+03 -5.059285438144809632e+03 -1.885752171208339405e+02
-5.433165580281388429e+03 -1.013372118545397097e+04 -3.992956696941621885e+03
-1.547367642323176597e+03 -5.245291126585707389e+03 -9.056908656312133417e+02
-4.593069608882397006e+03 -5.285453658394699232e+03 -2.391617049473700831e+02
-4.423239903904074708e+03 -5.175293990676299472e+03 -1.192428994873838803e+02
-4.236006670894945273e+03 -5.231269800357740678e+03 -3.744366108383019309e+01
-5.193984162788875437e+03 -1.038963743477073149e+04 -4.314408264186310589e+03
-2.403359715431603490e+03 -6.201356857859536831e+03 -1.704862260100675257e+03
-4.284314325788310271e+03 -5.280568523248224665e+03 -5.221393339652986469e+02
-2.100740482317796705e+03 -5.218830526280537015e+03 -6.512197283141126718e+02
-1.344313390440916010e+03 -5.937303738455175335e+03 -1.594436593536176815e+03
-4.643327936181009136e+03 -5.197664755964415235e+03 -3.742360737668793718e+02
-1.863517520021347536e+03 -6.046884331714162727e+03 -1.634521528880924052e+03
-3.948672045864856500e+03 -5.498455495502076701e+03 -3.315225626139075530e+02
-1.049116448382064391e+03 -5.159051852643394341e+03 -8.189890654426639003e+02
-9.829460778069233129e+02 -5.279846163693972812e+03 -7.752272387845969206e+02
-4.383844900588457676e+03 -5.323708677253151109e+03 -1.591366372994759786e+02
-4.408692613808099850e+03 -5.271534221509714371e+03 -1.354186053382219370e+02
-1.865752584432812000e+03 -5.248367864047983858e+03 -7.178136709798741322e+02
-3.863982332093919922e+03 -5.302686433374639819e+03 -3.399757578218159892e+02
-4.016618046829728428e+03 -5.265364119629432935e+03 -3.459445026535536272e+02
-2.583952039691467689e+03 -4.739362783101325476e+03 -1.803860095280809901e+02
-2.071172202874771756e+03 -4.950525090247312619e+03 -3.231501184772426996e+02
-4.674805029427036061e+03 -5.415830740463801703e+03 -3.605413785566253750e+02
-4.158896309140230187e+03 -5.206179356534972612e+03 -2.052423137558821509e+02
-3.239117813414879492e+03 -5.019945988613171721e+03 -1.493609402730765225e+02
-4.498780232623241318e+03 -5.323350760317036475e+03 -5.253782843284193405e+02
-4.205322426366131367e+03 -5.559435514591334140e+03 -5.063537803634773695e+02
-4.033587473331290767e+03 -5.098188610775240704e+03 -1.196991183819503135e+02
-4.059185662248994049e+03 -5.554993230951264195e+03 -3.049450760226707757e+02
-3.819006056776120204e+03 -5.123669542621245455e+03 -2.120119443234164578e+02
-1.793186022742392652e+03 -6.014241484799874343e+03 -1.605130194707568535e+03
-4.187132652428741494e+03 -5.256943009777893167e+03 -9.229456059401309176e+01
-1.576395173259913918e+03 -5.106955978588795006e+03 -6.777821301174385553e+02
-1.967295815078546866e+03 -5.627286063669635951e+03 -1.052637073945217026e+03
-3.954747655957684401e+03 -5.289606489533386593e+03 -1.279604556451951964e+02
-4.198213946179687809e+03 -5.160949151026074105e+03 -3.661121239049447240e+02
-2.059952526373802357e+03 -6.656614899915031856e+03 -2.278010515377747652e+03
-4.390621697181964009e+03 -5.504952631977168494e+03 -3.795358737335135970e+02
-1.543061950820465199e+03 -5.185657585987722996e+03 -8.458048175890558014e+02
-3.979347545336147050e+03 -5.648529072493520289e+03 -9.658965854593402582e+02
-5.890743067456244717e+03 -8.829461399789850475e+03 -2.806125764978384268e+03
-5.586079236526261411e+03 -6.667957071127715608e+03 -9.922872496020577273e+02
-5.297265589333375829e+03 -6.104839037245111285e+03 -5.052900962592126461e+02
-4.044908786671680900e+03 -5.232411926033460986e+03 -1.880569518026538844e+02
-4.443075024614970971e+03 -5.224389070423558223e+03 -1.257099401242159047e+02
-4.103341941980819684e+03 -5.557493880094662018e+03 -7.630431745426634507e+02
-2.377184655507657226e+03 -6.657703195233259976e+03 -2.274238477243037778e+03
-4.405460478651328231e+03 -5.431249113603257683e+03 -3.526702799001585049e+02
-4.449953470471915352e+03 -5.166461172522753259e+03 -2.029223386812949457e+02
-4.118380657654050992e+03 -5.193835611089614758e+03 -3.880365057477452524e+02
-4.118447980731821190e+03 -5.148341892606858892e+03 -1.298889746479745497e+02
-4.348064214773294225e+03 -5.464108180435123359e+03 -5.117068412139669249e+02
-4.063245989608727996e+03 -5.219024284736772643e+03 -3.902691615221973507e+02
-5.213892901638738294e+03 -6.418204443270280535e+03 -7.849089534286326852e+02
-4.058713326034048805e+03 -5.553367920671302272e+03 -6.492582831336561640e+02
-4.174053791551823451e+03 -5.512230910684075752e+03 -6.070151318545156300e+02
-4.440398617668890438e+03 -5.202903069668828721e+03 -1.641323227737855746e+02
-1.742081860798968137e+03 -6.497858972403729240e+03 -2.087054639566656078e+03
-6.044951145715318489e+03 -7.516383418243478445e+03 -1.543893926339998416e+03
-4.001304734813951654e+03 -5.760067232186110232e+03 -7.587790447820702866e+02
-3.706923091386243868e+03 -5.833900931734782716e+03 -1.014744562508251079e+03
-4.617108986113616083e+03 -5.305543111622586366e+03 -4.080102552774814058e+02
-5.394426849461079655e+03 -9.699825600982750984e+03 -3.412264699521763760e+03
-2.613066903473961247e+03 -6.423171648385667140e+03 -1.939189278738892199e+03
-1.125551034322137184e+03 -5.233044188766953084e+03 -7.402539341464512290e+02
-3.053885330887003875e+03 -6.205965302618368696e+03 -1.585349931183148783e+03
-4.052016866206693521e+03 -5.216319804735042453e+03 -3.300017667682406000e+02
-2.211638309640060470e+03 -1.236290497028225582e+04 -5.902699824073142736e+03
-4.167257967714643200e+03 -5.053793209121118707e+03 -2.082978811961124563e+02
-4.191934267990326589e+03 -5.307419690719457321e+03 -3.752510034258656333e+02
-3.490875186918999589e+03 -1.135408574173247689e+04 -5.264005427564076854e+03
-4.423597938722045001e+03 -5.263954076211211941e+03 -9.433986165364470367e+01
-2.950458702670071489e+03 -5.956711602881132421e+03 -1.251699068098962925e+03
-3.912693495632576742e+03 -5.331247475285917972e+03 -4.805051567028505133e+02
-2.628345649614950162e+03 -3.710577025743085414e+03 9.125540088873855211e+02
-2.068572343673318301e+03 -3.546844944546430270e+03 9.604358675886099945e+02
-4.072706123075029609e+03 -5.292150731243614246e+03 -2.851491961666813495e+02
-4.562154647988730176e+03 -5.476792391345075885e+03 -6.394565508754290022e+02
-4.699871274896249815e+03 -5.241902298723945023e+03 -4.013582113724396550e+02
-3.227982156598149686e+03 -4.064234538922297816e+03 5.997089497014736708e+02
-2.795858992118020524e+03 -4.284873303243191003e+03 4.031194367669471603e+02
-3.583611739700742419e+03 -6.244985391168534079e+03 -1.015776285276565886e+03
-4.261415351177413868e+03 -5.574498577797600774e+03 -5.527009731497053053e+02
-2.776303369682177618e+03 -3.597122276790450542e+03 9.883566850092568075e+02
-4.621164699248744000e+03 -5.577958065101038301e+03 -4.653766744252569083e+02
5.323215297288931652e+03 -6.581680925475331605e+03 1.476669377067803453e+02
-4.082509731332503179e+03 -5.377949409693816051e+03 -4.121043989120511242e+02
-4.158923786825865136e+03 -5.308574522441685986e+03 -3.246522880052955315e+02
-4.284373622482150495e+03 -4.361215978326274126e+03 4.047981721823147154e+02
-3.411533425033503136e+03 -4.577300642284390960e+03 2.323196212931376294e+02
-4.567981598644504629e+03 -5.631458005131482423e+03 -5.729487332140741955e+02
-4.763662193731252046e+03 -5.511822900763627331e+03 -4.623756077594089788e+02
-4.323049293757909254e+03 -5.238297990126775403e+03 -2.453200305243365165e+02
-4.099383392615839512e+03 -5.373487037150656761e+03 -5.450089075112953196e+02
-4.439309944650074613e+03 -5.663626614831864572e+03 -5.285298743205779601e+02
-2.218558726942846079e+03 -3.813105354698242991e+03 7.157256221812139074e+02
-2.935988344822054387e+03 -7.316472342466142436e+03 -1.760783935168124344e+03
-3.324592615307110464e+03 -3.613294317296717963e+03 9.537700045099743420e+02
-4.743399916735274928e+03 -5.577014210953246220e+03 -7.401753141584804325e+02
-4.710503829289886198e+03 -5.274317811204148711e+03 -4.376575895916858485e+02
5.782893773735831928e+02 -7.830412479590909243e+03 -1.887274524575857868e+03
-3.273942931941576717e+03 -3.405555622342266361e+03 1.240659481874116636e+03
-4.392140610389583344e+03 -5.781031125647243243e+03 -5.983290916481994373e+02
-4.549225179293200199e+03 -5.653777235294774982e+03 -5.681249355092863880e+02
-4.470222082728122587e+03 -5.410925337707220933e+03 -6.260463438760725694e+02
5.413088164158178870e+02 -7.825086932405711195e+03 -1.986930827766008861e+03
-4.366525666678185189e+03 -5.507056273638122548e+03 -6.039474165313713456e+02
-4.565112421354409889e+03 -5.313640732193092845e+03 -1.902669996183262242e+02
-3.815110993356162453e+03 -3.734017545338228047e+03 8.587720652392938518e+02
-3.033893905695921603e+03 -3.697054027396374295e+03 9.352015892151223397e+02
-4.595861648251385304e+03 -5.535781719955755761e+03 -4.107734684914574359e+02
-2.138126464707012019e+03 -3.740953973251119351e+03 7.896703464664897183e+02
-3.852583268866281287e+03 -3.638588116819959851e+03 9.779488208987345388e+02
-3.534146569948104570e+03 -3.095692359280560595e+03 1.509681521016305396e+03
-2.892084869846677975e+03 -3.567348002569965956e+03 1.007766316119112616e+03
-2.196439416337915645e+03 -4.478821445179930379e+03 1.197896508387237873e+02
-4.470096891309021885e+03 -5.245715859877217554e+03 -4.232645959216516758e+02
-3.028005926390513650e+03 -3.620059947710416509e+03 9.175500078845369671e+02
-4.199025771695364710e+03 -5.222245757008819055e+03 -4.372295121708014563e+02
-3.921035327784859874e+03 -5.155488705432340794e+03 -2.603499562114969308e+02
-4.034127940965537164e+03 -4.011629731327061563e+03 6.814772081302767219e+02
-3.836488647992290225e+03 -3.542113064319672958e+03 1.050665043016553454e+03
-2.270702797352361358e+03 -5.648335782377970645e+03 -1.151810070526830486e+03
-4.277320040840236288e+03 -5.059436806564930521e+03 -1.390596852088756066e+02
-4.321328436995542688e+03 -4.504211368722119914e+03 3.665986673488426959e+02
-4.543834312437084918e+03 -5.479445596657818896e+03 -5.291542618425598903e+02
-4.672877278585180647e+03 -5.254720666029663334e+03 -3.566152207936716536e+02
-4.673235308916657232e+03 -5.548515330881181399e+03 -4.899179521379359699e+02
-3.993330286321847780e+03 -4.620492874678541739e+03 1.498869908017242096e+02
-4.679498374197699377e+03 -5.279137864158913544e+03 -4.526921107937205875e+02
-2.755568500641172704e+03 -4.051506643433479894e+03 5.871679020406018026e+02
-4.559566864711938251e+03 -5.538155035543126360e+03 -4.593090816046865257e+02
-3.086534328189622101e+03 -3.306694865502877747e+03 1.353125864191241135e+03
-3.301231319695768434e+03 -3.737992249749706389e+03 8.089713585415738635e+02
-4.691491213993209385e+03 -5.482002009923437072e+03 -4.503615005908886246e+02
-3.997194545249180010e+03 -5.443834379836111111e+03 -5.416174506727174958e+02
-2.430137999653419683e+03 -5.012519689477203428e+03 -3.306331856189200380e+02
-3.500240847626574578e+03 -5.161476525480384225e+03 -2.350923100803069872e+02
-3.791974680372740750e+03 -3.269322855523561884e+03 1.367197019467100745e+03
-3.956805593777500235e+03 -5.258109790322501794e+03 -4.341648059326064981e+02
2.781900279574514343e+02 -8.026665943182671072e+03 -2.296840936989072816e+03
-2.841858484199558006e+03 -7.395664164239029560e+03 -1.761305755225827852e+03
-3.970932297436434055e+03 -5.716193244523436988e+03 -6.267530957886287979e+02
-4.172380622056513857e+03 -5.539777999958942019e+03 -6.730734074328627230e+02
-4.613961756800930743e+03 -5.541914206051511428e+03 -4.714706696319296952e+02
-4.514289062180262590e+03 -5.540895804916487577e+03 -5.015906549794753460e+02
-2.019459917200019845e+03 -4.233555532326275170e+03 3.208724015053298331e+02
-4.352057211313452171e+03 -5.589907769649656984e+03 -5.149639455535224215e+02
-4.722907781549443825e+03 -5.507088122960897635e+03 -5.336748954685438093e+02
-4.586501918616670991e+03 -5.279192313942725377e+03 -3.103665234175899741e+02
-4.633159122200855563e+03 -5.331379718115422293e+03 -3.359211850926497505e+02
-2.630164433934218323e+03 -5.346129791111987288e+03 -6.591829867100889260e+02
-4.419029516695352868e+03 -5.086641460545245536e+03 -1.779387463143967807e+02
-3.303976756893295260e+03 -6.723390197629807517e+03 -1.343082922656530400e+03
-4.071056131415242362e+03 -5.208459866992267962e+03 -4.198090885895371684e+02
-4.163485372401979475e+03 -5.609966163087376117e+03 -5.193242252430540020e+02
-4.725846738458295476e+03 -5.648445524272867260e+03 -5.562950753532096542e+02
-1.404012222244638906e+03 -4.441441285824871557e+03 5.900482667707518658e+01
-2.546468583790023331e+03 -7.337973348151195751e+03 -1.797352996958911262e+03
-4.570295412415433930e+03 -5.670276864427969485e+03 -7.284666034362940081e+02
-1.750549605944086579e+03 -3.906977978120294210e+03 5.967739228965058373e+02
-4.322710129099006735e+03 -5.594412171706988374e+03 -4.896548335237230845e+02
1.367394983632844287e+03 -8.316154700054299610e+03 -2.145054322272829268e+03
-4.542074230994227946e+03 -5.826247015096491850e+03 -7.018919803175319885e+02
-2.552900592125080948e+03 -3.345360748165020595e+03 1.220533206958933079e+03
-4.575170875710889050e+03 -5.843509749931384249e+03 -6.309592223044568300e+02
-4.220135363902630161e+03 -5.351303803781439456e+03 -4.177196367750951822e+02
4.068551123034179909e+03 -6.383638998640207319e+03 -1.161204401455779447e+02
-4.422213570291629367e+03 -5.392598066227914387e+03 -2.085393278915237829e+02
-4.585928253286932886e+03 -5.396202291529090871e+03 -4.242209073520907054e+02
3.165426135966119546e+03 -7.737844562034712908e+03 -1.327399663072571457e+03
-3.307534996646248146e+03 -4.666763441150797007e+03 1.643678769467106804e+01
-3.787887770768007613e+03 -4.954031176120382042e+03 -1.634814197910338862e+02
-4.654324171225652208e+03 -5.272059127848532626e+03 -3.136640351227849806e+02
-5.416436426732326254e+03 -4.467071827658371149e+03 1.717235027830100478e+02
-4.643775304234691248e+03 -3.378756275470765104e+03 1.300223442356576015e+03
-4.600267901059809446e+03 -5.588426324308478797e+03 -7.337066220770590235e+02
-4.488358995196021169e+03 -5.392567947046433801e+03 -5.708751812462710404e+02
-4.658177721113019288e+03 -5.609090789758992287e+03 -7.594762551870751395e+02
-4.115192234106873002e+03 -5.534527816071547932e+03 -4.080295070566498907e+02
-4.326153031558502335e+03 -5.346356340601158990e+03 -2.473285202808347094e+02
-1.708393421659760634e+03 -5.436527899669839826e+03 1.665885742678603378e+02
-4.459925742086877108e+03 -5.366571258184166254e+03 -6.103169360946742472e+02
-5.308049534766212673e+03 -4.165541927095209758e+03 4.643554899170969748e+02
-4.649625203715895623e+03 -5.685219293973000276e+03 -7.820089839145740598e+02
-8.285507725488478172e+02 -4.019898840736648822e+02 6.368276722943870482e+03
-4.411288338004882462e+03 -5.357811172168611847e+03 -3.112560851399416038e+02
-4.373849411670084010e+03 -5.591185246370283494e+03 -7.177850422744556909e+02
-5.465110688050182944e+03 -5.205465860558154418e+03 -3.413314503210820590e+02
-5.578377572096251242e+03 -4.028391630348316085e+03 6.593347802059056448e+02
-4.631962452679791568e+03 -5.777150425192473449e+03 -6.863572332894635792e+02
-4.341964881022458030e+03 -5.737324270731525758e+03 -7.232971731370107591e+02
-4.599325733773295724e+03 -5.636075241105552777e+03 -6.705070939005836408e+02
-4.136176581286777946e+03 -5.432794588373634724e+03 -2.906231158229307994e+02
-3.730753460819852535e+03 -3.428509353442231259e+03 1.148494525360093348e+03
-6.397214909513154453e+03 -3.914396859264758859e+03 6.983830932285807194e+02
-1.467714526252205360e+03 -5.538580272268470253e+03 1.907227430276724931e+02
-5.263660056264025116e+03 -4.842980746939133496e+03 -8.100892015143188019e+00
-4.234754349718518824e+03 -5.229107584445784596e+03 -1.030369199150683244e+02
-4.434163042319160013e+03 -5.843803394127745378e+03 -8.168322278613715071e+02
4.715450710157815024e+02 -3.527825909231957667e+03 2.591706218439593158e+03
-6.116699894046058944e+03 -3.872772076256768287e+03 8.468057784280331362e+02
-4.079328451012373080e+03 -5.416785697709242413e+03 -2.535854824086962935e+02
-4.309621251152922014e+03 -5.861932279972194920e+03 -8.688085252698698469e+02
-4.352166470326413219e+03 -5.614441792982342122e+03 -8.176654996657616721e+02
1.877101253592358034e+02 -3.469647287871191566e+03 2.868763882685986118e+03
-3.952864751924297252e+03 -5.652530297217210318e+03 -5.319248601094681135e+02
-4.452995812078581366e+03 -5.542239851044852912e+03 -5.148724217287771125e+02
-5.528653683328764600e+03 -4.916673849800528842e+03 -1.650356341665620903e+02
-5.398624307636649974e+03 -4.414283134720094495e+03 3.190437292821769688e+02
-4.225229120949271419e+03 -5.892965461842308287e+03 -7.271707809085123699e+02
-5.278267759971099622e+03 -3.899821360448924679e+03 8.196497072249037501e+02
-5.601931543349557614e+03 -4.947921410136814302e+03 -1.287875351654757310e+02
-5.606512231763902491e+03 -4.599670107800484402e+03 1.019485873021039879e+02
-5.784470037211408453e+03 -4.247928527899536675e+03 5.657601739508902483e+02
-4.002772764947121232e+03 -5.134294084973726058e+03 -5.891316744959704010e+01
-4.456648036764900098e+03 -5.718583414109272780e+03 -6.536707339847629328e+02
-5.672823647410715239e+03 -3.986065543650643122e+03 6.863073726894037918e+02
-4.662038548437289137e+03 -5.505021003383382777e+03 -4.283069796023901290e+02
-4.239613582150304865e+03 -5.393466560090571875e+03 -6.383296325800108661e+02
-5.369885254542204166e+03 -4.735409561052376375e+03 -9.061167865947919609e+01
-5.359408435164154980e+03 -5.205947929324222059e+03 -5.215412599392925586e+02
-4.272920408739323648e+03 -5.890824378687060744e+03 -8.260390748516292660e+02
-4.539062362465168007e+03 -5.708249363788911978e+03 -7.677138821799144353e+02
-5.621941318333005256e+03 -5.148820792657001221e+03 -3.836452334118959016e+02
-4.382406251374412932e+03 -5.855055796063943490e+03 -8.092129119460898892e+02
-4.242529087257329593e+03 -5.716577333101779914e+03 -7.152914936341520615e+02
-4.561393011670033047e+03 -5.600924220570715988e+03 -6.223016007710942858e+02
-4.819499126834478375e+03 -5.354416920998723981e+03 -5.072932535878476301e+02
-4.227659557267527816e+03 -5.433989445718329989e+03 -5.762227619741782974e+02
-4.341014037775601537e+03 -5.070096668991022852e+03 -1.706145063183058710e+02
-4.482466305270810153e+03 -5.797375303650134811e+03 -8.621194248942298373e+02
-5.920031865471678429e+03 -3.775926475181474416e+03 9.493490760397000940e+02
-5.486752446847589454e+03 -4.559751943258812389e+03 2.736050620575789480e+02
-4.342945581411207968e+03 -5.807261586656004511e+03 -8.686633468731484982e+02
-4.232373844700437076e+03 -5.850185066517610721e+03 -6.364035950969004034e+02
-4.092367568274156838e+03 -5.335802970235892644e+03 -3.881224879295940013e+02
-4.172399698631069441e+03 -5.881249989428607478e+03 -8.944236230412936948e+02
-5.522534576369694150e+03 -4.622392862969812995e+03 1.976220056350894083e+01
-3.860976692035597353e+03 -4.784682520312784618e+03 3.553345786381225935e+01
-4.631628987466473291e+01 -3.931780689743477069e+03 1.903635112677318602e+03
-1.250155440183960309e+03 -5.780760159446692342e+03 -2.178535517758876097e+02
-3.777775927435528047e+03 -5.628406223805120135e+03 -5.431276512416259266e+02
-4.610028048987225702e+03 -5.719261886289262293e+03 -6.078186281071045869e+02
-4.299612855877616312e+03 -5.889387397868685184e+03 -8.200417401695840454e+02
-4.034744572844718732e+03 -5.526913758513316679e+03 -7.986506557657828580e+02
-4.091483671067033356e+03 -5.710684502894168872e+03 -6.558110170369943717e+02
-4.089999223429998437e+03 -5.729411323360470305e+03 -7.745573711988475907e+02
-4.084273719456256458e+03 -5.931426909612460804e+03 -7.616992654424356033e+02
-4.392071444042967414e+03 -5.379012986686592740e+03 -6.722008692654505921e+02
-4.567349848987208134e+03 -5.758296015408586754e+03 -7.231701930239665899e+02
-3.969411228075658983e+03 -5.911801612250434118e+03 -7.484088900450290112e+02
-4.305924330877941429e+03 -5.614804181862880796e+03 -7.385025659266447065e+02
-1.466063700905827545e+03 -5.653988177775056101e+03 -1.399754760648385741e+02
-5.491271322723206140e+03 -3.670422477960456490e+03 1.121609386280023728e+03
-4.148170680730967433e+03 -5.631091833535704609e+03 -5.503668776766271549e+02
-4.146957938070299861e+03 -5.673619136797388819e+03 -5.276882303320974188e+02
-4.362297561236025103e+03 -4.563132040076894555e+03 2.185262601103993347e+02
-6.886104729501772681e+02 -5.475504989003667106e+03 3.752831568759311267e+02
-4.021407833972087701e+03 -5.695354410675445251e+03 -6.693126463925466396e+02
-3.984748577538151039e+03 -5.850915825491660144e+03 -8.935180141760389461e+02
-4.028975061373965218e+03 -5.848881497880707684e+03 -6.603485101784908693e+02
5.488531885224485904e+02 -3.252806101201987531e+03 2.848312806002016259e+03
-5.185639398432992493e+03 -3.623557208772156628e+03 1.113776049685368207e+03
-4.371130939701643911e+03 -5.093108157046910492e+03 -1.137102963546228693e+02
-3.908002716683386552e+03 -5.822455084753056326e+03 -8.008943525234763001e+02
-4.030296665748670875e+03 -5.327195350266913010e+03 -4.153405950949005501e+02
-2.881975536190341245e+02 -1.273779534069720057e+03 5.273009702934140478e+03
-4.344748064506065020e+03 -5.264630838947001394e+03 -5.803273445833510777e+02
-4.066103044981734001e+03 -5.770145595435229552e+03 -8.869128089512853421e+02
1.919648241033080183e+01 -1.171785953442830760e+03 5.395239377166403756e+03
-4.101098610388951784e+03 -5.613139633523712291e+03 -7.233418308758347166e+02
-4.036548324899668387e+03 -5.705400532207055221e+03 -7.212337936086408945e+02
-4.219406524904063190e+03 -5.568448205316276471e+03 -7.423687587314394705e+02
