-5.640526068424346886e+04 -4.102605411418385302e+03 -1.020735224122673935e+04
-8.112358767559453554e+03 4.906418477534529302e+03 -1.227666207204922466e+04
-1.904007314004083128e+03 7.603113678161163079e+03 -1.139788148020135668e+04
-4.118406766582871569e+03 -6.843983861578458345e+03 -1.262273017352271927e+04
-2.894777419183778875e+03 7.903793269769815197e+03 -1.228005139553541085e+04
-7.420891030416489230e+03 -1.738911257967424262e+03 -1.319081309983440406e+04
-4.960201747337523557e+04 1.013239737568387136e+04 -1.237582131009944715e+04
-1.719076438134244381e+04 1.023361422516717903e+04 -1.183930896378967918e+04
-6.145615111272975355e+02 3.980426549265035192e+03 -1.284114060523845001e+04
4.238300691897438810e+03 1.263917833495364539e+04 -6.655992462141161013e+03
-4.360136093941236322e+04 -2.798344017832564077e+03 -1.123980234261126134e+04
-2.648621158954802013e+03 2.762463520852859801e+03 -1.098756320690762368e+04
-1.158447100142794397e+03 8.461234538903898283e+03 -1.025188741659507286e+04
-2.512746412635206070e+03 1.244235168571547729e+04 -1.028926124477601843e+04
-1.300342006325763577e+01 7.972898131482737881e+03 -9.440563610317716666e+03
-1.437409750963638089e+03 8.612759700937816888e+03 -1.076848171083459238e+04
-2.124514302327740006e+04 4.470214396825230324e+03 -9.231725823798118654e+03
-2.329003717954005879e+03 1.083658721806984613e+04 -9.836724089084622392e+03
-1.742794587791239110e+03 7.662243806842802769e+03 -9.925849548754727948e+03
5.070026741735689939e+03 6.486480302586071048e+03 -9.885574985648385336e+03
-2.737314909966837149e+03 9.108150701296863190e+03 -1.133047749456034398e+04
-1.100345776120195751e+02 6.158755252458419818e+03 -9.462777145626660058e+03
-8.075947206579658086e+02 4.901523588931264385e+03 -1.220079598839382925e+04
-2.697855105649502548e+03 7.561847055757264570e+03 -1.082025625296250109e+04
-5.678613239399449412e+03 8.188722115114774169e+03 -1.038215891673109218e+04
-3.952054245681330030e+03 7.267204857578918563e+03 -1.224192383567055731e+04
-6.023583414372943707e+02 6.464385444134088175e+03 -1.039167165183700490e+04
-5.543827188148180721e+04 -1.615006413299658789e+03 -8.661108921387476585e+03
2.691937376890263749e+03 9.973928145452036915e+03 -9.319794513160908537e+03
-4.107021566545583482e+04 -2.214242822234296455e+03 -1.057935893444968133e+04
-5.599044001226638647e+04 -4.488113547385156608e+02 -8.377040020035043199e+03
-1.183349557984606145e+04 9.306455554771338939e+03 -1.058666270738465573e+04
1.512630385151944211e+03 7.720324217741630491e+03 -1.174752321998366642e+04
-2.594503642885911177e+04 2.111956115403574586e+04 -1.820876503374152890e+04
-2.768079343831549068e+03 6.344129072614905454e+03 -1.221098097397830134e+04
-1.300930209714655120e+03 1.023453187349278051e+04 -9.735784376923740638e+03
1.432611791235432065e+03 5.639303579478615575e+03 -8.314088564469146149e+03
-2.608255012198062559e+03 6.685484917850314559e+03 -1.234490402082645232e+04
-1.504439898871283367e+04 -3.254160031077545136e+04 -1.292488126836298579e+04
-2.797893232657683711e+03 8.740903827671532781e+03 -1.013946020900365693e+04
-1.502035938094816174e+02 7.562571466017330749e+03 -1.082512046899023881e+04
-2.629227171367976553e+03 1.155022888545692331e+04 -8.604093965450292671e+03
1.673310386200544963e+04 -1.160931635831596068e+05 -1.140986675964167716e+03
-3.764618215608716127e+03 1.036617249291909684e+04 -1.020372086666261566e+04
-4.662510801909241309e+03 1.750422988964166279e+03 -1.236500341224525073e+04
-8.468935839874087833e+03 1.011514734013352790e+04 -1.240783092459875479e+04
-5.586081030590685259e+04 -2.335016767625730154e+03 -8.370269651674958368e+03
-1.468318252017933901e+03 8.519868534059385638e+03 -1.027567909441159827e+04
-4.078502455746634041e+03 8.891482697221053968e+03 -1.179646165124651816e+04
-1.592070069426553346e+03 8.925836748939665995e+03 -1.146141165497219117e+04
5.306702824288979173e+03 1.091178881237276073e+04 -3.873071694721454605e+03
-8.074900670226213151e+03 1.446055167274393352e+04 -1.088902539405631251e+04
-5.407352675467485824e+03 8.952593624874183661e+03 -9.934389361386185556e+03
-7.968432199655220529e+02 7.579282784003545203e+03 -1.314996308349056926e+04
-7.420297311894145423e+03 1.770873621293697397e+03 -1.224009569800139616e+04
-1.914130941544907046e+03 9.864592959594509011e+03 -1.000709437371718559e+04
-9.138153090272813279e+04 -9.331230594496297272e+03 -1.180654832046046613e+04
-4.664117749126288800e+03 6.685161544741387843e+03 -1.192700213219758734e+04
-4.434762331806198745e+03 9.220783396114708012e+03 -1.103739556036694376e+04
-1.922669788106088845e+03 6.504933200380613016e+03 -1.209046621582177249e+04
-3.939320899996936078e+03 5.167551128879196767e+03 -1.052061998725931517e+04
4.068167082399746505e+03 4.715307555142033380e+03 -1.181838741015894630e+04
-1.029468492607091548e+03 6.891181387739080492e+03 -1.096481443039234910e+04
-1.380861216639331360e+03 9.027885742214210040e+03 -1.015305122257794210e+04
-3.532805144949077658e+03 7.043632569124010843e+03 -1.114777681384379866e+04
-6.447301040254598774e+03 1.067407905937089708e+04 -1.144892702269934125e+04
-1.408113922831515765e+02 1.026126752771674182e+04 -1.045192851809140666e+04
-2.005954919898138314e+03 7.217023801255064427e+03 -1.074506824972290451e+04
-1.491716063933645728e+03 9.542942315925887669e+03 -1.053909465768365408e+04
-1.482780500237182605e+04 -2.803930950757884784e+04 -1.593391953898859720e+04
-9.097091096843747664e+02 5.800057013043525330e+03 -8.705564720817845227e+03
-1.899164117173157592e+03 4.833601455943200563e+03 -1.254268381913361918e+04
-5.569416434990680864e+04 -9.860238136308872754e+02 -8.147889563106559763e+03
-6.017304887591055831e+02 8.290025143003851554e+03 -1.042884532862329434e+04
-5.498307878916845766e+03 8.022558451461418372e+03 -1.276285547561287240e+04
-2.874351645978394117e+03 9.874123635513760746e+03 -1.007911833114447654e+04
-2.086049954787598472e+04 4.155584031993280405e+03 -1.006045577852547285e+04
-4.440530492607413180e+04 4.993829952730388868e+02 -1.169474085303381435e+04
-2.244069191568055885e+03 9.467195163672258786e+03 -1.049004628360328388e+04
-2.769753820592577540e+03 8.482079403531262869e+03 -1.180910324955145916e+04
-5.781902620157791262e+02 5.764228982073766019e+03 -1.064454442061447662e+04
-1.538638979723883949e+03 5.942702736663114592e+03 -1.241017473595114097e+04
2.752638241526457932e+03 8.814607453008464290e+03 -1.202734947092423681e+04
-7.817965757152605875e+02 5.881355257519519910e+03 -1.025315824204340242e+04
-4.090007223991668980e+03 1.051017996003285589e+04 -1.000463060855136064e+04
-8.714282085153472508e+02 1.152880642092278322e+04 -1.175355153910986155e+04
-6.953408615570642723e+02 7.457576454814376120e+03 -1.023894050482656530e+04
5.590674993980305771e+02 7.047602049489943965e+03 -1.121724496730047576e+04
-1.937647181054348493e+03 8.484648143175581936e+03 -1.046998437380598625e+04
-8.030088036453889799e+00 7.039562061351753073e+03 -9.490282570442923316e+03
-1.441544192517067586e+03 7.940054690665360795e+03 -1.784089635931388693e+04
-1.384369110640948020e+04 -4.184949839366691594e+04 -1.539776831843502623e+04
5.234506632150922769e+02 7.141573767074564785e+03 -1.005657330771957459e+04
-9.412484360508865393e+02 7.615195674858595339e+03 -1.031208555046768743e+04
-1.195052008639726864e+03 6.800692286111788235e+03 -1.182857270023647834e+04
-4.282095974699606700e+02 2.701048118595217602e+03 -9.304005826439200973e+03
1.347825241458351684e+02 1.215703348383346020e+04 -9.438690770542098107e+03
-4.213408936986024855e+03 7.755170436763910402e+03 -1.075866094020055425e+04
-3.685816471195463237e+03 8.769129609262612576e+03 -1.095960635759513571e+04
3.993141761557741347e+02 1.177654708498086984e+04 -9.875693884217289451e+03
-2.354605645224819455e+03 8.299893385602985290e+03 -1.132560050958238753e+04
1.558634630873913375e+04 2.423787871911924867e+03 -1.366373190285782584e+04
-1.239027383621352556e+03 7.918404714528914155e+03 -1.042850879861211797e+04
-4.076056968734599650e+03 9.484307054720169617e+03 -1.178940083132046857e+04
-3.327833821161180822e+03 -5.775942476879624337e+03 -1.292826525021342059e+04
-1.208045035450731802e+03 9.039110879266283519e+03 -1.038410716809595760e+04
1.886325979282031540e+02 8.308060512219288285e+03 -6.982721260413392883e+03
-5.247853228346833021e+03 1.273777364009670782e+04 -1.003915920205830480e+04
-1.034433093087867746e+03 6.749606500524034345e+03 -1.150081908844631653e+04
-2.901208119603981322e+04 -2.182984097461036436e+04 -2.485379062308255743e+04
6.272976419575993532e+02 8.808044508571256301e+03 -9.515368718787758553e+03
-2.157440567169031965e+03 8.930744988861153615e+03 -1.005922796019569250e+04
-2.692171319034750923e+03 1.026753969434480132e+04 -1.281988941164077005e+04
1.077478008342399789e+03 7.332305152697438643e+03 -1.018978509426764867e+04
2.592863575064183124e+01 5.935841603643943017e+03 -1.074223707517442017e+04
-8.476746496475434469e+02 3.780032629964497573e+03 -1.262491188416259865e+04
-1.234281159813438990e+03 5.757192062159169836e+03 -8.639079420353040405e+03
1.106225603953635618e+04 -4.039219959491804912e+04 -2.085444131225629098e+04
-4.784214989118343510e+03 1.006585492075132606e+04 -9.464762303683181017e+03
-2.555843087798074066e+03 7.874942337701576434e+03 -1.077546332402677217e+04
-3.238638972902269870e+03 6.986325769746557853e+03 -1.030326463999420230e+04
-5.224374666916927481e+02 8.536122633008068078e+03 -8.285713675563276411e+03
-9.680061864585924241e+02 6.920111839124335347e+03 -1.141609511534443482e+04
-1.512166755149535675e+03 6.260764570272642231e+03 -1.183854025396265024e+04
-4.492927613503377870e+03 8.794925929559974975e+03 -1.207815456920928227e+04
-1.403402090093837842e+02 7.002502294143944710e+03 -1.242348692495936120e+04
5.550202096565489228e+03 1.012735961656954896e+04 -1.010629002465076155e+04
-1.735481545174462781e+02 4.487570089002044369e+03 -1.257921734403195114e+04
-6.069046573053237807e+02 7.658737031021721123e+03 -8.018957753893645531e+03
-7.000751438816114387e+02 8.508790863262021958e+03 -8.572600592120094007e+03
-2.646555943277106053e+03 6.398383854396193783e+03 -1.205805766337750356e+04
6.548442704497414297e+02 6.639403339200734990e+03 -1.046250149191956916e+04
-1.140753310366550795e+04 6.440993365976156383e+03 -1.054460857994195794e+04
3.429149740457205098e+03 7.142399124869660227e+03 -9.662486372256764298e+03
-1.955147001945139709e+04 5.394209667805083882e+03 -1.027492850055704548e+04
-3.675598328021151701e+03 1.043796062781128967e+04 -6.521012088874538676e+03
-1.138185664831986287e+03 1.236408126712981357e+04 -1.002604664542129103e+04
3.973223425317736996e+02 2.373376113601762336e+04 -1.422993886134607419e+04
-2.745482139873931828e+03 9.988165506275918233e+03 -9.905833079367668688e+03
-3.046754585501228121e+03 8.218733138466286618e+03 -1.231312278813601733e+04
-1.749895101471321368e+03 8.019059465307218488e+03 -1.085819777334018909e+04
-1.457810748792704726e+04 -2.500024358414007293e+04 -1.429244090803256586e+04
-1.553011119822936053e+03 6.684139185856055519e+03 -1.056822284301228683e+04
-8.955327103945529643e+02 8.567572165438952652e+03 -1.058775389914054176e+04
3.137479241671307591e+03 9.786072974627479198e+03 -1.079500616081602129e+04
4.180985178260247267e+03 -7.880955414012794336e+01 -1.522781838788339883e+04
-2.448292220141220241e+03 7.840012076124582563e+03 -1.128387247554172427e+04
7.822969271716094681e+02 -1.222568425892540745e+03 -1.271246912856492781e+04
-1.284323084958329855e+04 -3.262129766824055332e+04 -1.380205356374045186e+04
-7.813291361577323642e+02 6.738875852743498399e+03 -1.036879883711024013e+04
-1.856927833945109569e+03 9.820448463980830638e+03 -1.069911486904329649e+04
-5.399342207807934756e+03 7.665953256114468786e+03 -1.450149848901349287e+04
-7.993145645002540732e+03 1.684733148324128024e+03 -9.557013106701142533e+03
-5.604642547882313011e+03 -7.790258926762668125e+03 -1.947863619867811576e+04
1.058591340048957682e+04 1.339276299120127533e+03 -1.349640125325263762e+04
2.291926210742850799e+03 -4.747190288175400929e+04 -1.927352357442857829e+04
-2.639648982057853573e+03 6.282820893262557547e+03 -9.678714402676014288e+03
-2.032739309644825653e+03 5.266995802909643317e+03 -1.183049467806410030e+04
-4.910656678244196200e+02 8.240524529218164389e+03 -1.021820085833257690e+04
-3.012172617278595681e+03 1.024733363745204224e+04 -1.008823015005158959e+04
-9.679822263940508265e+01 1.128936818648395274e+04 -9.094280033698931220e+03
-1.280940949872492456e+04 4.116423062845920867e+03 -1.252870718913770543e+04
-2.678220304211532493e+03 1.056046610975924523e+04 -9.421642236267245607e+03
5.071049612465085943e+02 8.099325240781676257e+03 -9.385384259868120353e+03
1.536115156965292954e+03 6.159083597301748341e+03 -1.086369584616022439e+04
-8.005426401430520855e+03 1.907166444088685603e+04 -1.372392366725505963e+04
-4.029912006994957665e+03 2.272152507365981364e+03 -1.140481491181918864e+04
-8.264341142492841755e+03 -2.556220977275777841e+03 -1.417553440130935996e+04
-4.140696175654114995e+03 1.072360832093179488e+04 -9.665572224171008202e+03
2.265950091913653068e+02 5.617047437767379961e+03 -9.416479108086474298e+03
5.869559217740157692e+03 1.090202673206654708e+03 -1.411643268673808052e+04
-6.631464601438718091e+03 3.098104417905651644e+03 -1.144794006590743447e+04
1.346024077762603611e+03 6.286503814376584160e+03 -8.841728586239587457e+03
-3.487321392725694750e+03 9.436629567343212329e+03 -1.237698180767538906e+04
-1.419366328244545457e+03 6.862484427820771998e+03 -1.202807433411048441e+04
-1.959786287296070896e+03 9.824990586512692971e+03 -8.435754472317903492e+03
-1.644304092567086172e+03 8.222719102749942977e+03 -1.036999185223743916e+04
-2.993243987937256315e+04 -5.431009428945918444e+03 -1.491351441181170776e+04
2.089655163780065322e+03 4.899955988141228772e+03 -1.194329811063763918e+04
5.947689774471155033e+03 3.953288474459395729e+01 -1.312515978583633296e+04
-8.712577601258461073e+03 -3.932378747422322931e+02 -1.305074124790040878e+04
-1.679028333337846107e+03 6.318659178446211627e+03 -1.104405058105497301e+04
-7.468461254726104244e+02 1.107590133140698163e+04 -1.126398359908859675e+04
-4.554302108864915226e+02 8.885109687003199724e+03 -8.949784356370033493e+03
-1.919567543300657007e+03 8.905318938416845413e+03 -1.132995618336324333e+04
-9.105152248281765424e+03 1.186491458953944129e+04 -1.021021565856160851e+04
5.225698348144327610e+03 1.941633152198372409e+04 -1.408175796075444305e+04
-8.897044381203926378e+02 8.804159830841652365e+03 -1.034666780156348796e+04
-2.626564041276742046e+03 7.871874645492268428e+03 -1.247056141882961856e+04
2.489562749992061981e+03 7.633127303319258317e+03 -1.251524338572272245e+04
5.513895494621277976e+03 5.405986954552989118e+03 -1.057153777771158821e+04
1.279507046946731180e+03 8.935195412322935226e+03 -9.911471061730593647e+03
-3.886702181765070918e+02 6.296826131024427013e+03 -1.067545200547114109e+04
-1.269580643856268580e+03 8.115981072600958214e+03 -1.046777582944652931e+04
-2.447056838858870833e+02 7.169491425816177980e+03 -1.073062707732728632e+04
-3.778257905003930318e+03 9.306478783272908913e+03 -1.192079715913395739e+04
-3.241812642355317621e+03 9.729215168825659930e+03 -1.275898642486814060e+04
-1.229497201189494626e+04 7.573400576985763109e+03 -1.151003843395762851e+04
-2.532245974654536894e+03 9.531615222507014551e+03 -1.155673941224338341e+04
-1.300514250629631533e+03 5.133410405940521741e+03 -1.103841246647656772e+04
-3.682631985499180018e+02 6.343541618043966082e+03 -1.053085187179765126e+04
-1.254193191400660453e+03 8.354751764086293406e+03 -9.833776636103182682e+03
-2.591541576535480999e+03 8.350854645000974415e+03 -1.016694622082535716e+04
-1.445037953860421567e+02 6.700881030084256963e+03 -1.155830067688415511e+04
-1.223689541392151568e+03 8.641362978670566008e+03 -1.129911611442700996e+04
-2.451891991678746308e+03 6.700110452716223335e+03 -1.178296581486540344e+04
-3.969189484892881865e+03 1.155914169818275514e+04 -9.977301848189881639e+03
-3.079029406752038540e+03 9.696604008828051519e+03 -1.107324737009026467e+04
-4.980097816575041634e+02 6.583291751207075322e+03 -1.040288383069960764e+04
6.701671071947788505e+02 6.713309119862850821e+03 -1.027000828982895837e+04
-1.754980910952645900e+03 7.013534442405611117e+03 -1.110252407580452928e+04
-2.773977808379580893e+03 8.531578761106808088e+03 -1.166145583696545145e+04
-2.500666682132376536e+03 7.015432948334808316e+03 -1.057184243560423420e+04
-2.509519735628784929e+03 8.157906796274648514e+03 -1.058131740633102891e+04
-9.318203463122974881e+02 7.445195084493667309e+03 -1.159513858162796896e+04
-1.014007701233443413e+03 7.298540294811629792e+03 -1.168850879036528568e+04
-1.140480897601758898e+03 9.486320572914002696e+03 -1.175825487244176475e+04
-9.043625193516205627e+02 6.947052250918127356e+03 -1.066598652716025936e+04
-1.282819720421025067e+03 8.521166995359659268e+03 -1.105351227019994076e+04
-1.753353431708612788e+02 4.851836477799771274e+03 -1.209490433626856793e+04
-2.651411726416723468e+03 8.800642864333040052e+03 -4.670398272462251043e+03
-1.258421780165544078e+03 9.214501406336230502e+03 -9.769661275569020290e+03
-1.455497538937376021e+03 7.320570418567680463e+03 -1.008718719245796274e+04
1.236314005239355083e+03 6.921474986152597012e+03 -1.020028107630356863e+04
-5.101663360685365660e+03 5.006419734110780155e+03 -5.457374728177361249e+03
-1.705136748884428016e+03 9.138166202800885003e+03 -1.110323486419033543e+04
-3.096854429536901080e+03 6.508859849803560792e+03 -9.823084819720770611e+03
-2.239916722629831384e+03 9.099000359193376426e+03 -1.042802303277441388e+04
-7.769341231937544944e+04 4.597934200739385233e+03 -9.503929288715478833e+03
-1.309838735512100357e+03 8.217318335756463057e+03 -1.123693159040612591e+04
-4.934197226985480484e+03 2.889531622306781628e+03 -1.671263443102954261e+04
-6.165919698845177663e+03 1.200126334741148094e+04 -1.146066277054004604e+04
-1.508937287699705394e+03 7.173880845486366525e+03 -1.018570256194044123e+04
3.810154753252141290e+03 9.653965834307804471e+03 -1.148528000532703663e+04
-1.530024752738925827e+03 1.214047075327337006e+04 -1.207304360831257145e+04
-3.043361655058608903e+02 9.032985460963656806e+03 -1.038314582148908448e+04
-2.876649876871513698e+03 8.805593805399836128e+03 -9.469221167884285023e+03
-3.319820688706365672e+03 7.672501183078292343e+03 -1.123773207661692868e+04
2.480509624798953610e+02 7.893837856428845043e+03 -1.073940930091770315e+04
-7.963568343812573858e+02 7.087730386273141448e+03 -1.153621540839659428e+04
-2.687353808548930829e+03 9.711827965103799215e+03 -1.089631361854330680e+04
-2.370264521406531458e+03 7.587622324936632140e+03 -1.264899447830888312e+04
-1.389571403527166694e+03 4.852808101869474740e+03 -1.107875197554575789e+04
-5.654329040234661989e+03 6.163457356091930706e+03 -9.036213628661491384e+03
-1.460738128195601178e+02 6.163961843999823941e+03 -1.007242311734261239e+04
-1.684447520934538488e+03 9.242735876492437455e+03 -9.406116336803934246e+03
-2.677673869018292407e+00 8.656289859704329501e+03 -8.584296908526839616e+03
-4.807751405516176533e+02 6.618314321006940190e+03 -1.236340148059489002e+04
-4.869149745014958626e+02 7.149214012477969845e+03 -1.147584055971684938e+04
-1.928602513880354763e+03 8.254107836511078858e+03 -1.048838335513358470e+04
-1.989303429701182495e+03 6.403621829956325200e+03 -8.819392802840244258e+03
-4.742735994274266886e+02 7.563810569524829589e+03 -9.126256289456798186e+03
-4.365707257848229688e+02 6.354410766960171713e+03 -9.976625164885323102e+03
-3.923220627551814687e+03 9.739138511554703655e+03 -9.705451912921649637e+03
-2.111648333756615557e+03 6.553368311320449720e+03 -1.076671714611611787e+04
2.753820126510979208e+03 1.791277685137099979e+04 -5.477564242078342431e+03
-3.470456668153641658e+03 7.056429315025258120e+01 -3.981493992161859296e+03
-1.059910430902885309e+03 8.603172451011421799e+03 -1.031522444374926090e+04
-1.707367807986027628e+03 8.065612192971587319e+03 -9.978375158657987413e+03
-7.962242400661282318e+02 8.326319293269889386e+03 -1.042516409196866516e+04
-2.671070734199653543e+03 9.143213174604326923e+03 -1.153921333684328238e+04
1.593522196822248134e+02 9.643918348653265639e+03 -9.950614091783647382e+03
-1.149980589615766121e+03 7.636234089558718551e+03 -1.146407819070738697e+04
-1.534407715365856347e+04 -2.177826693558189436e+04 -1.549287682895362559e+04
-7.822131226922739415e+02 1.146506006292283564e+04 -1.233608400831401377e+04
3.037055408072396403e+03 9.067205381706549815e+03 -1.061366061996734061e+04
-1.193809165845479129e+03 7.169385668139042536e+03 -1.000363220424339488e+04
-1.327293175564606827e+03 7.438877948543065941e+03 -1.158107952989846854e+04
-1.821088750917232346e+02 1.257011208973719840e+04 -1.009633537497496764e+04
-1.053333136894942072e+03 8.240737684878675282e+03 -1.082947343145846753e+04
-1.418342013205200146e+03 1.364047242439744150e+04 -1.186838691983901663e+04
-1.229458112260205235e+04 -1.950319944642073551e+03 2.433598228380367345e+02
3.116847901366930273e+03 7.280605603798607262e+03 -1.028623180575396873e+04
-2.934225036645128057e+03 8.109454695219236783e+03 -1.156466288416968928e+04
-3.116927258568970501e+03 9.757725733432040215e+03 -9.261231821918181595e+03
-3.891178425455867682e+02 4.421300888675098577e+03 -1.162607598303807936e+04
3.547645319014220604e+02 5.706829419173276619e+03 -1.147610017206736484e+04
-2.115253125259186163e+03 7.736797868076008854e+03 -1.091387756838327368e+04
-4.712892395830853047e+02 6.872936285626252356e+03 -9.436422536797994326e+03
-2.766059303290875960e+03 8.654806024445129879e+03 -9.238188566752947736e+03
-2.923898879193822040e+02 6.213327903154463456e+03 -1.254751348845676148e+04
-3.122311768316254984e+03 9.034377895827128668e+03 -8.877188467739197222e+03
-6.881449889012850690e+03 1.475096724281908791e+04 -9.270788082572420535e+03
-3.194163352112189386e+03 5.005618030244500915e+03 -1.212664386884721353e+04
-1.916739375944863241e+03 8.453348305498348054e+03 -1.176812876076784414e+04
-1.486841060260818040e+03 7.109124265431052663e+03 -9.853414787367612007e+03
-1.501245041461097344e+03 1.069885092728650488e+04 -9.595055152843393444e+03
1.847298701287236327e+03 -7.664093967820417674e+03 -4.864107279452683542e+03
-1.599692509640875869e+03 7.214592290495293128e+03 -1.269184242717551933e+04
-5.249633463487960398e+03 8.645986929459637395e+03 -1.097770390600310748e+04
-6.815059854856962374e+03 6.489015071061348863e+03 -1.198863750355003867e+04
-1.545442246881025085e+03 7.910448522415666957e+03 -1.150168314076379465e+04
-2.283059645483324402e+03 7.033116108858383996e+03 -1.121612239015875457e+04
-1.628924874966315656e+03 7.873165423325417578e+03 -1.028991510042045593e+04
-2.321592042576983204e+03 2.509242225685792619e+03 -9.963037364015308412e+03
8.702000381054905347e+02 5.460122695073914656e+03 -1.088554039582207952e+04
-3.171486868274122116e+03 9.413567983431485118e+03 -1.244278106098845637e+04
-2.917057739393488191e+03 6.169251450512739211e+03 -1.334859473557721503e+04
-1.634920967478046578e+03 7.153313087731481573e+03 -1.011308919164656436e+04
-2.166716781983157944e+03 9.021818058280459809e+03 -1.148545273676095530e+04
-2.491467491155231073e+03 6.843430626620272960e+03 -1.187508420483415284e+04
-9.032390048157559477e+02 6.389833243159141603e+03 -1.090839837264591188e+04
-1.337624811035350149e+03 7.418062333017185665e+03 -1.169129794259387381e+04
-1.552247412534190289e+03 9.711444743000147355e+03 -7.508686882611205874e+03
-2.095463022192881908e+03 9.219729083818745494e+03 -1.105608477683075580e+04
-2.351514009664075729e+03 8.632668872822730918e+03 -1.232534190408066570e+04
-8.268707158342738239e+02 2.240107014966105908e+03 -1.570429439291861854e+04
-1.163897853928195218e+03 1.009477696557900163e+04 -7.598972502168108804e+03
-2.402270385890659782e+03 9.195977346366538768e+03 -1.019191803064708984e+04
-3.314024431900897980e+02 7.179016642595195663e+03 -1.207730406304137614e+04
-3.357342223597820976e+03 8.673237783159322134e+03 -9.341674922468349905e+03
-1.744377556760573952e+03 6.111716486126872951e+03 -1.146627408619637208e+04
-2.532095416658286467e+03 6.625709311903993694e+03 -1.076660892662436709e+04
-9.125182810121709736e+02 8.387547747781283761e+03 -8.835181332243973884e+03
-1.982363668282495382e+03 8.846481531847293809e+03 -1.098425463401145680e+04
2.953313498943465675e+03 9.726879648346497561e+03 -1.026894932981143575e+04
-6.295849574453242894e+03 1.108483693868601586e+04 -1.244511111440781860e+04
-2.353623701537828481e+02 7.517031613489280062e+03 -1.029075359640446732e+04
-2.111658051803286980e+03 9.367473422073231632e+03 -1.011867556128644901e+04
-1.646210177752263007e+03 8.687640483946379391e+03 -1.093369371495468840e+04
-1.946574131230244802e+03 5.216747139760897880e+03 -1.473829436114218515e+04
-1.160858651607898537e+03 6.683555040159188138e+03 -1.133698273801399409e+04
-2.631946590632777770e+03 1.005075849534158260e+04 -1.016694654163891755e+04
1.089327851827393715e+03 7.642792595450815497e+03 -1.007732464781405361e+04
1.860705502701705427e+01 7.140184199021241511e+03 -9.164561434117873432e+03
9.866197855517174276e+02 8.753544720856807544e+03 -9.615515219873161186e+03
-1.561954381872510112e+03 9.727275456548142756e+03 -1.137104058799764607e+04
-1.269819747603489759e+03 9.971821910929014848e+03 -1.108615476950178709e+04
-1.031324512881000828e+03 8.083411807497901464e+03 -1.095758603546225822e+04
-3.178578393799606602e+03 8.662727716431218141e+03 -1.018601118926090749e+04
-2.708531909566396280e+03 6.615557068346169217e+03 -1.240268059025676121e+04
8.850181528157471575e+02 4.769052134231074888e+03 -5.870317505374860957e+03
-2.773177994529174612e+03 1.064514631913712401e+04 -9.582397313980914987e+03
-5.913923206375195150e+03 7.243205556479831102e+03 -1.177590202668395068e+04
-2.939585447381072072e+02 5.810019463827768959e+03 -9.243359867778775879e+03
-1.127897558177616520e+04 1.012003765202501563e+04 -6.948930015488278514e+03
-2.961428613864842418e+02 5.760077190544598125e+03 -1.073261201768019237e+04
-1.842436893519379055e+03 6.891484829470146906e+03 -9.801528036739364325e+03
-2.213923423521188397e+03 8.409606789201303400e+03 -1.127133182926840163e+04
-4.966263030294904638e+03 1.018550404609768520e+04 -1.432345621278205908e+04
1.286877891181770792e+03 8.051701076177617324e+03 -1.101599842460018226e+04
-1.082233683198669951e+03 6.492767710337168864e+03 -1.191140671818564806e+04
-1.017027087992174529e+03 8.100932919687479625e+03 -1.091388043704147640e+04
-1.113982631280512578e+04 4.423311620315815162e+03 -1.187714612187473358e+04
-1.290171244370716977e+03 9.052305604516246603e+03 -9.366150859211415082e+03
7.465983773783307242e+02 5.928998788160865843e+03 -1.282114466634023665e+04
-1.416751042680486080e+03 5.488141574836101427e+03 -1.384759375600363637e+04
-1.166958418300107041e+03 5.056129796281285053e+03 -1.194276989242901982e+04
-1.998386192410055173e+03 7.802867304793297080e+03 -1.110068821254915747e+04
-2.457990553041506246e+03 9.513171890267882191e+03 -1.058263244833077079e+04
-1.216628413688208184e+03 7.374275325316364615e+03 -1.100115759093710585e+04
-5.771560730824110578e+03 1.034251374930047496e+04 -1.137852381362649612e+04
6.529511129471993627e+03 7.148201270809839116e+03 -1.271800451138210519e+04
-9.037289395789332048e+04 -3.962807185802589811e+04 -1.658071924547249000e+04
-2.515375176160345291e+03 8.302342182745063838e+03 -9.752350576848122728e+03
-1.011294109653625810e+03 6.765145812581966311e+03 -1.212579949665734239e+04
-2.099405797868127138e+03 2.399723485452796012e+03 -7.025007246844171277e+03
-1.592869112261533246e+03 8.367418254506694211e+03 -1.032394430721101708e+04
-3.348041943866453494e+03 9.308740860764377430e+03 -1.082086402523181641e+04
1.120988759218181769e+02 6.548913920606175452e+03 -9.542755112292914419e+03
-1.644041946657415565e+03 7.353176881314657294e+03 -1.053400567365877396e+04
3.819958179208938418e+03 8.312272942984738620e+03 -6.967337857519280988e+03
-1.504564813502695188e+03 8.401428712612629170e+03 -1.110600373342774583e+04
-1.813149282903361836e+02 5.673680147262711216e+03 -1.134592633765281789e+04
-2.068956083260923606e+03 8.276532879147265703e+03 -1.114531524583594000e+04
-5.649002515282674722e+03 7.847168133137687619e+03 -9.955045018929213256e+03
-2.788986831869283378e+03 9.600668912317521972e+03 -1.097706400451530499e+04
3.644941547000032074e+02 5.707025831302707047e+03 -1.372147658524518556e+04
-8.463523490055230241e+02 1.020203333961002863e+04 -9.861663421706889494e+03
-3.123564219876944207e+03 1.011353630575894749e+04 -9.518142051003966117e+03
5.127853395218377045e+03 3.613628028104496934e+03 -1.052560130684610340e+04
-2.652610785829998349e+03 7.404823778725489319e+03 -1.214408718294363462e+04
5.870954060715437208e+02 5.928735352184774456e+03 -9.208387841498784837e+03
-1.742680218797890575e+03 7.094193490310701236e+03 -1.144972829125597309e+04
3.572657858453841982e+03 -2.907326490477020798e+03 -8.807208443045405147e+03
-8.124516858845294109e+02 8.854783734116297637e+03 -9.811435479759515147e+03
-1.247900018221813752e+03 1.013634997945464056e+04 -1.056434490391050531e+04
1.086132554636679288e+03 7.047217404878429079e+03 -1.009943677089575249e+04
-8.688524787555797957e+02 9.220447576814205604e+03 -1.147391909114158261e+04
-2.540414623652075534e+03 3.700870175923813349e+03 -1.389954063953120021e+04
-2.069175464025110159e+03 8.909900942214140741e+03 -1.142804381919210209e+04
-2.007888706900985198e+03 8.021735577193172503e+03 -1.024700703759275530e+04
-2.322965988540031958e+03 6.995448582307791185e+03 -1.138114686840698596e+04
-5.122117350956980317e+02 6.422973705806853104e+03 -1.175071196205867091e+04
-3.003743591562260463e+03 9.232575401748446893e+03 -1.103525516061217240e+04
-1.134098691535649550e+02 6.736443437709383943e+03 -1.038778739884606330e+04
-8.184100991997606798e+02 6.956987380661435964e+03 -1.191747393590642787e+04
-2.009941231225562660e+03 9.743278836581843279e+03 -1.105155152630711200e+04
-4.757283396813711533e+02 6.650422706596215903e+03 -1.049662626295431983e+04
1.907407346313452308e+03 5.735426972612269310e+03 -9.900584341031692020e+03
-2.934175123135973081e+03 8.997911380663492309e+03 -7.521163101428774098e+03
-3.717672639354217608e+03 8.018971314018837802e+03 -1.158450570007554415e+04
-4.039377752928821792e+02 5.973108603320431030e+03 -1.102277965034279441e+04
-1.106535924942227211e+03 6.410560261172674473e+03 -1.155138019077295030e+04
-3.411240568044263455e+02 6.473381571352807441e+03 -1.059795240197948078e+04
-3.103468014368976355e+02 1.305283250487730220e+04 -9.712632743482357910e+03
1.501696857213531075e+03 9.065230105060363712e+03 -8.141209039650155319e+03
4.600052581554257358e+02 1.082169719644685392e+04 -8.661985208998434246e+03
-1.994420177069835972e+03 8.780495244089453990e+03 -1.039764623246375231e+04
6.764116757302740552e+03 -2.540400826117931501e+03 -1.153467294003259485e+04
5.902761116827538899e+03 3.859747116334532166e+03 -1.052718075552180380e+04
-2.590496152733349845e+03 1.288419177518289143e+04 -7.888942652800227734e+03
-1.124358450930493518e+03 6.704562289054126268e+03 -9.784252742876387856e+03
-9.776935585576042286e+03 1.791387955623450580e+03 -8.364989127062779517e+03
-1.441594035279212903e+03 9.465271028180683061e+03 -1.031201321841030585e+04
-1.804752090604179102e+03 6.078229188627544318e+03 -1.168779487189598694e+04
-3.583710119260820647e+04 5.338916730787419510e+03 -7.880857143697355241e+03
1.287334485136553440e+03 5.311182317766028973e+03 -1.259303713547318875e+04
4.199663412312802393e+02 5.522025814488271863e+03 -1.074251560507200338e+04
-1.190674376580173885e+03 8.524125511208079843e+03 -1.020092695721255950e+04
-3.562168529867864891e+03 8.499588565097483297e+03 -1.108713887645930299e+04
-3.658017854932085356e+03 8.494063774446534808e+03 -1.252342953565804783e+04
2.112023719253992908e+02 3.904393630767332070e+03 -1.296310778491279234e+04
-2.019962583977689746e+03 9.320436897260646219e+03 -1.073541912746926755e+04
-4.224483736391913226e+03 9.386635192347297561e+03 -1.079813491800445991e+04
-5.128214727121642500e+04 -4.506403392445461941e+04 -2.658825571935842527e+04
-1.082568817685619797e+04 2.068279905989954841e+03 -8.373523078571037331e+03
3.339039570073856567e+02 6.454781871506462267e+03 -1.059496608220847156e+04
-1.952262231715224061e+03 7.856267137481994723e+03 -1.061944555404666062e+04
-1.757600479372885957e+03 7.068259034967004482e+03 -1.181290970232179279e+04
-1.268551710602265757e+03 1.011417119497125714e+04 -1.105207278460916496e+04
-6.863551064027054053e+03 7.014151085984748534e+03 -1.036713179726546696e+04
-2.047026327895703389e+03 7.382265623144470737e+03 -1.108069233165276455e+04
-2.130964174840702981e+04 1.442536197626904686e+04 -1.156665540787261671e+04
-2.229408951534661810e+03 8.849729113566656451e+03 -1.055639973429477322e+04
-2.953563885478805332e+03 7.337861163670699170e+03 -1.253100268153187790e+04
4.030788593657496790e+02 9.527001428738245522e+03 -1.019078228089908953e+04
2.304173788106254506e+00 9.798615369479339279e+03 -1.220413561287120319e+04
-1.234908255130271755e+02 7.738743758730985064e+03 -1.048412344026721257e+04
-3.149978582287072186e+03 9.048123577787499016e+03 -1.200652985192288725e+04
-4.360446259539057792e+03 1.076702687483882437e+04 -9.663901287039780073e+03
-1.426787186243789802e+04 3.515302281847129962e+03 -9.744193599960157371e+03
-3.382960516326596917e+03 9.029950038126864456e+03 -1.144812417381703926e+04
6.871389811637513958e+03 6.948007430605436639e+03 -1.069974524499785912e+04
-1.870235473078980249e+03 7.256908033417287697e+03 -1.104475484316004622e+04
-4.602600511441657727e+04 -2.916728578344579728e+04 -2.073189072043193664e+04
-2.618002212377065007e+03 8.033764886883012878e+03 -1.188307076512089043e+04
-5.057056243762889608e+03 3.546830511793622463e+03 -1.209310651848907764e+04
-1.755332894598879648e+03 1.146318322602506305e+04 -9.804734713264393577e+03
1.203456295683133703e+02 1.106916571185563407e+04 -9.990589216732900240e+03
-3.297521242006323519e+03 9.513693066102661760e+03 -1.185642967998315362e+04
-2.502780224122649543e+03 8.881004815401960514e+03 -1.026506276751971927e+04
-3.574164692658218314e+02 1.093280764298732902e+04 -1.093091819804671468e+04
-2.362965129356355828e+04 4.428095613782218425e+04 -3.958408373347788711e+03
8.017027754080810155e+03 6.143248240180572793e+03 -1.494515825184453206e+04
-1.462502058548167497e+03 8.231120047338647055e+03 -1.025598878701572903e+04
-5.870454293914192476e+02 6.904740215383903887e+03 -1.146621629683082574e+04
4.849075992379101763e+01 6.239679655155669025e+03 -1.067066988362869051e+04
4.042901445875855870e+02 8.576059175217678785e+03 -9.802888875913238735e+03
4.857577993541724481e+02 5.827934926237467153e+03 -1.220874435126454773e+04
4.521326352691601187e+02 8.424460689964473204e+03 -1.151821837643338768e+04
-1.289965460186130440e+04 5.028561053580093358e+03 -9.833511816442554846e+03
-1.368065433205115596e+03 1.061599597723348961e+04 -1.128513878619556817e+04
1.720273250271565075e+03 7.126823386649215536e+03 -1.124299910579301104e+04
-3.683593131456656920e+03 7.691452828777648392e+03 -1.211987217308838444e+04
-5.329999000051886924e+02 4.830955010072498226e+03 -8.041627901142009250e+03
7.482580179875582871e+03 1.399387350366563805e+04 -1.221532254492913125e+04
-8.754412587948286273e+02 6.150473931172224184e+03 -9.998825285805478416e+03
-1.777585241005677290e+03 8.929300424190631020e+03 -1.061706348826059730e+04
-1.786135205353851234e+03 6.880791682251268867e+03 -1.046027021925286681e+04
-2.553682179849639851e+03 8.524783069931741920e+03 -1.063454335068882938e+04
-5.096654815333754414e+02 7.944267352700717311e+03 -1.018344203784688943e+04
-5.301977522643915108e+03 9.983911267907842557e+03 -1.008493707000434733e+04
-3.864127634088462401e+03 9.356165922540518295e+03 -1.152836713934619911e+04
-4.320643763106761980e+03 4.556093909915104632e+03 -1.622429193207403114e+04
-1.611056107010853793e+03 7.211941383792998749e+03 -1.138368486202956410e+04
6.818151872636351072e+03 1.830964601539297973e+03 -1.188830603993536897e+04
-1.063655424765080852e+03 7.123976727774624123e+03 -9.813726179583383782e+03
2.720869676576767688e+03 1.397878871209112503e+03 -4.361696004746943800e+03
-2.432525589875683636e+03 6.832275645053243352e+03 -1.340492679593233152e+04
-8.229546649423919007e+02 1.177205624184779299e+04 -8.407390985956584700e+03
-2.143832583928249278e+03 9.025208734738807834e+03 -1.073913822599353807e+04
-1.772957988882701784e+03 9.346806571008564788e+03 -1.768923634687278172e+04
6.471508958530390601e+02 1.173831691465533186e+04 -8.652501901237970742e+03
-1.260770249712671784e+02 1.274808936048133182e+04 -9.702953459871556333e+03
-7.321958830418388970e+03 -3.936639417456777892e+02 -1.235384973316585638e+04
-4.808471727976596412e+03 7.971850856562261470e+03 -1.247958143517946701e+04
8.888390586055583071e+02 4.860356403929862381e+02 -9.589392399137690518e+03
-1.493807495461755207e+04 -2.555477507716763739e+03 -1.323643136888370827e+04
-2.369240937508299794e+03 9.311471017136755108e+03 -1.031450554876506794e+04
-4.811944766205983228e+02 8.047680472966681918e+03 -1.010723060950585750e+04
-1.390132359851736055e+03 8.755737354784407216e+03 -1.061640499450167408e+04
-1.693934770490063215e+02 1.064131397581038073e+04 -9.512805030405386788e+03
-7.434051278464597999e+03 9.672434240200724162e+03 -8.602024430877490886e+03
-2.512844822329977887e+03 9.195438940730302420e+03 -1.045643658990801669e+04
-2.397550823327279886e+03 8.703506452824214648e+03 -1.114438992524736750e+04
8.226661269856680519e+03 1.927268271169941727e+04 -7.362163788684944848e+03
-1.729424984933986343e+04 -3.569642788420700299e+02 -1.196090572394060837e+04
-1.574170672298981572e+03 7.659345579418913985e+03 -1.110151150952437820e+04
-4.826933661076378485e+03 1.214228022282875645e+04 -1.137549898422652950e+04
1.025750701962935636e+03 1.011458945118610063e+04 -1.072648657290929259e+04
2.860294650624578026e+03 8.290532969807291011e+03 -1.015674472801812408e+04
-2.203038447800083759e+03 9.013354571972562553e+03 -1.067143257788595656e+04
3.142539332143297088e+03 9.316366850653867004e+03 -8.614642089977940486e+03
-5.821650048915111256e+03 7.505270778047684871e+03 -1.159151558264631240e+04
-7.062626238167445081e+03 7.862290308394393833e+03 -1.045728726719388760e+04
-1.210944910678976385e+03 9.940160193509978853e+03 -1.459125901409328981e+04
-1.654199388832395698e+03 9.148483806036536407e+03 -9.339527636484919640e+03
-1.167634931093679825e+03 6.769754345337509221e+03 -1.068170161001499946e+04
-1.670472859925206876e+03 1.107542355837423202e+04 -1.036644676291291216e+04
-9.084284831541130188e+03 1.203124706741740556e+04 -1.038767783059198155e+04
4.665381854003693661e+03 9.637130481397794938e+03 -1.159459953179825607e+04
-8.984267853000029618e+02 7.183321965863048717e+03 -1.067972692080533852e+04
7.313990160116346715e+02 5.824565687338711541e+03 -1.117675043419512440e+04
-5.389783016147667922e+02 8.233678659667022657e+03 -1.074382683215260477e+04
-1.711057839932408797e+03 9.268366647627886778e+03 -1.008139356941140431e+04
-1.046071077123451687e+01 6.545861093685800370e+03 -1.172229174311791576e+04
-1.115207322774314889e+03 7.913810474063881884e+03 -1.037179968964865293e+04
-9.674812662259641911e+02 7.365766723025852116e+03 -1.133973066558753817e+04
1.576004687345584898e+03 1.728702531206163258e+03 -1.027099313945140239e+04
-2.778823881769939817e+03 6.325265590599751704e+03 -1.197836242451696853e+04
-1.545815214417660627e+03 7.838218434740720113e+03 -1.105524149744375973e+04
-2.338470400873282415e+03 8.396579777783890677e+03 -1.091479173983318287e+04
-8.032536981018844813e+01 5.005519632843316685e+03 -1.085599626596654161e+04
-2.031384826822809828e+03 8.008487339626803077e+03 -1.143152770406136369e+04
-1.642257003603288013e+03 8.593030832972754069e+03 -9.596398112878929169e+03
-1.102872809988879226e+03 7.235233722540769122e+03 -1.072707052795908930e+04
-5.180360101705276975e+03 6.471681563610619378e+03 -1.014431755018552758e+04
-1.224877020960356276e+03 7.547492441378226431e+03 -1.093865644356326084e+04
-8.423014341768720215e+02 3.838100696499017886e+03 -1.063531240182220063e+04
-2.674163122165462028e+02 8.758772733309955584e+03 -1.113444211569655090e+04
-1.996148597909806085e+03 7.934307302754423290e+03 -1.146485036047416543e+04
-1.533122146662352407e+03 7.703052820376031377e+03 -1.113644448663475123e+04
-1.463524067535482800e+03 7.796517236592973859e+03 -1.060278524006255066e+04
-2.044772828938760995e+03 9.776371696137746767e+03 -1.023520500335740144e+04
-1.868774842116333957e+03 8.491407937241312538e+03 -1.068594342974050596e+04
-2.617035076072416189e+01 6.301393832910423043e+03 -9.559897392151891836e+03
-1.834695670991216048e+03 1.231661917166560124e+04 -8.170218728486147484e+03
-8.162756005334787233e+02 7.095294569110535122e+03 -1.065229224251011692e+04
-1.472932898165370943e+03 8.441710270605164624e+03 -1.301506264199918405e+04
-5.507690836841058626e+03 9.593233510962007131e+03 -1.009198849405055262e+04
-4.814596502420061370e+03 9.090192042728331216e+03 -1.048184586079534711e+04
9.514912363027392530e+02 8.392967038463339122e+03 -1.024402221349209867e+04
-1.191555240248490918e+03 8.490204111005916275e+03 -1.007013748499524263e+04
4.398537019381193204e+03 6.455022628234853983e+03 1.172425816648445834e+04
-1.515064596407500630e+03 7.840234663763970275e+03 -1.062765482067047378e+04
-1.131263977767851429e+03 8.019554442391076918e+03 -1.039157640499284025e+04
2.148502326609466763e+03 6.604210962164870580e+03 -9.323033593189931707e+03
-1.018977969561368627e+04 9.766114876177163751e+03 -9.222806870786997024e+03
-8.249735611809627471e+02 6.215433522282902231e+03 -1.078538476048351185e+04
-1.484329749256963396e+03 7.682348193355980584e+03 -1.059092705660787033e+04
-1.857187039165891065e+03 7.948488164880258410e+03 -1.155264161020721986e+04
-1.426102705002240555e+03 6.267597131005419214e+03 -1.136953759640929638e+04
-1.067859643521927865e+03 7.633436106982338970e+03 -1.102210417395810327e+04
-1.759824212517677324e+03 7.828717730948215831e+03 -1.106369363924827303e+04
-1.807473214015481517e+03 7.148506639147017268e+03 -1.184303694810925481e+04
-1.146374060544113945e+03 7.868578422792601486e+03 -1.067385597711869923e+04
-4.659745453184194957e+03 1.188984562359174561e+04 -1.475585807651056712e+04
-1.187022863481280638e+03 7.909852446891658474e+03 -1.072132652779292403e+04
-1.866102828723480343e+03 7.439316209664997587e+03 -1.109579405342952305e+04
-9.774225257374757803e+02 6.500162310083105695e+03 -1.115491448115331332e+04
4.218811986499510567e+03 3.127850794430893984e+03 -6.561803814285999579e+03
-4.431234995602864728e+03 6.108041049055080293e+03 -1.496176766610920458e+04
-6.345535660648604335e+02 6.511332661770665254e+03 -1.072751930891485063e+04
-2.097888202947845002e+03 8.133590163245041367e+03 -1.112837847097727717e+04
-4.661681057515615066e+03 1.137942117550750663e+04 -1.163156942805876679e+04
7.842096976007442208e+03 2.495920887630223297e+04 -6.606347280568735732e+04
-1.656771231975250203e+03 7.466320057719862234e+03 -1.146592656963990339e+04
-3.138428864012642407e+03 2.934047334465829408e+03 -1.196532076297772801e+04
-2.968153824613825236e+03 9.820014868191685309e+03 -1.051283639607333862e+04
-1.762932510845350407e+03 7.789531068124811100e+03 -1.119654846193066260e+04
-1.278094334840515330e+03 6.336497366057426007e+03 -1.109322509867795816e+04
-1.634909987125230373e+03 7.776305762691425116e+03 -1.158642935288032459e+04
-1.414138800668397835e+03 8.359474256464385689e+03 -9.831333161236720116e+03
-3.845748686504855414e+03 9.683796994797599837e+03 -1.054531410858465097e+04
-1.491890459000738701e+03 7.778403539575827381e+03 -1.057330779471263668e+04
-2.001235826231325973e+03 8.169338303452437685e+03 -1.122555529322486473e+04
-5.067156204329794491e+03 4.491970817555834401e+03 -1.132714527193437971e+04
-1.266848440820040196e+03 7.390194748360783706e+03 -1.069306139255136077e+04
-2.253935489113409403e+03 9.007339750463968812e+03 -1.115638522837789606e+04
-1.471612759647037365e+03 7.829283219205064597e+03 -1.073779919124130902e+04
-1.837023011968520905e+03 8.301815024777062717e+03 -1.160859644998326803e+04
-1.712899803862413364e+03 8.744170450382272975e+03 -1.000205146587907620e+04
-2.062766383937899718e+03 6.171281642369042856e+03 -1.163465831656503724e+04
-1.743715661132113610e+03 7.813544263167555982e+03 -1.147389251862210585e+04
-1.595827518155515918e+03 7.064168770581133685e+03 -1.165059874811556983e+04
-1.744625700576691997e+03 8.354762241682450622e+03 -9.887691910009156345e+03
-1.200632358011598171e+03 7.477726870238763695e+03 -1.137390135774188093e+04
1.413676062299774094e+04 4.531855640729475272e+04 -8.850163976781007659e+04
-2.015117346703518479e+03 8.195254899671632302e+03 -1.136056090336955094e+04
-1.728121837054104617e+03 7.423388099992697789e+03 -1.101513112355227713e+04
-1.242228960627306378e+03 5.030323944265428509e+03 -1.142700987874397833e+04
-1.052574686642232109e+03 4.074881057677693207e+03 -9.872592047092328357e+03
-1.694728334481528918e+03 8.081951422666474173e+03 -1.102150177271703797e+04
-1.264794528761265383e+03 7.377764324007511277e+03 -1.028454327736782943e+04
-2.315342716382961953e+03 3.943813755941118870e+03 -1.099430140961129291e+04
-5.997886574184901292e+03 1.027541939945885133e+04 -1.172830550602588301e+04
-1.824734311359624144e+03 8.377967178055654585e+03 -1.071958909132848930e+04
-1.633559593095726768e+03 7.624547282267242736e+03 -1.135282366717038167e+04
-1.497804423641925041e+03 7.504576903014981326e+03 -1.111026022405119147e+04
-1.225040677603365111e+03 7.273132395438569802e+03 -1.136369520253204610e+04
5.887931450701117683e+03 4.900191356948044472e+02 -6.641949192834014866e+03
-1.458759158866466578e+03 9.776335392911045346e+03 -1.026730202131474289e+04
-1.959810820979212622e+03 7.510207073867673898e+03 -1.028953771229368976e+04
-1.045086507019608916e+03 6.808310259616053372e+03 -1.119080822051789619e+04
-1.140147771168153668e+03 7.312414778453678082e+03 -1.073262544945812442e+04
-1.609345583902053932e+03 9.058024198193446864e+03 -1.008361938941281551e+04
-1.830547030360695999e+03 7.819146556442543442e+03 -1.105588685503299894e+04
-6.078697739722042570e+01 8.344865384616965457e+03 -1.052589002018510473e+04
-1.959219275035623696e+03 8.000144579452513426e+03 -1.120986844758286315e+04
-3.525330260256319889e+03 7.642374796202750076e+03 -8.621827189889552756e+03
2.890193944867885875e+04 2.303637201526487479e+04 -1.193506297566926951e+05
-2.783623326181097127e+03 5.074430901371902110e+03 -1.634608073211746159e+04
-1.238485119714934399e+03 6.421672883646204355e+03 -1.161058637856925452e+04
-7.873413794221971784e+02 9.071725029083145273e+03 -9.558031777538784809e+03
-1.836895858067835434e+03 8.225479134303252067e+03 -1.193130723621608922e+04
1.642026253111681058e+02 6.519877033070327343e+03 -8.290366065147210975e+03
-9.858610959226854220e+02 5.327048605803084683e+03 -9.569588391854682413e+03
-1.823065892520751504e+03 7.937629976002348485e+03 -1.131050934155784307e+04
-6.791670587189644721e+03 1.201577657684971746e+04 -8.171481527734326846e+03
-1.674964814952428469e+03 7.317132833519734049e+03 -1.101309712297132501e+04
1.495865837474617365e+03 7.886046375919473576e+03 -9.994262618158820260e+03
-1.862048761254028705e+03 7.657248810698049056e+03 -1.150708432923176952e+04
-1.671946819410462922e+03 8.713221311271960076e+03 -1.196212016095696163e+04
-2.057889350407081110e+03 9.142512702498044746e+03 -1.088657169329234057e+04
-1.525451804873528772e+03 8.652145096269197893e+03 -1.141450681661748604e+04
-1.375387631830326882e+03 7.831978955834563749e+03 -1.047645124970103643e+04
-1.143138389497606795e+02 5.153203659189028258e+03 -1.243317636358562959e+04
-1.107943451401774837e+03 7.024833927374675113e+03 -8.887018511172775106e+03
-1.538850620156028072e+03 9.875648646922269108e+03 -9.891702137974309153e+03
1.124831609789883623e+04 -1.855977186233925750e+04 -1.598478649809996932e+04
-2.046346119166178823e+03 9.461426338834464332e+03 -1.146561289104302705e+04
-1.289403944242436182e+03 8.244125677896337947e+03 -1.056479555659369726e+04
-5.840931212504239738e+03 8.851524976332446386e+03 -8.312146960779757137e+03
-1.256696895119032206e+03 7.187475304709125339e+03 -1.129244721316707000e+04
-2.379358269315546750e+03 8.109072561727018183e+03 -1.224927192187275250e+04
-9.738999506556820052e+02 7.895143659718447452e+03 -1.067401665812420833e+04
5.112790316738817637e+04 3.642546921441203267e+03 -3.721638904686754813e+03
-2.049741692602707190e+03 5.642438903869795467e+03 -1.202250070627788955e+04
-2.340675007577917313e+03 8.614427636403321230e+03 -1.140005749900373849e+04
5.300479321843118896e+01 6.506184658483340172e+03 -1.026160659627844507e+04
-2.619288003128366199e+03 8.129890128509988244e+03 -1.391977833856450889e+04
-2.847138075759610729e+03 9.226078447019332089e+03 -1.110810553690943561e+04
-4.703326419935396189e+03 7.995791928110918889e+03 -9.374441056467450835e+03
7.800730448643357704e+03 5.254421541677945243e+03 -1.148523488158072541e+04
-9.245641037003653082e+02 7.395247069209647634e+03 -9.444743154690733718e+03
-2.149947001524767074e+03 5.418428989787173123e+03 -1.210370164046482205e+04
-3.066179049230198871e+03 1.036564377719805998e+04 -8.774713001090332909e+03
-4.597500490537430778e+03 6.417057269544152405e+03 -1.411576949412803879e+04
-7.766110941216420542e+02 7.251896895561880228e+03 -1.010847801417940718e+04
-1.649828209333574705e+03 6.873691365135339765e+03 -1.108990497164205590e+04
-3.426467684294328592e+03 7.291815759886131673e+03 -9.714764406716421945e+03
-1.633018085171950133e+03 8.655764120135252597e+03 -1.033554118472761184e+04
-2.824184988275592787e+03 9.451150018150628966e+03 -8.949419050082744434e+03
1.622704811961173164e+03 9.137191364418844387e+03 -1.124910754261459624e+04
-1.828569185258902962e+03 5.586380040204808211e+03 -9.153381247270135646e+03
-2.339602014473935014e+03 8.772855246065582833e+03 -1.090338418248673770e+04
4.175577122393988247e+03 5.674115629321001506e+03 -9.732149273414866911e+03
-3.352974082542398719e+03 6.945229126069173617e+03 -1.198667212605671011e+04
-2.465788320659173223e+03 7.294424144333064760e+03 -9.646566317193033683e+03
-8.698354814655626797e+02 8.247458098449698809e+03 -1.056694240143683601e+04
-4.603998323691019323e+03 8.028617850392408400e+03 -1.330793204563481959e+04
7.166740684620369848e+02 4.296452174732044114e+03 -1.464016199000263623e+04
-9.813422860987983540e+02 6.465465029532168955e+03 -1.121678927626498080e+04
-1.276350945209868996e+03 7.430096145068895567e+03 -1.061176065369693242e+04
-2.342709575851883528e+03 8.892328300240002136e+03 -1.117503948471404692e+04
1.173288821257428390e+04 -1.742655513889157010e+04 -1.602439602676997856e+04
-2.122291366582366209e+03 6.954503066120469157e+03 -1.199077006151035312e+04
-1.894915692931785316e+03 7.495909626839193152e+03 -1.196146953804840268e+04
-5.334712160891749591e+03 7.731800179435937935e+03 -1.425277032975564725e+04
-2.094936099154933800e+03 9.036527058336339906e+03 -1.037789405143246222e+04
-2.497401938313938444e+03 7.998530361202388121e+03 -1.124024628424838374e+04
-1.887464665001061121e+03 6.548272128122705908e+03 -1.162127387940308290e+04
-1.242321043431368253e+03 7.653135675008714315e+03 -1.032985949515766333e+04
-9.698733746229929409e+01 7.427942584026112854e+03 -1.059320240071323497e+04
-1.008493508508373679e+03 9.387919981408234889e+03 -1.008525464754569657e+04
-1.256545559261588460e+04 1.995369869672749337e+04 -7.135071964019714869e+03
-3.164468629737689298e+03 8.339145544300792608e+03 -1.107120074933943943e+04
-3.374133872376648355e+02 5.796600810403912874e+03 -1.082840027208768515e+04
-1.626603589495321785e+03 8.364872041514679950e+03 -1.042864133224217403e+04
-6.592210611954067190e+02 7.710455398905669426e+03 -1.046741405574848613e+04
8.013026425237999320e+02 6.952029111536898199e+03 -9.393076691265150657e+03
-1.866436506952604532e+03 6.744541949483102144e+03 -1.127512598898403667e+04
-1.559242176879070712e+03 8.054521488173834769e+03 -1.086877661469180748e+04
-1.054952384868128775e+03 8.568014517431001877e+03 -9.952524950602026365e+03
-2.166241123406043698e+03 9.597070614521800962e+03 -1.022083874241552076e+04
1.705041663248189252e+03 7.237444226973600962e+03 -7.944812084978423627e+03
-1.959445652812905109e+03 7.813910171769545741e+03 -1.152382926668779510e+04
3.248711370778214041e+04 1.049767972973903306e+04 -4.282225415374834847e+04
-1.038927453536318808e+03 7.673085409874248398e+03 -1.125362856762348383e+04
4.103950348298595600e+03 7.939259782498302229e+03 -1.330977185454956089e+04
-2.107215308864771032e+03 6.531073346198058971e+03 -1.117852113826588720e+04
-3.137581890745132114e+03 9.346105529590378865e+03 -1.111102428583826440e+04
-1.203553802277009709e+03 8.565084396341346292e+03 -1.104204528013910749e+04
-1.344384325828205192e+03 8.430154947016257211e+03 -1.056128990742732094e+04
1.086870869445525159e+03 5.593984511423651384e+03 -1.190461503645542871e+04
4.493237688471683100e+02 6.812367256796766014e+03 -9.790125476147431982e+03
-2.732850075364527129e+03 7.368286869707416372e+03 -1.171942450911267224e+04
-1.809889185994539730e+03 5.068641878124688446e+03 -9.749070811963572851e+03
-1.283057604139029308e+02 8.170203237902855108e+03 -1.137558151260349405e+04
-4.315972523811235533e+02 6.932844458990380190e+03 -1.167289058755198857e+04
-1.075602621466809524e+03 8.926268048560859825e+03 -1.204843208415737172e+04
-1.238514717110370384e+03 8.040900475579241174e+03 -1.021644495091770295e+04
-1.062348301356030049e+02 7.281652557743158468e+03 -1.106145479107257415e+04
-5.912352764151792144e+02 6.502763559625272137e+03 -1.201209540332191682e+04
-7.781340927200947135e+02 9.835854164350264909e+03 -1.409527741112082367e+04
-2.779093767100575860e+02 1.012363019038314269e+04 -6.577758578769758969e+03
-1.948866242209145639e+03 6.839000738065265068e+03 -1.106310017237014290e+04
-1.512678104481717583e+03 8.277753617717604357e+03 -1.059102974919220105e+04
-1.577067664840375528e+03 8.666851410633058549e+03 -1.040995785223927305e+04
-4.673785904221479541e+03 1.072112522229550996e+04 -1.393501310485283648e+04
1.137981616937228137e+04 -6.042633652683648506e+03 -1.793133435345515318e+04
3.490640452410346370e+03 1.552914906908120429e+03 -1.268944140934717689e+04
-1.933339633161950042e+04 -2.704386777625490595e+03 -1.164511250867572926e+04
-2.368956508908584055e+03 7.371294181274323819e+03 -1.044751317111998287e+04
1.415745512502520569e+02 1.847634214376536420e+03 -1.270178293178403328e+04
2.379694152539893366e+03 1.593648878678871188e+04 -7.966533986208223723e+03
-1.921574417289158703e+02 5.433702614365518457e+03 -1.139249308963281692e+04
-2.947284486226627905e+03 8.290010470008697666e+03 -1.178737919762775346e+04
-6.918769789117859546e+02 9.639499792790917127e+03 -1.095309742686351638e+04
-1.492317959706018200e+03 9.572227799033835254e+03 -1.015816334029059362e+04
-1.996109129124329684e+03 9.487029324121913305e+03 -1.068014024077212343e+04
-9.468271551259686021e+02 7.222006741404527929e+03 -1.058309811718140736e+04
-1.595255823344812825e+03 6.585083410096272928e+03 -1.151805165538494293e+04
-3.395644784632534083e+02 6.582097085653145768e+03 -1.025356061380010578e+04
-1.431771609010510247e+03 8.401681599876974360e+03 -1.097787885814358015e+04
-2.071087510187282078e+03 7.992014076983860832e+03 -1.136480839473484411e+04
-1.013579174396623330e+03 6.637233610255970234e+03 -1.175837766968427240e+04
-1.161333545171715377e+04 1.524714668860718302e+04 -1.023393429271486821e+04
-5.985484079354932874e+02 8.978943331473776198e+03 -6.885248342344419143e+03
-5.177024692738234080e+03 1.937740771520764247e+04 -6.171756830547219579e+03
-2.824018475065328403e+03 6.927137836979352869e+03 -1.166216137764738232e+04
6.326921081625396255e+02 6.778383065777588854e+03 -1.059533174853235869e+04
-1.424717124850475102e+03 7.629251162691854006e+03 -1.059917670782738605e+04
8.911732061655546886e+02 8.351744625083121718e+03 -1.204778228861207026e+04
-2.708225142107254669e+03 6.211814425372204823e+03 -1.262279454583029292e+04
-1.614749281398135281e+04 1.565357870362178255e+04 -1.864629572429419204e+04
-8.601917398805207995e+02 6.900806638801436748e+03 -1.201665424881941726e+04
-7.470585132555207792e+02 4.403998736273040777e+03 -1.245081751335981062e+04
-1.965794086762721008e+03 9.204873715515752338e+03 -1.041538306910631945e+04
-9.001341218731890876e+02 3.556904272429591401e+03 -1.470076438190351109e+04
-1.234427505213821860e+03 7.848493186669688839e+03 -1.095282791276821627e+04
4.602663162135409038e+02 1.241266628990591380e+04 -9.927824484596203547e+03
-4.230570836213516941e+02 6.011771181224990869e+03 -1.219940146063558132e+04
1.227635570209025718e+04 -1.480827571672970225e+04 -3.805520556879771175e+04
-7.374379096600382582e+02 7.596762650211554501e+03 -9.520918951913572528e+03
-5.390889730009271261e+02 7.424240594838336619e+03 -1.006628681484051958e+04
-1.999483806592319070e+03 8.952430735336454745e+03 -1.058994083159176444e+04
3.889805178789709771e+03 3.462093818620953698e+03 -1.498572002229826649e+04
-2.735706362971169710e+03 9.124751085867987058e+03 -1.174903591249621968e+04
-1.857876588097220974e+03 3.884451381215162201e+03 -1.035181210624161940e+04
-4.349346949429933375e+03 8.690063486597766314e+03 -9.473479343189634164e+03
-3.098064184761974957e+03 6.764060075260517806e+03 -1.078265274428621524e+04
-2.744827266479996979e+03 1.018971953222058437e+04 -1.084510532984950441e+04
-5.721159751099146433e+02 7.662412699168924519e+03 -1.019440762833577901e+04
-2.287203867855858789e+03 8.433712120815796879e+03 -1.102246940700393861e+04
-1.996375904707769280e+02 6.988472519021216613e+03 -1.012381237737104129e+04
-3.716597437175608320e+03 8.076215662735171463e+03 -1.147391471601942249e+04
-1.898014450439324719e+04 -1.754566695667487693e+03 -1.183659108878784173e+04
-8.829688072356850626e+02 7.654483337691261113e+03 -1.012426568165292520e+04
-2.990034734607360861e+03 8.030004161166974882e+03 -1.156977761343397287e+04
3.198837357233522880e+02 2.679570446880393774e+03 -1.853846768791027353e+04
-2.165986742083168792e+03 3.658408127213537227e+03 -1.483477715090019774e+04
-2.832014796866693814e+03 7.320386576869907913e+03 -1.252938044564284428e+04
-8.752220646510056667e+02 6.842938430965089537e+03 -1.041691766980979264e+04
1.709583333257743334e+03 9.254377658230281668e+03 -1.067258917026355630e+04
5.596212966655191121e+04 2.716940639061266484e+04 -3.021637238874715695e+04
-1.684875532949219632e+03 1.012616694891648149e+04 -1.052770589690652923e+04
-1.329069520709500239e+03 8.689295536797802924e+03 -1.030288935675104403e+04
-8.865927085624750816e+02 4.612192578722334474e+03 -1.102404884850376402e+04
-1.292889201268661509e+03 7.743106975798060375e+03 -1.104727156464199470e+04
4.508836911279466904e+02 7.690560816025244094e+03 -1.059156641369283352e+04
-1.496774506602826932e+03 8.959539536220421724e+03 -1.091127103825306040e+04
-2.985757377637888112e+03 7.956294599732817005e+03 -1.070140225043019200e+04
-9.387880963659998088e+03 -1.875474324087425339e+04 -1.210065264186049899e+04
-3.514758207860894345e+03 5.987233484543633494e+03 -1.134584136844494788e+04
-1.660128681257117933e+03 8.182389447461288910e+03 -1.057689643999833788e+04
-1.489001274863316667e+03 7.649946929600242584e+03 -1.103728586505671774e+04
3.286131007044688346e+01 8.841502616279551148e+03 -9.981999067426408146e+03
-7.783620034333430340e+02 8.422764494968803774e+03 -9.799131428831879020e+03
-2.362019709932538262e+03 8.297448331617737495e+03 -1.109438759839748127e+04
-7.342199758490774002e+02 8.010228559326512368e+03 -1.035075205722300234e+04
4.233983184678334510e+03 1.838218940292830894e+03 -1.162074944473087453e+04
-2.908089692856071906e+03 9.071229375839127897e+03 -1.077052083242124718e+04
-2.001412283119685753e+03 8.282663183310438399e+03 -1.130099321991311808e+04
-1.830557469957703915e+03 6.677127271843416565e+03 -1.136855514246159328e+04
3.719160087377460968e+02 9.786805473227712355e+03 -1.009139840277969233e+04
-1.707185255522293573e+03 7.794357119830349802e+03 -1.059434661300912921e+04
3.803023784964283550e+04 1.663056855152115168e+04 -2.900860141854410904e+04
-1.231638033536509511e+03 7.407627930679362180e+03 -1.054491673949392680e+04
-1.629137484099763014e+03 6.923056562753211438e+03 -1.111611932628914110e+04
-1.189840244207065780e+03 6.623032399063762568e+03 -1.085554481927194320e+04
-1.806751594014429656e+03 7.902343145168912088e+03 -1.174426981022081054e+04
-2.040716929943824425e+03 7.027265155132611653e+03 -1.126819897202422362e+04
-1.993322791820904968e+03 8.409210393349840160e+03 -1.088566386073222020e+04
-3.937205052591793901e+03 9.470717847003215866e+03 -1.117075990135092434e+04
2.131839791011222587e+03 1.268260907739025606e+04 -9.798045023174105154e+03
-6.683080791493068773e+00 6.864913670461112815e+03 -1.007952386714013483e+04
-6.297066884887560718e+02 6.647112420126608413e+03 -1.125050205712081697e+04
-2.204766405929978646e+03 8.103822292876320716e+03 -1.174864234925269011e+04
-2.305316926754226188e+03 7.262604221388695805e+03 -1.172993041098181493e+04
5.700254906571361744e+02 1.147190644311716824e+04 -1.312006807343108994e+04
-4.978379345233259301e+03 8.008835838947814409e+03 -1.125190149319766169e+04
2.233551865205843114e+02 4.552259818550189266e+03 -1.194698853989631971e+04
-1.944471944653881792e+02 6.405940545111983738e+03 -1.049438941558292390e+04
-2.260717215853647758e+03 7.230772603406062444e+03 -1.185538124633498228e+04
-1.440382932857770584e+03 1.353782770241483013e+04 -8.969351032858303370e+03
-9.551095206830195821e+02 8.132804843717978656e+03 -9.618643914633901659e+03
-1.045660842731393814e+03 6.513696215626930098e+03 -9.904884334756414319e+03
-3.773077545175970954e+03 9.170744427141300548e+03 -1.212509710662665202e+04
-6.671935372964242106e+02 3.641740451834036776e+03 -9.157846040305537826e+03
3.308834356502016453e+04 1.737329723053508496e+04 -1.152008831323914637e+04
-5.399442844407640223e+03 1.040085844416914006e+04 -9.030917759172776641e+03
-4.319024602565787063e+02 9.149438025084920810e+03 -1.112537972370440912e+04
-8.824843283035970671e+03 1.403018219439473796e+04 -6.455346389505940351e+03
6.211420841994887496e+02 8.232306988872434886e+03 -1.414545451348085771e+04
1.543999368358492120e+03 1.033562933478110790e+04 -7.333159997170338102e+03
-2.060849997357130178e+03 7.923301691662323719e+03 -1.097445935588100474e+04
-3.004914623856726848e+03 7.753924428537084168e+03 -1.121145919207412771e+04
-1.873909713057457338e+03 6.270767176391891553e+03 -1.104212688452903785e+04
-1.622558267368732686e+03 6.072652143582563440e+03 -1.162067833802209861e+04
-2.385199355624792588e+03 8.709465617764681156e+03 -1.053495684714267190e+04
-1.450224087039196547e+03 6.424285007213825338e+03 -1.125127567644894407e+04
-1.414330565705248773e+03 8.792498696992935947e+03 -1.033285562295911404e+04
-2.552881390448477759e+03 1.213441914185171481e+04 -1.231646737410784408e+04
-8.493142186397523119e+02 5.720239678733291839e+03 -1.127087464649442336e+04
-1.200872738889011089e+03 8.236624371482468632e+03 -1.105297789846717387e+04
-4.261494863425594303e+03 3.627150558458991782e+03 -1.964222277789587315e+04
-1.724783450343472850e+03 8.526988481711101485e+03 -1.037412440599063848e+04
-8.435525349742897561e+02 7.483372316957738803e+03 -1.267994736084594115e+04
-1.986193241612769634e+04 2.192190090873769441e+04 6.845064033638736873e+03
-1.356176415900582697e+03 7.281670111329463907e+03 -1.207781582284468095e+04
-1.602307818519542707e+03 9.637475359983624003e+03 -8.894285606360383099e+03
-8.519762086054674910e+02 5.879121117164048883e+03 -1.286740939998987233e+04
-2.110415465385513926e+03 7.649702587027969457e+03 -1.118333850780883222e+04
-1.608828967686657506e+03 7.991032746841893641e+03 -1.055903015989498999e+04
-1.375492053820934871e+03 8.948384906775392665e+03 -1.026238607484343265e+04
9.833696427715295840e+01 7.522857563160481732e+03 -6.694696658007133919e+03
2.813149464783367080e+02 5.669766809659682622e+03 -9.383868680196832429e+03
-2.993377120321794791e+03 1.021022849222789591e+04 -1.041576341193694498e+04
-3.284287288451982363e+02 5.839651467041576325e+03 -9.911012833238210078e+03
-7.372886243431943512e+03 9.925652021859386878e+03 -8.877018266715136633e+03
-7.564502248215937925e+02 8.289354899989004480e+03 -1.269559715829533161e+04
-1.199011056872318250e+03 7.730603648168480504e+03 -1.038284516022414391e+04
3.729916191453912234e+03 1.161993806914989545e+04 -1.291644145393518556e+04
-2.542854686906853658e+03 9.233906609890225809e+03 -1.175494579259886632e+04
-3.361786383392817697e+03 1.010640330002627161e+04 -1.004909530924687533e+04
-1.864835880835041962e+03 8.237763363884994760e+03 -1.043950101506248029e+04
2.221566106064319683e+03 1.467371399889264285e+04 -1.062966042190772350e+04
-1.600293416736097697e+03 7.456441092806539928e+03 -1.144814727475184554e+04
-2.664910955472179012e+03 7.425263628124678689e+03 -1.131702819499797442e+04
-2.723362430966698412e+03 8.424813987151586844e+03 -1.102799824018650725e+04
-1.617437949358091601e+03 7.935040777978872029e+03 -1.068743346993328305e+04
-1.722462812925025901e+03 7.900605181007393185e+03 -1.152766140019063823e+04
-1.622211884658605413e+03 8.503237281123101639e+03 -1.067531358979486322e+04
-1.977524810328431613e+03 8.773275395820124686e+03 -1.071365293874913914e+04
-9.829893650157358707e+02 7.492334424741050498e+03 -1.051588198487066984e+04
-9.370377469761317116e+03 1.918143909639286676e+03 -1.592487354970836896e+04
-9.411532239734164023e+02 9.882516419778292402e+03 -9.247043360634223063e+03
-1.500033090722293537e+03 6.532503419582451897e+03 -1.156898342562065591e+04
-6.034054672839419254e+03 1.160275984955745662e+04 -7.194619954276182398e+03
7.291405552828024156e+03 8.638761269479819020e+03 -1.353599444857709386e+04
4.882837315868810038e+02 4.261903208770325364e+03 -1.006017946820005454e+04
-2.544430241756651412e+03 7.560731492185565003e+03 -1.136545066011574636e+04
-1.811208061876903230e+03 8.165055265157856411e+03 -1.095592845404854961e+04
-1.702197335624179686e+03 7.120859151388356622e+03 -1.108757154490998255e+04
3.914340653613392533e+03 4.763527523977933743e+04 1.492763847274214459e+04
-3.950887262311744053e+02 7.834668492524775502e+03 -1.027501040359117178e+04
-2.407667695504957464e+03 8.351700212215091597e+03 -1.091365481566520248e+04
-1.992921285023029441e+03 9.300073279217755044e+03 -1.024454849912376631e+04
-1.729409938887853741e+03 9.102528533609562146e+03 -1.046242354703679848e+04
-2.835124624675100677e+03 8.948169960749239181e+03 -1.113290449858461761e+04
-1.338836658801495560e+03 7.865678657448741433e+03 -1.080436195804904673e+04
-1.978126751103860897e+03 7.876516725949038118e+03 -1.113021140666944302e+04
-8.169720074224051132e+02 1.302722210685123355e+04 -5.508005146497853275e+03
-1.501956231337760983e+03 8.373853438926807939e+03 -1.071528196636023131e+04
-1.012578733048879485e+03 8.237478461251628687e+03 -9.881320221789526840e+03
-2.567817691893912979e+02 6.915061272074693989e+03 -1.164275486273055685e+04
-1.155966903270279545e+04 1.279677209850294821e+04 -6.508588961370986908e+03
-6.027824840255743766e+01 7.029604197461471813e+03 -1.103493122604114251e+04
-2.504032802453774366e+03 1.056595435397243091e+04 -1.164548140562533808e+04
8.918589358070310482e+03 1.040358069046471246e+04 -6.098897726086986950e+03
-2.300772350397285663e+03 7.902991611661092065e+03 -1.111370621339609716e+04
-7.530975558695016616e+02 9.555081118304384290e+03 -1.040141757322760168e+04
-3.106624201629662366e+03 1.004134993656873303e+04 -1.148769620316873443e+04
-1.847201584013458614e+03 8.323881866746840387e+03 -1.072912291242361425e+04
6.369199596432861199e+02 1.137685139619184702e+04 -6.286333609892300046e+03
-2.278929780178230885e+03 8.690461635643650880e+03 -1.063367351529232292e+04
2.500101742352904330e+04 2.826341622362225826e+04 -2.676633766538468990e+03
-2.727026717436459080e+02 6.852411259916395466e+03 -1.027232165890439319e+04
-2.951803898172180197e+03 8.372996892360422862e+03 -1.128644889018324284e+04
-1.939086688577727955e+02 8.402885663678625860e+03 -1.028720650551779545e+04
2.994654521470164354e+02 5.560365853683394562e+03 -9.671892820882660089e+03
-3.052640583899911235e+03 1.007001868739012571e+04 -1.051300969036062816e+04
-2.058536456236614868e+03 8.452523754115190968e+03 -1.052177517423412246e+04
-1.311771648889888866e+03 7.732714571991687990e+03 -1.069457351622789247e+04
-1.931964436284625435e+03 8.973203350598001634e+03 -1.061603645020787553e+04
-1.251495430946177294e+03 7.135554957199617093e+03 -1.121270966981069068e+04
-1.632386620575711959e+03 7.139563224999718841e+03 -1.084841964747334714e+04
-1.532168680230394784e+03 7.223345551640228223e+03 -1.110601253053635082e+04
-1.556562266782968436e+03 7.990403959353512619e+03 -1.030985564218300351e+04
-4.011629329425461492e+03 7.216276001516063843e+03 -9.985179428784040283e+03
-7.993594144970031721e+02 8.448705384238648548e+03 -1.291257474878938046e+04
-5.166638907687499795e+02 6.663458380931633656e+03 -1.000728992854247917e+04
-1.576538617703087539e+03 5.977545079081484801e+03 -1.266850413227036915e+04
3.040579992651971679e+03 6.081969974178852681e+03 -9.508674197374888536e+03
-1.481796198681123315e+03 9.479767561845708769e+03 -1.130230130282032042e+04
1.245916480796099449e+03 6.259095766155298406e+03 -1.329367231952281509e+04
-2.883451456054158371e+03 6.977787906925205789e+03 -1.138549398973216194e+04
-2.459032998679671891e+03 7.148870726425619978e+03 -1.150400803498499772e+04
1.367363849272379639e+02 7.973324938477643627e+03 -1.050709112951469615e+04
-1.235253014310580056e+03 8.702114427816319221e+03 -9.830017074949628295e+03
-3.375464031660264936e+03 6.655421349262119293e+03 -9.850794596706437005e+03
-9.531650390974878064e+02 8.596139495772864393e+03 -1.031016057820117203e+04
-4.657557859688063218e+01 7.137234814417825874e+03 -1.058352933489552561e+04
-1.988191087812933802e+03 8.435069941206487783e+03 -1.057782593157529664e+04
-1.780527769471545753e+03 7.222581597086350484e+03 -1.118305345581042093e+04
-2.035648674454741013e+03 7.892000170904652805e+03 -1.108654977112639426e+04
-1.155156518043391316e+03 6.688049017598145838e+03 -1.101761412107633078e+04
-4.025963957275258508e+03 5.632861114615299812e+03 -1.128692443967510189e+04
-1.578083979265771177e+03 8.197397991794816335e+03 -1.078053634981048162e+04
-1.182856497939557812e+03 7.657900240878655495e+03 -1.058768810160340217e+04
-1.876176636979899286e+03 6.873385987313775331e+03 -1.279213768259261087e+04
-1.107153992692331940e+03 7.431479646533245614e+03 -1.056523455603892216e+04
-1.609450266706370485e+03 7.918024074240805930e+03 -1.118990064958544099e+04
-6.682924043117142901e+03 6.984621406666523171e+02 -1.869342799550907876e+04
-1.125443725228812355e+03 6.640869828103390319e+03 -9.700198272163350339e+03
-1.736431582580149779e+02 1.010187554575912327e+04 -7.904840246583092267e+03
-1.980460337879981580e+03 8.211595466183338431e+03 -1.065834087491422724e+04
-2.486713809607673738e+03 1.010733611931653104e+04 -1.052013649272602015e+04
-3.128894146278875996e+04 2.508913010016810222e+04 -5.750914060945164965e+04
-1.135416758435861311e+03 6.922000006760123142e+03 -1.061052473528498740e+04
-8.474331822719271941e+02 9.817894735694757401e+03 -9.538839481171888110e+03
-1.018025304457654670e+03 7.147066246775415493e+03 -1.055627632469405580e+04
-8.768586301935083611e+02 6.731886800795542513e+03 -1.102341705580707458e+04
-1.621469751190528086e+03 8.256562990400287163e+03 -1.062454346849766625e+04
-2.082839542624471051e+03 9.638091547801568595e+03 -1.035997784616144236e+04
-4.449053591553858496e+03 1.168821570220038120e+04 -1.285776407219243265e+04
-1.075827670761244235e+03 7.714375210522119232e+03 -1.030360381738223259e+04
-2.154474522202790467e+03 8.535304224701243584e+03 -1.192323927043225194e+04
-2.245809084339319270e+03 7.840398436535445398e+03 -1.035653947063790474e+04
-1.165639985457425155e+03 1.002381115733082333e+04 -9.659734508497094794e+03
2.861561734910018913e+03 1.176028396094950585e+04 -1.241667458575644741e+04
-1.971532329606181293e+03 8.346561521457284471e+03 -1.083653104858734514e+04
-2.276669042496027032e+03 8.025211411132127978e+03 -9.596065405131486841e+03
-1.877379575026754992e+03 8.541238934477341900e+03 -1.107590071027647718e+04
-1.528627590259399994e+03 8.316654270614633788e+03 -1.051093688392785225e+04
1.094200434530868188e+04 2.440330238958561495e+03 -2.260228085387266401e+04
-1.085699708191490572e+03 1.522921894457497365e+04 -1.149713393997915591e+04
-1.233723765346417622e+03 4.141012986747206014e+03 -1.288113185048837659e+04
-2.734547515762505554e+03 8.541828819146794558e+03 -1.081323145686909083e+04
-1.146798600771874362e+03 6.772278496074980467e+03 -1.087786861478503124e+04
-9.703591665411802296e+02 8.572277979003314613e+03 -9.707156176784530544e+03
-1.316885738696134922e+03 7.812831703528474463e+03 -1.038178742942097779e+04
-1.190176616717527168e+03 6.872133569124545829e+03 -1.085259704478192180e+04
-2.407212880254779520e+03 8.512946481930541268e+03 -1.191687749620666182e+04
-1.804285417981550381e+03 8.526767891065897857e+03 -9.985965386824529560e+03
-3.369269654262099266e+03 8.998635909092927250e+03 -1.228667818461161733e+04
-1.754359268285636745e+03 7.625381131539628768e+03 -1.108776451421830097e+04
-7.494820879927440274e+02 9.118951569303122596e+03 -9.925873962279136322e+03
-2.655599252924694156e+03 9.217275984267607782e+03 -1.085819536091287046e+04
-6.762421443981073025e+03 5.881446724313069353e+03 -9.559549364921598681e+03
3.313226332269827708e+03 3.770589957389372103e+03 -1.180565559797087008e+04
-1.989333828060458700e+03 6.864649937635384049e+03 -1.168608390416477596e+04
-3.003291463820335139e+03 9.987931684899347601e+03 -1.065791814720458206e+04
-1.866816810653797120e+03 8.561876371619662677e+03 -1.069681193941344281e+04
-1.008740212808167780e+04 3.382542908803813475e+01 -2.080655176384238075e+04
-1.519333585921076519e+03 8.597127498895550161e+03 -1.059743217339461080e+04
-4.477470450995251667e+03 7.834404998213412910e+03 -8.319044130059432064e+03
-1.391622017518227494e+03 6.860851823326573140e+03 -1.118974932731077024e+04
-1.356142994917795477e+03 7.837923905162740084e+03 -1.068548132623453603e+04
-1.379876454629419186e+03 7.158329047196794818e+03 -1.102044310936019065e+04
-6.704519121469505762e+02 7.113896926636006356e+03 -1.072830212272284552e+04
-1.715575499510031023e+03 7.743994960430850369e+03 -1.130213997801916412e+04
-1.386487892635254411e+03 7.970226303900047242e+03 -1.056903100943942627e+04
-1.548761914125718476e+03 8.259363972336137522e+03 -1.038882004903930465e+04
-1.854362197657352226e+03 9.836874929038403934e+03 -7.397773618222786354e+03
5.592832964048741360e+02 8.522499073209884955e+03 -9.459208425232347508e+03
-1.561128762943121274e+03 7.559163657691693516e+03 -1.094315033684537411e+04
-1.970553193745603721e+03 8.486171590711001045e+03 -1.079166643616374131e+04
-2.266594575012039968e+03 8.208527684924123605e+03 -1.148867126534213276e+04
-1.638391896810234584e+03 7.487893918987886536e+03 -1.118355291742314694e+04
2.641550783948548542e+03 2.189742389696934424e+03 -8.593722645807538356e+03
-1.514951973742429345e+03 7.137836515759398935e+03 -1.113366594394814092e+04
-2.042944663356140154e+03 8.959642909605756358e+03 -1.111017954696997367e+04
-1.419461467021385715e+03 8.384824901136727931e+03 -1.062388162737808307e+04
-1.022522784161810023e+03 6.950584576113733419e+03 -1.070189569246561950e+04
-1.855626112589960030e+03 8.819016501851325302e+03 -1.071267378709595869e+04
-7.956370146817874229e+03 5.980137223426841047e+02 -2.351284564116685942e+04
-1.921225545675729336e+03 7.918617149654179229e+03 -1.113841467204531364e+04
-1.527922401347376535e+03 7.325727846073328692e+03 -1.119860799811857032e+04
6.842196014638992665e+02 9.924037655148234990e+03 -1.084621377381975617e+04
-4.715542525130833269e+02 7.463673810916198818e+03 -9.981851663244460724e+03
-1.744750277405541055e+03 8.613288416479235821e+03 -1.078334297925242390e+04
-1.986493908654887719e+03 8.193944791846539374e+03 -1.108043555359282800e+04
-2.795825129496268346e+03 7.971699541989226418e+03 -1.095349187697920752e+04
1.150655193341221639e+04 -6.894025210403999154e+03 -6.604951838902605232e+04
-1.762826183629212210e+03 8.176495125449406260e+03 -1.113756225190544319e+04
-1.677299378973464627e+03 8.325079100335678959e+03 -1.076221847498322677e+04
-8.951246895027792334e+02 8.001648520067368736e+03 -1.037426606977274605e+04
-2.314151526797550105e+03 8.907274429197019344e+03 -1.051113524603122460e+04
4.413542160473930380e+02 1.262104729652964488e+04 -9.701634403120937350e+03
-9.236705023871317053e+02 6.899602119911499358e+03 -1.077780497544699392e+04
-1.013200090208495794e+03 7.719026842502376894e+03 -1.315075573156262544e+04
-6.248985509596304837e+02 6.668586127135119568e+03 -1.134569495780390753e+04
-2.440756247768742469e+03 8.789271769125458377e+03 -1.059475020991151359e+04
-1.451068861325344869e+03 8.003284859384606534e+03 -1.122639285081150956e+04
-1.668576888200414487e+03 8.125775752330725481e+03 -1.130079551693745816e+04
4.092975070340006368e+03 -7.855859144668099816e+02 -3.616954411409944441e+04
-6.538138586028763939e+02 6.507185958808461692e+03 -1.083863023355287078e+04
