-7.281055612668950516e+02 -2.105961864217039761e+02 -3.677299905512500573e+03
-1.660430752524945319e+02 5.194523968299046146e+01 -3.824262236797319929e+03
7.787000963308906876e+02 -1.242055816869154114e+03 -4.241699722953220771e+03
-4.514513386171748266e+02 2.643368061402215403e+02 -3.913879779174134455e+03
-7.824465516156931244e+01 -2.184172174146915040e+03 -4.057008628621312255e+03
5.026128329621468538e+01 -5.768064436963749131e+01 -3.974711622774688749e+03
-2.929362471444204630e+01 3.784485431348889051e+03 -4.775627577633037617e+03
-2.693818771673588230e+02 9.487542406607411749e+01 -3.966150585726722966e+03
7.996793836984422796e+02 -9.603333318393333684e+02 -4.182726580900372028e+03
1.750410348928016901e+02 -2.387718569506026142e+03 -3.987908514436332553e+03
-3.079983285618493483e+01 -1.226196841781628137e+02 -3.829575220238777547e+03
-3.414036368641792478e+02 -8.506521175922571842e+01 -4.058386368474730261e+03
-4.882302081012591088e+02 2.137704372115623528e+02 -4.058698392349536334e+03
-8.501786801555351758e+02 1.757429245772198101e+01 -4.044566107292961078e+03
6.991420167762113351e+02 -1.326784591899547650e+01 -4.042866668449121335e+03
-4.764348976059572124e+03 -3.986193048174045089e+03 -2.753813336566640828e+03
-2.259792533271300726e+03 -1.124450541050222910e+03 -3.391388862712595710e+03
7.895934815813840260e+02 -7.545096490592820828e+02 -4.147094290938311133e+03
8.717395882257554831e+02 -1.184699860492477455e+03 -3.955709458656265724e+03
-3.089933215084942617e+02 2.018463249231824079e+02 -3.914155515080226905e+03
-5.475492564815673404e+02 4.592467594205460273e+02 -3.694208070638931076e+03
-8.945041650436033365e+01 -2.894754100455724029e+02 -4.062275071741574266e+03
8.277895433774642697e+02 -4.712378074945464164e+02 -4.058449692967482406e+03
-3.226845433520504230e+03 -2.366035259362191027e+03 -2.923772907105594186e+03
1.683193317726153737e+03 7.217595604629308355e+02 -4.317947319801895901e+03
-7.487284543459653605e+02 2.596756800055003396e+02 -3.962701244038924870e+03
-4.335078837879360663e+02 2.868754582834796452e+02 -3.917612237031631594e+03
-6.557816170062598076e+02 3.090689247336376866e+02 -3.754375312258369377e+03
-3.971256576625532489e+03 -3.051456075712592792e+03 -2.908512959624007181e+03
-1.073315626594222749e+02 -9.438565920710200885e+01 -3.999606358501146133e+03
-8.579315876505625056e+02 4.168991429285548520e+02 -3.700701423534299010e+03
-7.612043836228589271e+02 5.107092581133139220e+02 -3.778657743455808486e+03
3.775029095603540554e+02 -2.357913824142135581e+02 -4.043581617717498375e+03
6.950143495828455116e+02 9.641200442115323312e+02 -4.563213823792681069e+03
3.753710506991479292e+02 -2.068383384670792566e+03 -4.116702107125416660e+03
-4.250601171319708556e+03 -2.967302866312465085e+03 -2.860694499454987636e+03
6.270161303289797843e+02 -1.470802529357532080e+02 -3.921714957688101549e+03
-2.029080438398002570e+03 -3.883397848354717098e+03 -3.531806461982063411e+03
-2.052574127976131138e+02 -2.286393306205085878e+02 -4.064583291740806999e+03
-2.883113976327416367e+03 -1.702740019325869298e+03 -3.337934635941598117e+03
-2.397441379012675043e+03 -1.488029825859452785e+03 -3.347398276733152670e+03
6.505827923671998860e+02 -9.622361428622382391e+02 -4.259400498109572254e+03
-3.790730378670593382e+03 2.026533215567632851e+03 -4.582661000737721224e+03
-5.060086508481800593e+03 5.998155049976714508e+03 -4.914573810678373775e+03
-2.841567217284434150e+02 1.032117608343172321e+02 -4.027231165799301834e+03
-3.240146425623574032e+03 -4.058890064224457547e+03 -3.281782097202997193e+03
-9.006529066932267824e+02 -5.427478271729069093e+01 -3.778840659427698938e+03
5.601497096467015808e+02 -5.760639026046646904e+02 -4.112294689586144159e+03
6.577192093365977144e+01 -2.416641686542039679e+03 -4.091251988451801026e+03
8.833840398240539571e+02 1.453481321412957641e+02 -4.030988550176336958e+03
2.685879330307215582e+02 -1.709059711405901680e+02 -4.122054129989468493e+03
-1.725936524485126938e+03 -6.067364874274900330e+02 -3.554560301586530841e+03
1.831610618748068191e+02 -2.030591565882973555e+03 -4.084124458809843418e+03
-4.129861035419175096e+03 -4.124307787427698713e+03 -2.816751399264195243e+03
-2.403414396813886356e+02 -6.086398518792799450e+01 -3.968719770895560487e+03
8.135877167768193203e+02 -7.866546817646844829e+02 -4.162450356099872806e+03
-3.686677166261119964e+00 2.892911946592146705e+03 -4.678649415468499683e+03
-3.742655781934662400e+02 -7.753535745416917280e+01 -3.872272014294288056e+03
-3.951473948392636544e+02 1.801241830846513494e+02 -4.008152168723459909e+03
-1.025067159570162403e+03 -3.137292208298133119e+03 -3.648147006539124050e+03
1.323352984701657533e+02 -2.224956752921358202e+03 -4.045943403837979076e+03
-6.154603176509897366e+01 3.444095325349218228e+01 -3.849375187679391274e+03
-5.472808269363169984e+02 -2.608291219663033644e+03 -4.031500640137844130e+03
1.120812196231125426e+03 -1.038462310328719241e+03 -3.998969688491156830e+03
8.959029430716393563e+02 -7.897783298874454658e+02 -4.330795103558943083e+03
-9.721503988854424279e+02 -3.426855316027294066e+03 -3.748859699738038671e+03
-7.881023542011926111e+02 3.464558530379640047e+02 -3.958432390462474359e+03
-9.564279626860281951e+02 7.144911195264319304e+01 -3.690868440062234640e+03
-2.454291969909717409e+03 -3.024061291284609524e+03 -3.206014223652502096e+03
-7.847329756327969790e+02 4.956785691621369097e+02 -3.880193780753065766e+03
-3.928447578326542498e+03 -3.904295248871224430e+03 -3.084143475236094673e+03
8.148328666250773722e+02 -9.430409919622727557e+02 -4.178947890292222837e+03
-6.062819180453053605e+02 3.849608611800234712e+02 -3.828251425845625363e+03
6.813239674843546254e+02 -1.536852538428927346e+03 -3.989833078436603046e+03
-4.897563643196117482e+03 -3.823595545525040507e+03 -2.658276267349714544e+03
-7.062102443001751908e+02 3.571639441706451521e+02 -3.830941650082419073e+03
-1.033305601623967732e+03 -5.743354563026855431e+01 -3.764770521667945559e+03
-1.887438061620968028e+02 5.486387277795233786e+01 -3.721759544549966449e+03
-3.613340162950728427e+03 -2.331525123771477865e+03 -3.057011174639343608e+03
3.913455029215390368e+01 5.557517221660646101e+00 -3.976148648297097679e+03
-5.654669217570977935e+01 -5.144374946511561575e+01 -4.041780747298056212e+03
-9.574487592657845880e+00 -3.197093194002727614e+02 -4.063508462640209473e+03
3.959093193344106112e+02 -2.284117889105378708e+03 -4.206525647416318861e+03
-4.554186208810962853e+03 -2.789464444782029204e+03 -3.083015816420055216e+03
9.491709829704043386e+02 -8.229060325343766635e+02 -4.002601067531514673e+03
1.160380485637780907e+02 -1.233195830427865758e+02 -3.940865873718866169e+03
-2.158179341390529771e+03 -3.984494956456079308e+03 -3.485922338118178232e+03
-2.338852021430731384e+03 -1.307982664475886168e+03 -3.387570053436577837e+03
-1.680883952612757639e+02 -1.674249587990797750e+02 -3.994356571155548409e+03
-2.436405678987700867e+03 -1.333736907002046337e+03 -3.327719782286891586e+03
-2.804351571681350833e+03 -4.204640817104369489e+03 -3.305366239920892895e+03
-2.919491037836037890e+02 -3.783721647728293647e+01 -4.055531252980419595e+03
-5.509398143122606371e+02 -1.069554061357899855e+02 -3.929025932054099030e+03
6.259143750457827764e+02 -1.462715878312565565e+03 -4.122468272632932894e+03
-2.129313585063143364e+03 -2.704045391429790016e+03 -3.494641842187856128e+03
-4.670570891293881687e+03 -4.082652306734284593e+03 -2.740680303696033661e+03
-6.071357078625300119e+02 2.667570875041101885e+02 -3.893336412767589081e+03
-1.730949867476723227e+02 1.713637379006416666e+02 -3.926282183968417030e+03
-1.063067073463112592e+03 1.380610513311319778e+02 -3.681950172260549607e+03
-3.369808137138707025e+02 2.396563568384237612e+02 -3.740225011580864702e+03
-2.614882598019335092e+03 -1.075091626412056485e+03 -3.652470977067702734e+03
-2.653259056070146926e+03 -2.462324222816877182e+02 -3.738232942091124187e+03
-1.525209828366479542e+03 -1.254252554845450618e+02 -3.752251191927069613e+03
-2.556214295003759617e+03 -1.044032868016534394e+03 -3.438751001652071864e+03
7.319210044429382833e+02 8.292322384146502827e+02 -4.124032234888111816e+03
-2.440687126835979598e+03 -5.158192860320327782e+02 -3.576910775824969278e+03
-2.845346348651481094e+03 -8.021280158628912886e+02 -3.437278290378202655e+03
-2.705781058114577263e+03 -6.380230838523823422e+01 -3.412142775549085854e+03
-1.520781950852597674e+03 -2.548986124572283529e+02 -3.838584682010387041e+03
-1.187815058212843724e+03 1.863214180783042821e+03 -3.992622509036713382e+03
-1.614215212730520534e+03 2.601980158198921345e+02 -3.573991632120049871e+03
-1.701048363828616175e+03 2.815965677654052115e+02 -3.622298962700603624e+03
-2.420244147347687431e+03 -1.134482620258479074e+03 -3.523511595423579820e+03
-1.436761573274303601e+03 9.975322705678738089e+01 -3.772605311385279947e+03
-1.694176059332194882e+03 -2.435957433390016149e+02 -3.704804685888662334e+03
-5.615931518940096794e+02 -4.545777046021323258e+03 -3.865548098658319304e+03
-2.522885565963250428e+03 -1.529192276764051257e+03 -3.445028182092081806e+03
-2.246903602756364762e+03 -3.110677613077610886e+02 -3.507772422581756473e+03
-1.021790798255789241e+03 2.355683985410462356e+01 -3.699614046041659549e+03
-2.701570649769283591e+03 -3.116582873277995532e+03 -3.051061637746760425e+03
-2.860326065754145930e+03 -1.502605948271215766e+03 -3.504714374315985879e+03
-1.674739811316877876e+03 1.809553774462444835e+02 -3.872290747182756604e+03
-1.588869303822866414e+03 3.081503787002152990e+02 -3.662240090851243622e+03
-1.303323111841377795e+03 -4.016608106700000462e+03 -3.769550379175242597e+03
4.739283369899885088e+02 7.515049275039507393e+01 -3.890378762007843761e+03
-2.687668601862036667e+03 -6.940129868212252404e+02 -3.693834405174296535e+03
-2.482488212097732685e+03 -4.999153548192558105e+02 -3.477455536570480945e+03
-2.676095975119072591e+03 -4.309834073142433226e+02 -3.476784903311558082e+03
-1.004830778406197169e+03 -4.813034473583337785e+03 -3.609749308602519250e+03
-1.647136351692695143e+03 3.408951466186370567e+02 -3.855857008690214570e+03
-2.619873975399421852e+03 -1.411938543160812060e+03 -3.467197134766064664e+03
-2.624369526651630167e+03 -1.940793301933381372e+03 -3.452307674963895806e+03
-2.150734454013282175e+03 3.941771664372473083e+02 -3.641879583562946209e+03
-5.513789424816216069e+02 -3.296457220993042938e+02 -3.747532613332230540e+03
-1.018611259789910605e+03 -2.472970519168535475e+01 -3.693234654410051007e+03
-1.274996079718052215e+03 -5.020230913490137937e+03 -3.614849647403363633e+03
-1.169795084267552056e+03 3.034393856613671687e+02 -3.711367968760381245e+03
9.958195151283292716e+02 -1.664767370945218318e+03 -3.786998415098000805e+03
-1.205019321701708805e+03 1.093714456190276678e+02 -3.833182924360950437e+03
-2.708420825576830794e+03 -1.956329864385845440e+03 -3.455660368800851302e+03
-2.547859292990597169e+03 -2.836359891394525221e+03 -3.306627053434113805e+03
-7.685635934212077700e+02 -8.449384007394775153e+01 -3.939234900732980350e+03
6.442920956226892031e+02 3.358745793136129123e+02 -4.010768027950448413e+03
-3.759203148967279503e+03 -3.577982725572131585e+03 -1.828711723061715475e+03
-2.388469268553378242e+03 1.736256035547162071e+02 -3.583407653770838351e+03
-2.254661549861494905e+02 -1.195012465714832160e+03 -3.827550771016881754e+03
-2.630586947999004224e+03 -2.247230948617973809e+03 -3.458932308073333843e+03
-2.140634643077519286e+03 3.695337112864238520e+02 -3.723247730016982132e+03
-2.329022800830762208e+02 -9.526748353347528564e+01 -3.864737411634925593e+03
-2.064450871395887589e+03 -4.336273076334674670e+01 -3.491468725788056872e+03
-1.638645016734544924e+03 1.998751666840394989e+02 -3.818470095311698060e+03
-2.601189855108116262e+03 -4.888014621842770566e+02 -3.579212062289565893e+03
1.365074624577682016e+03 -1.558414738583327107e+03 -3.896265622158888618e+03
1.004450477879839582e+03 -4.171219121290794646e+03 -3.930630476709736286e+03
-2.435384810860918606e+03 -6.370986454437314706e+00 -3.713246031539448722e+03
-7.676914037058814984e+02 -6.718750472938916118e+01 -4.064495168034723974e+03
-2.555565653199711960e+03 -1.413056835521713765e+03 -3.082156456884890304e+03
-1.590526480954498084e+03 3.161221576057141078e+02 -3.522600862236942703e+03
-1.438001232894215946e+03 2.181395271294028930e+02 -3.794941424511788227e+03
8.027641267713903517e+02 -8.704002902709055434e+02 -4.278143457203612343e+03
-8.015202774190689752e+02 5.195088106459379560e+02 -3.804681387533438283e+03
-2.692757891652730905e+03 -3.029778652502853902e+02 -3.630956166832561848e+03
-2.598159705725772710e+02 -2.330222732519534475e+03 -4.010237339167882965e+03
-1.188451989996496650e+03 9.916442264514174099e+01 -3.868806385876197510e+03
-9.382276252333307411e+02 2.356636800917556229e+02 -3.767713997380486944e+03
1.444233925232407501e+02 -6.561724695465028390e+02 -3.808687765594322627e+03
-2.736617430072215029e+03 -2.147490614558730044e+02 -3.695059632756397605e+03
-2.307331415913805358e+03 2.146056220697108756e+02 -3.777038920884945583e+03
8.241758832558618906e+02 -6.193784048871522145e+02 -4.358151799485720403e+03
-2.667205971185515409e+03 -8.321777261095298854e+02 -3.573792339321699728e+03
5.753966014458603695e+02 -4.437009446419860069e+03 -3.765082926383063295e+03
-1.409370872796087042e+03 -1.666107645519299467e+02 -3.648310328570573347e+03
-2.451326185647511466e+03 -5.049488830246861539e+02 -3.527840988778146766e+03
-1.568858192444595261e+03 -1.914757202936661429e+02 -3.643691905693031913e+03
-2.449623314412407126e+03 -2.220433485112122980e+03 -3.581150921206026851e+03
-2.693324862982732611e+03 -1.937282914907154463e+03 -3.410949023294561357e+03
-2.290834176986586954e+03 -2.902596061555997835e+02 -3.529014728582002135e+03
-1.923630258832901973e+03 4.864020850363842214e+02 -3.701727931733081277e+03
-2.714218238471542463e+03 -6.058324864410177497e+02 -3.524196010123758242e+03
-2.196598050338754092e+03 1.240131784893240479e+02 -3.570844991154482159e+03
-2.062873105926370954e+03 4.937773662058572768e+02 -3.622838959298266673e+03
-1.550238680831601641e+03 2.958444951276719053e+02 -3.847967771531462859e+03
-2.599960188364050282e+03 -7.316488874870951804e+02 -3.516883837531107019e+03
-3.071649364672554839e+03 -1.397165230170605128e+03 -3.497517920156833497e+03
-1.689187055921560386e+03 4.732395576575686960e+02 -3.575903086443391658e+03
-1.409193312485431989e+03 5.780667121829795860e+02 -3.745149423665536688e+03
1.417002682973362425e+03 -2.576984011001431099e+03 -3.865866317400651042e+03
-2.174879587515082221e+03 -3.603805334234769362e+03 -3.661128423737611683e+03
-1.985613212583951054e+03 2.936646333478417432e+02 -3.490231323396632888e+03
-2.093934519559001274e+03 -4.433563837246912954e+03 -3.381353670396004873e+03
1.338886540423850875e+03 -4.026177076373760428e+03 -3.838041600238941555e+03
-1.223607961803489616e+03 1.345343834095012312e+02 -3.831742671130946292e+03
-2.272407165607930438e+03 -1.637147275284996795e+02 -3.422885474174886440e+03
-1.374606226779538474e+03 -1.560789722764250200e+02 -3.659833778573649397e+03
-2.216070438617946365e+03 -2.142003406110433843e+03 -2.626060328873488288e+03
-2.262897078970252551e+03 -2.283141811293044611e+03 -3.629860799590758688e+03
-2.469879547635516701e+03 -2.898035156992125394e+02 -3.474844819345875749e+03
-2.163640053873400120e+03 3.376314209297710249e+02 -3.715387224529763444e+03
-1.779162823806570032e+03 2.254935171256675517e+02 -3.678710013759469348e+03
-2.778483651951465617e+03 -5.454885219876015299e+02 -3.660894843353928536e+03
-2.557086143942333820e+03 -2.457501699940763956e+03 -3.467238171489876549e+03
-2.516907643471673964e+03 -2.107598561232271095e+03 -3.617760153052412988e+03
-2.670710085051118313e+03 -6.851224698611667918e+02 -3.556765831143698961e+03
-1.996327612478433139e+03 -2.361027919977081638e+03 -3.671444449152430934e+03
-1.922329957233764844e+03 -2.552565455776018553e+02 -3.599426819223781422e+03
-2.473530311777637507e+03 -2.436572643056545530e+03 -3.831904069811305362e+03
-4.663067908995237303e+03 -3.236596551623963933e+03 2.046240756884465100e+02
-2.623084126704505707e+03 -2.311084931053068431e+03 -3.430751670880056281e+03
-1.856020073591110076e+03 -2.708385522030159223e+02 -3.713398921522341880e+03
-1.090140935698220119e+03 -4.833726915872784957e+01 -3.794667831688516344e+03
-2.623550059599225278e+03 -2.467815662193903790e+03 -3.569165568736323621e+03
-3.122331534165031371e+03 -1.471514500729875863e+03 -3.376533144904786241e+03
-2.855935506335978062e+03 -1.867885809984865773e+03 -3.695274586748163983e+03
-2.064302044422905055e+03 1.402538037515905671e+02 -3.491298347979937716e+03
-3.027292433482914475e+03 -1.484761894084014102e+03 -3.661230109206655925e+03
1.676787081480813413e+03 -9.482167375268998057e+02 -4.289600880366294405e+03
-1.557758309235486195e+03 -2.215584150111498730e+03 -3.877745725300609138e+03
-3.068613294688645055e+03 -1.683140530295746203e+03 -3.464393850341780308e+03
-3.079335239423370240e+03 -1.308506989353949848e+03 -3.357677348048101521e+03
-2.399067327399986425e+03 -2.159322841316098675e+03 -3.687693892186898211e+03
-1.880082331122626783e+03 -2.283244521481805350e+03 -3.757228796333322407e+03
-2.921045749969727240e+03 -1.271932031037707929e+03 -3.449956965918924652e+03
-3.127303294907458167e+03 -1.809935145839843244e+03 -3.274516243243683675e+03
-1.652840914733808404e+03 -2.404011470856328742e+03 -3.851330847272578012e+03
-6.688189949391762639e+03 2.421714437976779664e+03 -5.002260925065135780e+03
-2.648175360850413199e+03 -2.142953118454831383e+03 -3.438058197504389682e+03
-3.035393166015365296e+03 -1.834677961526896979e+03 -3.501812663111151323e+03
-2.544496899136393949e+03 -2.251397949900728690e+03 -3.689838217143088968e+03
2.442495100892292612e+03 -5.426338756896069526e+02 -4.370996931591440443e+03
-2.783966948581240558e+03 -2.247351694106967898e+03 -3.442965616815127760e+03
-8.780918738776164219e+02 -2.168452595282033144e+03 -3.961003277816962054e+03
-2.461918995239578862e+02 -2.370097932125022908e+03 -4.110560408541740799e+03
-3.066396052504574072e+03 -1.833337285766972400e+03 -3.396416373678837317e+03
-3.065170625298197592e+03 -3.222924890865707766e+03 9.733070166023321690e+01
-2.798554347827588117e+03 -5.952653284332704970e+02 -3.481596445854478134e+03
1.111954717949559154e+03 -1.652592199776294137e+03 -4.045614668428884215e+03
-3.004496651424391985e+03 -1.433578426550035829e+03 -3.562284024389210572e+03
1.588241582590610278e+03 7.524643729725405592e+02 -4.800047724087932693e+03
-2.805244906878333040e+03 -8.924466550455149445e+02 -3.364067522983207709e+03
5.094092014880922079e+02 -2.159876302619852595e+03 -4.215797550749481161e+03
6.267525917316675077e+02 -1.708235661888436425e+03 -4.227802317452040370e+03
-2.884834554007484712e+03 -8.277069306960624999e+02 -3.577342027875431086e+03
-2.727473798189455465e+03 -3.536923285014191833e+02 -3.334063640350938840e+03
-1.957485549997040835e+03 -6.426656589891296790e+03 -3.494789790868121145e+03
-2.559551001529400310e+03 -2.407560645606721664e+03 -3.700616687131990602e+03
-3.860568681685238062e+03 -1.923594034962926798e+03 -3.260386345586763127e+03
-2.507799956352836489e+03 -2.296247785994371498e+03 -3.634830498735143010e+03
-3.079180026318237651e+03 -1.359098004344563833e+03 -3.498553511954693022e+03
-3.817825708254786150e+03 -2.281398371240476990e+03 -3.546714270738078085e+03
-3.642699269657756759e+03 -2.066011984523768206e+03 -3.312945659579050698e+03
-3.020163184307071333e+03 -1.292871608745953836e+03 -3.400307697160104908e+03
-2.061420558148354758e+03 -2.360659863827203480e+03 -3.888299100734598142e+03
-1.616582953548819432e+03 -1.430968945795285208e+03 -2.300213691134869350e+03
1.855285534446834845e+03 4.729489614448174279e+02 -4.794124331179771616e+03
-2.885035316088887157e+03 -1.840224363926889055e+03 -3.517159363634726560e+03
-2.990031333172699306e+03 -1.061547043423112882e+03 -3.519028450768779749e+03
-5.021406508620142631e+03 -2.403679814327669192e+03 -4.166689628840095452e+02
-3.008482655802283261e+03 -2.280587398546506847e+03 -3.348830230910427872e+03
-2.868948564521343997e+03 -1.943763202407110157e+03 -3.684070991880929341e+03
-1.296975906417978194e+03 2.699456087568520957e+01 -3.841690169975044682e+03
-2.364804799462560823e+03 -1.297752156611057615e+02 -3.606057475983047425e+03
-2.723432108016502752e+03 -2.091358268745331316e+03 -3.631825431996785028e+03
-3.889045774320918099e+03 -1.576967955911780336e+03 -3.327258400764556427e+03
-2.517109867046203817e+03 -5.538185605503603028e+02 -3.506003575596628707e+03
-2.993552806158167641e+03 -9.820520786378427829e+02 -3.281073834101483953e+03
-2.738483333557818696e+03 -3.075568665560805130e+03 -1.378628808255216427e+02
-2.634608275881253576e+03 -2.129390660177461996e+03 -3.705897236207092192e+03
-2.626653770948615602e+03 -2.148267615297480916e+03 -3.717173752694816358e+03
1.100924562265247914e+03 -2.091101831723216947e+03 -4.178324799367745072e+03
-2.857339549902079852e+03 -2.091927835805774521e+03 -3.535283042871007183e+03
2.797756283131294367e+03 -9.189736581613070143e+01 -4.584410275880290101e+03
1.814120514020278733e+03 -1.087881553792488558e+04 -3.362997753980839207e+03
-1.846307729897675699e+03 -2.168223619087436873e+03 -3.815691890756426346e+03
-2.434256777171775411e+03 -7.717914801613898135e+02 -3.657936436021127975e+03
1.552620946058276331e+03 -1.122303044177312131e+03 -4.225678098579685866e+03
-5.513322922898521483e+02 -2.130653100872666073e+03 -4.062541875666076976e+03
-3.088057307510902774e+03 -1.711772537064969811e+03 -3.292423674942672733e+03
-2.626191754266531007e+03 -2.356804364978691865e+03 -3.729849079198278559e+03
-2.230300120556027650e+03 -2.671373687494739443e+03 -3.862674407338712172e+03
-3.050020555120820063e+03 -1.544803986056668236e+03 -3.529755261504960345e+03
-2.755898231496545122e+03 -1.882329165150271365e+03 -3.629444243876699147e+03
-2.983612758883319202e+03 -1.854102399197114664e+03 -3.596708446404658389e+03
-2.088573182387744509e+03 -5.139650278623280428e+02 -3.722589232375706160e+03
-7.236749744190481124e+02 -2.148728685021178080e+03 -4.025950541282125414e+03
-3.105497584893200838e+03 -1.934039264875455956e+03 -3.334947648967640362e+03
-2.911009099888167839e+03 -2.015744725352904879e+03 -3.411213307322082983e+03
4.361443072894412580e+02 4.682198722699515088e+02 -4.661173718722684498e+03
2.180333747799329103e+03 -1.430807507311551944e+03 -4.367977316581611376e+03
-2.955942411051939416e+03 -1.182345750869894800e+03 -3.634753801821208071e+03
1.537610566491140162e+03 -1.426180795877245600e+03 -4.203948494279932675e+03
2.944453149560050861e+03 7.264273294005576531e+01 -4.637280248778515670e+03
-3.011425835585169352e+03 -1.302210931908532302e+03 -3.414111865574524927e+03
-2.821397620151248702e+03 -2.186463309812063926e+03 -3.330604601316716526e+03
-2.996735386385260881e+03 -1.987761018194749340e+03 -3.606044781325028453e+03
-2.396719891995492162e+03 -7.508432861728761054e+02 -3.614274336567619685e+03
1.675189790939858767e+03 -8.127123059024479517e+02 -4.442019190566717043e+03
-2.565713782845771220e+03 -2.317742430050963321e+03 -3.769719945666993681e+03
-2.869891022009864173e+03 -8.007261090820111349e+02 -3.330248174244344682e+03
-2.940984786776416968e+03 -1.985919353888562227e+03 -3.487758564538518840e+03
-2.790387470348479383e+03 -2.005236671083547662e+03 -3.727687658250561981e+03
1.383460902262861509e+02 -1.718135195720867614e+03 -4.054260288184099863e+03
-1.488852347519304203e+03 -3.153901010230269094e+03 -3.813001123805726365e+03
-2.029657571240109974e+03 -2.758781834788912420e+03 -3.466199367182832702e+03
3.084566561195941858e+01 -1.651983698266113606e+03 -4.024682280322329916e+03
-1.936606295875571732e+03 -2.804423214557831216e+03 -3.507264336062218717e+03
-4.087580512743534200e+01 -1.718124774394969791e+03 -4.031277881574574621e+03
1.403041862212060096e+03 -3.759538285276454189e+03 -4.528825545620135017e+03
9.846719696936634136e+01 -1.319255612062412638e+03 -4.048567203637100647e+03
-2.918388722826470257e+03 -2.235361520068403479e+03 -3.564748375865165599e+03
-2.821267950354997538e+03 -1.076241552866093116e+03 -3.377195187579950925e+03
-1.633877336565394216e+03 -2.996745975196062318e+03 -3.752883163366987446e+03
-1.570697923145983623e+03 -3.022561395529736728e+03 -3.956706231347057383e+03
-4.468168826955434838e+02 -2.526423268049535181e+03 -4.029035202431003654e+03
2.065055442152201124e+02 -4.143458818710887499e+03 -3.689571338375350024e+03
-2.042268474046185702e+03 -2.693503122574305053e+03 -3.529589697651030292e+03
4.546260459868432235e+02 1.092762156972845787e+03 -4.035015239304141687e+03
1.817354470219837594e+02 -1.782091326815451794e+03 -3.986237188275257267e+03
-1.387346235714248905e+03 -2.688631359726679875e+03 -3.705652524232264113e+03
-2.100297645943613588e+03 -2.641668996388596497e+03 -3.737653991423253501e+03
-1.086278488547366123e+03 -3.131487848351528555e+03 -3.856188971524576573e+03
-3.687783643608637476e+02 -2.679505681799463673e+03 -3.972103329811576259e+03
-2.449770467502743941e+03 -2.552953690601218113e+03 -3.439364207590579554e+03
-1.551817272411591603e+03 -2.680541682254000989e+03 -3.733667850362469380e+03
5.270792624369499890e+02 2.340196571994662236e+02 -4.285008627795480606e+03
-2.888230845235762899e+03 -1.262706831603729825e+03 -3.472289558430194120e+03
-1.174880786894380890e+03 -3.140834950609626958e+03 -3.781791343685159063e+03
-1.491617877250651873e+03 -3.038513687828500224e+03 -3.932324319836956874e+03
-9.001775855145706373e+01 -1.384461547234004684e+03 -4.052055801808685828e+03
-1.306938267619756999e+01 -9.181302389361006817e+02 -3.972086566481521459e+03
-1.572891175598897235e+03 -2.996964548991882566e+03 -3.655051068737460810e+03
-6.243060487891096955e+01 -2.158873000452610540e+03 -4.075555294360687185e+03
1.455237742106984342e+02 -1.441766276899609011e+03 -4.043401734193853372e+03
-6.540759388339399720e+02 -3.060751001757944323e+03 -3.785496170515562426e+03
-2.266059707003182666e+03 -1.886565347588244094e+03 -3.656188579317013591e+03
-1.178085220932626271e+03 -2.741754978590798146e+03 -3.785426036244324678e+03
4.203066734641745938e+02 2.362830654593083182e+03 -4.246790043518961284e+03
-2.450980527283775700e+03 -2.501095883520096322e+03 -3.567066974182959711e+03
-1.563654921146569222e+03 2.267301625729485295e+03 -3.903987529174702104e+03
-2.218711446839849032e+03 -2.711913463759180559e+03 -3.436285499435070051e+03
8.797539977990464877e+01 -1.849429194613362142e+03 -4.051654770391988677e+03
5.151990893866409351e+02 -8.909456456855116357e+02 -4.125752986186439557e+03
-2.175120929167848317e+03 -2.663676673246769951e+03 -3.492539890044850836e+03
-3.083954579814886074e+03 -1.443676564271100915e+03 -3.626098137428005430e+03
6.858755893949670281e+03 -2.566276907469931757e+03 -4.947132877977473072e+03
-3.260098211201807317e+02 -2.895239879333074896e+03 -3.909837258045965882e+03
-6.307301335552631372e+01 3.951325549513520627e+02 -3.895654390800899364e+03
-3.180291748092938633e+02 -2.398350301076901815e+03 -3.950456998892153024e+03
-2.059684483854161954e+03 -2.784810676269051328e+03 -3.701616841621342701e+03
-2.812943416550718212e+03 -2.336490186597005959e+03 -3.353198107006369355e+03
-1.842425691597173682e+03 -2.696181690477183110e+03 -3.557594416350043048e+03
-8.732963183975648462e+02 -2.906443281546940852e+03 -4.048746022234159682e+03
-4.357060256730920855e+01 -1.754738124348647034e+03 -3.990539300887986883e+03
-2.846941880857588330e+03 -6.535634387731719244e+02 -3.454358015678941683e+03
-5.346394052438511153e+02 1.798776393560748602e+03 -4.067106441766863554e+03
-4.781298597213757944e+02 -2.255373673100903488e+03 -3.840420647477234525e+03
-3.891755456769548800e+03 -3.458631767131050765e+03 -3.072866672912001377e+03
8.707446501277372590e+02 -3.458678886482590315e+03 -4.476452727607028464e+03
-2.472738157445439811e+03 -2.503044306705031886e+03 -3.786302253567413572e+03
-1.321681736092587698e+03 -2.956211073944927193e+03 -3.692413418851591814e+03
-2.372398854200163441e+03 -7.879192453319390097e+02 -3.591708707950673215e+03
-1.726501023181546088e+03 -2.674488737096744444e+03 -3.755128186740181263e+03
-1.038533911601572299e+02 -1.423650266566070059e+03 -4.071913450202257081e+03
-1.695456680163913234e+03 -2.973305249585856473e+03 -3.712467673577509231e+03
-1.265999584461915674e+03 -4.185799421566554884e+03 -3.341873213637964000e+03
-2.206833531531668996e+03 -2.803602446218968907e+03 -3.321739966651937721e+03
-2.900861366487588384e+03 1.349519865042413812e+03 -3.704879811334710666e+03
-1.399977298776158932e+03 -3.184095211218931581e+03 -3.679481751512652863e+03
-1.042770281865537754e+03 -3.078706832216143084e+03 -3.792915449464505400e+03
1.096747746789677649e+03 1.588702041070947075e+02 -4.054405627624647877e+03
-4.400173925654138429e+01 -2.042794899145207864e+03 -3.984807176887704372e+03
2.055346063589452115e+02 1.159915549261921115e+03 -4.144857862937065875e+03
-1.391640031533755518e+03 -2.738963635347939999e+03 -3.600144428667739248e+03
-1.146072957939477419e+03 -3.211538807605581496e+03 -3.602284642998863092e+03
-2.314647907931523605e+03 -2.616334170880659713e+03 -3.454921808299300210e+03
3.015618118766493012e+02 5.460399825888339365e+01 -4.061103257046501767e+03
4.430237810258420268e+02 -8.905797470421637172e+02 -4.026065542746749998e+03
-1.431108697798884350e+03 -2.995932281901250008e+03 -3.840457095924358327e+03
-4.233029768082811870e+02 -1.900002151582333227e+03 -3.939007371856383088e+03
4.872306573587564458e+02 -8.239714593517642243e+02 -4.073834253455536782e+03
-1.133683862937740059e+03 -2.651446232969359698e+03 -3.737753346505906393e+03
-1.783400115714759295e+03 -3.060077850748240053e+03 -3.652676228320755854e+03
-2.094591805684432074e+03 -2.911543982658627556e+03 -3.711332456580536018e+03
-2.903857009028550237e+03 -2.201597057406279419e+03 -3.413376360890761589e+03
2.514278808604457822e+02 -1.482321540639277600e+03 -4.034422400990225924e+03
-7.555077658762501187e+02 -2.430147774690432470e+03 -3.984487488013947313e+03
-1.242344414815476284e+03 -3.011129020469301395e+03 -3.922036105455149936e+03
-2.122962837404782022e+03 2.197211759379025352e+03 -3.869559228343696304e+03
5.790641694767773515e+02 5.884627935194172323e+02 -4.108796478677290906e+03
-1.816447995976197717e+03 -2.862733103196880165e+03 -3.580305522294665934e+03
9.112500533290523208e+01 -2.672449201014863320e+03 -3.856813209212125003e+03
-1.336723132889953831e+03 1.842461800622995725e+03 -4.087220273151501260e+03
-1.739297070739557057e+03 -2.618294920663986431e+03 -3.850971985924224555e+03
-1.545746257505753647e+03 -3.059424501367289395e+03 -3.636322198561907953e+03
-2.121689518702152327e+03 -2.702796311982494444e+03 -3.454966257014499206e+03
-2.054855175793453327e+03 -2.672054909054176051e+02 -3.550464081905321564e+03
1.964790038095173372e+02 2.271939651156440050e+03 -4.341015916121819828e+03
6.903457108291718214e+00 -2.726936069040677467e+03 -3.853893569606892015e+03
-1.260986384419668411e+03 -3.117360833696265217e+03 -3.823946944168412756e+03
-2.013719292842053392e+03 -2.856394352449489816e+03 -3.517120778425670323e+03
-1.141747284652384678e+03 -2.891110155059908720e+03 -3.732239304128746880e+03
-3.256224473084437250e+02 -7.553754653914381834e+02 -3.910323687220713055e+03
7.807203014007792490e+02 -1.062659741250145316e+03 -3.989610138697993989e+03
-2.623759591662495723e+02 -2.688684575818985650e+03 -4.143959406162961386e+03
6.517155905019507145e+01 -1.011922689942230022e+03 -4.009957796412350945e+03
-1.458494545671542710e+03 -2.792471437647177027e+03 -3.667711966445413964e+03
5.218288744519875308e+02 -1.366723719406600139e+03 -3.835689101798609499e+03
4.219926352920030695e+03 1.515496726583440022e+03 -4.964235870968243034e+03
6.829089598359187221e+02 -1.024513371985382037e+03 -3.993615527328993267e+03
-3.928723763004135208e+02 -2.391812053947673576e+03 -4.112729010775862662e+03
-2.872416701156000272e+03 -2.880204158978644955e+03 -3.235147805502890606e+03
8.063871332356051198e+02 -1.391455779879779584e+03 -4.136428566037321616e+03
-9.042219585962203610e+01 -2.691259206802001700e+03 -4.014913455522359982e+03
5.308936166247879100e+02 -1.430813182328951825e+03 -4.010434045955973033e+03
-6.801069481794759213e+02 -2.790350259790791370e+03 -3.843028141321761268e+03
-9.658189679026281738e+01 -2.616994334531193999e+03 -3.820081228430948613e+03
-2.761160944446055964e+03 1.318597277826661866e+03 -3.802457488829043996e+03
-2.902827754355579941e+02 -5.513142961728379987e+02 -3.801844930685773306e+03
-3.547973482198209467e+02 -2.447008384322923575e+03 -3.995677391676564184e+03
-1.029306716414579796e+03 -2.556114198396337088e+03 -3.815775234332630134e+03
5.498933723294683205e+02 -1.363663641413446385e+03 -3.854034045270495426e+03
-4.459051971760978290e+02 -4.319970352659163382e+02 -3.868117528329933521e+03
6.348086829667511211e+01 -2.433041047456134038e+03 -4.164400136107670733e+03
-2.303652793169885058e+02 -2.869405197600012343e+03 -3.871730919393642125e+03
-2.361360882592184680e+03 1.217767094780492698e+03 -3.732893470063916538e+03
-1.592147913892042197e+03 -2.798113646000991594e+03 -3.554187311595245319e+03
4.033465869594796231e+02 -1.116246478822623885e+03 -3.944838283446123569e+03
5.027635478662826358e+02 -1.611082282964622664e+03 -3.990468835958730779e+03
5.408046714074928332e+02 -1.004800976220387611e+03 -3.862617876011544013e+03
-1.622093160993455513e+03 4.894332930060458580e+02 -3.648665812486156028e+03
7.534533857474481238e+02 -1.632715297989309420e+03 -4.157947035064412376e+03
4.703455134101415638e+02 -8.689782740820090794e+02 -4.071098716263717961e+03
-9.681096379932284890e+01 -6.830116197278026675e+02 -3.805136853931697715e+03
5.135361000172880495e+02 -1.841341507819397066e+03 -4.217536367812875142e+03
1.799224790368587037e+02 -1.804578373872490147e+03 -4.354889068446210331e+03
-6.088656444369194105e+02 -2.818211573756798771e+03 -3.935473015124141966e+03
-2.722415926936297183e+03 1.286140632000396181e+03 -3.490364255780608801e+03
-4.039010715342396907e+01 -2.709136035314981200e+03 -3.887540582683653611e+03
-2.509404035206066510e+03 -1.842117528098575121e+03 -3.732391070493086772e+03
3.767078563325789560e+02 -2.335139493734244752e+03 -3.921336872204645715e+03
-2.207765583693873396e+03 1.222722244908995208e+03 -3.636008853432658270e+03
-1.854467178900019462e+03 6.852570780622704660e+02 -3.749563892873286477e+03
-1.673702242465925110e+03 -2.709023877932860614e+03 -3.679931429542878504e+03
-3.613322681366252596e+02 -2.302216271169053016e+03 -4.174914644557942665e+03
4.327692790565861287e+03 5.415666369430367013e+03 -5.043341897202231848e+03
-2.584736165471633740e+01 -1.011154101240195928e+03 -3.935947377572016194e+03
-1.824266083448106883e+03 -3.465351991269446899e+03 -3.514588384298715482e+03
-1.251755437528275024e+03 3.543360922887635525e+02 -3.845037994500426976e+03
9.086129472228230952e+02 -1.061883715883814602e+03 -3.997354359019331696e+03
-2.921339212237479842e+03 -2.857367809863089406e+03 -3.105339099300032103e+03
-3.945851195876037991e+02 -2.568376156389146672e+03 -4.033046408476745910e+03
-1.282420766403083121e+02 -2.726528645432357280e+03 -4.004483964196429952e+03
-1.416351768741488968e+02 -6.740158094430205438e+02 -3.908174189973717148e+03
-2.279771191407780861e+02 -1.872918913915220628e+03 -4.262292791902174940e+03
-3.856998287396264459e+03 -1.277649797766701340e+03 -3.424025878146153445e+03
7.930812232553446393e+02 -1.499283132155237581e+03 -3.889726908910547536e+03
5.298659963936057693e+02 -3.932372569235472383e+03 -3.832144066200335601e+03
4.867374329870328438e+03 2.543095453883660866e+03 -4.980121911240144982e+03
-1.449997491465068151e+02 -2.827381332556040888e+03 -3.792793437296953016e+03
6.993589141159075098e+02 -1.770573961812546258e+03 -4.011608951198375962e+03
-2.168190676464856551e+03 -3.232011936406123823e+03 -3.562601515998336708e+03
-1.145795611060522106e+03 -2.794126001361795716e+03 -3.668216588597398186e+03
7.985460823533692292e+02 -1.454425193190058735e+03 -3.940587308832449253e+03
-9.037204946643259973e+01 -2.220562543839716000e+03 -4.069875902832670363e+03
-8.392974040277288168e+02 -2.685369863975308817e+03 -3.895615142231541540e+03
1.143808155691107800e+02 -2.585014125170626357e+03 -4.068131751910430921e+03
-3.914097255985132051e+02 -1.895142849783301017e+03 -4.263064245557174218e+03
1.290131235953865598e+02 -1.100801410431692148e+03 -3.875736298878495745e+03
7.478449763073394934e+02 -1.550574295181245816e+03 -3.871874218076085072e+03
1.483137728135641282e+03 -4.508092556387276773e+01 -4.340766875371570677e+03
4.428169237846562964e+02 -1.379622562095081548e+03 -3.895173512333783947e+03
-4.944046008776323106e+03 2.489473149187364811e+02 -3.470766019486177356e+03
-8.918516441020087768e+02 -2.515556242071390898e+03 -3.805767700860040350e+03
3.061962208250003528e+02 -1.233393823042615622e+03 -3.983462710167642854e+03
3.891066035972477835e+02 -2.248080229893598244e+03 -3.865993249204054337e+03
-2.703009786846726456e+03 9.853569022957781272e+02 -3.533310065576869420e+03
6.146957208283811269e+01 -7.709842127916795107e+02 -3.962081079737820801e+03
8.017119570404405522e+02 -1.329835003095580532e+03 -4.257263586572260465e+03
5.680675733110497276e+02 -8.455026179127430623e+02 -4.013591903784089027e+03
5.367429566203497870e+00 -7.575190815178782486e+02 -3.978985809928963135e+03
5.997946205295161235e+02 -1.693863408099546405e+03 -3.986826192247372092e+03
8.086577007050454995e+02 -1.708497502389767078e+03 -4.165971284930050388e+03
8.833115301934947183e+02 -1.634069772832921672e+03 -3.952795507769177675e+03
-7.059211492007448214e+02 -2.892124831485760296e+03 -3.698005854777048171e+03
-7.185657368435097396e+02 -2.221124326982871935e+02 -3.807441394822755228e+03
5.852643669783583391e+02 -1.873198382242345360e+03 -3.991588705122242118e+03
6.978421542883615984e+02 -1.980965606623925851e+03 -3.982042218722853249e+03
-3.544335206005438977e+03 -1.750759117170427317e+03 -3.500149092201440908e+03
-7.174718070487782597e+02 -2.550329870408260149e+02 -3.803709467548413159e+03
9.378271849451807611e+02 -6.665987180830549050e+02 -4.073744505693117844e+03
-1.727331705960686577e+03 6.641532156007009462e+02 -3.749972955095237467e+03
-4.570444088810824724e+03 -1.065347256354971933e+03 -3.287339564246011832e+03
3.238094646040565294e+02 -2.125875023582675567e+03 -4.179356567000916584e+03
6.018693136396672116e+02 -1.933357032221622376e+03 -4.099951385444593143e+03
1.490890259201134995e+02 -2.387799107034750705e+03 -4.110656522472865618e+03
-3.397085215659167716e+03 -4.070896322273898022e+03 -3.083569556835858748e+03
-4.768362670571529634e+03 5.823748452980496495e+02 -3.387173932755449187e+03
5.196819971303765442e+02 -1.304036672065879429e+03 -4.097086946024388453e+03
1.719446840556487359e+02 -2.511477871537338615e+03 -4.084206790016769901e+03
5.815167786439257043e+02 -1.991572186381461051e+03 -4.222730773958586724e+03
7.617438354049781992e+02 -8.897026446765662513e+02 -4.001389854706808364e+03
-3.163720978618345271e+03 -3.854768761605209420e+03 -4.799360207027456454e+03
-2.559868050902294726e+03 -2.927073806503176911e+03 -2.993180804620950539e+02
-1.441182255452574054e+03 -2.135198189251373151e+03 -1.601066328849456113e+03
-1.557086821281098310e+03 -2.352435118592899471e+03 -1.613756900632320594e+03
-1.345706257192709472e+03 -2.076973894443551671e+03 -1.569569177364382313e+03
-1.649064841863362062e+03 -2.029446572147071947e+03 -1.454757058253899913e+03
-1.505639391198019439e+03 -2.120050467620980271e+03 -1.667825624786165008e+03
-1.395400776266904813e+03 -2.559638318851841177e+03 -2.196344405320259284e+03
-1.933031713540361125e+03 -2.545214024007853368e+03 -2.420533121728872629e+03
-5.101654950764726891e+03 -4.902214813287149809e+03 -5.553292508380211075e+03
-1.180363856989828491e+03 -2.535281296644914619e+03 -2.353392712045795633e+03
-1.676313409219769710e+03 -2.168528081052157177e+03 -1.656472198511252373e+03
-2.281713673723462307e+03 -2.472663129815213779e+03 -1.815674198573787407e+03
-1.482199201721380632e+03 -2.492328936857908957e+03 -2.539716405673295867e+03
-1.634429975396656573e+03 -2.837912138964676160e+03 -2.409211180340561896e+03
-2.950850628769469040e+03 -2.698056633991460785e+03 -1.891308304719120315e+03
-1.785981837824179820e+03 -2.579039995183325573e+03 -2.264607237410622020e+03
-6.017919081715784159e+03 -4.081673319088043627e+03 -3.425286877959321373e+03
-1.692980420656194156e+03 -2.946570456868693782e+03 -2.702815730113443806e+03
-5.697373301391200584e+03 -5.015086438816400914e+03 -5.344944757558997480e+03
-6.398463104965992898e+03 -1.418268747235737010e+03 3.050803245371711455e+03
-1.570587825476358830e+03 -2.415456929923380812e+03 -2.044537248281436860e+03
-1.473327433494532215e+03 -2.475591155042178798e+03 -2.010745388804464710e+03
-1.682619820221412056e+03 -2.458197738848766221e+03 -2.054060755233958844e+03
-1.993755446855009495e+03 -2.739793294403377786e+03 -2.602636142451749947e+03
-1.845578077543650807e+03 -3.045633725060766665e+03 -2.879381123541620127e+03
-2.042513520248738132e+03 -2.331935688338252930e+03 -2.144981444874517365e+03
-6.602481250531225669e+03 -3.738334849668933202e+03 -3.490646741538999777e+03
-1.909873534770118113e+03 -1.960080576410425692e+03 -1.623848709466868513e+03
-3.911581151335461982e+03 -3.158770096929492865e+03 -2.347716204237734019e+03
-1.887385463318496932e+03 -2.080939008501834451e+03 -1.491970396317111181e+03
-1.571087816771618236e+03 -2.047920981582370587e+03 -1.483807128448920821e+03
-5.293777199563356589e+03 -4.336009703986018394e+03 -3.927067294713269803e+03
-3.848293840379293215e+03 -3.618759663064093729e+03 -3.646135726672585861e+03
-2.192394675080825436e+03 -3.380786583951466582e+03 -2.739415659544399205e+03
-1.549431457456962789e+03 -2.626107206711882100e+03 -2.150698378238098940e+03
-1.414240030720591449e+03 -2.452872602991585154e+03 -2.240817745523453596e+03
-3.552779856265933176e+03 -2.917607265910571641e+03 -2.197022919961994376e+03
-3.166615438260849714e+03 -3.995595609349449205e+03 -4.961876596940192030e+03
-4.729885120170856680e+03 -3.446373066730849587e+03 -2.652630097492354707e+03
-1.604242130313705502e+03 -2.501941839047477970e+03 -2.269375895726147974e+03
-1.682903119907870860e+03 -2.199206167151592581e+03 -1.913386846882543750e+03
-1.913172427983541411e+03 -2.793887670702833475e+03 -2.454025887186673117e+03
-1.835982280059971572e+03 -1.942075599748492550e+03 -1.620544673204024548e+03
-1.907468324264091279e+03 -2.873992248705771999e+03 -2.406664457768620196e+03
-1.535168417564278570e+03 -2.635922519748685318e+03 -2.632341678869393036e+03
-1.949713054717013620e+03 -3.514023826051914057e+03 -3.536322739465282211e+03
-5.638955025652018776e+03 -4.013966188079299627e+03 -3.280548576813576801e+03
-1.570445683696462766e+03 -2.047006036985252649e+03 -1.904936893692536387e+03
-1.925090931729577051e+03 -2.835519047405202855e+03 -2.923887680506926245e+03
-1.941040968032805722e+03 -2.050042830726793454e+03 -1.401174024178301806e+03
-4.226071992384202531e+03 -4.520299304897405818e+03 -5.344896391324784418e+03
-5.164683889251756227e+03 -5.039213316983986260e+03 -5.575906402847208483e+03
-9.649950897365390574e+02 -2.391553067312762323e+03 -2.926591107703707621e+03
-1.934648024835501246e+03 -2.782720176193215593e+03 -2.783054080354518192e+03
-1.572903500270921541e+03 -2.461919954446324027e+03 -2.547125634585283024e+03
-4.523068991354512036e+03 -1.542496384841563213e+03 2.369809066546733902e+03
-1.774274967629072307e+03 -2.741848922698476599e+03 -2.489233783698961361e+03
-7.465819304316826219e+02 -2.774247802050905648e+03 -3.829537963897315421e+03
-1.710488014084499127e+03 -2.280664008364798974e+03 -1.594508371095195116e+03
-1.880993652540733365e+03 -3.114525242452501971e+03 -3.065157875452275221e+03
-1.294303099700095800e+03 -2.375426159164868295e+03 -1.759384098542380798e+03
-1.550338415506537331e+03 -2.567536129921501924e+03 -2.488596767305714820e+03
-1.429632945664377985e+03 -2.761842792630534404e+03 -2.538893831904801573e+03
-1.346096499197011326e+03 -2.277278263946055631e+03 -1.763832953242376789e+03
-1.709821867599306188e+03 -2.459334517652550403e+03 -2.070665283556249506e+03
-1.838650206274040784e+03 -3.091199032223926224e+03 -2.979016497040254308e+03
-3.210664119015573306e+03 -2.538042946104518705e+03 -1.931152181303603584e+03
-1.885471661886743277e+03 -2.202717986240514165e+03 -1.651484429839927770e+03
-1.214916796219304388e+03 -2.186251629525339013e+03 -2.393672684689832749e+03
-1.542418039671084898e+03 -2.464162298820400338e+03 -1.958757653252469481e+03
-1.447425960511034873e+03 -2.102508796216519841e+03 -1.444490149916341579e+03
-3.721375309502437631e+03 -3.090938243824247820e+03 -2.289765513024212851e+03
-1.602364201782750570e+03 -1.993057264032234798e+03 -1.454457282237762684e+03
-1.898647479810290406e+03 -2.155879353050208465e+03 -1.789682781748948855e+03
-1.640423417087468351e+03 -2.717507751576846204e+03 -2.706279367231892138e+03
-1.227020844184258294e+03 -2.166947373221908947e+03 -1.781781234469229275e+03
-1.860509666714396417e+03 -2.900584878680867405e+03 -2.675154821031039774e+03
-3.250184114782985034e+03 -2.257977128650716622e+03 1.176417205079351334e+03
-1.766141961905314020e+03 -2.728169438834114317e+03 -2.396646562209843069e+03
-1.584061448730593838e+03 -2.052427379881025445e+03 -1.839854802870710046e+03
-1.776936333888763329e+03 -1.931285800963046768e+03 -1.425958443971521092e+03
-5.785581092380409245e+03 -3.837860318552945500e+03 -3.202274807435476760e+03
-2.275651525554857017e+03 -3.376473582342214740e+03 -3.527325864535877372e+03
-2.096457390402174042e+03 -2.455634021686313645e+03 -2.089738504445730996e+03
-3.010559622161878906e+03 -2.531013840674565927e+03 -1.793803035575115700e+03
-3.910550837490604863e+03 -3.130310812785416147e+03 -2.418566159638152840e+03
-1.895151014527233656e+03 -2.716152023407857541e+03 -2.200566126713762515e+03
-2.053638745657430263e+03 -2.489295563395156933e+03 -2.239370468878754764e+03
-1.417136102227174661e+03 -2.138192164026295359e+03 -1.618302375492439751e+03
-1.431972559167817053e+03 -2.337896464210566592e+03 -1.712157504172257859e+03
-4.546723737451486159e+03 -4.965062039305371400e+03 -5.674132581438115267e+03
-1.500406514024407898e+03 -2.104600610703201255e+03 -1.816101546031952239e+03
-2.726257444442598171e+03 -2.738893821872433364e+03 -1.975398980523879573e+03
-1.607083796250036812e+03 -2.180176986618540013e+03 -1.616577205641393448e+03
-1.392433091063684287e+03 -2.498531574497368183e+03 -2.089636654924561299e+03
-1.707853034986343573e+03 -2.068909863182179379e+03 -1.389897557709085959e+03
-1.829651223163519717e+03 -2.282480353108659074e+03 -1.928566016534467053e+03
-2.962214938672502740e+03 -2.709162017040158389e+03 -1.996796039859578059e+03
-2.036085227631832822e+03 -3.106969015614044565e+03 -3.308182041945608034e+03
-4.486125853801080439e+02 -2.761476613037930747e+03 -3.941442864497765186e+03
-5.305860621235400686e+03 -3.238924393744961890e+03 6.291860858902083464e+01
-4.005285324127519289e+03 -2.325904808737827352e+03 -1.585519765550345937e+03
-3.189016431729590749e+03 -2.153980568923968804e+03 -1.545211494832859444e+03
-3.873206823506785895e+03 -2.601692928599526113e+03 -1.753740057988593662e+03
-4.413958364340144726e+03 -2.542413445607996891e+03 -1.876330844541281522e+03
-4.423240711927323900e+03 -2.535764826102975803e+03 -1.752032393136503970e+03
-3.119845967677371846e+03 -2.035820954159714120e+03 -1.600600647948384676e+03
-1.878189791811186296e+03 -2.258845309738553169e+03 -1.639968440750260243e+03
-2.824924270486716523e+03 -5.037557415523967393e+03 -5.525926024227886955e+03
-3.115436970584902156e+03 -2.567967554287773964e+03 -1.688138767983313301e+03
-4.154578644768183949e+03 -2.538921381020997160e+03 -1.693370899182964877e+03
-2.159968868617376756e+03 -2.302001011517610095e+03 -1.875711893630072609e+03
-2.400696633417284829e+03 -1.857663353114735855e+03 -1.612011618685444091e+03
-2.923053559842653158e+03 -2.375536580714059255e+03 -1.552904345311172619e+03
-4.341593595985621505e+03 -3.249093281109587679e+03 -2.806853907439597151e+03
-2.763989085578881713e+03 -2.413853959741578819e+03 -1.698491675313747692e+03
-3.325534172830465195e+03 -5.402769376265973733e+03 -5.447792808567626707e+03
-2.565230234048681268e+03 -8.414209589065731052e+02 -6.628858709529712314e+02
-1.269648123170572262e+03 -4.672866903980881034e+03 -5.684263651894643772e+03
-1.118460377605814392e+04 -6.545564720802414740e+03 -1.747198114668115068e+03
-3.468203860459440421e+03 -2.171204235874932237e+03 -1.681438935069995296e+03
-2.806490524598085358e+03 -2.394381745406606569e+03 -1.507751447138591629e+03
-3.771908335320506922e+03 -2.349521419650974167e+03 -1.550090785946043979e+03
-2.006807221129927484e+03 -2.098739756761890931e+03 -1.393534004896608621e+03
-2.184412664624264835e+03 -2.110340896105523370e+03 -1.376796128417459613e+03
-2.233924326485841448e+03 -2.477008650815591409e+03 -1.865134220258694768e+03
-3.742278366198952426e+03 -4.970211447844845679e+03 -4.813474308272074268e+03
-3.505198553847395033e+03 -2.118843913333023465e+03 -1.605343610554426277e+03
-4.264647527221907694e+03 -3.324237041479065738e+03 -2.804592917793996548e+03
-4.161639788682211474e+03 -4.002490254523831936e+03 -3.449325080941564465e+03
-4.529506508294694868e+03 -2.840551123113836638e+03 -2.138592479990533775e+03
-7.813084732058159716e+02 -3.987707754908578863e+03 -5.333067190328635661e+03
-2.799768042439373858e+03 -9.023386846074549794e+02 -5.645788701361097992e+02
-3.096398356470977433e+03 -2.884756334982061162e+03 -8.851248953925835394e+02
-2.821210562182129706e+03 -2.280596810077281134e+03 -1.620299816100700355e+03
-3.346690515910983322e+03 -2.359397849424539345e+03 -1.826575271077570051e+03
-4.267007627305900314e+03 -3.539628962444240187e+03 -3.077264739606855073e+03
-2.688337183272896254e+03 -2.868705663169081618e+03 -1.165979945819698287e+03
-4.238864589195492954e+03 -3.496172994193297654e+03 -3.040916016161669631e+03
-2.776751201272125854e+03 -2.320731333325993546e+03 -1.818283211201403901e+03
-3.555741876360959395e+03 -2.179235236576987518e+03 -1.601938274847142111e+03
-2.481948398730937697e+03 -2.373317100345954714e+03 -1.512222934566917047e+03
-4.192975961512700451e+03 -2.313340612678307480e+03 -1.973590522758096085e+03
-2.473423934914434085e+03 -1.996244353537767893e+03 -1.423301535392780352e+03
-3.352032576536341821e+03 -2.334284541473228728e+03 -1.954844087991830520e+03
-1.453739034191663904e+03 -2.473846742523632201e+03 -2.546491008569699261e+03
-3.648407934043434125e+03 -5.309415335446964491e+03 -5.568943034428442843e+03
-3.560009911864454807e+03 -2.128913808801589312e+03 -1.657039775663611863e+03
-2.546312192688147661e+03 -2.036588972383923647e+03 -1.350866173797689044e+03
-3.803440016557387935e+03 -2.357156447528724584e+03 -1.657650192168861622e+03
-6.301051248421490527e+02 -2.725165761006303910e+03 -3.752522160686762163e+03
-1.153535169662086446e+03 -4.629963304543264712e+03 -5.414780187878781362e+03
-2.176643610587183957e+03 -2.326797218540171798e+03 -2.006404687215388549e+03
-2.352863724093803739e+03 -2.448714611325032820e+03 -1.736052552911532757e+03
-1.879754629898327266e+03 -2.352382578940076201e+03 -2.349505260200804969e+03
-9.997578844913716239e+03 -5.260739474669285300e+03 -7.920466570674298055e+02
-2.261464270664887408e+03 -2.429817565612940598e+03 -1.701177593105016513e+03
-2.307602426793037466e+03 -2.426656930542976625e+03 -3.712175609054183496e+03
-4.009181710913800089e+03 -2.250529770388442557e+03 -1.620909759487045221e+03
-2.216299271788479928e+03 -2.145044698753685225e+03 -1.568440874319030854e+03
-3.801517958826432732e+03 -2.377435019647275112e+03 -1.912979561081908969e+03
-3.415663273815849607e+03 -2.293858383754184615e+03 -1.849376136760211921e+03
-2.367724624896144178e+03 -2.061633616896961030e+03 -1.464441309561597336e+03
-3.865943564761923426e+03 -2.572019585005169120e+03 -1.757344238000059022e+03
-3.113508676846664457e+03 -2.445026013250044343e+03 -1.848844864312537538e+03
-3.258669001945795117e+03 6.919719671432965242e+02 5.534947291480500553e+02
-4.189478335028743459e+03 -3.701247995069651552e+03 -3.199420148056966354e+03
-3.594687400047666415e+03 -2.209584042539730945e+03 -1.895755576852215654e+03
-2.013980239621603232e+03 -2.301685750466302579e+03 -1.925698018603793571e+03
-3.903162278138496731e+03 -3.022137091853085167e+03 -2.564073566735326040e+03
-3.318350528997310903e+03 -2.130920933751206576e+03 -1.535356362073991704e+03
-4.129728476889735248e+03 -3.481160967000967048e+03 -2.948436327218028964e+03
-4.040602742795558243e+03 -3.620737336512421280e+03 -3.088507629574423845e+03
-3.254152342413806764e+03 -2.601142601217682568e+03 -1.858151166091058940e+03
-2.205614168095714376e+03 -2.178558816577476591e+03 -1.490833667963525158e+03
-4.159884475876489887e+03 -2.433287443343189352e+03 -1.612455223688777551e+03
-1.881465779962365787e+03 -2.369453520437306906e+03 -1.823478492966986323e+03
-7.355038157181526913e+03 -4.095049238264232372e+03 -1.664300769779364373e+02
-2.302963178186301775e+03 -1.948477589249140010e+03 -1.557834222174976730e+03
-3.677428079037062162e+03 -2.113962309771853143e+03 -1.728248186360794080e+03
-4.011048538623523200e+03 -2.800995674486822281e+03 -2.055523130580269935e+03
-4.171166099850419414e+03 -3.782011155446863995e+03 -3.254287130988494937e+03
-3.731376854099804405e+03 -2.269736622496108339e+03 -1.886530464956940250e+03
-2.422144822325869882e+03 -2.371883488038272844e+03 -1.844068239654686749e+03
-4.022665933765450063e+03 -2.954719101837376911e+03 -2.441827189839053062e+03
-4.147688546396939273e+03 -3.916385735088136244e+03 -3.527706369023725529e+03
-3.202757717621159372e+03 -2.506409170231528151e+03 -1.986869796010309983e+03
-3.455594430434084188e+03 -2.373573768810631918e+03 -1.913886156189995063e+03
-4.275357816433984226e+03 -2.388444456158456887e+03 -1.734365198384024779e+03
-3.855803000566404535e+03 -2.281477470862350856e+03 -1.911852813319880624e+03
-3.959390255315374816e+02 -3.139897684200939693e+03 -4.668885066128761537e+03
-2.881355457854505858e+03 -2.122191377331688273e+03 -1.364501898918544384e+03
-4.014257682359520459e+03 -2.945753619114816047e+03 -2.516868204137297653e+03
-3.202759330944306384e+03 -2.229456466737870414e+03 -1.385260452584035647e+03
-3.477995201640717823e+03 -2.316440440789147942e+03 -1.433766992750895270e+03
-4.063194936893136855e+03 -2.341444646927740905e+03 -1.630595433988025206e+03
-2.865958340383618179e+03 -2.394219797055772688e+03 -1.562268980130122372e+03
-4.168509033049928803e+03 -3.846102590055719702e+03 -3.418746948000088651e+03
-2.639049163925542871e+03 -2.353983824235250268e+03 -1.510227021509159613e+03
-2.524501244517147825e+03 -1.961500564585649499e+03 -1.759016653398124163e+03
-5.572791407463182622e+03 -4.757526529854876571e+03 -1.873863114274395230e+03
-4.779749237685003209e+03 -3.524617510029244841e+03 -3.191315987896795832e+03
-5.035008447856175735e+03 -3.453356307269586068e+03 -3.006360943312178279e+03
-4.926748935625792001e+03 -3.032707378612673438e+03 -2.294778479748361406e+03
-4.531150384185357325e+03 -3.550218861322644898e+03 -3.198725386542590968e+03
-4.818721661849288466e+03 -3.653497543026674066e+03 -3.215635288979686266e+03
-4.952488217654565233e+03 -3.730793627117756841e+03 -3.181443088609663391e+03
-3.897568437221205386e+03 -2.613301829846820056e+03 -1.803308409703481402e+03
6.446189077556223310e+02 -1.523758015337759161e+03 -2.734588897963791169e+03
-4.303948187044041333e+03 -2.893107846589973178e+03 -2.316996514653261784e+03
-4.970460937820418621e+03 -3.404238074074088672e+03 -2.762636200038148672e+03
-4.158158253189205425e+03 -2.967818368191098671e+03 -2.272781417610731296e+03
-3.004569498159105024e+03 -2.455495162054502998e+03 -1.881437408112574076e+03
-4.447238870621453316e+03 -3.037707872160900024e+03 -2.369840393933828636e+03
-1.081144572018668896e+03 -3.518083822185553799e+03 -3.876765197138603071e+03
-4.188204367389796062e+03 -3.207220179124584320e+03 -2.724969884858653131e+03
-1.056499431423814713e+03 -3.453445121664178714e+03 -3.999288445907406185e+03
-5.854453920041572019e+03 -3.354007822826419215e+03 -2.932697930745912799e+03
7.872480129227163843e+02 -1.405643667921831366e+03 -2.667113468942875443e+03
-4.712345628436019979e+03 -1.002422996372834677e+04 -5.487641531496377866e+03
-4.647455272312859051e+03 -3.312085626705463255e+03 -2.657045690169374211e+03
-4.315645606400703400e+03 -3.422484191583976099e+03 -2.764588230065753123e+03
-4.855676189366824474e+03 -3.178224017250045563e+03 -2.675304610383848285e+03
-4.275537296391458767e+03 -2.516672127866211667e+03 -1.886843700085158616e+03
-3.997095482052743137e+03 -1.971016730111256493e+03 -1.577746413946266102e+03
-5.922771949174226393e+03 -2.226568463416512259e+03 -2.106203724562854859e+03
-3.216056664223038752e+03 -3.624171079660269697e+03 -3.499220315307882174e+03
-4.888476837410442386e+03 -3.650315449997618543e+03 -3.160042607324726305e+03
-2.149084370890806895e+03 -3.443125886383765646e+03 -3.604102807508237220e+03
-3.466210701234755106e+03 -3.514464075396703265e+03 -3.316844535928271398e+03
-2.375550012535230962e+03 -3.334619725876842494e+03 -3.537589825956962159e+03
-2.939201407233467762e+02 -1.229601527211382290e+03 -1.967727921696817702e+03
-3.628957408902343104e+03 -2.576085109708838900e+03 -1.697795480626266908e+03
-4.616266638979300296e+03 -3.260797678704497230e+03 -1.333908205617658723e+03
-4.854790226206280749e+03 -3.489668029748769186e+03 -2.981517229706837043e+03
-4.226869954455379229e+03 -3.266587851362087349e+03 -3.001486897765162212e+03
-1.089659786109665674e+03 -3.327774882160068955e+03 -3.850261940569720082e+03
-3.150370280371266745e+03 -2.133528599512063010e+03 -1.561402598062126117e+03
-5.168492123891397796e+02 -3.077942205702191586e+03 -4.159902319709293806e+03
-4.979758066498139669e+03 -3.159534123558884403e+03 -3.030376063170245743e+03
-4.999105255056607348e+03 -3.131131203790328982e+03 -2.905403025917607920e+03
-3.721357607665028354e+03 -2.703242219283009490e+03 -2.031573595888526825e+03
-4.959238255343199853e+03 -3.534397398053369216e+03 -2.981570239714969830e+03
-4.276240957346393770e+03 -3.118254798784195373e+03 -2.929803214195428154e+03
-4.127235269866313502e+03 -3.121634272297621465e+03 -2.675327273530700495e+03
-4.008573483760844283e+03 -3.055275567135885012e+03 -2.721420419020486406e+03
-6.644890481280634731e+01 -2.663525717248967794e+03 -3.270276534493230429e+03
-5.021356316014758704e+03 -3.296962104109985830e+03 -3.081989878330791271e+03
-4.188884533867970276e+03 -3.360099429255897576e+03 -3.092405387012134270e+03
-4.673043700277221433e+03 -3.462627028791716384e+03 -3.349973427894740325e+03
-2.790795078907869083e+03 -2.052572569905249111e+03 -1.548085208363349921e+03
-9.275223499907847327e+02 -1.457886049640376086e+03 -2.084958924537893836e+03
-3.389364346900507826e+03 -2.408947365866790733e+03 -1.814685473178022448e+03
-3.027539093797704027e+03 -2.418841031075961837e+03 -1.970371950960790855e+03
-4.380252717241305618e+03 -1.985300548236825989e+03 -1.642213438857924530e+03
-5.463515239270358506e+03 -6.988716701290358287e+03 -3.431110417125900767e+03
-4.362166051426666854e+03 -2.805595374688978154e+03 -2.370618624100919078e+03
-4.919362955759766919e+03 -3.373201515533152815e+03 -3.095916776763076996e+03
-4.975824330466254651e+03 -3.510131626377287830e+03 -2.949787824504861419e+03
-4.212364238977653258e+03 -3.073526516703231209e+03 -2.517097930642378742e+03
-4.981663565868850128e+03 -3.214957154277453355e+03 -2.855255309954548011e+03
-4.985979809802028285e+03 -3.413148155856005360e+03 -2.820012348019832189e+03
-4.360994343716640287e+03 -2.743743619215258605e+03 -2.172041643033305263e+03
-4.895398944575247697e+03 -2.951667146893833888e+03 -2.442592887588158646e+03
-3.837127878386013435e+03 -2.378132618266295140e+03 -2.070767966898695249e+03
-3.139764508327098156e+03 -2.491212533006891590e+03 -1.887515224189912487e+03
-2.473413892431241038e+03 -3.333777915480311094e+03 -3.536768966966840708e+03
-4.817057954603596954e+03 -3.213856804283080237e+03 -2.603249391856261809e+03
-3.786722372999947765e+03 -2.750063305230441983e+03 -2.125327481616953719e+03
-4.421987441057793149e+03 -3.291018432555481013e+03 -2.972814184552164988e+03
-4.883911758536273737e+03 -3.359500857121024183e+03 -3.189794620945389397e+03
-4.390038419406491812e+03 -3.836582029578861238e+03 -3.635249969106029766e+03
-4.766922814277801081e+03 -3.459116402580600152e+03 -3.441135655632011094e+03
-4.872346204793988363e+03 -3.228228181172570658e+03 -2.783682993070604880e+03
-4.007404826257819877e+03 -2.837838843524206823e+03 -2.342303889502659786e+03
-4.966561108501524359e+03 -3.616786114414131589e+03 -3.017739541807735804e+03
-2.839087180896263817e+03 -2.408971038004559432e+03 -1.822305198718313704e+03
-5.970646310731716767e+03 -7.446530674840222673e+03 -3.638278788997904030e+03
-4.309186278562350708e+03 -2.953925355428340026e+03 -2.534673533795114054e+03
-4.590625577609106585e+03 -3.730726355014342516e+03 -3.354912037104113097e+03
-3.910974756709018038e+03 -3.454185811582830866e+03 -3.158284916876311399e+03
-2.177435005464888945e+03 -3.429296226459199715e+03 -3.582444117430638471e+03
-2.692956773396358130e+03 -2.304321016537223841e+03 -1.894345707716422567e+03
-4.142117461185963293e+03 -3.102861432297738247e+03 -2.666884463477719692e+03
-4.668470165583829839e+03 -3.633480972983238189e+03 -3.650924963679832672e+03
-4.433490061636910468e+03 -3.610677477406752587e+03 -3.449862285180015533e+03
-3.717659009017036624e+03 -2.768792683629826570e+03 -2.367120647140984147e+03
-3.879799998611120827e+03 -2.763930559782641922e+03 -2.053699892588832881e+03
-4.990953858338741156e+03 -3.487858965792688196e+03 -2.888365473980022216e+03
-4.917230090457755978e+03 -3.534648151276767749e+03 -2.904871679065517128e+03
-9.236103081249914339e+02 -1.262759138306638761e+03 -1.750169125930129667e+03
-5.007632998082771337e+03 -3.416303862006220697e+03 -2.800916217978240184e+03
-4.775238166064585130e+03 -3.784516115189836455e+03 -3.518154647435560037e+03
-4.525681869426768571e+03 -2.796352345211416377e+03 -2.490112323954729163e+03
-4.904011778718434471e+03 -3.296689526885154010e+03 -2.749511258672660006e+03
-5.036200917837528323e+03 -3.579609934313663871e+03 -3.001408060171717807e+03
-4.887632458572103133e+03 -3.216084651806615057e+03 -2.898405300010791507e+03
-1.009343875791006212e+03 -3.306916097606254880e+03 -4.105846905106789563e+03
-3.785682721119659163e+03 -2.289943975109934399e+03 -1.803474836662458301e+03
-4.263540917852056737e+03 -1.108941107311140740e+03 -1.678840918698166888e+03
-3.779744484267545431e+03 -4.634760070508883473e+03 -3.101690808258254947e+03
-3.065616033148635779e+03 -3.945155691757332534e+03 -3.554333829281184535e+03
-3.654249576199820694e+03 -4.194238506889012569e+03 -3.900206301139361585e+03
-3.619516542397140256e+03 -3.920384975274884710e+03 -4.056693370734305063e+03
-2.924971260952508601e+03 -4.049857183751728371e+03 -3.831656115730643251e+03
-3.299146416221957679e+03 -4.241897598573737923e+03 -3.906666933781924854e+03
-3.219372355928675006e+03 -3.861160386278858368e+03 -3.935883472032667669e+03
-4.460782432929965580e+03 -3.659330005099193386e+03 -3.299021298209372617e+03
-3.167224337887686488e+03 -2.858053942044368796e+02 -4.352096864298889614e+02
-3.827583783129229232e+03 -3.772601512510109842e+03 -3.754970301386644223e+03
-4.036045725616891559e+03 -3.969138321399248525e+03 -3.901539673920732639e+03
-3.528883659558173349e+03 -3.705647269247891927e+03 -3.765284993059626686e+03
-4.104877501690990357e+03 -2.843717538919862363e+03 -2.589256356911413604e+03
-4.365793981222084767e+03 -3.985421554570376429e+03 -3.810315290377047404e+03
-2.480763957045149255e+03 -3.750407955735055111e+03 -3.286989450691043658e+03
-3.900500478493387163e+03 -3.954175565719496262e+03 -3.658365389631787366e+03
-9.325544163414759851e+02 -8.389627427658479064e+02 -5.830537710624478223e+02
-4.218353343794995453e+03 -3.474874188751752627e+03 -3.010992535745985606e+03
-2.138984311377151698e+03 -1.379232574318973548e+02 -2.320419832805374085e+02
1.278001100069451695e+03 -6.192114837107542371e+03 -3.113949592865664272e+03
-3.507663659454089611e+03 -4.115010132927795894e+03 -3.865388555663595980e+03
-4.734766120714019053e+03 -3.658602780091728164e+03 -3.607280992944235095e+03
-3.956294779219420434e+03 -4.170000756245950470e+03 -3.896542041968284138e+03
-4.101933307071413765e+03 -3.659954894400576450e+03 -3.600076460837416107e+03
-4.244368209227443913e+03 -3.751888665159528500e+03 -3.302772421576103170e+03
-4.349522119951825516e+03 -3.536814792801490512e+03 -3.480841531917804787e+03
-1.520648113095302051e+03 -2.380657718822076276e+03 -1.810901901493946525e+03
-3.171486173926853553e+03 -4.029161467418132816e+03 -4.089626882980858682e+03
-2.226271229051014416e+03 -3.670099055028443672e+03 -3.339149998221277201e+03
-1.352800900975945751e+03 -2.296999523284016504e+03 -2.101167365740453533e+03
-3.374566082081983950e+03 -4.121884839932350587e+03 -3.966424121695663416e+03
-2.272162096964548255e+03 -2.726537580910144243e+01 -4.055798297447496736e+01
-4.250043154877574125e+03 -3.453761563064817437e+03 -2.875888143617773494e+03
-4.849811571348536745e+03 -1.563062334456301869e+03 -2.000909344666536526e+03
-4.555784218311650875e+03 -3.994938100853464221e+03 -3.747368624578833987e+03
-4.598841261240360836e+03 -3.744577587085005689e+03 -3.396040326249741156e+03
-8.617497802039774797e+02 -1.380604778705019726e+03 -1.229277070691347944e+03
-4.745358281477276250e+03 -2.637519223758034514e+03 -2.582348239332553931e+03
-1.289042120611703012e+03 -2.112925826701390633e+03 -1.768995662910417195e+03
-4.222894377480382900e+03 -3.933843692030971397e+03 -3.730556938002742299e+03
-3.342502134646777904e+03 -3.833618571845400311e+03 -4.059340438611374339e+03
-4.001957616547556427e+03 -3.458794060563992389e+03 -3.335874858095846776e+03
-2.936141345018521406e+03 -3.762561627045091882e+03 -3.890017244427309834e+03
-3.713807121675824419e+03 -3.781837830288188343e+03 -3.671667705717375156e+03
-2.212253333376464980e+03 -3.184003845125539101e+03 -3.476416520152370595e+03
-4.001436436403859261e+03 -3.569758906256045520e+03 -3.420659345878187196e+03
-7.404230394207153267e+02 -7.841471550615465276e+02 -8.015394645717813091e+02
-3.392849524716391443e+03 -4.095443224283360450e+03 -4.041232618759202524e+03
-4.293132816175803782e+03 -3.816966293144044357e+03 -3.420324080737632812e+03
-3.551601763576022677e+03 -4.144780699462996381e+03 -3.984642505641624666e+03
-4.164904107103870047e+03 -5.607741138548706203e+02 -1.080525115013244886e+03
-4.173893662595523892e+03 -7.774073519918772490e+02 -1.444272738278639963e+03
-4.538282674684182894e+03 -3.403344837743690732e+03 -3.101358880522066102e+03
-4.407766711360893169e+03 -3.144165570322655185e+03 -2.467431293988009656e+03
-3.896611622056751003e+03 -3.888197145234552409e+03 -3.688058638860969040e+03
-4.277652404283339820e+02 -6.208650045920397133e+03 -3.543016283592843592e+03
-4.419124225893382572e+03 -3.597794385878516096e+03 -3.184489689132686181e+03
-3.794727048248036226e+03 -2.938016400611274548e+03 -2.261973216305618735e+03
-2.810981438864686879e+03 -3.885554259361566437e+03 -3.721957191164212418e+03
-4.287235144830133322e+03 -3.828976622897612287e+03 -3.422969935333712328e+03
-3.841092782638557765e+03 -4.016570917372540862e+03 -3.993299274947253707e+03
-3.835737906540301992e+03 -3.871493161209837126e+03 -3.626898417566328590e+03
-4.197413898213568245e+03 -3.623263252031565571e+03 -3.566317508530948999e+03
-3.711455149018968314e+03 -4.125343682645038825e+03 -3.944966381107335565e+03
-4.522886529183097991e+03 -3.734159826451016215e+03 -3.418994421932726254e+03
-4.305210754414904841e+03 -3.285020854842440713e+03 -2.663592275272219467e+03
-2.263143192914437805e+03 -3.235331070243351405e+03 -2.694799101975917438e+03
-4.021690040837685501e+03 -4.098642355796213451e+03 -3.833349098901363504e+03
-4.418860471320132092e+03 -3.627234593434827275e+03 -3.581509031119424890e+03
-4.083557903404773242e+03 -4.120101650936056103e+03 -3.812856916001631362e+03
-3.881289682442287813e+03 -4.141497459740589875e+03 -3.770016947535514191e+03
-2.746756436481333822e+03 -3.609580586750946622e+03 -3.293463337188642981e+03
-3.014765821037363366e+03 -4.076638661537502230e+03 -4.053319777456455085e+03
-4.189796651764786475e+03 -3.811825611548075358e+03 -3.731757816942795216e+03
-3.278276851309477024e+03 -3.513458692582965341e+03 -3.684743299650906920e+03
-3.604638041644284840e+03 -4.060604474622666203e+03 -3.982415032368547600e+03
-4.054533085350748024e+03 -3.694277216609004427e+03 -3.254741700534304073e+03
-2.296711647347633516e+03 -5.267925432716519936e+03 -3.409983721985458487e+03
-2.546010379354066117e+03 -3.557195626646062010e+03 -3.593649809090525196e+03
-2.598892184482449466e+03 -3.877729426381859412e+03 -3.632171924533507990e+03
-2.911441107928473230e+03 -4.150125612564170297e+03 -4.063363114201235476e+03
-2.189235978914650332e+03 -3.593742648756228846e+03 -3.046841106288918581e+03
-5.037401651952512111e+03 -3.529470524892436970e+03 -3.288766756473086389e+03
-3.902018544216949522e+03 -3.837969432078467435e+03 -3.606104106625267832e+03
-2.823385960596994664e+03 -3.902743131119501413e+03 -4.045631778801562177e+03
-1.997640747321840081e+03 -3.052132362073201875e+03 -2.504426652189665219e+03
-4.161725406745967121e+03 -3.625173656586104244e+03 -3.392747123290882882e+03
-4.074814299410550575e+03 -3.841230721546950917e+03 -3.462509214838649768e+03
-3.182627778552261589e+03 -4.001645278562927615e+03 -3.959565112877530282e+03
-3.610747853173891144e+03 -3.980365888694245314e+03 -3.717728291559908484e+03
-3.740199588656155356e+03 -3.750919776323644328e+02 -8.165333268560592614e+02
-3.307483405485990261e+03 -3.753359192669181539e+03 -3.968454146873699756e+03
-2.785380714510224152e+03 -4.151021979046286106e+03 -4.016613664645612516e+03
-4.243689037016440125e+03 -3.926321382577687018e+03 -3.916438268700338995e+03
-3.692080293530053495e+03 -3.943532961731234991e+03 -4.009861661283652211e+03
-3.748565480282071803e+03 -4.086633488555481108e+03 -3.946012906040921735e+03
-3.847172295101760938e+03 -4.191236723928573156e+03 -3.884747704074649846e+03
-2.519939127986769563e+03 -3.568052881976800109e+03 -3.248171800480272395e+03
-4.466250905758437511e+03 -3.765705331075233516e+03 -3.312204495761901399e+03
-6.814497555386210479e+03 -2.908925564562606269e+03 -3.004604115228883529e+03
-2.295901139222156417e+03 -3.866116778204803268e+03 -3.041464327346793652e+03
-1.473558605916774468e+03 -3.235790659841766683e+03 -2.736231604157428592e+03
-1.412676614820856685e+03 -3.038840834783859009e+03 -3.116738430266020714e+03
-1.951956141722078428e+03 -3.747650654210920948e+03 -3.522108196419418164e+03
-1.348961612538721965e+03 -3.361167959754229742e+03 -2.974105378449510226e+03
-1.472427010680745298e+03 -3.114695205204188369e+03 -3.186582744124501460e+03
-1.715738953870337355e+03 -3.560420242832914482e+03 -3.275056633917728504e+03
-2.643290258802851440e+03 -3.786496782958263793e+03 -3.582600962033632186e+03
-6.749843797183866627e+03 -2.132643593936804791e+03 -1.903116771896410910e+03
-2.063503311973990094e+03 -3.378732139240745710e+03 -3.301420000299526691e+03
-1.900944626803973733e+03 -3.253426667639650987e+03 -3.441520285145951675e+03
-3.051898836202859002e+03 -4.521158976950528995e+03 -4.636871698371714956e+03
-4.112640140650012654e+03 -3.608745282467127709e+03 -3.269998166211467378e+03
-2.259141124278297866e+03 -3.247932925028040245e+03 -3.508173526972092077e+03
-3.414665158635121315e+03 -1.514818929821224629e+03 -6.518757468659721326e+02
-2.087400229993909306e+03 -3.786920659273680485e+03 -3.608852658788245208e+03
-2.946507738555185824e+03 -2.038781381116645662e+03 -1.092444157931237896e+03
-4.069332362106412802e+03 -3.524617599764022998e+03 -3.188875165056518199e+03
-6.408602488090155930e+03 -1.483534437017827713e+03 -1.262678073613697507e+03
1.717322410807029200e+02 -1.670919785900096031e+03 2.289017153998235244e+03
-1.870567732402464799e+03 -3.459511275596653377e+03 -3.385428076339607287e+03
-2.811806479223718270e+03 -3.847652174598430975e+03 -3.761878568374079350e+03
-1.812282893256373427e+03 -3.154327363828967009e+03 -3.434480969407436987e+03
-2.529473985365863882e+03 -3.508405411789573009e+03 -3.639430741640568158e+03
-2.310907278982904245e+03 -3.403456611865349259e+03 -3.584103993491257370e+03
-4.040024516828441847e+03 -3.815089655667447914e+03 -3.567518983137552823e+03
-5.637223644555897408e+03 -7.270925442804513068e+02 -3.380715254500216247e+02
-1.333373717334448884e+03 -2.877029867453271436e+03 -2.858082950035518934e+03
-1.239762206003195161e+03 -2.737151911970638139e+03 -2.022052922348452057e+03
-2.601019287590167551e+03 -2.208744732777184254e+03 -1.418604849916164312e+03
-1.432319683516736859e+03 -3.006705734473070606e+03 -2.800643299969546206e+03
-6.897163923249959225e+03 -2.665753392786326003e+03 -2.466840235672121253e+03
-3.796759621618237816e+03 -4.015530473038870696e+03 -3.712874971898770582e+03
-5.872632458005728040e+03 -3.340299820785221982e+03 -3.605640615830890965e+03
-1.835082956210908833e+03 -3.556345274526641788e+03 -3.459658235835958294e+03
-2.103293246532761259e+03 -3.340419924730930688e+03 -3.392297620094604554e+03
-4.050749411026530652e+03 -1.541214364142843579e+03 -7.365568835097419651e+02
-6.096988750048350084e+03 -3.337457125214631560e+03 -3.642033030384382982e+03
-4.033392527880921989e+03 -1.535655595528052572e+03 -4.341115958536349808e+02
-2.069715978920559792e+03 -3.717054516714985311e+03 -3.705107856628374520e+03
-1.821734810201094660e+03 -3.217927260661673245e+03 -3.269978163974626568e+03
-2.704608250742624932e+03 -3.836688565016756002e+03 -3.595336213510446669e+03
-1.329349377448705809e+03 -3.147017736088206675e+03 -2.958281844848797846e+03
-2.230012784038814061e+03 -3.556483913944588494e+03 -3.656812033335984779e+03
-2.978109490860488677e+03 -3.757101754370870822e+03 -3.877750672128338010e+03
-4.086141445884087716e+03 -3.706762650487228257e+03 -3.175627068197300105e+03
-3.297655457685605143e+03 -1.932101079184458740e+03 -1.008265264601986019e+03
-1.731363965351924435e+03 -2.758979281390655160e+03 -2.389871197668754121e+03
-2.853634815129684739e+03 -3.760829119888856894e+03 -3.866133766956159889e+03
-1.603824315228778232e+03 -3.438635676639197300e+03 -3.134689398883891045e+03
-6.281969888036483098e+03 -3.108467844086922923e+03 -3.268217491073215115e+03
-6.895562522643841476e+03 -2.429362475209134118e+03 -2.380832381996994627e+03
-3.929654291819984792e+03 -3.477207275767223109e+03 -3.531635604315625187e+03
-1.075063770454277119e+03 -3.108482939572912073e+03 -3.685291485328783438e+03
-3.859244424496491320e+03 -3.803885615435362524e+03 -3.577470087471263014e+03
-5.985940215786905583e+02 -3.394461357909852268e+03 -8.934986593020292958e+02
-2.349432960692476172e+03 -3.592866994369253007e+03 -3.448383340533974661e+03
-7.116470494658516373e+02 -3.895955732352950690e+03 -4.122021714596720813e+03
-1.570640335432240136e+03 -3.090480693142522796e+03 -2.728448233219832218e+03
-2.595622830326205076e+03 -3.277626072088953151e+03 -3.519529040511383755e+03
-1.418545834903207378e+03 -2.901908147328687392e+03 -2.797457910638943304e+03
-2.536678447436980150e+03 -3.740726505079839626e+03 -3.577804022697257551e+03
-2.225675565391085456e+03 -3.375595591107801738e+03 -3.471476656684033060e+03
-1.815767945562284012e+03 -3.124437476418755523e+03 -3.138410591499308794e+03
-2.236034597510479671e+03 -3.270424292775326649e+03 -3.549150407453419575e+03
7.072067089455157429e+01 -3.248019487833080802e+03 -4.013384099480101213e+03
-5.440258233421893237e+03 -7.713324887083529120e+02 -2.291084650248546950e+02
-1.520285096346523687e+03 -3.104201915948567148e+03 -3.194757919627061710e+03
-3.846547474912538746e+03 -3.976241779525990296e+03 -3.615185915231479612e+03
-1.781334628076236640e+03 -3.314813262941186167e+03 -3.463093749790175934e+03
-1.506585078838397749e+03 -3.301851896834843046e+03 -3.148747771251672020e+03
-4.882816251947536330e+03 -7.616834648654782995e+02 2.078339454103592061e+02
-1.385468495991656482e+03 -2.960666187028719833e+03 -2.792759747336135661e+03
-1.645200985119471397e+03 -3.441695111043552515e+03 -3.156159479438932067e+03
-2.183513405884767963e+03 -3.468110224000696235e+03 -3.361854191833244840e+03
-1.664345894590050193e+03 -3.327167861940972216e+03 -3.204737013880721861e+03
-2.105778454849987611e+03 -3.135898137581632454e+03 -3.479096237815338100e+03
-3.224242954096959579e+02 -3.613453532323598210e+03 -1.167082127669903002e+03
-1.867424416043524843e+03 -3.009215751738332074e+03 -2.992823075367494766e+03
-1.580722813733989597e+03 -3.531977105209456113e+03 -3.080744142380066478e+03
-1.269720207070847437e+03 -2.899521205760985140e+03 -2.658093971348574087e+03
-1.106206070089770492e+03 -2.518698882693978703e+03 -2.055996337597379352e+03
-3.693475661500139722e+03 -3.826584736340901145e+03 -3.900788144802749230e+03
-2.879145429870573480e+03 -3.413325972976341291e+03 -3.605054359508679681e+03
-1.945055064692835231e+03 -2.673086930635211957e+03 -1.901385963994039457e+03
-4.214299655607234854e+03 -1.304664050534955550e+03 -1.545493647967349489e+02
-1.931204132807812130e+03 -3.078312843985793734e+03 -3.423359501982150505e+03
-2.294994823064209413e+03 -3.667797909341502418e+03 -3.543466028710791761e+03
-1.387447834427743828e+03 -2.750587716369205737e+03 -2.772474728985580896e+03
-1.807955769039658662e+03 -3.008945897760483604e+03 -2.819996519796400662e+03
-5.279207146588123578e+03 -3.246546788270193247e+03 -3.592507132111940791e+03
-1.619569272995832307e+03 -3.419571247874378059e+03 -3.142752759627834621e+03
-2.763515235239524372e+03 -2.130861678572024175e+03 -1.202946159435228310e+03
-1.733003398798908620e+03 -3.364355053495437005e+03 -3.348190020144855225e+03
-1.802586005566131917e+03 -2.929667550830990422e+03 -2.870653206859872171e+03
-1.370754313684326462e+03 -3.204339628043169341e+03 -3.008439013540040833e+03
-1.901171501179954703e+03 -3.424738440686677222e+03 -3.192410579250888986e+03
-4.209839941474539955e+03 -1.045651918094903067e+03 -1.800393199059877816e+02
-2.339337357911052550e+03 -3.413537567691189906e+03 -3.485311744945359806e+03
