-6.756992635595765023e+04 -1.072730137752787414e+03 -1.250044580397493337e+04
1.066570709593883294e+03 4.693896588573347799e+03 -1.370203600547552196e+04
-2.339400476165538294e+03 1.154437602432815038e+04 -1.387712694300352086e+04
-8.674162052593401313e+03 -1.888328587278946088e+03 -1.531868043125135591e+04
8.539313192305468192e+01 9.931187307065853020e+03 -1.302510377597571824e+04
8.123414460908047658e+02 1.673949884546276371e+04 -1.187446097458731674e+04
-5.794325081263262109e+04 1.541672232561310557e+04 -1.490981380365223413e+04
3.470095710838879313e+03 5.595706183478117964e+03 -1.225779326212220622e+04
-2.426781758296508997e+03 7.979494137617596607e+03 -1.307431457471079921e+04
-6.685940557399527279e+03 1.262123038841644302e+04 -1.139545596918546653e+04
-4.892307675362277223e+04 -2.270011354739850162e+01 -1.387461119079523269e+04
-1.077544769455103415e+04 1.356404086017784903e+04 -1.417712960094502523e+04
-3.185364437779408036e+03 1.105676520925288241e+04 -1.344699024406225726e+04
-1.391635507579692103e+03 -1.727988524758804942e+03 -1.352992398986923399e+04
-7.796344788299056745e+02 9.100222416862763566e+03 -1.379288549019708262e+04
1.192229291787409693e+02 1.075366787345212106e+04 -1.352969706995848355e+04
-1.642756554311024956e+04 1.409893445555911239e+04 -1.218716118275590998e+04
-2.562686559447088257e+02 1.401367870449758993e+04 -1.261217041413311563e+04
3.059156809717019314e+02 8.410127531359319619e+03 -1.370864978378913656e+04
-7.952444825717500862e+03 6.284920157938058765e+03 -1.449838609189657836e+04
-2.435185084181296588e+03 9.291742603979259002e+03 -1.453015382565872460e+04
-1.214400080799221769e+03 1.398379238779462139e+04 -1.230335433302601814e+04
-3.589079954999294273e+02 1.385118075659540409e+04 -1.229438793982264724e+04
-1.472839670706831384e+03 9.868573889490769943e+03 -1.246407648466893079e+04
-2.095551007556072364e+04 1.898071321146877017e+04 -1.156424459270512853e+04
1.734626748754191567e+03 1.029913169980651946e+04 -1.365330813306386881e+04
-9.332577638474135711e+02 1.204751735207045022e+04 -1.273456781254615817e+04
-6.550858429630613682e+04 1.915622639568862724e+03 -1.057893841763508863e+04
-7.576759677533909780e+02 1.317680975092368135e+04 -1.266234019375703792e+04
-4.513020338666783209e+04 6.596292944430518901e+02 -1.271360685887188447e+04
-6.476291490608267486e+04 2.189220303104392769e+03 -1.094998106244334485e+04
3.735568248964551913e+03 1.193674966229153506e+04 -1.312401024519860221e+04
-4.037731567235352486e+03 1.388059327638554350e+04 -1.013964490409569407e+04
-2.166123233235091539e+04 2.543466127829093602e+04 -2.143173743057369575e+04
-9.643732463228282086e+02 6.683600408627385150e+03 -1.471617690062411748e+04
-2.082309997145011948e+03 8.943877223374973255e+03 -1.284037054146652008e+04
-1.862190451418305202e+03 6.140281321139976171e+03 -1.500812273477708004e+04
-3.229874491023833343e+03 1.058337430646930989e+04 -1.603350171900502937e+04
-2.148869271853649479e+04 -3.906161218067918526e+04 -1.506243655534477875e+04
-2.316610473373073546e+03 9.706438883849248668e+03 -1.411216289291579778e+04
-3.016878341945814100e+03 1.050180730732572010e+04 -1.279217698402918904e+04
1.714451073634290424e+03 1.559838939351285262e+04 -1.355537016923288138e+04
2.180654939354326416e+04 -1.476958110529656988e+05 -9.146839757912968025e+02
1.071145967384632422e+04 -1.487806991095971853e+03 -1.340836005923302764e+04
9.215993269013211830e+03 1.120307375498782858e+04 -1.086126219994441453e+04
-5.076289461017754547e+03 4.698077161884365523e+03 -1.088943075876718649e+04
-6.617306494792006561e+04 1.551620818852702314e+03 -1.029379787171957651e+04
1.335065782161841071e+03 1.205586573340303403e+04 -1.388548508798265357e+04
-2.279506455180799094e+02 1.123407117834407654e+04 -1.237238715580123426e+04
-2.969851560589952896e+03 9.400952190651143610e+03 -1.234877300847311017e+04
-8.120104580271316081e+03 3.697816059866249816e+03 -1.361826393604802979e+04
-1.946278579635708184e+03 4.733557852465250107e+03 -1.352070602543363202e+04
-4.641839026399816248e+02 1.323242167602478730e+04 -1.300773665082644220e+04
4.030110425452979598e+03 7.531974170560039965e+03 -1.267610078651549338e+04
-2.655841663014641199e+03 1.487243171335361149e+04 -1.287088619851672047e+04
2.222769609066136809e+01 1.474487292274568790e+04 -1.285995944530334600e+04
-1.154995158205013286e+05 -9.304664237764942300e+03 -1.431423109642166673e+04
-4.642656014508889712e+03 9.888163446881470009e+03 -1.365353512647880780e+04
7.791036588327149275e+02 1.373243767130496235e+04 -1.226328598135948960e+04
-2.176481971531672116e+03 1.133343439757220040e+04 -1.316692436559352973e+04
-1.852127851545840713e+03 1.393512012872541709e+04 -1.264763028054513961e+04
-7.221401285431361430e+02 -1.442001212950428908e+03 -1.225973942965477545e+04
-1.337366001884351135e+03 1.094789884541432184e+04 -1.334557382768260504e+04
-2.460339265089635319e+01 9.929643489775373382e+03 -1.235184140508633027e+04
-1.124931169543741362e+03 8.438955915884458591e+03 -1.351587715953635234e+04
-2.284039655365980252e+03 2.573406726804345453e+03 -7.514498045605910193e+03
-1.838771675654619457e+03 1.281412874697748157e+04 -1.257677532999892355e+04
-1.115605193710403228e+03 1.127037000789834019e+04 -1.334933416178517837e+04
-3.622001634383219653e+02 9.914980516686367991e+03 -1.214478150225555328e+04
-2.289567016692186735e+04 -3.296121646445242368e+04 -1.898892147756509439e+04
-2.701850949764732377e+03 9.337995692634809529e+03 -1.209620619201164482e+04
-3.846407888474323499e+03 6.740200084662705194e+03 -1.257407205031052399e+04
-6.591610092244581028e+04 1.534784938791624654e+03 -1.000937748645277679e+04
-1.259871968230921311e+03 1.028253040377664183e+04 -1.287225039741806722e+04
1.740264670264673668e+03 7.495247246216364147e+03 -1.418933109754090583e+04
2.043856603363162094e+03 9.657018466661584171e+03 -1.376549035643362731e+04
-1.576634157935156691e+04 1.412511280462964896e+04 -1.191222637501250028e+04
-5.014600543965407269e+04 4.014634142715264261e+03 -1.435367813989502429e+04
-1.575845411220941287e+03 1.085634157092236273e+04 -1.288392566333276773e+04
-4.082182963424852915e+03 9.259115288595863603e+03 -1.279913096991734710e+04
-2.950657603983703666e+03 8.037108522866128624e+03 -1.395831746236900835e+04
-1.247618413561035595e+02 1.373585948947738507e+04 -1.497655809627384406e+04
-1.492548323364021599e+03 6.708266242029681962e+03 -1.188655412859054195e+04
-3.195341028370298773e+02 1.217529947853318117e+04 -1.187349723766611532e+04
3.191386973025307270e+03 1.400708347613021579e+04 -1.323513585174306900e+04
6.291005208227683397e+03 4.467449082125763198e+03 -8.000995712782137161e+03
-2.073063167179955599e+03 1.195016318045507614e+04 -1.307204278727788005e+04
1.311748734160440790e+03 8.617616076317204715e+03 -1.377636037489849332e+04
-5.434426539936403969e+03 1.401243493363922971e+04 -1.478630088316491674e+04
-2.992829678299002808e+03 1.073173167201704200e+04 -1.324979052498853525e+04
-3.579607139307758644e+03 1.719068494049014771e+04 -9.175797927051995430e+03
-2.053322970964608248e+04 -5.358134063588865683e+04 -1.856511976719100858e+04
3.129118735760722529e+02 1.358804670968362188e+04 -1.159612727410286607e+04
-1.012672685065413589e+03 1.082309684246273355e+04 -1.278888778379626092e+04
-8.240659930303842202e+02 1.097370147219360661e+04 -1.321183311747273910e+04
-3.520469470743324791e+02 1.390819481115497183e+04 -1.080832190729524700e+04
1.389158538516768203e+03 9.869203096738743625e+03 -1.302300356563760397e+04
-3.994911612106486245e+03 9.482339064967931336e+03 -1.305820717992007121e+04
-7.701588635865364267e+02 1.383479688690484181e+04 -1.156207066271535405e+04
3.073733406912375585e+02 1.273182644161316239e+04 -1.290337128851978741e+04
1.047023059306817458e+03 1.209751989034785038e+04 -1.537244818133384615e+04
5.254778635812579523e+03 3.040094027278813655e+02 -1.585407026831888106e+04
-1.492010356155447880e+03 1.106777617840897256e+04 -1.340033772609638618e+04
2.238356426030612965e+03 1.124010191107082574e+04 -1.197049216271112346e+04
-7.253356472020917863e+03 3.022023206965839108e+03 -1.521453013063305480e+04
-2.547118318099165208e+03 1.202364339010991353e+04 -1.245169567341281800e+04
-5.219042414632397140e+02 1.260640176538431660e+04 -1.019177827993630308e+04
-7.199555499022863842e+03 9.369961210720191957e+03 -1.302985717235676202e+04
-8.422059500286654838e+02 1.092573497697481980e+04 -1.346787145123981281e+04
-3.310776576228323393e+04 -2.172675429785584129e+04 -2.877204835238961459e+04
-3.723541560405037671e+03 1.196175046619651221e+04 -1.287038080467855070e+04
-1.984592974301933054e+03 1.053638735002005342e+04 -1.274266731546934534e+04
-2.862582552560513250e+03 1.248349203794908499e+04 -1.230792406823854981e+04
-3.756640570710291740e+03 1.180408963762379608e+04 -1.339126229422342658e+04
-2.932689007523896180e+03 9.011222773844272524e+03 -1.393282834437100064e+04
-6.238987533692704346e+03 1.201329378456885570e+04 -1.656252949862951573e+04
-2.163375612795587131e+03 1.209825730212847520e+04 -1.467482399653725770e+04
1.140546592942146890e+04 -5.336709405787863216e+04 -2.626555690388360017e+04
1.332771413715280232e+03 1.346463994472097329e+04 -1.423889507819846040e+04
-1.998786782802858852e+03 1.256255517339790276e+04 -1.263122972643312096e+04
-2.313085863390958821e+02 1.094085624814563016e+04 -1.611195290085261877e+04
-2.605981592679506775e+03 1.256565052562688288e+04 -1.345566978558612027e+04
-1.429289927784838483e+03 1.004771153719910399e+04 -1.376340769656753764e+04
-2.756479439751275095e+03 9.631374182161440331e+03 -1.398104057771344742e+04
-2.041797558075445068e+03 6.479844781552365021e+03 -8.211768052748297123e+03
-3.306502534330497383e+03 1.133047875008309529e+04 -1.117672248423740530e+04
-6.986376310498306339e+03 1.012370326300306988e+04 -1.099725557635714722e+04
-1.642223805579216787e+03 9.122810234341341129e+03 -1.323670051477750349e+04
-2.549221305385920914e+03 8.107195425483127110e+03 -1.219234753836563505e+04
-3.034408110565784227e+03 1.233684265875315214e+04 -1.335018407469866906e+04
-5.543152150014500421e+02 1.201953199861988287e+04 -1.330337295230881500e+04
1.301514781431471874e+02 1.115264714054876458e+04 -1.293491083296394754e+04
3.736830560369657178e+03 9.249151304295663067e+03 -1.396349015954369497e+04
-1.150181009585009178e+03 1.482198146577405350e+04 -1.317772740201981287e+04
-1.156004138168986901e+04 1.497535432554009640e+04 -1.210880341567871801e+04
5.945528772500674677e+03 6.643150830729740846e+03 -2.768552820197675828e+04
-7.396813560992610292e+03 5.996063874337789457e+03 -1.408733303832513229e+04
6.327963276301108635e+03 1.378347171775836614e+04 -1.331508154939777341e+04
-1.032543854670915607e+03 8.010727548235355243e+03 -1.333585047101574128e+04
-1.459445923142791344e+03 1.126341696674957711e+04 -1.195881569470722570e+04
-6.479012246111146851e+02 1.142835014450899689e+04 -1.260676536700581710e+04
-2.147003169078701831e+04 -2.735021031412761295e+04 -1.702291000328275913e+04
-3.051377543680463077e+03 1.087713358281347973e+04 -1.395596855270635933e+04
-1.200277256981263463e+03 1.212877543719228379e+04 -1.484316311870501158e+04
-6.143189508443385421e+03 4.514467172049816327e+03 -1.337462348991699946e+04
2.440669880546342029e+03 1.606759394836076717e+04 -1.451058503363589989e+04
-9.212626730255256007e+02 1.024315077407626086e+04 -1.420263950361268689e+04
-6.751226129080212559e+03 -2.223231691197620421e+03 -1.763704392365603417e+04
-1.975880755951102765e+04 -3.985749096782537526e+04 -1.629332224317385226e+04
-6.570008554778240750e+02 1.238578875154731941e+04 -1.273946367268790164e+04
-1.080928525329141621e+03 1.132650945528172088e+04 -1.285962395228710920e+04
-6.546717707753959985e+02 6.286226526058231684e+03 -1.695340014402802990e+04
-9.911311846614902606e+03 1.555168437011902279e+04 -1.558016908096766201e+04
-7.156874723019686826e+03 -4.635618332380379798e+03 -2.078384306812033901e+04
-5.600609177950141202e+03 3.976112183026502862e+03 -1.317435752723512815e+04
2.999643463399630718e+02 -6.277663265836324717e+04 -2.411088457630495395e+04
3.166286250779172633e+02 1.058161640730575527e+04 -1.157166599260871772e+04
-1.436695361909315352e+03 8.328956021662954299e+03 -1.275932216588032861e+04
-1.027523907170579605e+03 1.177363314582795465e+04 -1.319867028885461150e+04
-5.470404119403889354e+02 6.959905981434730165e+03 -1.329140105848050734e+04
-1.655591178215515356e+03 1.321390652984897133e+04 -1.273024905273937657e+04
2.565959720708819077e+03 1.524725634390390951e+04 -1.198552130055225643e+04
-7.025512046077577679e+02 8.314500967405807387e+03 -1.131891072060329316e+04
1.105032537827465148e+03 1.160592341161226250e+04 -1.294758423651368867e+04
-4.974385775570717669e+03 1.085028946777209967e+04 -1.384926291736340863e+04
3.527715060718704535e+03 8.123452863764513495e+03 -1.200597488160026114e+04
-7.046201688631492743e+01 1.673936971636121598e+04 -1.274126135747666376e+04
-1.217198294306283060e+03 1.356413148409804307e+04 -1.226146795588374698e+04
1.527676836841749946e+03 1.464055492707174562e+04 -1.357084509812262149e+04
-3.734812619426385481e+03 1.157313789807818830e+04 -1.486002507104800861e+04
-2.573924134750824351e+02 1.581948442636842447e+04 -1.259006346693643172e+04
2.677602339635924181e+03 5.505743283466339562e+03 -1.312122491971874115e+04
-2.462687358612824028e+03 8.142702416159783752e+03 -1.618959122116474100e+04
-3.789840518034884553e+03 1.033768353692134588e+04 -1.329446678383023936e+04
-4.205919276440849330e+02 9.462150774180465305e+03 -1.553468910082770162e+04
-3.668834277656961831e+02 1.072508667110757597e+04 -1.315280411476314111e+04
-1.724412096528198390e+03 9.842664216803241288e+03 -1.354536717911830965e+04
-3.021236569775845783e+04 5.099008614938244364e+02 -1.676099246813946593e+04
1.382509039725676303e+03 9.652201511497965839e+03 -1.471831155567496899e+04
2.385014988215476933e+03 -3.162434207838796851e+02 -1.746605649049368367e+04
2.841477006262785835e+03 1.150462689647132356e+04 -1.309933544359331609e+04
-5.567811900979639859e+02 1.151247736935243302e+04 -1.344038405338401026e+04
-1.233293589338334186e+03 1.096868064929836146e+04 -1.227230298019984912e+04
-2.035407060820137076e+03 1.039814379510136496e+04 -1.617647843293118058e+04
1.068872408539738444e+03 1.116286637397114282e+04 -1.349852093319794585e+04
2.795773275264807125e+03 2.150366075617498427e+04 -1.146488895719924221e+04
1.932040922658042518e+03 5.986645707555208901e+03 -1.172036240454017207e+04
-8.555762162431993829e+02 1.067570599212382695e+04 -1.246120452956801455e+04
-2.514909795949894942e+03 1.181178808204328016e+04 -1.294208912659485213e+04
-4.779381621443386393e+03 1.351994511073132344e+04 -9.567896592836425043e+03
-1.153917445658377437e+04 1.181395384735010884e+04 -1.375509074843645249e+04
-2.028862652607035670e+03 6.681393843036687031e+03 -1.358243200035605696e+04
-2.320780516362527578e+03 9.300933393291212269e+03 -1.368989686129029360e+04
-1.783841499158987517e+03 8.299440536637950572e+03 -1.361086763280248488e+04
3.902236499790851667e+02 1.121381237107451489e+04 -1.234348964121928839e+04
2.607580381321157574e+02 1.178694915950887116e+04 -1.170341189663745899e+04
-2.439342414271067355e+03 1.255257692384605434e+04 -1.197657385895674088e+04
5.641631247196971344e+03 1.101226640088980730e+03 -1.450244787402192924e+04
-3.475397838393659185e+03 9.037685195234113053e+03 -1.216323396697335374e+04
-1.838278859369345355e+03 1.023587094721360518e+04 -1.238799555788476755e+04
-6.128536266486016757e+02 1.002650937919648095e+04 -1.347945500932979121e+04
-3.178306776768167310e+03 1.191294571875131260e+04 -1.344301577565775915e+04
-1.980749299117394003e+03 1.091145812640362601e+04 -1.445960574043647284e+04
-2.178069170547127669e+03 9.956368143583564233e+03 -1.387001252126022518e+04
8.535329944520665322e+02 1.225108063092836164e+04 -1.284645880071136344e+04
-1.212735276033094806e+03 9.011843654686523223e+03 -1.211591035146225477e+04
-8.381134741091445903e+02 1.201943662786669302e+04 -9.381097147690141355e+03
-1.581195053986560026e+02 1.090655972024858966e+04 -1.294520486995091051e+04
-3.368355880669437283e+03 9.392375385910700061e+03 -1.384866456011409355e+04
-3.036308164545099316e+03 9.378098901778925210e+03 -1.299528052193496296e+04
-1.923801681281089941e+03 1.145580989553437394e+04 -1.323683363710494996e+04
-1.968023105948787588e+03 1.100384080964206805e+04 -1.316221433276693278e+04
-1.602124826370758228e+03 1.026614791045751554e+04 -1.346106335864702305e+04
-2.510173674133123313e+03 9.756774530044678613e+03 -1.259873406466621964e+04
-1.582122322855490893e+03 9.896099216134525705e+03 -1.255869708037165947e+04
-1.959286235148747210e+03 7.783429720632342651e+03 -1.371376492849696297e+04
-4.303034453473783287e+03 9.105175883178017102e+03 -1.291738648140714940e+04
-1.545060886535417922e+03 9.891827538615543745e+03 -1.314097621913760486e+04
-7.296330563039828121e+02 1.039707352360522054e+04 -1.256114288798537200e+04
-4.948352728809270047e+03 1.228257024088669459e+04 -1.284781062219639534e+04
-7.194516837890202623e+03 7.818430755864156708e+03 -1.555744437332542111e+04
1.109677481736241589e+02 9.801870168856041346e+03 -1.282160193244187030e+04
-1.787693987590647112e+03 1.055711323298339812e+04 -1.216163187822343025e+04
1.856233388368254964e+02 1.179831100404063727e+04 -1.378653862274020321e+04
-2.638703359806811022e+03 1.400007732659230351e+04 -1.535876225807786614e+04
-8.965803612706587273e+02 1.138590854223355018e+04 -1.348860999947804521e+04
-5.817613586103051375e+02 8.922493135990773226e+03 -1.327597298244052399e+04
1.430577990018741502e+03 9.937636900261364644e+03 -1.364010438941185748e+04
-9.606408497352658014e+04 7.143516415199536823e+03 -1.141936506909795935e+04
-2.212018780514134960e+03 1.059625784501982343e+04 -1.361886084422277236e+04
-4.218155304961315778e+03 9.511912081058286276e+03 -1.583330774524221124e+04
-5.924720289946350931e+03 8.033777165888564923e+03 -1.466224904442513980e+04
-1.908040228836102187e+03 1.024496763256840859e+04 -1.274845357599686395e+04
8.122988064122056358e+02 1.392514161265304210e+04 -1.503104385275900313e+04
-4.168237154695863865e+03 1.424946333913933267e+04 -9.737925733595860947e+03
-2.172565023605071474e+03 8.216818562998800189e+03 -1.295016863576409560e+04
-9.173205448746410866e+02 1.085605017550779485e+04 -1.487212436026835348e+04
-5.195715395045272999e+03 8.700830840023401834e+03 -1.369991672995654153e+04
-1.917194156068813527e+03 1.152003941932674934e+04 -1.382167091985288607e+04
-1.493189323300363640e+03 1.090551742055795148e+04 -1.433710112188534367e+04
-4.278095204993462175e+03 1.001738357070166785e+04 -1.331613578284193864e+04
-2.406002227724149634e+03 1.158080072340395782e+04 -1.317031449002000227e+04
-1.511655901462361044e+03 1.267878773641007683e+04 -1.306703160764831046e+04
-1.730326714170428750e+04 1.692078972006379627e+04 -8.390394220181422497e+03
-2.805242335481455484e+03 1.045177269920974868e+04 -1.354650723394437409e+04
-9.544734528131732532e+02 9.124385747300219009e+03 -1.283256972889125063e+04
-4.694207381750295099e+03 1.073811528684916084e+04 -1.278613768650386919e+04
-2.484106880400869613e+03 8.773760142120736418e+03 -1.362674160469862727e+04
-2.809574357136488743e+03 7.003828732871907050e+03 -1.434852836256077353e+04
-9.125894674549629144e+02 1.097486568704994534e+04 -1.385274982633862419e+04
-1.493200650889806184e+03 9.923995384320207449e+03 -1.098582372947708609e+04
1.167086640645527496e+03 1.058807854980856791e+04 -1.378420894722225057e+04
-2.855368469587112941e+03 1.206917787187870272e+04 -1.369526965426721108e+04
1.444765385511046588e+03 1.002025604631168244e+04 -1.380292537930679828e+04
-1.417666574335597261e+03 1.173345472911893739e+04 -1.358584572709459280e+04
6.087879851767786931e+03 2.678522843682007806e+04 -6.167066895489563649e+03
3.799755716032933378e+03 1.038310457844488337e+04 -1.690783002932896852e+04
-9.803489385195426848e+02 1.060278058010033055e+04 -1.288781919629937511e+04
-1.379278505241032917e+03 9.954434608003472022e+03 -1.421061347480429686e+04
-1.505993638530162116e+03 1.317334096066933307e+04 -1.387790515918326491e+04
-2.948818065881255279e+03 9.067407314725231117e+03 -1.241788963288910418e+04
-7.370300012365716611e+03 9.779562704475123610e+03 -1.455062747774320269e+04
-1.457339052455581168e+03 1.198652737186648483e+04 -1.380689773987995250e+04
-2.244071427927332843e+04 -2.263189126276228490e+04 -1.774521951878354230e+04
-2.246597719826316734e+03 1.119589026398983697e+04 -1.251144576674090058e+04
2.454876705767782823e+03 1.371636705916464598e+04 -1.231660781232812587e+04
7.622691123433116900e+02 1.185364568783534378e+04 -1.375580057409249457e+04
-8.441180870917683023e+02 1.028768816198213972e+04 -1.345424915770458028e+04
2.209933730836413361e+03 1.313847749681501227e+04 -1.158838410491338254e+04
-7.535936468955102328e+02 1.072008935088750513e+04 -1.278832576871617675e+04
-6.018104823042997850e+03 9.496131429683746319e+03 -1.382583126947215897e+04
-7.303579337615513396e+03 1.263585731517073145e+04 -1.021725566262298889e+04
-3.997822391146238260e+03 8.468086903196992353e+03 -1.353858650350911375e+04
-3.857526255361599397e+03 1.114145841094491516e+04 -1.287584841956729724e+04
-3.124658937946297101e+03 1.033267246530539524e+04 -1.261791939937483039e+04
-5.301958521130388363e+03 9.348295088032065905e+03 -1.326576256905439004e+04
-2.295527084174490938e+03 1.277026041313364112e+04 -1.270788513545821297e+04
-1.719505117127747781e+03 9.290221464506261327e+03 -1.264869859165697562e+04
-3.578393668095518478e+03 9.919194716541329399e+03 -1.285486875505147145e+04
2.651794650863854486e+02 1.192834780901848535e+04 -1.283826849877689892e+04
-4.111919246299908082e+03 1.076588397288799570e+04 -1.121592558787237067e+04
-3.244646515038655707e+03 9.053139320376056276e+03 -1.176744506535326764e+04
-5.941133382259300561e+03 2.273198601494435422e+02 -1.324137974691948511e+04
-2.820492011955828730e+03 1.407247907601436418e+04 -1.270723207334362269e+04
-1.170755335155014336e+03 1.262823924164011441e+04 -1.288566481870008465e+04
-8.136911964925346297e+01 1.006876384262232568e+04 -1.379038982635418870e+04
-2.447295479809683002e+03 7.050874985984430168e+03 -1.338463792525007921e+04
8.163340539972418810e+02 -1.331547667644829562e+04 -3.503303351368147560e+03
-2.188676960326421295e+01 1.143598833251002543e+04 -1.394057676721665484e+04
2.872567787920655064e+03 1.038570727588737282e+04 -1.261066022513027929e+04
-3.073239876992833160e+03 9.302233205700187682e+03 -1.405130702372214728e+04
-1.098243284867727425e+03 1.053133040595294369e+04 -1.312254131375760517e+04
-1.065927990729371004e+03 1.081717654782283353e+04 -1.363792283815557312e+04
-1.571195907151128267e+03 1.029729467381277755e+04 -1.378186107625769546e+04
-5.087512493930805249e+03 9.601655210445052944e+03 -1.477315271906527778e+04
-9.067675557973645937e+02 1.231471570263200556e+04 -1.257150486498870487e+04
-1.560589060741137018e+03 1.166054188854554195e+04 -1.300013375452360924e+04
-1.038910917816493566e+03 7.879577784652339687e+03 -1.224378548300628972e+04
-1.602224152333459415e+03 1.024413010388950170e+04 -1.233787686285810014e+04
-2.971343822157604336e+03 9.906238804997525222e+03 -1.347278022058659735e+04
-2.768137856593063475e+02 1.027560201961283929e+04 -1.212760959278956943e+04
-1.524099267088172610e+03 1.240767231163384895e+04 -1.304467325460922257e+04
-1.016628113845254916e+03 9.381482916479932101e+03 -1.370397112483564706e+04
-1.365172091329425029e+03 7.382630078219651296e+03 -8.783593844988412457e+03
-2.919925760521008215e+03 9.791385218905936199e+03 -1.365584388853691962e+04
4.164546238097711921e+02 1.371102319603342221e+04 -1.175196739419879850e+04
1.158624067657889100e+03 9.226611561066307331e+03 -1.419404266289143561e+04
7.466698310680726536e+01 1.097768723891281297e+04 -1.419528831628716216e+04
-1.778924880230471445e+03 1.107715751048277889e+04 -1.378925047665129932e+04
-3.310227691845772370e+03 8.428987256538619476e+03 -1.303345690279537484e+04
-3.681083004637278918e+03 9.334532662457173501e+03 -1.459352851071551413e+04
-2.607595917770303458e+03 1.023160719884014179e+04 -1.375990138090185974e+04
-1.556429462721108848e+03 8.464047218380839695e+03 -1.402140061738614349e+04
7.048407511378813979e+02 1.526852289162085799e+04 -1.531154465285894184e+04
-1.428993314501603322e+02 1.097622316815934573e+04 -1.302444909053044648e+04
-5.320035945182492014e+02 6.079390909455646579e+02 -1.185787402252215907e+04
-4.366693220445323277e+03 4.746563950766440030e+03 -1.630265631409541857e+04
-2.907706784322645490e+03 1.166915968842558868e+04 -1.348593539064565812e+04
-2.218681594658052290e+03 9.140693606662773163e+03 -1.349895146738371113e+04
-4.582869512999762946e+02 1.208524366474623639e+04 -1.356321409829755976e+04
-5.053414858598094725e+03 1.069315449183235796e+04 -1.112254399199093496e+04
-9.754390826676858524e+02 1.252563656060628637e+04 -1.318759670822387670e+04
-2.606550429145795988e+03 8.130452011979938106e+03 -1.343640220283565941e+04
-8.483594935333501780e+03 1.164638497594039109e+04 -1.176304907275909864e+04
-1.591699981445690128e+03 9.769314032649659566e+03 -1.377109658293471330e+04
-1.247558253513112049e+03 1.347732825709189274e+04 -1.337813497226041000e+04
-3.406556834675252503e+02 1.164236818870518255e+04 -1.465463732506249835e+04
-1.890216745289426171e+03 1.137035986607719497e+04 -1.279868151486844545e+04
-1.081064043357838727e+03 7.634939378478513390e+03 -1.344317572136160925e+04
-1.760196021976114935e+03 9.876636755824636566e+03 -1.368897852629425870e+04
-3.854443946645208143e+03 7.882969327595568757e+03 -1.677201221510456890e+04
-2.229389769316074307e+03 1.239937817024855394e+04 -1.196772320603175467e+04
-7.378180179871624205e+02 8.437070442727725094e+03 -1.074867969255105527e+04
-5.008733475626066138e+03 9.233283467017834482e+03 -1.360765109400445363e+04
-8.225084131268740748e+02 1.367099787797136560e+04 -1.095405372115657883e+04
2.531498246623268642e+02 1.624674151608494140e+04 -1.174467605919476227e+04
-3.530148769683486307e+02 1.000432184209760635e+04 -1.338878384930257198e+04
-1.547582022071560004e+03 1.202566203773441885e+04 -1.002344243436571560e+04
1.548586475921267720e+02 1.137362338529553745e+04 -1.307883033656073349e+04
-4.628923765136722068e+03 8.420314667104867112e+03 -1.639896260159527083e+04
-5.289053100053642993e+02 6.695117748616173230e+03 -1.483717269353304255e+04
-7.475065911184409515e+02 1.247673826543706491e+04 -1.264670586592276959e+04
-6.426772489518727980e+02 9.096927552539766111e+03 -1.430589530015800301e+04
6.508525589836542622e+02 1.158914661548505137e+04 -1.279947304726030416e+04
-4.084978513366850621e+03 1.175529860899060441e+04 -1.215395997540502503e+04
-4.651714976731417664e+03 1.220517992163674535e+04 -1.195468850836108140e+04
-3.987341611595139511e+03 9.048052082895579588e+03 -1.162490768820981430e+04
-7.614708957082322058e+02 1.239748769357395577e+04 -1.317499058080775649e+04
-1.216507196712796940e+03 1.066030571108397271e+04 -1.264274598646867707e+04
-2.007319376008574181e+03 9.030991351546445003e+03 -1.345199715852292866e+04
-1.389697517304572557e+03 1.106096791916953589e+04 -1.356950652126610294e+04
-2.994142021002542606e+03 1.199517243738121579e+04 -1.732053055174372275e+04
-3.936709029431122872e+03 5.286880452412004161e+03 -1.907431824524161129e+04
-1.143953049237453379e+05 -4.833672650409791822e+04 -2.042602202965192191e+04
-1.741098249836284594e+03 1.036966240754717364e+04 -1.398584530239173000e+04
-2.403478999565087634e+03 1.230324142871075310e+04 -1.253449202530791990e+04
-1.039892587458233265e+03 1.273815489004438859e+04 -1.016139812472692392e+04
-1.078730672165956094e+03 1.053005375948018263e+04 -1.305612982605040270e+04
-3.679566106596622831e+03 1.199192491390022587e+04 -1.358274544957724538e+04
-2.846212627970358426e+03 1.256935977699200339e+04 -1.247474908101063556e+04
-7.711802748102427358e+02 1.089425237155668219e+04 -1.366276422247853225e+04
-4.023256035414382950e+03 1.755406252670327376e+04 -1.552204624604996388e+04
-9.925447362220591003e+02 1.023010860365786539e+04 -1.326889443645673600e+04
-5.136596010537156872e+03 7.512077572428557687e+03 -1.136424379547937133e+04
-1.279806110874386377e+03 1.171725330908523756e+04 -1.277763873309655355e+04
-4.900728113968116304e+03 1.432564404791035304e+04 -1.191826273847463381e+04
7.757733956268994007e+02 1.202046222114759621e+04 -1.336064217428522716e+04
-7.739008810999645220e+02 1.504037521076107259e+04 -1.579411216686356784e+04
-1.288042830073686673e+03 1.070576733298499676e+04 -1.309853057692059156e+04
3.157393578925891120e+02 1.268463399588208449e+04 -1.187813140109021333e+04
-5.500095669283984535e+03 3.160049908078447515e+03 -1.457509318509573495e+04
5.147313866137999412e+02 1.077208071986522555e+04 -1.232325204414698055e+04
2.555667051862579910e+02 1.251788323727269199e+04 -1.091647196010505832e+04
-1.245257938971043131e+03 9.264532802320307383e+03 -1.329155568059169127e+04
-3.747770873147076145e+03 1.912579397173990219e+04 -1.046357459421426029e+04
-2.426117989644732802e+02 1.229205096673494154e+04 -1.390055532710400803e+04
-1.865519257907789552e+03 1.068263609009741594e+04 -1.344653505171532379e+04
-3.383939501588170060e+03 1.017805483701197045e+04 -1.232075870666535229e+04
-8.974494521510979439e+02 1.113214682055111371e+04 -1.230690915586154006e+04
-3.702577995715349971e+03 9.485699760797375347e+03 -1.247743102015269687e+04
-2.324903489803358525e+02 1.156991123148713086e+04 -1.325367699042928689e+04
-5.149639249833645636e+02 1.134260975066575156e+04 -1.357972361992609513e+04
-5.352728074899899866e+02 9.821254500803133851e+03 -1.272577654407000045e+04
-5.110037938812884931e+03 1.061577274900300836e+04 -1.197942654180925638e+04
-2.869763125006961218e+03 1.225318848397105103e+04 -1.288539210045938125e+04
-1.163768156980713684e+03 1.057984620160701706e+04 -1.307636639298273622e+04
3.031605114211950422e+03 8.597539343870765151e+03 -1.098805243312274251e+04
-4.229081093240463815e+03 1.237956545309931244e+04 -1.371439144711768131e+04
-1.666803200426464628e+03 1.215904071087072589e+04 -1.305347537704433125e+04
2.893345247524246702e+02 1.280704541545691791e+04 -1.261456437431404629e+04
-1.255040475198633771e+02 1.197258705520247349e+04 -1.565520662559226548e+04
-4.708649420090353033e+02 1.145529968937647936e+04 -1.288182031091281715e+04
-1.005565624129151161e+03 1.085092160536361553e+04 -1.323858304862630212e+04
-1.036383398472565887e+02 1.202108096957659473e+04 -1.262362747508572829e+04
-5.613735543918544408e+02 1.241783134419067210e+04 -1.295197288865516020e+04
-1.321220946299061507e+04 1.711634235297585064e+03 -1.157499479601564235e+04
-3.700757630449679709e+02 1.296320636995157292e+04 -1.249211019864635455e+04
9.377157056913771385e+02 7.795729657306527770e+03 -1.359595020097277484e+04
-2.062022982516732100e+03 9.156067562407586593e+03 -1.276464959221009303e+04
-3.911845721578612483e+03 2.105053764268773011e+04 -1.218496035127536015e+04
-3.607635247927629280e+03 1.252602452796833859e+04 -1.376113643703671914e+04
-3.316356332981682499e+03 1.045778114861243557e+04 -1.264593147664128992e+04
-1.432421085340251921e+02 1.198714060150914338e+04 -1.348472142734367299e+04
6.825618183253324787e+03 6.329358926428706582e+03 -1.362277486907713683e+04
1.435045351356268384e+02 1.078678298522546902e+04 -1.260634203638014333e+04
-7.612192019250248904e+02 9.764952702311800749e+03 -1.314094258136377721e+04
-3.661089116897281201e+04 8.223574243210756322e+03 -1.045433314926109233e+04
-5.548057287315778012e+03 9.571554260325845462e+03 -1.162447684479145937e+04
1.212167209403639617e+03 1.122187039552514216e+04 -1.164131995543287303e+04
-2.280080913719151795e+03 1.124320821865047401e+04 -1.327430404227301733e+04
-3.826821358297229835e+03 1.189133149579034580e+04 -1.367872297856864316e+04
-2.391278518549498131e+03 9.677615688039320958e+03 -1.364745078289092999e+04
-5.037905289013009678e+03 8.231334713474077944e+03 -1.204458048710928779e+04
-2.063897028805095033e+03 8.680391748145892052e+03 -1.295039576022979600e+04
-2.154400995392131335e+03 8.826065862396513694e+03 -1.477385681060637762e+04
-6.398370552992327430e+04 -5.394335181986417592e+04 -3.271604436994051503e+04
5.586848429311481596e+03 5.932895598098759365e+03 -1.358257672974468187e+04
-1.646851075772331342e+03 1.008362461740400249e+04 -1.353852026643861791e+04
-6.681897432785536921e+02 8.916626825237510275e+03 -1.472459676095480972e+04
2.251179832737383549e+03 1.098789771515356733e+04 -1.433736046765445280e+04
7.224568595436619944e+03 3.435424225965838559e+03 -1.369436154074146361e+04
-3.343166161452172673e+03 7.005900871945840663e+03 -1.341676205575053609e+04
-1.323066379646910264e+03 1.116556850221015338e+04 -1.294361789955857421e+04
-1.081164178436632756e+04 1.938376892268795564e+04 -1.222060727485682401e+04
-1.553216149419988596e+03 9.528041210297453290e+03 -1.321793119968063183e+04
-8.751637543943129458e+02 1.201455011782559268e+04 -1.411038514591153762e+04
-1.240026028041093923e+03 1.273739175436024198e+04 -1.475239397894723152e+04
1.358494320943227649e+04 1.766156477814780737e+04 -1.120227265596568577e+04
-3.437990221208532603e+03 9.485704808487516857e+03 -1.424157032875051482e+04
1.864312431649567827e+02 1.104807701161283148e+04 -1.240380375797595843e+04
3.010764658025456356e+03 1.345123453710445574e+04 -1.256415207626220581e+04
-8.305384504462037512e+03 1.443681829318869495e+04 -1.083870566409618186e+04
6.386595524593601567e+02 1.051787739944666646e+04 -1.279831198054391643e+04
3.281059853461621969e+03 2.982839063247275590e+03 -8.212396673642102542e+03
-1.635606965487419529e+03 9.345864112373323223e+03 -1.303080919380615887e+04
-5.609568437623132195e+04 -3.249898825393329025e+04 -2.486232004837438581e+04
1.835590332391426216e+02 1.098893441300016275e+04 -1.411150814433461528e+04
-7.071656438323537941e+02 5.533793915309543081e+03 -1.272040065420312749e+04
-2.287510507083140055e+03 9.721766453558579087e+03 -1.363108406050167832e+04
-1.034851242578994425e+04 1.954011278273665994e+03 -1.534059723266864603e+04
-3.021685368652023499e+03 8.758739366723377316e+03 -1.316546405311540002e+04
-1.911373059618168782e+03 8.502463192483875901e+03 -1.314550983356636789e+04
-1.328577806714064309e+03 1.261850091787499514e+04 -1.408285925850572858e+04
-2.489437283665142240e+04 5.489683705864837975e+04 -4.516701068429347288e+03
4.241190700160531378e+03 2.891555801375397550e+03 -1.487038103755435623e+04
-2.716841682861615368e+02 1.029965842435665218e+04 -1.331873117095969428e+04
-5.317255599036093372e+02 1.203147196985039045e+04 -1.275949039122418617e+04
2.092334174479539342e+03 8.053713212269898577e+03 -1.300267547986044701e+04
-1.585502517557362353e+03 1.153544203972030846e+04 -1.343793411276214101e+04
-3.433411709713567234e+03 8.496620845685994937e+03 -1.195124487217997194e+04
-2.091903627261059228e+03 9.863045199339510873e+03 -1.295151415072672535e+04
2.123016796322408482e+03 9.798862448074334679e+03 -1.473179573964479459e+04
1.048747556405533942e+03 8.268061399760870700e+03 -1.380645960388172170e+04
-3.830756538484204157e+03 1.165246181353664360e+04 -1.457087973865024105e+04
-2.330608630961679864e+03 1.189985203723435188e+04 -1.385176919460174940e+04
-2.547930856292557110e+03 6.398598466572921097e+03 -1.566927946042496478e+04
7.814011936012158912e+03 1.126416327875519164e+04 -1.318388409891137962e+04
-4.562536064974045757e+01 1.199109479409912819e+04 -1.395150909328661328e+04
-1.194006834320129201e+03 1.188400477203032824e+04 -1.363925575640708848e+04
-2.262742268325960140e+03 1.004027070533812184e+04 -1.386248663312910867e+04
-1.918962806875388424e+03 9.227285951839392510e+03 -1.267503550744719905e+04
8.575627794065605940e+02 1.084331574679648293e+04 -1.322607746440196752e+04
-6.279833402916776322e+03 1.018574859528205525e+04 -1.194915671055508574e+04
-4.241091568648236716e+03 1.116335980392650345e+04 -1.326685301617860750e+04
4.668319004457719529e+03 7.255347858128197004e+03 -1.541145782508260709e+04
-3.499513425116364488e+03 1.493897178701152734e+04 -1.040255395536076685e+04
-1.554956252397705839e+03 3.677206575549259469e+03 -1.247625575021843542e+04
-1.599474040430649666e+03 8.728779966814527143e+03 -1.497346825354865723e+04
-1.287159991695237295e+03 2.253992400709869617e+04 -1.478843468410496280e+04
-2.818776640228373253e+03 1.251061888714573070e+04 -1.353180853128273884e+04
-2.781108281405135585e+03 7.698870790751520872e+03 -1.518971779767736189e+04
5.048539158941837854e+02 1.193070290275732259e+04 -1.310393270737807507e+04
5.639139585048413210e+03 1.099755055133172573e+04 -1.337900047794380589e+04
-9.363313544842761985e+03 8.783199022395410793e+03 -1.060662512021933435e+04
-9.012384270833630580e+03 8.906330772925384736e+02 -1.519029428318986174e+04
-1.827411308894358808e+04 1.816051906897157551e+03 -1.545505666536998615e+04
-3.328855610992372931e+02 9.507170922639088531e+03 -1.341395761398865034e+04
-8.260133170427128789e+03 1.400178427783520601e+04 -1.444341687409648512e+04
-1.997086331523400440e+04 3.574939619044135725e+03 -1.340854764066733333e+04
-1.102355007455920486e+03 9.588738810989130798e+03 -1.390831305847503791e+04
-2.141888645437042669e+03 1.108595064128066952e+04 -1.347475136335971729e+04
-1.072785809347804616e+03 1.129132815620329166e+04 -1.294112548820406664e+04
-1.936726111251743532e+03 9.233228479255143611e+03 -1.324965870656782681e+04
-1.681326923805776232e+03 5.890769912837149604e+02 -1.314868649493445264e+04
-2.103031527303912299e+03 9.299396130825120053e+03 -1.266353060331417510e+04
-2.077027592310532327e+03 9.861342382259272199e+03 -1.317245767694587630e+04
8.820705060369044077e+03 2.239178739524511548e+04 -9.518537719939515227e+03
-1.902961619256997074e+04 7.362045602511891047e+03 -1.100663458635348252e+04
4.729987854318859490e+02 1.347683536545047900e+04 -1.313850040119968799e+04
-7.562717882405324417e+03 1.102432765464748445e+04 -1.517496139448967006e+04
4.448453242917951684e+03 1.021511503381786679e+04 -1.282187267922424326e+04
-6.007840400153422706e+02 8.272155192132557204e+03 -1.383202793735392333e+04
-1.517192889407165922e+03 9.384280813590898106e+03 -1.319582087756536384e+04
-1.619462786360536484e+02 1.290491059259842586e+04 -1.287511091323733126e+04
-5.244462254474073234e+03 1.193392599502646408e+04 -1.462792425265490056e+04
-2.809945984051385039e+03 1.422000091445527687e+04 -1.110119475634171431e+04
-3.686552121985594567e+03 8.640436708296212601e+03 -1.118337689031367154e+04
-3.946043656245753937e+03 1.386015048163146275e+04 -9.365528511991413325e+03
-1.193877620675106073e+03 1.160637041248698188e+04 -1.338651903130769642e+04
-1.829544665549880165e+03 1.398452293569832545e+04 -1.274591469605490965e+04
-8.522796485239160802e+02 6.758611903966998398e+03 -1.881423283842199817e+04
-3.274132276350259872e+03 1.023556727239381507e+04 -1.848761404432717245e+04
-2.275663882620201548e+03 1.023489223196062994e+04 -1.361282777848753722e+04
7.259740244212296147e+02 1.324785668394682034e+04 -1.225165669175340736e+04
-1.173417664527390116e+03 1.150627965546043197e+04 -1.368694233842837457e+04
-1.613529820121407056e+03 8.728396172081935219e+03 -1.328602114787438586e+04
-8.472544516233681406e+02 1.183628283161911349e+04 -1.353367824414747156e+04
-1.215891014180167531e+03 9.919832165021174660e+03 -1.295443772897860254e+04
-1.901438211200783371e+03 1.045605391408192554e+04 -1.282806314341004872e+04
4.409652120777634082e+03 1.312230841425687504e+04 -8.267473529002989380e+03
-1.325046850227363393e+03 8.497483015153658926e+03 -1.273296219131735597e+04
-1.591630732745875548e+03 1.154135706739415764e+04 -1.295012923908272569e+04
-1.197595082085346348e+03 1.138101122151129857e+04 -1.361209962889079543e+04
1.041269406448398058e+03 1.330244828006800526e+04 -1.318049114576050852e+04
-7.055293078046574919e+02 1.152699831619419638e+04 -1.325309107079084970e+04
-6.556113727114940048e+03 7.720382948388944897e+03 -1.450330359065136327e+04
-9.963924600652387653e+02 1.122935370222122947e+04 -1.319921656244352926e+04
-3.672835501825125903e+03 1.165955787603578574e+04 -1.448755030930755674e+04
-9.494687945308655799e+02 1.160628010716996505e+04 -1.339622573247970649e+04
-3.512848740859985355e+03 7.113822518555620263e+03 -1.483731945250695935e+04
4.130395353404665002e+03 1.147611175415574144e+04 -2.968455488036785027e+03
-1.613270164120059007e+03 1.136960032965647588e+04 -1.346185692819813084e+04
-5.962603921476448932e+02 1.141364450873501846e+04 -1.295216102340038015e+04
-9.531743943843841862e+02 1.102803123405059341e+04 -1.318408030429495011e+04
-1.614242987634744964e+02 1.243698674524939452e+04 -1.325029669933484547e+04
-1.412783684849833662e+03 1.034568387936844920e+04 -1.277564785121182467e+04
-1.970778708559452298e+03 8.960973619110687650e+03 -1.325387468247348625e+04
7.999675065069700395e+03 2.289793315594972955e+04 -7.426326563983906453e+03
1.419470966078660012e+02 1.046248136256123689e+04 -1.347225675192267227e+04
-2.032656141032616119e+02 1.081954419350886565e+04 -1.440161235618196588e+04
1.070435044469052173e+02 1.398729438247729013e+04 -1.391366429842639627e+04
-2.733640772373182244e+03 8.313377210994218331e+03 -1.441878399625415477e+04
-5.676765354931109187e+02 6.445414992842695028e+03 -1.337892205435510914e+04
-1.433189728970200122e+03 9.668578930422108897e+03 -1.343225024242819200e+04
4.568078499627619749e+03 7.372880552725645430e+03 1.404861449150685075e+04
-1.010931487009501552e+03 1.081213153312218674e+04 -1.320425639831888657e+04
-1.164559254516777401e+03 9.971601476388665105e+03 -1.300344183536859418e+04
-4.067626632753096146e+03 8.869893698772528296e+03 -1.478951866182758386e+04
8.311861835714370272e+02 7.428456219242535553e+03 -1.876578868740800317e+04
-7.199755261045567067e+01 1.223665981470094266e+04 -1.260536139369667944e+04
-9.204308449943770256e+02 1.128984885713811309e+04 -1.313486539301907760e+04
-6.445136550341717339e+02 1.161487190631551493e+04 -1.283770200325174301e+04
-1.235839898080277180e+03 1.240175752558157183e+04 -1.310135670609469162e+04
-1.736092254530117543e+03 1.028759628083107236e+04 -1.307517963004059311e+04
-8.600208801248861619e+02 9.835206106743364217e+03 -1.312989830143175641e+04
-1.035706600682445469e+03 1.052181661958713266e+04 -1.325483381337141691e+04
-1.548695531483177774e+03 1.016459151997449953e+04 -1.326166260097150916e+04
1.060519105970433884e+03 1.709695136900508260e+03 -9.827345873137224771e+03
-1.710599250927163894e+03 1.033985748597463680e+04 -1.340296262149453287e+04
-1.889502428140858228e+03 1.103590186761138466e+04 -1.309354789005330713e+04
-1.613085243203070604e+03 1.009261485949096277e+04 -1.320851562692298830e+04
3.341083502930388249e+01 1.914550731912049378e+04 -8.331751668455141044e+03
7.561798189420366043e+02 8.454857629079302569e+03 -1.592344050821191195e+04
1.847486469666855271e+02 1.191267424208325974e+04 -1.241127695461069015e+04
-1.697925256283411500e+03 1.082091746615772536e+04 -1.302554907678353811e+04
2.730738777461026530e+03 1.277680945280148808e+04 -1.377679762536443195e+04
9.780196792287151766e+03 3.193578600763023860e+04 -7.954314581285073655e+04
-4.700409919543064916e+02 1.020604935804403613e+04 -1.307958342187744711e+04
-2.047604997832426761e+03 9.742064888370176050e+03 -1.421596545831473668e+04
-1.108925167743871043e+02 1.235524022718840570e+04 -1.283546986826424472e+04
-1.801690662826261814e+03 1.084799627790457635e+04 -1.325338562190865014e+04
-1.226426739453131177e+03 9.082097207266248006e+03 -1.305485030051322246e+04
-1.710629001140389619e+03 1.109707423571324034e+04 -1.297232845070868098e+04
-1.244262729860910667e+03 9.472590415566495722e+03 -1.320507353836999755e+04
-3.436927537659281825e+03 1.082495049919246412e+04 -1.347171962767355581e+04
-9.453406050880716975e+02 1.100580920957890157e+04 -1.314395188892147780e+04
-1.982043941714363882e+03 1.070142835860825107e+04 -1.332002675497806013e+04
-3.037246932317792471e+03 7.688315431412519501e+03 -1.458581738319579563e+04
-9.324593554704460985e+02 1.042510381954877812e+04 -1.294542743397355844e+04
-2.928250880884861090e+03 1.036329224494938717e+04 -1.323462999190639857e+04
-1.267575890156153037e+03 1.097468797421638556e+04 -1.330248474536848698e+04
-2.585550658527331962e+03 1.075930763298488819e+04 -1.284512535038281385e+04
5.489410029310918162e+02 1.086614888140753828e+04 -1.290889752680315178e+04
-1.300949430146792565e+03 1.228786610445520819e+04 -1.376310457609147488e+04
-4.913889447980728278e+02 1.094380016143058310e+04 -1.278828774778163643e+04
-6.459950067877337005e+02 9.762558234565251041e+03 -1.326247239950289622e+04
-4.189775628393610418e+02 1.039985073344657758e+04 -1.323546235781238283e+04
-1.511815056635210567e+03 1.126024249843675534e+04 -1.351519217715413652e+04
1.821336798390295735e+04 5.821167769529415091e+04 -1.101533081430660968e+05
-3.888927712519796955e+02 1.134957774837369107e+04 -1.300304862647049958e+04
-1.940088087259990743e+03 1.210334644224116346e+04 -1.264733058424458068e+04
-4.083499985612942510e+03 8.789834027480230361e+03 -1.237731846063113335e+04
3.918400219350432053e+03 2.086311178942484185e+04 -1.304169162778823920e+04
-8.773397800411871685e+02 1.106101293319396609e+04 -1.332644439879406673e+04
-9.150268195921130427e+02 1.086918535300351869e+04 -1.281508410840542456e+04
-4.616157077219493658e+03 1.338633004076129509e+04 -1.449842584833026740e+04
-3.978985856628651163e+03 1.310085044684293644e+04 -1.631076961365835632e+04
-1.267467639934935733e+03 1.077124037445133217e+04 -1.325916481633980766e+04
-1.468517698509385582e+03 1.128814631986804852e+04 -1.344996161804546318e+04
-1.694991699194787998e+03 9.741063470075139776e+03 -1.286028260586605393e+04
-2.168817124666629297e+03 1.058194974849629398e+04 -1.311383942639672023e+04
-2.968947835757298890e+03 1.500290390280957217e+04 -1.234954206377420451e+04
-1.569458932518305573e+03 9.498512186751962872e+03 -1.368253132686880053e+04
-1.760966014771516029e+03 1.012192953225889687e+04 -1.262609001127226838e+04
-2.124547063698639704e+03 9.893219964851479745e+03 -1.298065270301946293e+04
-2.373253765595987716e+03 1.065984311204910227e+04 -1.351659298061157278e+04
-1.309352486429510918e+03 8.808959720780767384e+03 -1.334855802751067313e+04
-9.534570037943142324e+02 1.066125066363468250e+04 -1.305928389023102864e+04
-2.035431457622835978e+03 1.318836655706406054e+04 -1.291502228396977262e+04
-1.611627545411713754e+03 1.069670998376484022e+04 -1.328665446868820982e+04
3.705941826606133418e+02 1.157648207730387912e+04 -1.471631413458574752e+04
3.689912203789946216e+04 2.991000683866787585e+04 -1.510193660594234534e+05
7.697877544320275547e+02 1.711379746125107340e+04 -1.213070878763331166e+04
-1.143240379905804048e+03 1.212960026094512068e+04 -1.414056376976782485e+04
-2.485996274898046750e+02 8.916852757383790959e+03 -1.301990891799453857e+04
-2.057796223309552715e+03 9.998552688259873321e+03 -1.244103640225700110e+04
-2.352208935281682898e+03 1.074822056123631774e+04 -1.602775218923048669e+04
4.918837514878631509e+02 1.353155110054286160e+04 -1.247186237533805433e+04
-4.689772355564510349e+02 1.155095752875026847e+04 -1.290145726725772511e+04
-4.855150419902413887e+03 8.079177022983882125e+03 -1.753581862168752559e+04
-1.681636556887483948e+03 1.172496581016374330e+04 -1.357085716896951271e+04
-3.286998911363862135e+03 7.261126907872017000e+03 -1.426604708643052436e+04
-1.440329681309802027e+03 1.298784964605074856e+04 -1.362957648252454965e+04
-3.889970069544004900e+02 9.596149983393712319e+03 -1.318823601146134752e+04
-1.342455077152043941e+03 9.136467502654297277e+03 -1.389888997972221478e+04
-2.192878931879781703e+03 9.914110751650321617e+03 -1.297212654924994240e+04
-2.621389515456538447e+03 9.924742182340747604e+03 -1.322105475059754826e+04
-2.559478103028220175e+03 2.002069442521151723e+04 -7.011072064626578140e+03
-1.541479649515281380e+01 8.911191515855658508e+03 -8.969796339707110747e+03
5.497021768907264914e+02 1.269151654342347865e+04 -1.213879319416157341e+04
8.232450608735223796e+03 -1.752280243082561356e+04 -1.621814338722789034e+04
-1.454014267070520873e+03 9.635673893932884312e+03 -1.415233267058272577e+04
-1.985350898246107590e+03 9.303563395375704204e+03 -1.369901439939328338e+04
-5.376224974907578144e+03 8.849116728252922258e+03 -1.606164505818537145e+04
-9.981598437411314535e+02 1.015423501997610401e+04 -1.320798399470603727e+04
-1.817096648517027234e+03 1.210731167840939270e+04 -1.341073038643465406e+04
-1.293994402022206714e+03 1.002549923089474578e+04 -1.291903188299012982e+04
6.135752332478375320e+04 3.816196172843399381e+03 -5.806413717461855413e+03
-9.701400737841563569e+02 9.050920861160964705e+03 -9.908392796307722165e+03
-2.563937796760980291e+03 1.098545456651531276e+04 -1.328806159624885368e+04
-8.382720326429221132e+02 1.180816573388184224e+04 -1.291889275031251600e+04
2.740288733266359031e+02 1.289710607683151466e+04 -1.144873928405186598e+04
-1.348605114465151019e+03 9.298774937735637650e+03 -1.065979170749977493e+04
-3.406169146890387083e+02 1.150119885997703568e+04 -1.473781496441354466e+04
-6.020538825435639410e+03 1.314460047404319812e+04 -2.064136531032169296e+04
-1.931321495186460879e+03 9.510337718251743354e+03 -1.237387111501738764e+04
-3.519603865455401319e+02 1.312423830850174636e+04 -1.532428452440529145e+04
-1.070715344635701058e+03 1.009251702657984424e+04 -1.201978512827042505e+04
1.080457704365855534e+03 1.209453609033724206e+04 -1.503316627678233999e+04
-1.606531616510888625e+03 1.081678267147800398e+04 -1.360338273931275035e+04
-1.939737970420792408e+03 9.997846303655656811e+03 -1.348194255148596494e+04
-4.524484355494593729e+03 9.370337586027173529e+03 -9.074042029188985907e+03
-5.406948900974239223e+02 1.168085856380551741e+04 -1.303471576092927899e+04
-1.073516867324934537e+03 1.239607529185476415e+04 -1.557262539072184518e+04
-1.109426108498204258e+03 9.983756037729550371e+03 -1.389126295715393098e+04
-1.222024737089381006e+03 1.259849412980530360e+04 -1.233902726240644006e+04
-1.286275456903665599e+03 9.884849890944566141e+03 -1.325831113312978778e+04
-2.674522698064235101e+03 1.802667212029581424e+04 -8.302309102336797878e+03
-2.674760041064004326e+03 1.106360535169397372e+04 -1.026563247928210149e+04
-1.653218086686213610e+03 1.061383718054292513e+04 -1.422477833625816857e+04
4.882904607315081194e+02 1.247732224507006322e+04 -1.377052887887944235e+04
-2.206805250553247333e+03 6.639833295529286261e+03 -1.444727242992258834e+04
-1.338235551368868755e+03 6.714505933602227742e+03 -9.937095810067532511e+03
-2.605686692798743138e+02 1.012232222941699365e+04 -1.303628871935056122e+04
-2.201429011276196434e+03 1.152197559229225226e+04 -1.331148171292724328e+04
-1.287652858259210234e+03 1.239223884211720906e+04 -1.301785866630646160e+04
8.490552264423984525e+03 -1.514116359962072966e+04 -1.597615103143954366e+04
-1.999920336293065702e+03 1.171538269463797224e+04 -1.350526334506543935e+04
-1.415503051695449130e+03 1.176942452617824893e+04 -1.337903995144153669e+04
9.807835324441968623e+03 1.030855212685660263e+04 -1.154769274538331774e+04
-1.602421316695742917e+03 9.543587399420819565e+03 -1.347449526356282513e+04
1.010614289043287386e+03 1.108128264730664523e+04 -1.336382699071340903e+04
-1.370730759827880092e+03 1.117574890682290970e+04 -1.397354480894210792e+04
-1.944207375801682929e+03 1.114049056318504881e+04 -1.318079999165661866e+04
-1.289786330539137907e+03 8.393013949556068837e+03 -1.318062291622735211e+04
-1.357928581006684226e+03 1.047292846203968656e+04 -1.273926212159549686e+04
-2.363576188043657021e+04 3.351222232711774268e+04 -6.779011783737225414e+03
1.105896591017551458e+02 1.110280270910532454e+04 -1.261967357964618350e+04
-1.828039167517699980e+03 1.376416748120032389e+04 -1.349099277479069133e+04
-1.186051581349510570e+03 1.004260656672736877e+04 -1.298858036286245624e+04
-1.288556843465813699e+02 1.013338246826541035e+04 -1.311535620464853127e+04
-3.245841514669310527e+03 9.592045866833455875e+03 -1.333378845959112004e+04
-6.673251037950908540e+02 9.598417834285492063e+03 -1.347479415049787713e+04
-5.878990542539396529e+02 1.086058984071092891e+04 -1.268485745008382764e+04
-2.338051006491228691e+03 1.155364606379006545e+04 -1.308726871002085863e+04
-1.912668968736416446e+03 9.113986150369035386e+03 -1.344380454959186136e+04
-1.948417516935591948e+03 5.758723327777724990e+03 -1.281881845829288250e+04
-1.354910877091495649e+03 1.166592502470337604e+04 -1.344565195535786370e+04
3.778641627182699449e+04 1.296923706666612088e+04 -4.981409242622249440e+04
-2.283496462917966255e+03 1.028737132374735666e+04 -1.351892172745061180e+04
1.977269602104826390e+03 1.427495815725163629e+04 -1.066008368052874357e+04
-2.038123814868891259e+03 1.175930167335630540e+04 -1.312622439955395566e+04
-1.022549250701913024e+03 7.717403846484530732e+03 -1.282599101467482797e+04
-1.585274388400087901e+03 1.141856019739367184e+04 -1.418182641069451165e+04
1.925354369462118882e+02 9.590397217945537705e+03 -1.293485421128550843e+04
-4.634160887757550881e+03 9.115733388508806456e+03 -1.411375871177478984e+04
4.605000286806208578e+02 1.095804502241138653e+04 -1.331042987679000180e+04
-2.010891714416868581e+03 1.073515406784468360e+04 -1.348804725211754157e+04
-2.224348422858773120e+03 1.164327101402526750e+04 -1.257058835855093457e+04
-2.916043884476098356e+03 1.062622291494999990e+04 -1.237583913238180685e+04
-5.539177934642046921e+02 1.238012486323400844e+04 -1.235471051548596733e+04
-9.231633159993330082e+02 9.720457508681423860e+03 -1.634877846601035890e+04
-9.498071970795965058e+01 1.057281063969377647e+04 -1.343880797952254761e+04
-2.636589184677520279e+03 1.124274516282280638e+04 -1.400347465209676375e+04
1.079945708484403895e+03 9.034962799594159151e+03 -1.350500987021506626e+04
-3.458707400920808595e+03 4.448425181448969852e+03 -1.166715775014083010e+04
-5.829555794544050514e+03 3.458916796554743996e+03 -2.153766744361223027e+04
-1.262789862640757065e+03 1.088614207348821583e+04 -1.347194855083934090e+04
-9.107328294271690083e+02 1.093649458961800883e+04 -1.346582698795234683e+04
-1.647120674237543426e+03 1.102714599178956996e+04 -1.339177992342268408e+04
-3.377564374853211575e+03 8.213883991254657303e+03 -1.369176547226087314e+04
1.898437513004751509e+03 1.927675092027343226e+03 -1.444787335249645548e+04
-1.719337362826747494e+03 3.286681776741452268e+03 -1.255196635073695325e+04
-1.683200794428314475e+04 8.274988088212598086e+03 -1.418593593921759202e+04
-2.057120830438484518e+03 1.195363801203552612e+04 -1.222866687583423845e+04
3.375527284598757433e+03 1.284478527693847718e+04 -1.394632600063694190e+04
-1.453935592165305934e+04 8.868724976517311006e+03 -1.457278574218456561e+04
3.269096813326955271e+02 8.710435271277412539e+03 -1.473840640960481687e+04
-2.216880676431731445e+03 1.285080220132883369e+04 -1.255236099958028535e+04
-1.070573450087343645e+03 1.212787200023385412e+04 -1.190069304029822342e+04
-1.198008816939231565e+03 9.304005157472498468e+03 -1.325257972917979714e+04
-6.309487261234356765e+02 1.262548758635215927e+04 -1.450778424543752226e+04
-2.220781701045121281e+03 1.089738157169801707e+04 -1.318824401946264152e+04
-1.642805654977706581e+03 9.582619417985342807e+03 -1.332597672298419275e+04
6.219724007590394876e+01 1.097805715365800279e+04 -1.309868799912853683e+04
-2.564368122475859309e+03 1.004531258152465489e+04 -1.390023453578940826e+04
-1.303509899237803438e+03 1.105227679406813695e+04 -1.301955406991575546e+04
-1.892952894038301565e+03 1.204448118708909351e+04 -1.257583527176796451e+04
4.452906467151618017e+03 1.579866412906125333e+03 -1.697360970665937202e+04
-9.238508412234602929e+02 9.310034718217199043e+03 -7.869020688076073384e+03
4.224796369470000741e+02 1.267954539017706520e+04 -1.423215658397040534e+04
-2.572600544633398385e+03 1.124439348952323235e+04 -1.412065928481359515e+04
-3.591623003685284402e+03 9.663284981962280654e+03 -1.343016606479887560e+04
-1.367647437567335601e+03 9.168844638997219590e+03 -1.288949914719544358e+04
8.701388328653457620e+02 1.011527405306978653e+04 -1.245836944884799414e+04
-3.317271460338782163e+03 1.034698400309067256e+04 -1.392238071273829883e+04
-5.812037768479748593e+03 1.413919551637996483e+04 -1.509772781706131900e+04
-1.854226281081943171e+03 9.435339631285471114e+03 -1.370035854558567917e+04
2.255851388507826414e+03 1.336671962903811618e+04 -1.449827016004225698e+04
-1.243399998218367955e+03 9.581321734249446308e+03 -1.326132974183693113e+04
-3.018231886675748228e+03 9.409196622133527853e+03 -1.295970684365322995e+04
-8.521097253246899754e+02 9.912302649454966740e+03 -1.262513825609532068e+04
-1.641730513703453653e+03 1.098669879752013912e+04 -8.263354242871242604e+03
-2.221174432466564667e+03 9.609134690966762719e+03 -1.376254088044058335e+04
1.195492597955146812e+04 -1.546292483716046627e+04 -4.132032939023540530e+04
-1.564506887537152124e+03 8.734059038538631285e+03 -1.312331528420409268e+04
-3.607283418460630742e+02 9.917306763963006233e+03 -1.322608997319380614e+04
-1.351652269862308685e+03 1.072612032420312426e+04 -1.307955220543594442e+04
-2.719626917987145589e+03 1.666520582859546994e+04 -2.017001792988620946e+04
2.588730313766534437e+02 1.109149567183114959e+04 -1.199905670999372887e+04
2.280717679334954937e+03 7.006304611561850834e+03 -1.331382699195241366e+04
-2.172043516936142623e+03 8.039671873890457391e+03 -1.318540250110528905e+04
-3.990467767221771282e+02 9.463140142461988944e+03 -1.189777203106203888e+04
7.466307675117913050e+02 9.127145327010104666e+03 -1.306298798627821998e+04
-3.892533907249899130e+02 1.010618737945449720e+04 -1.349189510445685301e+04
-1.280485494270570143e+03 1.126016877808474783e+04 -1.330331756810628031e+04
-6.824554741992506024e+01 1.111004110075890640e+04 -1.306258981766840225e+04
-3.019094448804960848e+03 1.344009712589751325e+04 -1.619016847301757844e+04
-1.561652386649732762e+04 9.460447687649255386e+03 -1.447189607184951819e+04
-1.742847391137433533e+03 9.951474635045484320e+03 -1.330569459261866905e+04
-2.380114247629881902e+03 1.047726568778960427e+04 -1.364579187219714004e+04
2.386973949798497756e+02 2.757668003739334381e+03 -1.732577168754647937e+04
-9.585308704238368591e+02 1.002024724706199959e+04 -1.769243596664031429e+04
-3.544558955836904488e+02 8.592687550097207350e+03 -1.384937562859777790e+04
-2.456393791483272253e+03 9.946329111869963526e+03 -1.338289160085632648e+04
-3.089654607574037527e+03 9.602637969926763617e+03 -1.551990313789300126e+04
6.957300727209965407e+04 3.274079569875250672e+04 -3.773238061591683072e+04
-2.968706936503341240e+03 9.011045056788101647e+03 -1.254225203424079155e+04
5.156219687926707138e+02 1.201749579882838043e+04 -1.452103116703695014e+04
7.827132444248300089e+02 1.191950741028462835e+04 -1.253160956407509184e+04
-7.453312751669353702e+02 1.112406649911725617e+04 -1.318122294192980189e+04
-2.929319501798447163e+03 1.095959942167145164e+04 -1.321848083801385292e+04
-2.720099447601256770e+02 1.265141490989602607e+04 -1.385204033471938237e+04
-2.680069673203059892e+02 1.203962631386096655e+04 -1.298405418138442292e+04
-1.574538926620244456e+04 -1.666361329689875856e+04 -1.469452496074235569e+04
-2.731194466676653064e+03 9.258232722077835206e+03 -1.399188885665781709e+04
-1.421779183039273448e+03 1.102865853256086484e+04 -1.304802996767650438e+04
-6.563020960484092257e+02 9.817736405001820458e+03 -1.292020816016937533e+04
-1.383358086118996653e+03 9.592921957573646068e+03 -1.252628752212675863e+04
-5.209281037067569287e+01 1.111289216971734459e+04 -1.168797241059460430e+04
-1.295251912148358315e+03 9.645180829726399679e+03 -1.311685461086054784e+04
-1.428559475600016412e+03 1.023840112580447203e+04 -1.292505401951806925e+04
5.976809748317921276e+02 1.448409388332992603e+04 -1.510311079641445212e+04
-1.093580723540552071e+03 8.219974190895940410e+03 -1.419670955065725684e+04
-2.741332826414982719e+03 1.086074305900251784e+04 -1.356510878857019270e+04
-2.356492065163618008e+03 9.785551072682776066e+03 -1.299126769956554199e+04
-4.930622087645700958e+03 1.232053561833136882e+03 -1.518496885332814418e+04
-2.047525360481811049e+03 1.001622417311434401e+04 -1.330159102566046386e+04
4.432692416505776055e+04 1.841081904890739679e+04 -3.502922930136232026e+04
-7.082042268686022908e+02 1.103005923553492539e+04 -1.294343151564594336e+04
-2.073061513043044215e+03 1.031625961068694960e+04 -1.341919485800905932e+04
4.012810258670166149e+03 1.266955630053591995e+04 -1.164033072453226305e+04
-1.057468938583005183e+03 1.136517493026773263e+04 -1.305751433608033585e+04
-1.528195013605846270e+03 1.035275245926240314e+04 -1.358180914809799106e+04
-1.076966850376015145e+03 1.134958481670839865e+04 -1.384907467360069495e+04
-3.523400469522516687e+03 9.849445806545583764e+03 -1.433986230535865798e+04
-1.680717783375906947e+04 4.727351743751441063e+03 -1.272510821763876993e+04
-1.778395219367232130e+03 1.070294290558751709e+04 -1.385043274959875998e+04
-3.607482299717893966e+03 1.071538551074169118e+04 -1.229898191622678132e+04
-3.634791072148381772e+03 9.482268867900598707e+03 -1.235043258089799201e+04
-7.256124880746069721e+02 1.022653110767140970e+04 -1.320825495699003113e+04
-5.027403666870204688e+02 1.419413621011314899e+04 -1.068094715243292012e+04
-2.495307469343592402e+03 5.335755731720792937e+03 -1.283071441292816417e+04
-4.117472689177081520e+03 7.086873153421091047e+03 -1.207834880431276360e+04
-9.614201108700285658e+00 1.162397227529076008e+04 -1.336827495178978643e+04
-5.152307253154166347e+02 9.577829593802925956e+03 -1.291203486339320079e+04
6.581005849907426182e+02 1.465652485741481723e+04 -1.329481122955393766e+04
-2.590707583641072915e+02 9.951826136760315421e+03 -1.339903998789672005e+04
4.836485407167355675e+02 9.490077275984280277e+03 -1.343899651571967115e+04
-2.167234138463330964e+03 8.278187607459007268e+03 -1.313211097236781279e+04
2.646753645229267931e+03 7.870327804394791201e+03 -1.130137273058826941e+04
3.624995610700562247e+04 1.743414374718662657e+04 -1.383626406471502924e+04
-2.993428471352010092e+03 1.923193642078179437e+03 -1.927518970114543481e+04
1.887446508953402599e+03 4.754869206745525844e+03 -1.953812686838608352e+04
-5.834081226547518781e+03 2.271012085792457947e+04 -7.070597753744847068e+03
-2.450411677630217127e+03 9.360803241745186824e+03 -1.031715876308969018e+04
-4.174531336724131506e+03 1.206973396155135561e+04 -8.798778842768266259e+03
-2.851963615696317447e+03 1.090480222333670645e+04 -1.288355696823388280e+04
-2.800929647030308388e+03 1.036413754448496547e+04 -1.311584935115498774e+04
-2.626062301646103151e+03 8.524130692066077245e+03 -1.225821724934674421e+04
-1.036744240133747098e+03 1.278869076205898637e+04 -1.345850515490292855e+04
-2.905328511999899092e+03 8.329072527928070485e+03 -1.159586138659701101e+04
-1.491727430608008035e+03 9.689234749705090508e+03 -1.343704151921989978e+04
-7.609402448187288428e+02 1.062828164089841994e+04 -1.291703945803125134e+04
-1.735818127877448887e+03 1.046915074410374291e+04 -1.383409292741172976e+04
-1.766886958786795958e+03 9.637554967730366116e+03 -1.320900073421832894e+04
-4.814772591379206688e+02 1.026711141338798006e+04 -1.313338092874866925e+04
4.447515747701485452e+03 1.517455360949364513e+04 -1.626464202659594230e+04
-2.850063471384336481e+03 1.006805412122632515e+04 -1.322780211506576961e+04
-7.623050123836321745e+02 1.182778360412948314e+04 -1.578929213671102843e+04
-1.825646412440456697e+04 2.260579659435945359e+04 3.041957703486581977e+03
-1.571308199847075457e+03 1.149463012344926392e+04 -1.343009620464120781e+04
-6.408958423138954458e+03 6.896336067966623887e+03 -1.553232385206302206e+04
-3.011690455500350254e+03 9.042424429727176175e+03 -1.083033617275367578e+04
-1.119403939455846512e+03 1.277971572791374820e+04 -1.380833073195563884e+04
-1.343395829674016113e+03 1.001289321872721121e+04 -1.347860958769267563e+04
-6.617988263871833396e+02 1.121221302873794775e+04 -1.297332901247667178e+04
1.149948036436822122e+03 8.854880454265701701e+03 -1.486997420448231424e+04
-3.638951813156755179e+03 7.748075198182206805e+03 -1.351969585712480693e+04
-2.072491181761533880e+03 9.437811123047082219e+03 -1.289209452989974852e+04
-1.330516707218138436e+03 1.382836374515643365e+04 -1.258640371372946538e+04
-5.050146030103363046e+03 2.152970367709690254e+04 -5.114419999684917457e+03
-3.011808270814340176e+02 1.032322806742928697e+04 -1.039787372972471712e+04
-1.148643492939692351e+03 1.123797719448712996e+04 -1.329546758350295931e+04
-8.138163694038845279e+03 1.614898620199987272e+04 -1.477534623384523729e+04
-5.055287661729046818e+02 9.738613051602413179e+03 -1.224477437506461138e+04
-3.767739881778446488e+03 8.552204778992527281e+03 -1.366320234254413299e+04
-1.158468841296529945e+03 1.163921273425147592e+04 -1.385782810088931365e+04
-9.042345862893009325e+03 1.372850228531668836e+04 -1.451011692826047874e+04
-1.758715705622023506e+03 1.046937092358849441e+04 -1.305844978891706887e+04
-6.068371334759427782e+02 1.067149841716133415e+04 -1.200473704873694442e+04
-1.810356285083161538e+03 8.910348255321921897e+03 -1.299216741629346325e+04
-1.749881263119179948e+03 1.028535129846592463e+04 -1.297669336590623425e+04
-1.165866902819863753e+03 1.083804088579572272e+04 -1.309180829226267451e+04
-4.135259870375457467e+02 1.224295635859988943e+04 -1.334173121019529208e+04
-4.583050578874165240e+02 1.178634203524268742e+04 -1.303518297309362788e+04
-6.550329911307677548e+02 1.115815024820722101e+04 -1.310877382515470708e+04
3.234562978004997149e+03 1.249529733870288328e+04 -1.741142151192713209e+04
-3.841172856073830189e+03 5.052610118940106076e+03 -9.763634708327963381e+03
-7.509746777014358941e+02 1.015027874244216218e+04 -1.307213392557890438e+04
1.967332211148779152e+03 1.867023044448686051e+04 -8.252468362674439049e+03
-6.575353273877830361e+03 1.161919246173364081e+04 -1.214834385829664279e+04
-2.133555646373596346e+02 8.674896161438264244e+03 -1.318343494304232445e+04
-1.233475644999830592e+03 1.194303997445509231e+04 -1.366827628952911255e+04
-1.991058647884547099e+03 1.033501372861408345e+04 -1.305892280247034614e+04
-5.116491011858216211e+02 1.081056848470826117e+04 -1.371844019995695453e+04
5.800173563784009275e+03 5.631855650671070907e+04 1.701556792841643255e+04
-2.179048252034310735e+03 1.078561237545259792e+04 -1.323987829562917977e+04
-2.258249351119292442e+03 1.025042357211235139e+04 -1.317704613031494773e+04
-1.775053249524427883e+03 1.323433076210591025e+04 -1.304545372319580019e+04
-1.431993383552835439e+03 8.800802935570782211e+03 -1.362844072350885472e+04
-3.347137718118334533e+02 7.930388372732486459e+03 -1.235038645195320714e+04
-8.081819573336267695e+02 1.119447368327761978e+04 -1.313040893336252884e+04
-1.543944740138339284e+03 1.183527689206721516e+04 -1.319187867174960593e+04
-8.083733964364751955e+03 8.933520434918380488e+03 -9.117173749348237834e+03
-3.011494360089964744e+02 1.127224252616688864e+04 -1.281518873597386300e+04
-2.203638841553296970e+03 1.124499907631549286e+04 -1.313911996177151741e+04
-8.428813724019640858e+02 1.209625900572909268e+04 -1.301946829024960789e+04
-7.225312836302504365e+03 1.896196423659905849e+04 -8.219017590092003957e+03
-3.698120209848954119e+02 1.330289357848276450e+04 -1.261911559333484183e+04
-3.677798228333726911e+03 9.134715206473321814e+03 -1.237701539412173588e+04
1.281219819486559027e+04 7.409460529420918647e+03 -1.377866136677735813e+04
-1.907126477842950862e+02 1.067093626616568690e+04 -1.264532966724906692e+04
-1.329525116410160308e+02 1.067891784700749668e+04 -1.235929897523452200e+04
9.621381265886884648e+01 1.231045087905200307e+04 -1.325410217047331207e+04
-1.063463464956901589e+03 1.029067212035957527e+04 -1.322764269667544431e+04
-9.360558464802750677e+03 8.322972283025679644e+03 -9.679280949068990594e+03
-3.006647475441552615e+03 9.945026422309047121e+03 -1.269600156711712771e+04
2.763968254642007741e+04 2.956054586886888865e+04 -4.941175489192068198e+03
-5.579526323901195610e+02 1.149293316260671236e+04 -1.325327743323889990e+04
-3.482200954276540415e+03 9.986389822126382569e+03 -1.314312141633040301e+04
-2.655502442552139655e+03 9.633606522979751389e+03 -1.335812851279769711e+04
1.541696841399546656e+03 1.131525452481108005e+04 -1.378205811500554773e+04
1.964435438966760330e+02 1.259031813249506922e+04 -1.348122107481460625e+04
-1.692721130120207818e+03 1.155067699346703193e+04 -1.314453858541070258e+04
-1.191546800367718106e+03 1.131584350693487431e+04 -1.324816999810885682e+04
-1.441835771210731536e+03 1.074535736964431089e+04 -1.353520639840321019e+04
-2.242851226570144263e+03 1.100994260715877863e+04 -1.325666195955765215e+04
-9.730767745424795976e+02 9.718258694214471689e+03 -1.357398776475117120e+04
-2.051355404925025596e+03 9.966109964149241932e+03 -1.264062516460717961e+04
-6.024893094570837775e+02 1.025105518770334311e+04 -1.299039384247403723e+04
-3.663887462521109683e+03 1.060755166431057114e+04 -1.157286364014610626e+04
2.539363537794971535e+02 1.046336119782987589e+04 -1.221530579723463416e+04
2.020632847423343037e+02 1.190668281369451688e+04 -1.529551373574691024e+04
-5.999273057007783791e+03 7.259207362138063218e+03 -1.253691132741992806e+04
-2.762004335738106874e+03 8.475460555371671944e+03 -1.068379844410125952e+04
-1.545427906454634240e+03 1.083890311347562965e+04 -1.344033594143282244e+04
6.736388362184463858e+02 1.212682696217771081e+04 -1.373313364339314467e+04
2.782477169144417530e+02 1.136349200378345267e+04 -1.382792427767931804e+04
-1.093888481861127502e+03 1.128148331419517308e+04 -1.337174524873410155e+04
-1.329777926060556183e+03 1.385618297167349556e+04 -1.420115766820842691e+04
-2.390824975010181333e+03 1.264860847369382827e+04 -1.462761187346584848e+04
-2.942365785973546281e+03 9.848414746936381562e+03 -1.430843266202212180e+04
-2.154277466202252526e+03 1.128939242126053978e+04 -1.314456277069271709e+04
1.883005069449995972e+01 1.106782596109957194e+04 -1.365075682130642235e+04
-1.373575658430889916e+03 1.177748701255685410e+04 -1.336904851141831386e+04
-1.645381493083842088e+03 1.134252703095590550e+04 -1.305420377074410135e+04
-2.966813485054294688e+03 9.705943030535003345e+03 -1.332357950503145912e+04
-1.384524507238010528e+03 9.429002162950700949e+03 -1.294998729426532736e+04
-4.934637135846673118e+03 1.056906191295457756e+04 -1.513565467345057732e+04
-7.461659941618395351e+02 1.073050965227108463e+04 -1.321149747970620047e+04
-1.823886759106007730e+03 1.002357558825092565e+04 -1.330417075278061566e+04
-1.211654149770517051e+03 1.046065868050643621e+04 -9.763377077539716993e+03
-6.934777497606690986e+02 1.110944127702187143e+04 -1.304991458182984206e+04
-1.142980192817695070e+03 1.159200478980218031e+04 -1.313896921845263023e+04
-2.584826773022577072e+03 9.690796052193338255e+03 -1.740805444467709822e+04
-3.069922250265221919e+00 1.157877507662111566e+04 -1.370104955541885829e+04
-5.458570380223082452e+01 1.010782378334917121e+04 -1.569371967704437156e+04
-3.090416098299915120e+03 9.948168436081190521e+03 -1.314360720569818295e+04
-1.191398067409562827e+03 9.410289065922845111e+03 -1.525266822751034306e+04
-3.760409891438734485e+04 3.214497318375707619e+04 -6.891266725923892227e+04
-1.174722891327145135e+03 1.010646293599081037e+04 -1.327942324552879836e+04
-7.284206236161980996e+02 1.011014173983258297e+04 -1.266172562377030226e+04
-1.236499015733890246e+03 1.048922161804270399e+04 -1.306082286791349361e+04
-1.541387640352199469e+03 9.654008256325332695e+03 -1.298098984800857579e+04
-6.676258500700604372e+02 1.048364669825842248e+04 -1.323243559167768035e+04
-1.754414183830891943e+03 9.609302003750161020e+03 -1.346207009880095939e+04
-1.822787803847932310e+03 1.329229726083683818e+04 -1.169954435859579826e+04
-2.603108100933054175e+03 1.058728423949647367e+04 -1.322971488902947749e+04
-1.094510365114264232e+03 1.210446854249812714e+04 -1.255978631244177632e+04
-1.570768299811375527e+03 1.007517284686347011e+04 -1.210954283297114489e+04
-1.381740483352049978e+03 1.221159115522557113e+04 -1.312423075646222242e+04
-2.425179979998723866e+03 1.631560625666462693e+04 -1.558857384808475035e+04
-1.768285984347971180e+03 1.059811652818817674e+04 -1.305155416572078866e+04
-4.905213314439654823e+03 8.367776911094353636e+03 -9.554004241131999152e+03
-1.272719247047732551e+03 1.125509617784602233e+04 -1.296417911292716235e+04
-8.039407468560972347e+02 1.041244071757583333e+04 -1.320990953200296281e+04
4.786956002781284042e+03 7.551666156231864079e+03 -1.745342570359363162e+04
-3.103765890303998276e+03 2.712834609085097327e+03 -1.486167794560980110e+04
3.841698114734780916e+02 1.181482694712573721e+04 -1.641958533062299830e+04
-2.259657780314322736e+03 9.091126390290339259e+03 -1.258271642472239364e+04
-1.112985755884193622e+03 9.450640764862804645e+03 -1.323993714024578912e+04
-3.289367112107888715e+02 1.043100748400503471e+04 -1.333444422159190981e+04
-1.345165598641675615e+03 1.131453000176806199e+04 -1.379499473039900658e+04
-1.049322077887518617e+03 1.006377942472144787e+04 -1.294189002450154658e+04
5.154786282114073401e+02 1.007976360108260815e+04 -1.353845107921292947e+04
-2.376395916762920024e+03 9.490111552087017117e+03 -1.296128549494479375e+04
-2.853743885534401670e+03 1.030397512137341619e+04 -1.459529973099423660e+04
-1.151466591052947024e+03 1.075739583324198611e+04 -1.303685525510736989e+04
-9.514543548274891691e+02 1.005311946419855485e+04 -1.286039625415953378e+04
-2.656618977532799590e+02 1.146837688012726903e+04 -1.385361269605858251e+04
5.830422839991456385e+00 7.123670877574480073e+03 -1.089134545364096266e+04
-9.236594563038372144e+03 1.461086515550040167e+04 -1.096077248662504280e+04
-9.097377341439580505e+02 1.034630874460925770e+04 -1.282813585015275021e+04
-1.499226909458680666e+03 8.598374126730885109e+03 -1.356822215824114028e+04
-1.202011934789722090e+03 1.075177988066500620e+04 -1.311035061166969717e+04
-4.044684665359312476e+03 1.045704678910657276e+04 -1.473351684247404955e+04
-5.602906223539471284e+02 1.214934241218221359e+04 -1.335512540755651207e+04
-8.223915061287158096e+03 1.077820324835907923e+04 -1.560668527225989055e+04
-1.109299624397040134e+03 1.208299729292730444e+04 -1.395099850630397850e+04
-6.983412332146756398e+02 1.050300997965255374e+04 -1.328510220179771932e+04
-1.047933591911107669e+03 1.131286837152518819e+04 -1.304338972409377857e+04
-1.221112718518343172e+03 1.080438172825818583e+04 -1.309860821129756732e+04
-1.311582854598182166e+03 1.185757043833433454e+04 -1.298257057313625955e+04
-1.078003274287267004e+03 1.099942924100385062e+04 -1.319263925416789425e+04
-6.043549405718191565e+02 1.042321107141406719e+04 -1.315244320569046067e+04
5.654315330509191881e+03 7.252582616680027058e+03 -2.237586503108116449e+04
-1.953677256709352605e+03 1.065563473220519518e+04 -1.277155801410801178e+04
-1.143699713869906191e+03 1.108041618111709431e+04 -1.297869926176657646e+04
-8.888160594044563823e+02 1.121244278551542811e+04 -1.312467562039722725e+04
-3.123383265880983799e+03 1.015798469778785875e+04 -1.318951004773793829e+04
-1.654906332666992284e+03 1.121108611063294666e+04 -1.335608413371519418e+04
1.098706099246114945e+03 1.414099439127266487e+04 -1.339569182113042189e+04
-1.216375880240718971e+03 1.150914808199293839e+04 -1.309145428743435878e+04
-2.640413828177040614e+03 9.055633873605249391e+03 -1.278416822653170675e+04
-1.429079486699266681e+03 1.062832225700630443e+04 -1.334175124860355027e+04
-1.942705919834366341e+03 1.011673369832018216e+04 -1.345354054749620627e+04
-1.855468139513529877e+03 1.058272659625427877e+04 -1.287060046869951475e+04
-7.997323498994320289e+03 6.153465164364230077e+03 -2.504305481198966663e+04
-1.984695117642445666e+03 1.081078085273978650e+04 -1.316617802135565762e+04
-1.450145676680014276e+03 1.141607242084313293e+04 -1.341048941387535160e+04
1.026710822534547333e+03 8.755548536799740759e+03 -1.113952297893029390e+04
-1.237647625148218253e+02 1.086838287596594273e+04 -1.325085776941985023e+04
-1.026822387530649848e+03 1.076896003548685076e+04 -1.339786453836260807e+04
-1.377208390891461931e+03 1.053930894238326800e+04 -1.313311088880088573e+04
-2.711350066682953184e+03 1.015823619579125261e+04 -1.289840280164340402e+04
1.398617337646730084e+04 -7.256660676256950865e+03 -7.920650003685832780e+04
-1.009836956073368356e+03 1.093213553235476502e+04 -1.332296738242018728e+04
-8.406951537742681921e+02 1.039592182429082277e+04 -1.320632369742787523e+04
-1.830118220355758240e+03 1.220769202507729824e+04 -1.360366051504248026e+04
-1.075397089690349276e+03 1.132506065730539558e+04 -1.333217948326788792e+04
-1.911685490732003473e+03 9.614357808517572266e+03 -1.306006312872540366e+04
-2.017601413039572435e+03 9.932163791908917119e+03 -1.338166696118914842e+04
-7.039381807573635115e+02 1.015980859966835123e+04 -1.235844250890739931e+04
-1.042852938377956889e+03 1.160548402490238914e+04 -1.299046260212189918e+04
-1.379260341762616918e+03 1.084871069782321865e+04 -1.330042871101904529e+04
-7.559812809023529780e+02 1.038362137811071989e+04 -1.286567625487836631e+04
-1.302680354501741476e+03 1.059020273045508293e+04 -1.343109359940479226e+04
2.857156414585749189e+03 2.930468502120054836e+03 -3.418047338649592712e+04
-1.179419733018402212e+03 1.130054885546994228e+04 -1.334402543670755585e+04
