-6.982125402905912779e+04 -3.430331541074375536e+02 -1.295124704010082860e+04
-2.074644385297433928e+03 4.402297466415119743e+03 -1.485416442602123243e+04
2.505622772693719753e+02 9.855515216647729176e+03 -1.305021187401203861e+04
-8.909264947389914596e+03 7.834972082850425750e+02 -1.565180599473696202e+04
-2.018477999109715711e+03 1.159839088126633578e+04 -1.374855643974129453e+04
5.461805721147296026e+03 1.568033082676402228e+04 -1.214526654400018560e+04
-5.958685630415298510e+04 1.652579443982980592e+04 -1.544593662286599647e+04
5.158128891412089615e+03 1.403831856031624284e+03 -1.225515291052942848e+04
1.938432732984456379e+02 1.430106177191080860e+04 -1.317781413815391170e+04
-7.132508881060792191e+03 1.535863688114354954e+04 -1.043624182152942740e+04
-4.988319242708587262e+04 6.151154949193978609e+02 -1.443586975181567686e+04
-8.620514620011548686e+03 1.611626542821735711e+04 -1.443923353004929231e+04
7.322945082151218799e+01 1.026545704635236689e+04 -1.429769904987104383e+04
-3.808263415129640180e+03 -2.029108899317193163e+03 -1.403281701489817351e+04
-4.533124888539407038e+03 7.915447793650498170e+03 -1.351675784879426101e+04
-5.146641427052175459e+03 1.027715378582230005e+04 -1.369276591674756128e+04
-1.395711348266362438e+04 1.594170533687855641e+04 -1.293553964033955890e+04
-3.137266135534791374e+03 8.713312715425401620e+03 -1.446007958384423000e+04
-1.025549198468486793e+03 1.063863221800143401e+04 -1.452408292119974249e+04
-8.500472592541163976e+03 1.078248069975485487e+04 -1.491507050896776127e+04
2.926686641720901321e+02 1.286702198774375574e+04 -1.347198314503065922e+04
-1.383253776296195383e+02 1.367045842252264629e+04 -1.147221367953068875e+04
7.744775636635035880e+02 1.510970923027090976e+04 -1.261065833188755823e+04
-1.959976037703198244e+03 1.127206285879124698e+04 -1.311384712018353457e+04
-2.274779983569214892e+04 2.072913520943712138e+04 -1.195892487769333820e+04
-2.348800874463117907e+03 8.901954469430853351e+03 -1.427916762284167817e+04
-1.817665205094208432e+03 1.073643055777212248e+04 -1.327849138652066904e+04
-6.758708026340651850e+04 2.675553709535773123e+03 -1.096770401027050320e+04
-3.013817104577070722e+02 7.388651860799894166e+03 -1.477221396392440329e+04
-4.579203099005802505e+04 1.328041321790018856e+03 -1.317412980374746076e+04
-6.661763080511984299e+04 2.656338573986734445e+03 -1.143413048898944362e+04
3.182082108813784998e+03 7.292125816596185359e+03 -1.407876428825301446e+04
-1.313481535826621212e+03 1.252888341164621488e+04 -1.379516723350192660e+04
-2.030424417603112306e+04 2.604576102488809920e+04 -2.194707195969208624e+04
-2.470671872380497916e+03 1.253237541485767542e+04 -1.300586552323195247e+04
-9.469542563470240566e+02 1.366881113923728844e+04 -1.398671848096054964e+04
-3.275365714950954953e+03 7.471876076108101188e+03 -1.572496654648274853e+04
-5.272891835608379552e+02 1.224611187089009400e+04 -1.147445459376727740e+04
-2.281111494009234229e+04 -4.029680462411210465e+04 -1.551528088038184433e+04
-1.091104174407976870e+03 1.220883744744283104e+04 -1.342576383216196518e+04
-1.666530133551552808e+02 1.101954008471066118e+04 -1.522940557552761493e+04
6.308167059082895776e+02 1.386070247836814815e+04 -1.370438196832163158e+04
2.289077959587421719e+04 -1.544487313800062693e+05 -8.677416820327454161e+02
1.177572221988960519e+04 -1.936351947807718489e+03 -1.377756156718200509e+04
9.223150139990313619e+03 1.062539845996196891e+04 -1.155745942934814593e+04
-7.080866973296439028e+03 6.221638692833060304e+03 -1.306791502376203425e+04
-6.825388038480118848e+04 2.421881679117936073e+03 -1.071740887091949298e+04
-5.041304170278188394e+03 1.037304154395405021e+04 -1.339099587441504082e+04
-3.225026791484339810e+03 8.909752981235091283e+03 -1.550963718786673235e+04
-5.545711083117146245e+01 1.229152034412262583e+04 -1.372452566687056242e+04
-8.419284118811159715e+03 2.919266468225357130e+03 -1.337554847227091159e+04
-6.234870794671231124e+03 5.224070861372114450e+03 -1.440571614814748318e+04
3.585768850512160952e+03 1.232837485188713799e+04 -1.538882377103640829e+04
5.356002059278575871e+03 7.407165308941266630e+03 -1.523891022211842937e+04
2.779152745219369990e+03 1.146745717501419131e+04 -1.318123630880779638e+04
3.760453792100681767e+02 1.372313048118693951e+04 -1.358578451251751358e+04
-1.206303642749336432e+05 -9.292468891525204526e+03 -1.485128692364601375e+04
-3.225137170338347005e+03 1.486233497992796947e+04 -1.263297141713420388e+04
2.253789346292338905e+03 1.056305136621071142e+04 -1.446976421168494380e+04
-7.549538674882727491e+02 9.835538651923579891e+03 -1.406795454456828338e+04
-1.505357597762613977e+03 1.197021664060246258e+04 -1.432070699418705590e+04
-2.638842692552226708e+03 1.146169299672365582e+02 -1.248920645372409854e+04
-1.185156324308693911e+03 1.193394765430433654e+04 -1.396663637465023203e+04
-3.428973003541240359e+03 1.222382496278113467e+04 -1.375660300520751480e+04
-2.721905570962194815e+03 1.324518116942566485e+04 -1.314402907758852962e+04
-4.530371798431498064e+03 3.500645665601620294e+03 -8.215192475257466867e+03
-2.599770036242792685e+03 1.552390538004109476e+04 -1.325523009327538784e+04
-3.562315690894999420e+02 1.172580252549639590e+04 -1.363537969918449926e+04
-2.590660947632360148e+03 1.210033500588799507e+04 -1.414607422855947334e+04
-2.454030788850470708e+04 -3.383346424690820277e+04 -1.961375355607759047e+04
-1.258940493181674583e+03 1.286757178630830094e+04 -1.659023690521319440e+04
-3.190475349803097060e+02 1.314383733463928729e+04 -1.434104012700474050e+04
-6.798000072543641727e+04 2.094181175223805894e+03 -1.042714004310959535e+04
-2.325804250875162779e+03 1.131883095319905260e+04 -1.327427939385954051e+04
2.356537625282311637e+03 4.887300880847485132e+03 -1.628158310436480497e+04
-3.423083670614224502e+03 1.042414306836141623e+04 -1.364229244200644280e+04
-1.314059065993260447e+04 1.602018524212409648e+04 -1.244314122203329680e+04
-5.119593041936608643e+04 4.791150519056800476e+03 -1.491730235574903054e+04
-1.709415675096728592e+03 1.139076104573804150e+04 -1.348445124570733606e+04
-2.119399582626410847e+03 1.118581170278436548e+04 -1.365644230023591990e+04
-7.226693924836528822e+03 9.697638588291840279e+03 -1.534181898516538604e+04
4.545616156705352182e+02 1.376057835342350700e+04 -1.466723336782491970e+04
-4.148820361246117500e+03 7.885873588012640539e+03 -1.193770795613908376e+04
1.493133069640721260e+02 9.248758476923434500e+03 -1.565775913420365214e+04
4.656553747434387333e+03 1.394914444387966614e+04 -1.368166398528121317e+04
4.524076386958214243e+03 3.574210762494752544e+03 -8.769146967107273667e+03
-5.654794895243639985e+01 8.999902237511403655e+03 -1.358535671963631830e+04
-3.928423206013220806e+03 1.316916719192442906e+04 -1.341023790849671423e+04
-1.434480248411931825e+03 1.284609461803174963e+04 -1.395467959512160269e+04
1.067960560203032969e+02 1.062924450592695393e+04 -1.363172274924252997e+04
-3.076776703418393936e+03 1.735033008759922450e+04 -1.181516822741128271e+04
-2.193832714129879969e+04 -5.598521635697453894e+04 -1.923436043666646219e+04
-1.558499228281125397e+03 9.714718141310258943e+03 -1.461051143668601617e+04
-2.741245070080783080e+03 1.140847308563319893e+04 -1.333443254490864274e+04
-2.023203948889187814e+03 1.203273167297327745e+04 -1.343679582162251245e+04
-2.731627925947062977e+03 8.589071267308851020e+03 -1.566508260735758086e+04
-4.377040336230899698e+02 6.754937255923668999e+03 -1.445014468774975649e+04
-5.435538332892364451e+03 1.424703132873291906e+04 -1.280047881833806605e+04
-1.854098304484719847e+03 9.320201035191514165e+03 -1.515636313191392401e+04
-5.595992107395755966e+02 7.479883010953544726e+03 -1.391921905413551758e+04
-2.596429119857881233e+03 1.028060718306184754e+04 -1.256902182283176080e+04
1.681781993251381664e+03 1.265054887366063667e+03 -1.589608908781615901e+04
-1.706165956419317808e+03 1.024393062799196559e+04 -1.427379650320598194e+04
-8.346872166293788950e+02 1.145602657100603028e+04 -1.175816233303825720e+04
-6.461495479596733276e+03 7.555984495932721074e+03 -1.501642552048452126e+04
1.348352856572827250e+02 9.232411995168073190e+03 -1.487529306433864622e+04
1.469548515354885467e+03 9.903517622482042498e+03 -1.496937295900389290e+04
-7.713238107469349416e+03 1.331238070735126166e+04 -1.364106345695639902e+04
-1.532151102540138936e+03 1.189095982417532286e+04 -1.390267967639109520e+04
-3.385489072456945723e+04 -2.157066485314476085e+04 -2.954190808804571134e+04
4.867070982528274499e+02 1.245717917917105660e+04 -1.384130327462621972e+04
-1.283711651408514172e+03 1.039548164275712043e+04 -1.355202690909327612e+04
1.257789367770061745e+03 9.477145745909456309e+03 -1.267626553394828079e+04
1.300524105391000376e+03 9.477139252740824304e+03 -1.335107190650497614e+04
-4.793778431288883439e+02 1.189320149847473476e+04 -1.356958223616059513e+04
-3.308261181801653038e+03 1.075226623489696067e+04 -1.576272107645103461e+04
4.723813165156168452e+02 9.242490417723211067e+03 -1.138901989329502067e+04
1.145370418956913454e+04 -5.604033006910421682e+04 -2.740292951084465676e+04
9.245499889361057058e+02 1.112799624948289420e+04 -1.358079386593927848e+04
-1.257313179777140249e+03 9.378819719051429274e+03 -1.273901355049174890e+04
-2.585143151092222979e+03 1.112809949086225242e+04 -1.096099858354256321e+04
-1.204852193011957979e+02 9.719539287178946324e+03 -1.406191425154155695e+04
-9.851339939064994269e+02 1.230385849398836763e+04 -1.417673918777163999e+04
1.213437367067083414e+03 1.367937701291733538e+04 -1.236225175838093128e+04
-3.453347586331272851e+03 9.679968676912740193e+03 -1.276821250531149053e+04
5.124384454325285105e+02 1.200835570834937062e+04 -1.135945560165663301e+04
-1.052543688834719433e+04 1.040222055805857053e+04 -1.022421416519996092e+04
-4.477608812539398969e+03 1.452512860050734889e+04 -1.326388921457547804e+04
-9.653360439402008524e+02 1.300631704025524959e+04 -1.356793895541798520e+04
3.522863880610117349e+02 9.951227522070568739e+03 -1.356370942816384195e+04
-3.433123960133712444e+03 8.574146091959106343e+03 -1.247028334810705746e+04
-1.803134163671669057e+03 1.089567430851788777e+04 -1.081899192208445493e+04
2.225426914611600296e+03 5.421985073641691997e+03 -1.530745441898412719e+04
3.310987820141423072e+03 1.280555912249323592e+04 -1.226060894821061629e+04
-7.605943484956633256e+03 1.627990156507006213e+04 -1.274032062124204094e+04
6.888574966158756069e+03 6.796802628096227636e+03 -2.998416709635088773e+04
-8.110185175858856383e+03 1.007511310092278291e+04 -1.427729339516503023e+04
4.549651388720858449e+03 9.670189669640629290e+03 -1.286746354972446534e+04
-3.411674323318491133e+03 1.332417078833184860e+04 -1.356303187911248278e+04
-1.238243923014930715e+03 1.092607311300957372e+04 -1.451324314838110695e+04
-1.875985343879026004e+03 1.073785849550251442e+04 -1.339201352306913395e+04
-2.283933684915764388e+04 -2.762881064816117578e+04 -1.758615055371874769e+04
-1.190646746747069358e+02 1.174562700523855165e+04 -1.403772662443778427e+04
-2.039472935959830465e+03 9.214960800317878238e+03 -1.170690096511136289e+04
-7.825911555197119014e+03 8.696472528798954954e+03 -1.386745915798541319e+04
5.668637316261404521e+03 1.707168719397829409e+04 -1.636380959366914612e+04
-5.921888842889686657e+02 1.198367778298060875e+04 -1.492452901971316351e+04
-7.892871418202887980e+03 -4.751687378530215824e+02 -1.804907660390023739e+04
-2.118911684990035792e+04 -4.124437735541977599e+04 -1.681753880558749006e+04
-2.513342403362747973e+03 9.412219641442665306e+03 -1.359610300644685231e+04
-1.961632728611764833e+03 1.047245374950688711e+04 -1.429704159148702456e+04
-3.788294674889727503e+03 9.821482232078185916e+03 -1.542387423391124503e+04
-7.033973536096344105e+03 1.773504774507990805e+04 -1.624755497109348471e+04
-7.141869971882391837e+03 -2.927616275977823079e+03 -2.051258562679335591e+04
-8.515606315708493639e+03 8.620229900647093018e+03 -1.278085497360927002e+04
-1.319125547678022485e+02 -6.596584332899055153e+04 -2.513383796292139596e+04
-2.230160290978413741e+03 8.664974930757862239e+03 -1.266770062097443770e+04
-6.117807161501494875e+02 1.301742801289101226e+04 -1.350998912839306831e+04
-1.201346155768458630e+03 1.079524475347068801e+04 -1.399931652929756456e+04
-2.121540632965864916e+03 1.195611067708013616e+04 -1.376335723576878263e+04
-1.027019631877533584e+03 7.641224361662152660e+03 -1.413393939759442037e+04
5.788530730638982277e+03 1.183488706286466368e+04 -1.295227043022585895e+04
-1.619543846936859609e+03 8.467143263252275574e+03 -1.332114678420749442e+04
-4.710176796094601741e+02 8.826472753440688393e+03 -1.423702080517692593e+04
1.062155096442472313e+03 1.063996918450817066e+04 -1.336771052014493216e+04
3.397792339074616166e+02 4.165749402643767098e+03 -1.213659237030314580e+04
3.519886378609089206e+03 1.412769839403439437e+04 -1.405603190351934063e+04
4.793966821186319976e+03 1.152676826560649533e+04 -1.467718443331393246e+04
3.156718195822955295e+03 1.489202305804670141e+04 -1.355331862377945436e+04
-3.561730725925083789e+03 1.221563363965201097e+04 -1.177146179894455054e+04
3.306563309994601696e+03 1.836904163920351493e+04 -1.400222948083028678e+04
-1.315956363074187720e+02 3.963687502473253517e+03 -1.407681821426037823e+04
-1.627196980649477609e+03 1.180680443803824710e+04 -1.230530882154584287e+04
1.012666498779351969e+03 1.130945408391861201e+04 -1.501891432904981957e+04
-9.019972526863898565e+02 1.092091969484841866e+04 -1.258844905732893858e+04
-3.812337038324984860e+03 9.704972387653639089e+03 -1.170940813476621588e+04
-1.439412031766181826e+03 1.153731449814734151e+04 -1.414777974994593205e+04
-2.986506873144270139e+04 1.938962317146507303e+03 -1.710056861183583533e+04
-4.192208424027692672e+03 1.058195319957589527e+04 -1.459694649494901023e+04
5.961078498750565586e+02 1.657097448416948282e+03 -1.755366355423149071e+04
5.292864030282813474e+03 7.926030442551607848e+03 -1.462119121075720432e+04
-2.027011289006580910e+03 1.027702197643583349e+04 -1.335559887824098769e+04
1.493105143762071066e+03 1.392244666033603426e+04 -1.073605465855931652e+04
-9.560858920205362210e+02 1.160177754802785603e+04 -1.163079099202911493e+04
-3.399681827603033980e+03 1.072930873237017477e+04 -1.242565999364002710e+04
5.273315076461515673e+03 2.061989794423616331e+04 -1.218489410826399580e+04
-3.669014469746911345e+03 5.428679833418696035e+03 -1.219528600387655206e+04
-1.715862062877261451e+03 1.081714400985619250e+04 -1.268607385576289016e+04
-2.893444533365009192e+02 1.057032351332675898e+04 -1.374392174063998391e+04
-8.350409739004189760e+02 1.136194343040763488e+04 -1.453681250415087379e+04
-1.176003921170194553e+04 1.559508816165742610e+04 -1.529216639169884002e+04
-3.012623285866200604e+03 1.200114003965063966e+04 -1.365173944138637489e+04
-4.037831174125368534e+02 1.261931709197768396e+04 -1.390925668136232889e+04
-7.619833928724326597e+02 1.303567946945392760e+04 -1.324994850661611781e+04
-3.174323760095212492e+03 1.048949729025499073e+04 -1.334277140718109513e+04
1.012216651301348406e+03 1.479561961731124939e+04 -1.469150398549451165e+04
-3.785874269245864525e+02 8.696249604003036438e+03 -1.600414018427436895e+04
5.656375896779081813e+03 -9.465899782214967217e+02 -1.537400184714810530e+04
3.725406297994350098e+02 1.288004871640298188e+04 -1.430818917979026992e+04
6.514444956984140163e+02 1.285291845016070329e+04 -1.660580063444197003e+04
-3.911265182236855708e+03 1.103496584348981742e+04 -1.316667626131759607e+04
3.042366335655170815e+02 1.008556375387624576e+04 -1.419983445961796679e+04
-2.956596741430047359e+01 1.132755149605620863e+04 -1.145509213511336930e+04
-9.484378820154408913e+02 1.229797092750007323e+04 -1.398005542776524817e+04
-2.527455136757593209e+03 1.054471318011457333e+04 -1.341620144686492313e+04
-1.486436016456139896e+03 1.444377120384683076e+04 -1.535669112691640657e+04
-1.975339619222722149e+03 1.121829490944626923e+04 -1.633959718935950696e+04
-2.371202479785069045e+03 1.128155537292072586e+04 -1.343218598100849340e+04
4.647381997689562922e+02 1.197024843011646772e+04 -1.402686675838335395e+04
1.498991507576512049e+03 1.338832807804356344e+04 -1.413195402332444974e+04
-1.873392874297109529e+03 1.051075077930456609e+04 -1.398810081535292920e+04
-1.364612406471862414e+03 1.136301963175150740e+04 -1.291408408203241743e+04
-1.595468948155186581e+03 1.168363828637090410e+04 -1.498311917505633392e+04
-3.318214407115245876e+02 1.227941646106069129e+04 -1.384416292543375494e+04
-1.988996526546703535e+03 1.197377090546958425e+04 -1.297369708967382030e+04
-7.287524402932510839e+02 1.379233785363526295e+04 -1.301865533028438585e+04
-3.066207975597113773e+02 1.123719630269687332e+04 -1.364039621994335175e+04
-1.625178322234104144e+03 1.094409378362740790e+04 -1.378014305497224996e+04
-2.858751619708842099e+03 1.136357000190185499e+04 -1.387275245861168696e+04
-2.950084700284543487e+03 1.511422310672361164e+04 -1.423098789626779035e+04
-6.621208950794538396e+03 8.494783600375632886e+03 -1.389640377764231562e+04
-2.790912337130572723e+03 1.180319009893149087e+04 -1.428100561109470254e+04
-1.005187123967033813e+03 1.140893446041183779e+04 -1.314398350904416657e+04
-1.014334076150794544e+03 1.106729639091058561e+04 -1.646052433584900791e+04
-6.164880960177667475e+03 1.479779118142906191e+04 -1.265971198203304084e+04
-2.176082731764065102e+03 1.006356795243589841e+04 -1.426034623556624501e+04
-1.905784279408537714e+03 1.269444906471284412e+04 -1.508921112804295262e+04
2.608239180341350902e+02 1.129625271204257479e+04 -1.457431813339140353e+04
-9.994341522652213462e+04 7.690010699131772526e+03 -1.183100695460907264e+04
-1.650593006785490616e+03 1.193766955880311070e+04 -1.444283201411954542e+04
1.791063654719995839e+03 1.210440016194082637e+04 -1.193049793681079609e+04
-1.832617705248752600e+03 1.236264474876950771e+04 -1.337360786745996484e+04
-1.897993566135382025e+03 1.199748704453507162e+04 -1.297957861026969113e+04
-1.990464947808427496e+02 1.049325201285098956e+04 -1.146431721558323807e+04
-5.844394253083628428e+03 1.657891810377564616e+04 -8.270472998237226420e+03
-2.409199683867731210e+02 1.294877305967747452e+04 -1.311977455814009045e+04
-1.852570959966202508e+03 1.154041856950237525e+04 -1.238747351178285498e+04
8.395054524323077203e+02 1.220069351464900865e+04 -1.348187768154443438e+04
8.035577020881406725e+02 1.044687846503047513e+04 -1.192189194116762519e+04
-9.086819023680229748e+02 1.114776081327328211e+04 -1.252031672080481076e+04
1.249448495966472819e+03 1.246150744989759187e+04 -1.463163158644300893e+04
-4.568389965547206657e+02 1.021846608550683959e+04 -1.476435612251166094e+04
-2.331397348277266701e+02 8.116431394950430331e+03 -1.420108777493799062e+04
-1.803102992822205488e+04 1.880318622421023974e+04 -8.942699171703619868e+03
8.380289133836953397e+01 1.061672852724140830e+04 -1.392135763307564957e+04
-1.212911674818762094e+03 1.270321087320489096e+04 -1.387524146774554902e+04
8.629588423340914005e+02 1.127414996355951735e+04 -1.423730995544704820e+04
-2.137217271875015285e+03 1.107761557590709890e+04 -1.470317087788442768e+04
-1.702461477419663424e+03 1.286057569310578401e+04 -1.301838955194747905e+04
-1.447615008645379476e+03 1.128920840951073478e+04 -1.440318855980202534e+04
-1.410726009935352067e+03 9.564894327078605784e+03 -1.507987023620742366e+04
2.461009762025765667e+03 1.211302603696199367e+04 -1.813116790247669269e+04
-3.616962102902206198e+02 9.537313021684945852e+03 -1.417124601093480851e+04
-4.602457591675643016e+03 1.236618195943779938e+04 -1.370511340659373309e+04
-1.437589386234473295e+03 1.111194371978390154e+04 -1.459196382270451249e+04
6.307119061453959148e+03 2.761139248498871166e+04 -6.816669979483296629e+03
6.669654118402967470e+03 8.472864621744929536e+03 -1.744277583939654505e+04
-2.440815739857196149e+03 1.173479727641343197e+04 -1.309739721262287458e+04
-9.216437340602630002e+02 1.148341823454812584e+04 -1.323331661042061933e+04
-1.542082395310159654e+03 8.758390160881546763e+03 -1.346143051974051195e+04
1.168926463594104632e+02 1.258612346774556681e+04 -1.491405048621373680e+04
-5.704593246806437492e+03 1.056100861768419600e+04 -1.451289982526340100e+04
-2.539226076985309646e+03 1.080946380054877227e+04 -1.422899190644706141e+04
-2.381455330100922583e+04 -2.256831912785244276e+04 -1.819050499691282675e+04
1.006240400584948247e+03 9.760013776909248918e+03 -1.486489595956897392e+04
1.307389229174508955e+03 1.064924863901922981e+04 -1.133485815285562603e+04
-3.541020841772644417e+03 1.084860609575029775e+04 -1.290498318814573031e+04
-1.045278814193111884e+03 1.168517976580055802e+04 -1.347635071239787430e+04
-6.165625675534390666e+02 1.224395841200142968e+04 -1.338269008320707326e+04
-2.214780230075631152e+03 1.196692871950788140e+04 -1.366711813032532154e+04
-8.741346585562532709e+03 1.157660534202113195e+04 -1.568118419094636920e+04
-2.545074971068044306e+03 1.477472574326259382e+04 -1.468223710602110077e+04
-4.807573548900029891e+03 1.173154857951564372e+04 -1.413243940684241170e+04
-3.849924359355620709e+02 1.087448420234359946e+04 -1.356524737975838252e+04
-3.480367561796904738e+03 1.296160155391101762e+04 -1.443323992435397668e+04
-5.994958195986123428e+03 9.946836500336517929e+03 -1.330022251616635731e+04
-5.389331445546413306e+02 1.508093193553989659e+04 -1.511145740884747102e+04
-8.801360338368299381e+02 1.228644768303677483e+04 -1.338208785724192785e+04
1.386211571269902379e+03 1.150972706666334670e+04 -1.474418946081974536e+04
-2.307612231709037133e+03 1.111314851606398588e+04 -1.378010014305238474e+04
1.422145851997351201e+03 1.051899576390776383e+04 -1.541947929964725517e+04
-5.068144852926191106e+02 1.190977263625451451e+04 -1.420840554650634112e+04
-8.869973401962382923e+03 -8.749205756472075279e+01 -1.355128068706411068e+04
7.712092590263059719e+02 1.188866559318177497e+04 -1.434250987155588700e+04
-1.399219495535933447e+03 9.454591921119403196e+03 -1.489865196054448461e+04
-2.287045144136331146e+03 1.131878085593334436e+04 -1.422149244454994005e+04
-1.135695975273127260e+03 1.284127181482780725e+04 -1.394604661209744518e+04
5.047694190565334793e+02 -1.384772600729482474e+04 -3.500847948476792681e+03
-1.976423019656031101e+03 9.627050471298531193e+03 -1.365652412822713814e+04
-2.044076303287090468e+01 9.461075289658911061e+03 -1.381463224568118858e+04
-3.269681735747686844e+02 1.517663069533090675e+04 -1.316889616450464564e+04
-1.069313233196240390e+03 1.050996366869241319e+04 -1.364563369535298989e+04
-1.190381619610412827e+03 1.025220205656963117e+04 -1.403026289050019113e+04
-1.512252592183587467e+03 1.189023251121438261e+04 -1.434743870069121112e+04
-6.425918500636174940e+03 1.048594482676685948e+04 -1.599405598162927708e+04
-2.098966837548393414e+03 8.308558343813723695e+03 -1.374888626395875872e+04
1.121162361063463550e+03 1.039374421833631641e+04 -1.442448079734319435e+04
-2.056510602712301989e+03 1.458024863103005919e+04 -1.357023626525328473e+04
-1.670321410326090017e+03 1.188753721066727485e+04 -1.277614168576224074e+04
-8.237795393012095246e+01 1.168687026794510530e+04 -1.362947263149459286e+04
-2.737270652954836351e+03 7.553411012225269587e+03 -1.726496923028992387e+04
-1.680453850467003576e+03 1.010418370070283527e+04 -1.371912017943742103e+04
-1.180091420014965479e+03 1.163928850249980314e+04 -1.419737020509426111e+04
-1.192913447592189868e+03 5.333789340153357443e+03 -8.971502314785653653e+03
-2.189250164879297245e+00 1.180747457128602400e+04 -1.424102421646696348e+04
2.016611838176389028e+03 1.330924261608509369e+04 -1.455962710189326754e+04
-5.473496604660126650e+03 1.363021724740395439e+04 -1.314211941655183182e+04
-4.591670770347297548e+03 1.025810466258939414e+04 -1.207924352833488228e+04
-7.613630922096675704e+02 1.106814665731243804e+04 -1.366881075656806024e+04
3.084509502940882157e+02 1.299049759485572577e+04 -1.240825664249916190e+04
-4.876327674846163518e+02 1.176755138820345383e+04 -1.257891337237861990e+04
-2.519848060847376019e+03 9.804729971672411921e+03 -1.305509505922210337e+04
-1.319761076148037546e+03 1.260192658600848517e+04 -1.202647548728587390e+04
-7.737042535775796068e+02 1.463257353085945397e+04 -1.669143267291576194e+04
-1.852708608303297297e+03 1.114308870815222690e+04 -1.346210950910118481e+04
-3.259763688125188310e+03 1.944019981399012295e+03 -1.314807617085741185e+04
-5.716912222689916234e+03 6.790652884816003279e+03 -1.598694996785271724e+04
-3.030790417336222049e+02 9.717562740994204432e+03 -1.391399795122248543e+04
-2.117132998346014574e+02 1.200533580375891324e+04 -1.416462244751957223e+04
-2.395655463942166080e+03 9.469124319015154470e+03 -1.416240494348835819e+04
-4.865928348742861999e+03 1.168570598982875163e+04 -1.051658376235499054e+04
-2.940964091334126806e+03 9.835110715217899269e+03 -1.385853413655119402e+04
2.733100119558879442e+02 1.302397826956558492e+04 -1.380576140444031626e+04
-3.932190060371463005e+03 1.164937634191652614e+04 -1.268985424364907885e+04
-1.653978364954003155e+03 1.386306548384019879e+04 -1.254532096539769918e+04
-6.865381201644371458e+02 9.667818248615983975e+03 -1.359159242594350144e+04
-2.309550781283190190e+03 1.028116005524791035e+04 -1.234062272813497657e+04
-1.954255270697217384e+00 1.012063023947809415e+04 -1.476493746657715747e+04
-1.876713874336022400e+03 1.408162228712689830e+04 -1.285433109733160563e+04
-8.464713490004103278e+02 1.207312187911442743e+04 -1.473743520337707560e+04
-4.421066316723856289e+03 1.153237940640081797e+04 -1.564815268728279443e+04
-2.902897984897933981e+01 8.377711304912991181e+03 -1.649530162352929619e+04
-1.989633768298226187e+03 1.015716332516616603e+04 -1.386120482431862001e+04
-8.600185761853881559e+02 1.160131792172073619e+04 -1.659458855526964908e+04
5.109671855683327522e+02 1.205604927478827631e+04 -1.357272127738207018e+04
2.476352635146918601e+03 1.184994640857969353e+04 -1.481062991551215237e+04
-3.777073369696324335e+03 1.084524416655074128e+04 -1.337555681181276850e+04
-5.177126462690376911e+02 1.094604663966492808e+04 -1.167360962593730619e+04
-3.124920476726409561e+03 1.038594525033378704e+04 -1.352117530094170070e+04
-2.435972298221925485e+03 1.254181518143997528e+04 -1.304825152642354260e+04
-2.974656194282360048e+03 5.678529932985616142e+03 -1.397654446223748346e+04
-2.931256717960631249e+03 1.011092147319441392e+04 -1.346731210425459358e+04
-1.845968597628566840e+03 1.279069332763284001e+04 -1.367932625817781445e+04
3.882007988340648353e+03 1.606034866419056925e+04 -1.275611725212437705e+04
-2.480485733019690997e+01 1.070980709381577071e+04 -1.405304718910805423e+04
-2.702651977302754858e+03 1.362409267064110463e+04 -1.433568111779562969e+04
-2.735607749173747379e+03 9.672452165819253423e+03 -1.255794779157682387e+04
-2.780819544977370697e+03 8.689278405298167854e+03 -1.420978353601570598e+04
-2.619358719450256558e+03 1.181495483778706694e+04 -1.320244807288702759e+04
-8.764737109190436968e+02 1.286809531898676323e+04 -1.407799875973865164e+04
-7.550219675896559011e+02 1.149252123208606645e+04 -1.398303781627101307e+04
-5.788866273489823016e+02 1.044691151757238731e+04 -1.091210165833935753e+04
-2.209186458321582450e+03 5.343481134855678647e+03 -1.953110803221707465e+04
-1.195156374924603151e+05 -5.018803555476744805e+04 -2.124823731244411101e+04
-4.499191145551757813e+02 1.208097575710048841e+04 -1.250937727848578470e+04
-8.632305806956250080e+02 1.020959217813695795e+04 -1.474215216982908169e+04
-1.937006747915507503e+03 9.453569737927477036e+03 -1.732281031525638173e+04
-1.436778338950637362e+03 1.186761664500731058e+04 -1.362459619952795401e+04
-1.344923514755656015e+03 1.357383499415248480e+04 -1.311325165017339896e+04
1.871322281462184378e+02 9.013943687644012243e+03 -1.527572217499139151e+04
-1.033782277655282542e+03 1.076758477372325433e+04 -1.411189854453837324e+04
-2.121092327688970727e+03 1.686634943434142042e+04 -1.394029832862305011e+04
-9.791655729574011957e+02 1.075659791330349617e+04 -1.390632623605730259e+04
-3.587195011375023114e+03 1.035541361710876481e+04 -1.409322480153189645e+04
-2.533204933716822325e+03 1.055815376260574340e+04 -1.308544402291540973e+04
-3.181233596837265395e+03 1.076419341076414094e+04 -1.457319917231610088e+04
-3.062601180797096276e+03 9.376265942704139889e+03 -1.366430850632877628e+04
-4.151594171662978852e+02 1.099503708080209799e+04 -1.416648327047049315e+04
-4.121149646411786875e+02 1.374683072418702614e+04 -1.442798699473920351e+04
-3.362715263431572566e+03 8.593258248277705206e+03 -1.468160119024009327e+04
-7.091239061228424362e+03 7.336786071635572625e+03 -1.478056561146284730e+04
-3.521397122293019038e+03 1.097056914067107755e+04 -1.402503474059227483e+04
-4.898785295192653848e+02 1.150018064639071417e+04 -1.443560514605482967e+04
-7.399905077292592068e+02 1.225796347881150541e+04 -1.370754003488535091e+04
-3.698855730837135525e+03 2.175455635566039928e+04 -9.941196744564404071e+03
-3.749118260557549092e+03 7.952132826463806850e+03 -1.328378427965777882e+04
-5.898661473944032423e+02 1.136677525249597784e+04 -1.403887559576641615e+04
-2.738361494197295542e+03 1.352442423693032833e+04 -1.221271680513840329e+04
4.834861918262757285e+02 1.035804722253290856e+04 -1.138737121845915499e+04
-6.079068586066069656e+03 8.298744659755477187e+03 -1.269130335425538215e+04
-2.796238711333317042e+03 1.059618999021334457e+04 -1.258037384726178243e+04
-2.853768102004568391e+03 1.050868418427813776e+04 -1.409710760920287248e+04
-1.981955641188515983e+03 1.149654030358235832e+04 -1.311607771396262433e+04
2.036168341321965727e+02 1.183622893607522019e+04 -1.433747718406953027e+04
4.543528140246757516e+02 9.047003465675908956e+03 -1.500296464025265414e+04
-2.013458443506038293e+03 1.082096080133656324e+04 -1.366503895483402994e+04
2.907251778888185981e+03 1.039162790531036444e+04 -9.522816704793494864e+03
-1.675559926313262622e+02 1.104400009484393740e+04 -1.347339413132350091e+04
-2.460143068769667025e+03 1.020372997341129485e+04 -1.368042441183335359e+04
-4.017640312638540763e+03 8.637460567814516253e+03 -1.336477255016956406e+04
-2.479728839990096731e+03 9.796114898731018911e+03 -1.122701020824571242e+04
-1.286964414989385659e+03 9.564795420274254866e+03 -1.426525732358967798e+04
-1.914557158481927672e+03 1.046573645664571995e+04 -1.413382080644800953e+04
-3.874666272283699072e+03 9.592963769282179783e+03 -1.407695216385049025e+04
-2.496932713894826520e+03 9.310579373084352483e+03 -1.348941820152213950e+04
-1.535900326006358773e+04 2.480166871778073073e+03 -1.157425867019604266e+04
-2.143389565656422292e+03 7.895127774211182441e+03 -1.473103752970026108e+04
-2.960898473262705465e+03 1.166818113287316191e+04 -1.360196504669431306e+04
-4.153204657727334848e+02 1.220081755556292774e+04 -1.391142518001815006e+04
-3.951856041590770019e+03 2.586578745289089784e+04 -1.233915192524014492e+04
1.000994635683358069e+03 1.651865157183002157e+04 -1.451736800612783736e+04
3.024214562861794093e+03 1.196225926506477481e+04 -1.506207528014998024e+04
-3.065444217248502355e+03 1.047043297244796304e+04 -1.254968459033844010e+04
7.342602145490990551e+03 4.232116464948695466e+03 -1.354080090126680625e+04
1.148180357022587259e+03 1.086632892043988795e+04 -1.420320991179795055e+04
-4.054591237923112885e+02 1.205489305672097544e+04 -1.439135083103125726e+04
-3.644213446681465575e+04 8.858095483340206556e+03 -1.103673936524090459e+04
-1.594025927560911441e+03 1.156361352636905212e+04 -1.418055287142543784e+04
-3.768542427106677678e+03 9.466861115331310430e+03 -1.599106200369697217e+04
-4.640213539682616783e+01 1.064267436095121957e+04 -1.403244818332918476e+04
1.796763371184941320e+02 9.876407690625401301e+03 -1.304866348945056779e+04
4.198379016473886054e+02 1.265289584180178281e+04 -1.377696812286837849e+04
-3.428735846422925079e+03 1.035525379651556796e+04 -1.366519753247017616e+04
-1.021775334395745176e+03 1.307608947646329580e+04 -1.349613678660285586e+04
-2.422363443255367201e+02 1.239519955216798189e+04 -1.187432725328565539e+04
-6.666605180779095099e+04 -5.580447351906997210e+04 -3.401643072707037936e+04
6.106995804082382165e+03 3.451702849324921772e+03 -1.345999881908992393e+04
-1.536928107054452994e+03 1.521026758679704653e+04 -1.452254909320030129e+04
-2.507672555104731146e+03 1.065858879547635297e+04 -1.313556104173392305e+04
-3.531630756066558661e+02 1.073071544020163674e+04 -1.373771828321221801e+04
5.506685012754064701e+03 3.266458165410012498e+03 -1.366714873988794898e+04
-1.699709099143376989e+03 1.362417305340972234e+04 -1.320257823562691374e+04
-6.285962462323143427e+02 1.107553317712099488e+04 -1.372464329073634144e+04
-7.136482340553197901e+03 1.928352708800693290e+04 -1.245104402260046481e+04
-1.081702365838262267e+03 1.261493355590428291e+04 -1.390200774614170041e+04
-3.361295882717534369e+03 1.514663259313048547e+04 -1.304758151627948973e+04
-1.508415408153556655e+03 9.615601416372017411e+03 -1.229669760546275575e+04
1.452774491675133140e+04 1.823758377699544144e+04 -1.094311888688337604e+04
7.655284611303586644e+02 1.308369733285355142e+04 -1.384099829554765711e+04
-2.357967022312963309e+03 1.059345395017908959e+04 -1.361873768487930465e+04
1.998786163069246868e+03 1.241614200821544728e+04 -1.298264480146663118e+04
-3.548764137671520530e+03 1.545010712682766643e+04 -1.222506832665652473e+04
-3.185963410460360592e+03 1.119790805667456516e+04 -1.364125149552512630e+04
3.499586216550361542e+02 4.151378483884545858e+03 -9.122368701946277724e+03
-1.591369865943353716e+03 1.237152240521039494e+04 -1.349804907368926797e+04
-5.817929547238210944e+04 -3.315197074179597985e+04 -2.573035242619314158e+04
-2.838992020070010312e+03 1.139961379714037503e+04 -1.325441619647033804e+04
-3.595466549431255771e+03 8.531326229785339820e+03 -1.536433542480547476e+04
1.783355267404485403e+03 1.463604857310027364e+04 -1.256952086904878706e+04
-1.180025810302847276e+04 3.619200088789865731e+03 -1.584359555458257273e+04
7.775872320862149536e+02 1.218041526827589951e+04 -1.352942294276281427e+04
-7.025896234833461449e+02 1.306254178891131960e+04 -1.452067063271410916e+04
-2.020014956601213726e+03 8.329698908540165576e+03 -1.224782624980043875e+04
-2.508302931662431365e+04 5.701637901207250979e+04 -4.666418726173000323e+03
1.093208531025013372e+03 4.359485155954535912e+03 -1.403600732415104721e+04
-1.959720720215212168e+03 1.059956309240550763e+04 -1.370083244679865493e+04
-2.124785306690971538e+03 9.616993547007150482e+03 -1.260575565943053698e+04
-3.255271368070702010e+03 1.182546041886267449e+04 -1.378816657566335562e+04
-1.102675579916892730e+03 1.100924963115446553e+04 -1.280559669736329306e+04
3.998213705579669295e+02 1.291426458124364945e+04 -1.330343175483586674e+04
-2.374462349317263033e+03 1.452531533754545126e+04 -1.530545635983932334e+04
1.470367328461691159e+03 5.525338770879954609e+03 -1.660644287200821054e+04
-5.212023922141916046e+02 1.068426556471593722e+04 -1.491790617371175722e+04
2.450266687416685727e+02 1.006770548014695305e+04 -1.229592561933171419e+04
2.528678749450328382e+02 9.741028322938494966e+03 -1.278839440735722928e+04
-3.090197522854263752e+03 8.223713706946511593e+03 -1.611825134449765937e+04
4.400088085254521502e+03 1.009211260642931484e+04 -1.328199455614862381e+04
-2.786802435475637139e+03 9.543114722642607376e+03 -1.401996424933745220e+04
-2.189511613009779467e+03 9.612167704694531494e+03 -1.422657280862499829e+04
-6.216323857504629586e+02 1.126703793074012174e+04 -1.355924570173251050e+04
-9.922534364154323612e+02 1.273077861806167311e+04 -1.336750937655142297e+04
1.484929325884240825e+03 1.198557024321667086e+04 -1.330506128440338580e+04
-2.670263255715793093e+03 1.302561706180599867e+04 -1.180715715111551253e+04
1.347374577646000262e+03 1.021010320637855511e+04 -1.375469037849641427e+04
3.509909145716472267e+03 7.015407697338271646e+03 -1.738228420405686848e+04
-4.067201393154438165e+02 1.024737077995953405e+04 -1.473173680289589538e+04
-4.260411138198546723e+03 9.114162361661299656e+03 -1.319714515725310048e+04
-1.143082616212610446e+03 1.219498624529526569e+04 -1.177242717150581666e+04
-8.207692588203224204e+02 2.506187039000928416e+04 -1.461325983369808091e+04
-4.286560381508870705e+03 1.183435788612424403e+04 -1.241212854716419133e+04
2.337350338096157429e+03 1.140303300653563747e+04 -1.427175462115062146e+04
-2.932269881893536876e+03 9.590550033012495987e+03 -1.391246047073478258e+04
5.962106738161701287e+03 1.214459941462044117e+04 -1.587239887056993575e+04
-9.271597603748759866e+03 9.920787844499516723e+03 -1.101466163610408694e+04
-1.124330373091120055e+04 2.101288894669626188e+03 -1.576256138688324791e+04
-1.947052998998107796e+04 3.104239220613755606e+03 -1.593520525898952474e+04
-4.108723768056312110e+03 1.225145706320990757e+04 -1.355738564292016417e+04
-7.294117674296536279e+03 1.318548031658009677e+04 -1.450512163491159299e+04
-2.006632997512516158e+04 5.388735828405004213e+03 -1.339381588926878794e+04
-6.238032820667662008e+02 1.171431214499185262e+04 -1.405258756412980983e+04
-1.235758274134982912e+03 1.197521036792995255e+04 -1.407392803206567442e+04
-1.730804753089007590e+03 1.175294317350288111e+04 -1.345224586089982586e+04
3.855204616432326929e+02 1.533703319616183580e+04 -1.399744465262147605e+04
-3.923282296946591941e+03 1.174479612238959589e+03 -1.302277336483199178e+04
-1.258857079401980855e+03 1.285911320510400219e+04 -1.426398899924531725e+04
-2.902522778814266076e+02 1.161630965793837277e+04 -1.382927257070834639e+04
7.991717585266423157e+03 2.197004746109060579e+04 -1.032301601748728717e+04
-1.821083962751022409e+04 9.344733892242693400e+03 -1.092666107779934828e+04
-9.681440886238617622e+02 1.052105195183308751e+04 -1.365724462182622119e+04
-5.630983683294363800e+03 1.405257567189379006e+04 -1.450783708836630103e+04
2.140316090347288082e+03 1.303084639128776507e+04 -1.272445440370047436e+04
-4.912356931315719521e+03 7.379921707293729924e+03 -1.341952278750988808e+04
-9.214803288592529498e+02 1.147502015882027990e+04 -1.353883729063736428e+04
-2.790113296066465864e+03 7.919318020564056496e+03 -1.417434308509925177e+04
-3.248647238648102302e+02 1.072034465517190984e+04 -1.312068434282847193e+04
-2.147886980067825334e+03 9.439939930959157209e+03 -1.520350571454870260e+04
-5.018781493767381789e+02 1.129357616902562768e+04 -1.445292272060023060e+04
-1.292165407446390645e+03 1.443595235522859002e+04 -1.085296084543310280e+04
-1.334083134520612248e+03 1.139257906867357997e+04 -1.416663668063848127e+04
-1.671412549545258116e+03 7.904563496205872070e+03 -1.390844796200550627e+04
-2.316601952004635677e+03 6.593377659681660589e+03 -2.045476392968342407e+04
-2.454960959505737264e+03 1.105199903513700337e+04 -2.240041648715022166e+04
-4.865726285201888572e+02 1.213137584039685680e+04 -1.416670705088869727e+04
-2.363047621716785216e+03 1.017153635438899255e+04 -1.400995733521635702e+04
-1.503674255047092856e+03 1.150249243189560730e+04 -1.425213730249482614e+04
-1.501217695377777090e+02 1.219944200992314836e+04 -1.365550115591536087e+04
2.555866460319622092e+03 1.339155771374395772e+04 -1.242729447861387052e+04
-1.632595500994847498e+03 1.076411202923743440e+04 -1.356073491310844474e+04
-9.652624577257190595e+02 1.087935606626700428e+04 -1.338762176900843042e+04
4.416973281486709311e+03 1.146027508610852965e+04 -1.011679272434489576e+04
-1.686364159799736854e+03 1.321262054662496848e+04 -1.367617175966727336e+04
-2.498599351114399269e+03 1.020448661503905532e+04 -1.343634825811393421e+04
-1.464102889622649855e+03 1.168388364448697212e+04 -1.414127507384074306e+04
5.549405289729428432e+02 1.159686377118617020e+04 -1.351949332957466140e+04
-1.396658624095116465e+03 1.054171229422545730e+04 -1.372331037192167423e+04
-3.822485442017628429e+03 9.614766604994409136e+03 -1.289493195330807612e+04
-2.149508981153004243e+03 1.015566148049798539e+04 -1.375868864821641910e+04
-1.121206836635658647e+03 1.605419551010580108e+04 -1.549271026014185009e+04
-1.871551348999812035e+03 1.038599679031382584e+04 -1.389679268082875205e+04
-3.246105192062065271e+03 8.798737471373280641e+03 -1.484769636414586785e+04
3.060671901518413051e+03 1.150480610842387432e+04 -4.058002101154791035e+03
-1.820433306576398309e+03 1.168210153709389488e+04 -1.402491868738060293e+04
-1.901697851252032251e+03 9.944205902466614134e+03 -1.336180562510130039e+04
-1.240828963793324647e+03 1.138251174934260052e+04 -1.380931942700285072e+04
-3.417755670101776559e+03 1.008309928856541956e+04 -1.357166992157647292e+04
-1.125036172621026026e+03 1.152812475602553968e+04 -1.331642266580210162e+04
-2.775336985545344305e+03 1.210268794875633648e+04 -1.363614502047302813e+04
9.177899835627082211e+03 2.353249592473514349e+04 -8.119105304136451196e+03
-2.236830141121871293e+03 1.038987090880360120e+04 -1.390934334214489900e+04
-2.482570170043980852e+03 1.161893787516589873e+04 -1.318120142696104995e+04
2.467395741874061514e+03 1.457000924551478784e+04 -1.241525311625860195e+04
-3.539337220494232497e+03 1.030145503249998183e+04 -1.471707898993191702e+04
-2.718028272734906750e+03 1.204185382878366363e+04 -1.369440197975895171e+04
-5.287786261339092562e+02 1.102333740696520545e+04 -1.403501537476291742e+04
4.477285068059999503e+03 7.623632200108288089e+03 1.400487068945242754e+04
-1.256015263276409542e+03 1.131289703384862696e+04 -1.385857903932751833e+04
-1.641914721907032572e+03 1.073019396195621448e+04 -1.360753379659562779e+04
8.226992032323216790e+02 1.217113293141909890e+04 -1.264241802359251051e+04
-7.031737332224729471e+02 8.149834009496288672e+03 -1.809543683771734504e+04
-2.532124267571198743e+03 9.448284978247564140e+03 -1.448867264611955579e+04
-1.393398705465132707e+03 1.137234408354898551e+04 -1.371244557024709320e+04
-1.622533294794556696e+03 1.009776701227247213e+04 -1.334811521010165779e+04
-2.524620981115257109e+03 1.036007836342842165e+04 -1.392679359332472814e+04
-7.159532427652700335e+02 1.191078023459228098e+04 -1.364054107994230435e+04
-1.644130186986571971e+03 1.255230387255800269e+04 -1.342585541963184187e+04
-8.840277583014681113e+02 1.019338599468422399e+04 -1.385576602022535917e+04
-1.165702961400635559e+03 1.220096569773171177e+04 -1.367918118054096158e+04
1.033965679535033587e+03 1.525871680803603795e+03 -1.099175633744245351e+04
-2.190896051095100120e+03 1.120205832651670971e+04 -1.394825729527585827e+04
-2.106052880161934354e+03 1.096690944670246608e+04 -1.360758284606024608e+04
-5.448725040406774269e+02 1.215335981280867964e+04 -1.376816631095834600e+04
1.483311292028868593e+03 1.930998418019672681e+04 -7.859878423152997129e+03
-2.836884628864100705e+03 1.217463146402693019e+04 -1.185659559020201596e+04
-2.871990699222835701e+03 9.689839922658318756e+03 -1.400839949136706491e+04
-1.824366653225423761e+03 1.176225762482795653e+04 -1.361896769608460636e+04
7.315212026135765200e+02 1.135001528555877667e+04 -1.483523771922099513e+04
1.018013442178598598e+04 3.340229712815255334e+04 -8.234387233787131845e+04
-2.840505195456509682e+03 1.203425806991800710e+04 -1.374011926246898838e+04
-4.859501384536837577e+03 6.745628231935964322e+03 -1.486697936482444857e+04
1.075503753583103389e+03 1.236242275072963275e+04 -1.371039266457513440e+04
-2.320835243088551579e+03 1.127639231437314629e+04 -1.372759624703898407e+04
-2.404849616617759693e+03 1.086442375999051183e+04 -1.395453300851544918e+04
-1.234587971705024529e+03 1.094501356999203745e+04 -1.351663595904096292e+04
-4.992023595278968742e+02 1.129084609627742793e+04 -1.370078139958814427e+04
-3.458015236755585192e+03 1.282872165355455945e+04 -1.351424312464125978e+04
-1.249584400471833305e+03 1.136975572948795525e+04 -1.376314786743194054e+04
-1.670883378128264667e+03 1.147075544628855823e+04 -1.388064030081752389e+04
-4.464695818648933141e+02 1.426584304142762812e+04 -1.298074368703349683e+04
-2.144689951541581650e+03 1.015695925544265629e+04 -1.350495879574182254e+04
-1.831800004311989198e+02 1.092276046013793166e+04 -1.376992711759462691e+04
-1.588632664883513826e+03 1.136115948140639193e+04 -1.388331299286994908e+04
-1.059454348882771228e+03 1.090606312035719384e+04 -1.346917139980565662e+04
-1.634290791197660155e+03 1.019623081811963311e+04 -1.343409089038725142e+04
-1.308842907434475819e+03 1.013525212971313522e+04 -1.376870230459348568e+04
-1.970367889807458141e+03 9.904372199985920815e+03 -1.336760744583859741e+04
-9.179480995281581954e+02 1.119656140155558569e+04 -1.381564634005588596e+04
-9.236528176602920439e+02 1.053224982477228514e+04 -1.381254289520999919e+04
-2.121708260369966411e+03 1.040984463213094750e+04 -1.399050802661717353e+04
1.907951858261847156e+04 6.095687938982027117e+04 -1.147574719212892669e+05
-1.378741263157607136e+03 1.059390426009198018e+04 -1.353372384784661153e+04
-1.879280743758679819e+03 9.976224320651645030e+03 -1.379323272986400480e+04
5.344334168087686976e+02 1.299330800627979806e+04 -1.476409030745585187e+04
4.213353640412638015e+03 2.040968915881429348e+04 -1.303628547637553129e+04
-1.871557363145949239e+03 1.168686523933406352e+04 -1.387052541558668418e+04
-1.792377730582338927e+03 1.032296180004050620e+04 -1.333664319016190711e+04
-2.002066657006382457e+03 1.444299490438866087e+04 -1.420235801401845129e+04
-4.686599223869566231e+03 1.477824273992211056e+04 -1.708720664771248994e+04
-1.207266146373254514e+03 1.156656931972715392e+04 -1.381031746705744808e+04
-2.332610387627808905e+03 1.138780139549378328e+04 -1.396000255357188144e+04
-1.970132199199955721e+03 1.118663866432064606e+04 -1.352004855160717125e+04
-1.073508074349855633e+03 1.078378859809006281e+04 -1.366614976914920044e+04
7.644701255804363882e+01 1.801744831641426936e+04 -9.473691934623870111e+03
-1.037833410752547934e+03 1.222898683919551877e+04 -1.274196413563716851e+04
-2.670311702382444992e+02 1.171478287588182866e+04 -1.353809091743080353e+04
-1.311981261517956682e+03 1.102820791118876514e+04 -1.362086030854670207e+04
-1.144844609653235466e+03 1.136530075746286457e+04 -1.402295122541290584e+04
-5.739706732758229464e+02 1.254141834796774856e+04 -1.341888609684316543e+04
-1.666077261631361580e+03 1.123068349260875584e+04 -1.354349467804189226e+04
-4.419277175679429774e+02 1.018955888938345925e+04 -1.403649670677876202e+04
-2.046585185035118684e+03 1.142098482101203808e+04 -1.374843259931082503e+04
-9.257279013428806138e+02 8.135192567061794762e+03 -1.320612164628294340e+04
3.860636430399757955e+04 3.137969781856661939e+04 -1.577829245444026019e+05
8.423872642088109615e+02 1.767953054991348472e+04 -1.432197535092238104e+04
-2.305201209642082631e+03 1.017184680621800544e+04 -1.354744729402935627e+04
-2.922474472529643208e+03 1.290329978278030103e+04 -1.363565407463843439e+04
-4.768859938617504213e+02 1.155709670177697990e+04 -1.502594618100249318e+04
-1.482802426187027436e+02 1.067678520574469621e+04 -1.099190634624077757e+04
-2.494714472404250046e+03 9.752338352876196950e+03 -1.349320189827674403e+04
-1.958884288173111145e+03 9.854857583471542966e+03 -1.340207017862860084e+04
-8.011714080023863971e+03 9.233264724900749570e+03 -1.727307826901629596e+04
-1.072655446005056774e+03 1.025943218810547296e+04 -1.429039806132741251e+04
-1.102655203468692662e+03 1.290946911127998101e+04 -1.336695498379335186e+04
-1.356326921363561269e+03 9.891797717635939989e+03 -1.411993718595579412e+04
-2.632267658112900335e+03 1.188342264030373917e+04 -1.316084575933886481e+04
-5.738457798902749118e+02 1.213142941168110156e+04 -1.312257127670519912e+04
-2.323021463311034040e+03 1.077681524798458486e+04 -1.351926235321893910e+04
-8.377612205698457046e+02 1.157931669006844459e+04 -1.384929334239643504e+04
-5.895289257144278281e+02 2.039860337218698623e+04 -7.329363392077303615e+03
-2.835839755609280928e+03 1.057799702228277783e+04 -1.182284360624026340e+04
-2.877745060370393730e+03 1.098742848995456006e+04 -1.398771984082465133e+04
7.416575207152316580e+03 -1.686379964823416231e+04 -1.621300966880738815e+04
-6.027109645121110589e+03 1.183793325683896728e+04 -1.450525710530108336e+04
-1.999112655407426473e+02 1.163581646584254304e+04 -1.426714897849007502e+04
-4.148361221882948485e+03 1.117204516436966333e+04 -1.177760206759594803e+04
-6.051506883938131978e+02 1.179321640457042849e+04 -1.376840851707318325e+04
-3.236164866147405519e+02 1.022515749369377227e+04 -1.332553303286018854e+04
-1.488543697448644025e+03 1.065687612457601790e+04 -1.357079844594721544e+04
6.343657982789093512e+04 3.864402348678480848e+03 -6.267509055487925252e+03
-2.225150177815108236e+03 1.282870204574189484e+04 -1.710334583552902404e+04
-1.400577408471764784e+03 1.091133712556248611e+04 -1.379534258326312374e+04
-2.287730322319536754e+03 1.050743679164052992e+04 -1.314168998510214442e+04
-1.114015952195464934e+02 1.072536481523996554e+04 -1.561862296161767335e+04
-6.815181113628543699e+02 1.173140024073058157e+04 -1.656651579233683879e+04
-1.572391266510424430e+03 8.987025948586042432e+03 -9.323112713433478348e+03
-5.804155766387166295e+03 1.401780611518920887e+04 -2.250762445458654111e+04
-1.030468156077293315e+03 1.209217738566568187e+04 -1.461459046742653663e+04
-2.625188628917000642e+03 9.277828385594702922e+03 -1.204088076690498383e+04
-1.729638378086164494e+03 7.278209129923532601e+03 -1.111723070418692078e+04
1.703129870129357869e+03 1.415628502058205959e+04 -1.921851826471833556e+04
-1.366705289351306419e+03 1.221568846570761707e+04 -1.418865946517934208e+04
-1.257861114473252428e+03 1.073511190476332195e+04 -1.405146324635650672e+04
-2.949335448329050905e+03 1.192319473398195623e+04 -9.396711737018415079e+03
-3.109544705444659940e+03 1.078165153305561580e+04 -1.343636839803546172e+04
-2.147380062370666565e+03 9.343986646663246574e+03 -1.077762253112113103e+04
-1.142815341136221605e+03 1.426226360640413986e+04 -9.761724372730508549e+03
-1.907117650236809595e+03 8.562046949690833571e+03 -1.396815865887857581e+04
-1.195383030484953224e+03 1.231952273500356569e+04 -1.352086484846546227e+04
-1.821247616160142684e+02 1.812462083267983689e+04 -8.699027191997680347e+03
4.819865484481605336e+02 1.230522847362109860e+04 -1.521093554726183720e+04
-1.953876763448698739e+03 1.209666712169489801e+04 -1.407650757608428285e+04
-7.588723526764661074e+02 1.150359016466432331e+04 -1.453939493502594451e+04
-1.370993084619327419e+03 1.325659641322947937e+04 -1.295182634726676952e+04
-3.842030200516079503e+02 4.357680727528592797e+03 -1.223004418548620379e+04
-2.153185037719456432e+03 1.225756654120311941e+04 -1.386068336501138947e+04
-1.694058520166871403e+03 1.095583008580231945e+04 -1.390373758204686783e+04
-1.866737630218325876e+03 1.007580332771020403e+04 -1.394905260682250446e+04
7.585894565343104659e+03 -1.417675709206535612e+04 -1.590431204732537117e+04
-1.847174841510364331e+03 1.138857137646024785e+04 -1.406165272972866114e+04
-8.183176270870172857e+02 1.035900570609934039e+04 -1.449185575498087746e+04
9.231908480057465567e+03 1.074023364458479045e+04 -1.282491797860087172e+04
-8.586419819337306762e+02 1.250911034039261904e+04 -1.402441847267244520e+04
-4.254021480565549609e+03 1.023441763684888247e+04 -1.279292373159047565e+04
-1.302846679258002496e+03 1.101279707935635633e+04 -1.285776506450209126e+04
-2.504200877445514379e+03 1.082496030715695997e+04 -1.371689330092222735e+04
-2.852322005078579423e+03 1.310561521954888303e+04 -1.365697126765912253e+04
-1.860544117914364961e+03 1.156527255419302492e+04 -1.393110848709161110e+04
-2.564828001855368348e+04 3.602572207893277664e+04 -6.814504278964942387e+03
-2.954801178631831135e+03 1.092863735431360510e+04 -1.277864474398436323e+04
1.157043782262541981e+03 1.007001697952703034e+04 -1.287935272740161236e+04
-1.399358265048743760e+03 1.134131079551385665e+04 -1.354551093294155180e+04
-2.969862345277616441e+03 1.127539144069241956e+04 -1.285149697638813632e+04
1.540164331461961638e+03 1.280255079343227226e+04 -1.397334522835436655e+04
-1.937092306201306201e+03 1.184491006521282361e+04 -1.359408148675017219e+04
-1.739436849730824633e+03 1.162951392176080299e+04 -1.309909015063161314e+04
-8.058792380289223729e+02 9.841331278977402690e+03 -1.400565392017010709e+04
-4.462703879179042588e+02 1.251927012055974592e+04 -1.396603311332865997e+04
-2.584245832262431577e+03 8.074812756592562437e+03 -1.551696260066472314e+04
-1.650426903800351511e+03 1.103293005956636625e+04 -1.397408966664268519e+04
3.880793194194178068e+04 1.349075421959882988e+04 -5.120602007575314201e+04
-1.136415089480306278e+03 1.196612937873255942e+04 -1.463473111171569508e+04
1.951739142717874756e+03 1.301938621346571563e+04 -1.504405611579099423e+04
1.822535711236428369e+03 1.004872544922736779e+04 -1.153855478996989223e+04
-2.563845880775942533e+03 1.207562459956895691e+04 -1.402696223128678503e+04
-6.485041127495344426e+02 1.012587302530968918e+04 -1.296661622678320600e+04
-2.722327336957850093e+03 1.183089574183938385e+04 -1.357825966202456584e+04
8.018240412393406586e+02 1.193068824603847861e+04 -1.294492069858342074e+04
-3.854994852704564437e+03 1.094268833557727339e+04 -1.280605749148156974e+04
-1.879468384791556673e+03 1.200372987594855113e+04 -1.447042075764857327e+04
-2.637523828134199903e+03 1.396226509561261810e+04 -1.449364766024843448e+04
-3.066463396918488343e+03 1.004756128797588281e+04 -1.468290994480434711e+04
-2.269684235925957182e+03 9.335470654600489070e+03 -1.366347478838924326e+04
-5.884202126152166556e+02 1.266025292367581460e+04 -1.428686462975033282e+04
-2.336749192578664406e+03 1.097416273845867909e+04 -1.479939978143378903e+04
-5.523679289539377351e+02 1.059192250302321190e+04 -1.255089422295193617e+04
-2.862923201173012330e+03 1.205089367474222672e+04 -1.414632342313208574e+04
-1.920593395623126526e+03 9.406270251363914213e+03 -1.474995014193169300e+04
-5.785470211156692130e+03 3.996918865570165053e+03 -2.135684721847498804e+04
-1.929232811376393329e+03 1.117402603111711142e+04 -1.325554588650256665e+04
-1.109210535119162387e+03 1.129344318591244701e+04 -1.399521266121327244e+04
-1.119840394960175445e+03 9.857399023773230510e+03 -1.400740083712211890e+04
-2.508435180395838415e+03 7.462560535089259247e+03 -1.164949497529008841e+04
-1.386539176414591793e+03 6.234296465719588923e+03 -1.318273563076455684e+04
-3.317195973143078390e+03 8.808429530777370019e+03 -1.285270637422770960e+04
-1.492783540841506874e+04 1.098574884913052483e+04 -1.464294520684559757e+04
-8.480683064768099939e+02 1.044987212493665174e+04 -1.392554801140688869e+04
-2.979449934645222584e+03 1.037815363706564858e+04 -1.347132500063047155e+04
-1.656554048765043262e+04 1.028634634792148790e+04 -1.511817560016412972e+04
-3.172707592789437967e+03 1.307959400144497340e+04 -1.179965662950100887e+04
-9.289694448408113203e+02 9.167975945259020591e+03 -1.434942936633404861e+04
-1.861209607409543878e+03 9.646880344646669982e+03 -1.475679119245451329e+04
-1.496158002129987381e+03 1.220104164125185707e+04 -1.334992690827387196e+04
-2.361458854058135785e+03 9.099074456114820350e+03 -1.295784447259834269e+04
-5.758787651412524156e+02 1.031730712646690699e+04 -1.365621912362872172e+04
-8.108686175958918056e+02 1.115784249597120288e+04 -1.386482441084300262e+04
-2.536224374874768728e+03 1.166233298165657288e+04 -1.364200387128211332e+04
3.924540008870718566e+01 1.096714782600618673e+04 -1.320652244175029227e+04
-1.015949300597275965e+03 1.123276281415999256e+04 -1.358747015264754373e+04
-1.898090751873955696e+03 1.030287487359235820e+04 -1.478353544878042703e+04
5.924804512522066943e+03 -1.120626429974013263e+03 -1.882521896535762789e+04
8.880824977308579946e+02 1.185666601457846264e+04 -1.015254118747032953e+04
-4.292525279764974584e+03 7.801882814910015441e+03 -1.208606898409750829e+04
-4.305548595986410874e+02 1.120102506789476683e+04 -1.423653713272330060e+04
3.116851797601098042e+02 1.202458658681855013e+04 -1.454661616328006858e+04
-2.073344638025990662e+03 1.214101581499327585e+04 -1.394435566149308397e+04
-4.464109782821955378e+03 1.170400761552614131e+04 -1.526625810901007389e+04
7.319267971444066916e+02 1.207268762592619714e+04 -1.391315309496827467e+04
7.633417487781123327e+02 9.483569798386643015e+03 -1.296650685158112901e+04
7.809519368241961956e+01 1.392521060392905019e+04 -1.228680725121285104e+04
-4.121126306750384174e+03 9.778898944477015903e+03 -1.281696846837141857e+04
-2.499882743744833533e+03 1.130163457078883039e+04 -1.385177841633030948e+04
-6.110842675712640812e+03 8.854522163613644807e+03 -1.095113899469741773e+04
-2.346060635392666882e+03 1.208716889550046653e+04 -1.348072892952087750e+04
1.014179301752631659e+02 1.491004108134728995e+04 -1.026043678060657840e+04
-1.698084669711443553e+02 1.203421247196405602e+04 -1.416259545391587199e+04
1.179442538344132845e+04 -1.544013887423940287e+04 -4.183428504114264069e+04
-2.214648676656453063e+03 1.311045096811071744e+04 -1.340105897149752309e+04
-1.028673445732912114e+03 1.126311145189971649e+04 -1.373030587222667418e+04
-1.861434265338321438e+03 1.036800292147111577e+04 -1.430607330837948211e+04
-1.636994056167189456e+03 1.685457121524108516e+04 -2.175732980168629729e+04
-3.742330026656998598e+03 1.025747330601918657e+04 -1.607795302219389851e+04
-4.158153189387060138e+02 1.050832512677023624e+04 -1.324812851639404471e+04
-2.800503541521692568e+03 1.089022403162858063e+04 -1.542418649244423432e+04
-1.807035668115401677e+03 1.001175735317424915e+04 -1.533996709787778309e+04
-4.586674501638420338e+02 9.676606494217336149e+03 -1.436789623742395270e+04
-1.080652910996884884e+03 1.089474812115427812e+04 -1.396702364715909425e+04
-1.319883020498310088e+03 1.180064692186688626e+04 -1.381314961959876018e+04
-1.537445330278512984e+03 1.078183639484552987e+04 -1.345263375212377287e+04
-6.355952125289164769e+02 1.656623091433361697e+04 -1.624978417483317753e+04
-1.331327997385410345e+04 1.216291169994643678e+04 -1.488051867458591732e+04
-1.815082202426895037e+02 1.087092093704589206e+04 -1.381564979206921998e+04
-4.500660372634749820e+02 1.094933489603078488e+04 -1.364970295499515305e+04
-5.348216881389648734e+02 5.720458383056031380e+03 -1.492529726186051994e+04
-2.487877731768551712e+03 9.217384013811155455e+03 -1.304696730987997944e+04
-2.889581887072592053e+03 1.303848882509312352e+04 -1.391682199469627994e+04
4.430199304216631617e+01 1.121997398913623329e+04 -1.385798951854067491e+04
-1.802187068368579276e+03 1.063274138349894747e+04 -1.277355816556391619e+04
7.241986878050696396e+04 3.391224219058763993e+04 -3.931935326434230956e+04
8.686284363494794434e+02 1.293786014418295053e+04 -1.341163472883518079e+04
-1.957841381183437079e+03 1.095589786230009486e+04 -1.299259767074772935e+04
2.219813549377340223e+03 1.397465739638051855e+04 -1.391140529468046043e+04
-1.680163761815319504e+03 1.015291961393681413e+04 -1.360968457444953310e+04
-1.630671363089567194e+02 1.073203118808851286e+04 -1.493401277167746230e+04
-3.536852771971997299e+03 9.526697475683429730e+03 -1.293592927114477425e+04
-1.757099406261747390e+03 1.075518062089759042e+04 -1.232168713869759813e+04
-1.692266895877446223e+04 -1.579856402170572983e+04 -1.523241834903784002e+04
-1.089694241532412207e+02 1.237936987590725039e+04 -1.333671628182481982e+04
-2.671313845596660030e+03 1.038573086153104305e+04 -1.361279426525516647e+04
-1.406238615509665351e+03 1.092959039681158174e+04 -1.349927117067242762e+04
-1.757049959854085046e+03 1.183722828402440427e+04 -1.451034807505795288e+04
-2.524113331878600093e+02 1.042679856117979034e+04 -1.536244149991603263e+04
-1.837888001243731196e+03 1.113461320840972439e+04 -1.359664770414118902e+04
-2.170667212518852466e+03 1.196341380651086183e+04 -1.355495989006473246e+04
4.410747271016067316e+03 1.571297001369047211e+04 -1.567637555726286882e+04
-2.828958848582612518e+03 1.004647115971201129e+04 -1.375202215864416758e+04
-8.820973006239271399e+02 1.159230034686285217e+04 -1.403782285337066787e+04
-1.486943820519714563e+03 1.258950984099569905e+04 -1.429296572598601415e+04
-6.384734688448228553e+03 3.766605477886657809e+03 -1.639868059718597215e+04
-1.578499725954939095e+03 1.100401075059278810e+04 -1.385796871762044611e+04
4.552336066356876108e+04 1.876345018257527772e+04 -3.624752170138389192e+04
-2.406734370870326529e+03 1.096185863108970443e+04 -1.341803204357618233e+04
-1.156341200798092132e+03 1.055318788764890451e+04 -1.412613926095913848e+04
3.364334849741703692e+03 1.267753679672353974e+04 -1.337604491687766858e+04
-1.164184870406828395e+03 1.055930928056252378e+04 -1.351959228048126170e+04
-1.262814677232907570e+03 1.028701606202203766e+04 -1.418440683450972938e+04
-2.059594397902060336e+03 9.887033631033307756e+03 -1.419307724840653100e+04
-5.524551684366119844e+03 1.206409183547415705e+04 -1.408089425078450404e+04
-1.891660858312080018e+04 5.293254202998985420e+03 -1.314191288364307729e+04
-1.712245724909892260e+03 1.134461125390459711e+04 -1.434698646440558878e+04
-1.229429504456020368e+02 1.097292846086004101e+04 -1.384432772232164280e+04
5.367302065660838934e+02 1.202524060802712847e+04 -1.401822192419132989e+04
-1.277134037756478619e+03 1.015090016278766052e+04 -1.376085194534963557e+04
6.324443296835547699e+02 1.480188088242183585e+04 -1.601022752421914993e+04
-3.670927193940116467e+03 9.128993382286784254e+03 -1.428902883182345795e+04
-7.806432922187912027e+02 1.229864859655630062e+04 -1.414305193110883010e+04
-3.135699507707908197e+03 1.129304308616466733e+04 -1.352206262620793677e+04
-2.573738301627028250e+03 1.152348405355162686e+04 -1.358360576165977182e+04
-3.557929702630907514e+02 1.299044398579016888e+04 -1.406048299205879994e+04
-2.470131763917847366e+03 1.082731834034133135e+04 -1.315292837582982975e+04
-2.833708949300459153e+03 1.185174884490315708e+04 -1.222476533475896213e+04
5.880297096161552872e+01 1.267436243115461730e+04 -1.319098049839976375e+04
-9.602280319398217898e+02 7.708277287268818327e+03 -1.165288559892509875e+04
3.664215597284053365e+04 1.738726788872026009e+04 -1.432812901770483950e+04
-4.245653023224971548e+03 3.045612759992518477e+03 -1.895566740504315749e+04
1.346950930665780675e+02 5.649485543068584775e+03 -1.790872790291671117e+04
-4.378879899001517515e+03 2.293768581395939327e+04 -8.120180867892276183e+03
-4.750752830589796076e+02 1.226708148316833285e+04 -1.170866766802246457e+04
-4.164842835416777689e+01 1.307937962088063978e+04 -1.212617292142514270e+04
-5.566627965454285913e+02 1.104367379682843421e+04 -1.389973197922411055e+04
-3.366411998178874114e+02 1.206215303469705941e+04 -1.438221436576995256e+04
-1.664524658135875370e+02 1.282768095339514184e+04 -1.398387048006918121e+04
-1.538429085105852664e+03 1.013272259110297091e+04 -1.379806054784636399e+04
-4.860156439116513866e+03 7.984408450025784077e+03 -1.363057657083014965e+04
-6.085088947871836353e+02 1.215787582629810277e+04 -1.381553307190589294e+04
-1.715764866413956042e+03 1.180376226406160640e+04 -1.343629060529370872e+04
7.806722510406018500e+02 1.556864305660629179e+04 -1.099267063089441217e+04
-7.684027771671121627e+02 1.166567739959169558e+04 -1.349446971541153107e+04
-2.521972379622455719e+03 1.117085170054671107e+04 -1.433138845717018012e+04
4.954302598657759518e+03 1.589372308088658610e+04 -1.941134217345460638e+04
2.362862662457287968e+02 1.093097171413140859e+04 -1.383266745199490288e+04
-2.620889803270534230e+03 1.009738267418574469e+04 -1.368154761569068614e+04
-1.756256011480486632e+04 2.248794977973810455e+04 1.873728071106330844e+03
-1.807074969738587242e+03 1.174619033325123746e+04 -1.317071614681116989e+04
-4.726294691314294141e+03 8.878707881548562000e+03 -1.377301753796481171e+04
4.537686167692183972e+02 1.213681595208720864e+04 -1.552782407428857368e+04
-9.311842491446050190e+02 1.149212262141357132e+04 -1.320301694292501816e+04
-1.078752823206814355e+03 1.088151091517713394e+04 -1.403224737470514447e+04
-2.479252613670275878e+03 1.171968178899415761e+04 -1.337396262344608840e+04
-2.063822771495248389e+02 9.197795534275712271e+03 -1.597199313313769926e+04
6.769755759370339092e+02 1.290165777007347788e+04 -1.406236549679244490e+04
1.592034025529216876e+02 1.384456298797375894e+04 -1.411545760452698232e+04
-1.205928222392247790e+03 9.538142624374000661e+03 -1.411237521393618954e+04
-3.527100916794517616e+03 2.231423484873678899e+04 -5.696791632632004621e+03
1.668161977790066430e+03 1.040932777417125726e+04 -1.394390964030860778e+04
-2.760656140836998929e+03 1.128253925468320449e+04 -1.378542832900639951e+04
-6.395016342966212505e+03 1.816026259084495541e+04 -1.603751984027975232e+04
-1.665434685686797366e+03 1.239195150972750525e+04 -1.391808166544490814e+04
5.543103575397276472e+02 1.328471026986816833e+04 -1.352654876519873687e+04
-2.552246445367486103e+03 1.106356052196547353e+04 -1.384767019785897355e+04
-8.252871871711300628e+03 1.669125955369332223e+04 -1.518376200084104494e+04
-1.464025786800988499e+03 1.020075507793267025e+04 -1.361797824840995054e+04
-2.756469145904921788e+03 1.108149245719000464e+04 -1.397513034591237192e+04
-9.354301721132019338e+02 1.346425920797075923e+04 -1.396982419828096863e+04
-1.974215442371248628e+03 1.122619160550106972e+04 -1.349432727154260101e+04
-8.553147445001939104e+02 1.084974601406936017e+04 -1.365512699463802346e+04
-3.156113914687564375e+03 1.001478493788086053e+04 -1.376242901945883932e+04
-2.867440885667846032e+03 1.012615041705756084e+04 -1.336956838366164266e+04
-1.904616310056509519e+03 1.017889904619178378e+04 -1.359852179085813623e+04
3.139668955307012766e+03 1.205482226119687948e+04 -2.143811232069402467e+04
-3.647862030333116309e+03 5.493639832506424682e+03 -1.036707551569188945e+04
-1.491258062001681083e+03 1.238635638455480512e+04 -1.350010666011146714e+04
3.224908885585313328e+03 1.728878656721900552e+04 -1.059700419060091008e+04
-5.631389922593132724e+03 1.675850199182470897e+04 -1.362433840320516538e+04
-2.945754831001669118e+03 1.422673151339846663e+04 -1.339633930707063337e+04
-1.375438390259686457e+03 1.080597047568791095e+04 -1.395882430068496251e+04
-1.601228803071362563e+03 1.131979302319954695e+04 -1.364174485474614085e+04
-1.007334829951175948e+03 1.078877840073207153e+04 -1.381453622536350849e+04
6.184476872204379106e+03 5.805599236699601170e+04 1.738169191383325233e+04
-1.213906570815207260e+03 1.219851321470525363e+04 -1.386317816198280161e+04
-1.896382616879612215e+03 1.127201763897453202e+04 -1.368519854939595643e+04
-1.820767570016532318e+03 8.711296150219632182e+03 -1.468067714974566843e+04
-1.903639242507682866e+03 1.199362205651939439e+04 -1.338882403341099962e+04
-2.672873174458130961e+03 1.226455845514562134e+04 -1.414931585507854834e+04
-1.106652017539116514e+03 1.161237295576452016e+04 -1.371392284092443515e+04
-2.201179904509129756e+03 9.869291752871686185e+03 -1.383863008886503485e+04
-7.299894410191175666e+03 1.109895245146335765e+04 -8.593789391696858729e+03
-1.866780717318502639e+03 1.089874066526968090e+04 -1.331478221007837783e+04
-2.182415367045939547e+03 1.145710812594813797e+04 -1.372428334065002491e+04
-2.233033469735774361e+03 1.074349415987049906e+04 -1.298629851039177629e+04
-4.742023674478146859e+03 1.850958328326347328e+04 -9.766133575469815696e+03
-2.335862367605377585e+03 8.498041624282102930e+03 -1.379329527414698896e+04
8.544808873907858242e+02 1.221808094997825719e+04 -1.495782632106530218e+04
1.174722979074511750e+04 6.968697443835577360e+03 -1.557090221648645820e+04
-3.342956568613507443e+03 1.102059828559254311e+04 -1.391943428378776662e+04
-3.550816731100058405e+03 1.101651765081936901e+04 -1.412647460745653370e+04
-8.929387893106527372e+02 1.067946520002252146e+04 -1.357325572292110519e+04
-2.840630378189293424e+03 1.125843097619376749e+04 -1.376178280281471598e+04
-8.397336401327065687e+03 1.047335477361001358e+04 -8.755137954620236997e+03
4.155657839198770489e+02 1.121404536750124498e+04 -1.370564680768891412e+04
2.793988660107962278e+04 2.965779588249212611e+04 -5.503736720508552935e+03
-1.154962295822189844e+03 1.099265562710695485e+04 -1.374097985595002501e+04
2.046703460017658927e+02 1.204309504192162422e+04 -1.429790957381444787e+04
-8.235265510537510636e+02 1.235090690348606586e+04 -1.492737211894537722e+04
1.456510452546871875e+03 1.130990303974391281e+04 -1.542532226467594955e+04
-1.000625993348422071e+03 1.151470410351631472e+04 -1.367519766345729840e+04
-2.637405864563914747e+03 1.106361442462224841e+04 -1.349517566505617287e+04
-1.715783118481087740e+03 1.123396534479461297e+04 -1.381256491095824640e+04
-3.390953471551435428e+02 1.305422314535588521e+04 -1.305144144413176582e+04
-1.399478235477381986e+03 1.057871375673413422e+04 -1.378449368278638030e+04
-1.053676230884811503e+03 1.116441520110275815e+04 -1.407748502215985536e+04
-1.789919486860975439e+03 1.232773660346040015e+04 -1.348979220326372524e+04
-1.491828988347159338e+03 1.209046660486495966e+04 -1.352903171705107343e+04
-4.648867102723977496e+02 1.079065477252709934e+04 -1.465608985170465166e+04
-3.028082624528422457e+03 1.111234037405638628e+04 -1.519814356039973973e+04
-2.263495409814378490e+03 1.042781393414372542e+04 -1.215380899657027476e+04
-3.915442639142982443e+03 9.561020838308053499e+03 -1.218741036627252834e+04
-3.779729184438868742e+03 8.671448351322349481e+03 -1.351017246917377634e+04
-2.692991777872219700e+03 1.121324300175900134e+04 -1.420508599872455670e+04
1.830572977995073870e+03 1.198595023925794339e+04 -1.224422200635827357e+04
-2.257284602821172939e+03 9.727913953013614446e+03 -1.375875029537955743e+04
-6.340157155293314872e+02 1.068421054651595841e+04 -1.385220363035082119e+04
-3.548643244753523618e+02 1.131918537088056837e+04 -1.233191157854184530e+04
-4.623840173199205879e+02 9.283117517814880557e+03 -1.343703927534380637e+04
-7.868399763069965047e+02 1.215945991070699893e+04 -1.329107200131482932e+04
-2.098048121422033546e+03 1.152601710003049084e+04 -1.374875864545174954e+04
-2.769242204921372831e+03 1.146887477227334603e+04 -1.350260602722875410e+04
-1.916427794386994719e+03 1.147875662251184258e+04 -1.384776766533749833e+04
-2.374254174673484613e+03 1.078478241189171968e+04 -1.359146569712451128e+04
9.955790946999726998e+01 1.154280721995496606e+04 -1.496505417244454657e+04
-1.257032035575167129e+03 1.175807437750852296e+04 -1.346765399195691498e+04
-1.685851637156833931e+03 1.405565324317847808e+04 -1.360222543748570934e+04
-1.780486301648385506e+03 1.154411862590435339e+04 -1.372356231514407409e+04
-1.749049383519231469e+03 1.134496011464949879e+04 -1.384418756268946345e+04
-1.460178729770932250e+03 1.141712299035005890e+04 -1.572087704051055698e+04
-1.902041838085256586e+03 1.000923684459632750e+04 -1.357234031656728439e+04
-2.340215243134057346e+03 1.143386291406679084e+04 -1.362496272380433584e+04
-2.927790051480690181e+02 1.195276908072722290e+04 -9.513316356228626319e+03
-2.819981428409204909e+03 1.009220952935392597e+04 -1.460765958423160373e+04
-2.610956341629866984e+03 8.262216380598742035e+03 -1.492884848730624617e+04
2.303124505223361211e+02 1.174412601382203502e+04 -1.359712242078778581e+04
-1.606872476863057727e+03 1.228241677273329515e+04 -1.151205999661943133e+04
-3.890847709100678185e+04 3.362656776520107815e+04 -7.127874137535160116e+04
-1.601825714683825254e+03 1.033120232253746508e+04 -1.382100017326325360e+04
-2.093179785274417554e+03 1.235653157084083614e+04 -1.334609029279430797e+04
-2.024506260674109626e+03 1.030921613667063866e+04 -1.357986397370337545e+04
-1.309545123189705464e+03 1.271522617823839028e+04 -1.376814414398969348e+04
-1.439624188853040778e+03 1.109161854045634936e+04 -1.375468221439081572e+04
-1.634403954549943364e+03 1.149059621962361234e+04 -1.352987889410468051e+04
5.660662145878033016e+02 1.636787072632314266e+04 -1.210772948457640814e+04
-1.238056560538104804e+03 1.111983648944459674e+04 -1.381151317775734242e+04
-2.150264947786880384e+03 1.023818001109821671e+04 -1.526730899004324419e+04
-1.427120016620350725e+03 1.112301696266467843e+04 -1.372321660035582499e+04
-2.146809070064352454e+03 1.013590684283825613e+04 -1.434906527834886765e+04
7.273945096336856295e+02 1.595815628263009239e+04 -1.531323212203769253e+04
-1.892607607061561794e+03 1.114463082765806212e+04 -1.357830242387034741e+04
-5.427083797978943039e+03 8.963635504591629797e+03 -8.568727743927254778e+03
-1.392583279274840152e+03 1.179740913632484444e+04 -1.346025823642798423e+04
-1.210626323388930359e+03 1.081690159584696084e+04 -1.379179757800817970e+04
5.439369265303853354e+02 1.003864698932681677e+04 -1.419206295059253716e+04
-3.026449067464419386e+03 4.069493786699086741e+03 -1.567248442162720312e+04
-3.362021503445439066e+03 1.044168428201943607e+04 -1.069067680522201226e+04
-7.108144822978613320e+02 1.240402740283976709e+04 -1.344395754316430248e+04
-1.187550910870459575e+03 1.175228553347969864e+04 -1.377641325455526385e+04
-1.351848509717392972e+03 1.045898531574350818e+04 -1.372965163771144034e+04
-1.955638344213206210e+03 1.138719486744336973e+04 -1.448970211198143079e+04
-1.691292188282686539e+03 1.251261317808333843e+04 -1.337540624109611417e+04
-3.351487415161029276e+03 1.216405033964691575e+04 -1.404987420117015972e+04
1.289103979652027192e+02 1.124938625338492602e+04 -1.376512700225488697e+04
-3.993884637790577926e+03 1.177591232577590381e+04 -1.268157876008170206e+04
-2.041862790067797732e+03 1.117560098103643395e+04 -1.351040640365085528e+04
-1.667022095882198528e+03 1.224331884032706876e+04 -1.379831564652629095e+04
-3.170421904668994102e+03 1.017950033746641930e+04 -1.310083282703432451e+04
-2.840634739818520757e+03 1.280534838619920447e+04 -1.514800444780092403e+04
-1.125660403462701470e+04 1.625615084721455423e+04 -1.119815838397965308e+04
-2.329388948458520190e+03 1.212346399612687310e+04 -1.337158134936891292e+04
-1.939796603290320490e+03 1.382774452197605751e+04 -1.302732561182718564e+04
-1.032316058579468518e+03 1.144333136100332740e+04 -1.372568496681089164e+04
3.348346761863286702e+03 1.154593695144932644e+04 -1.208914956874317431e+04
-2.513971252553871636e+03 1.050194833796591774e+04 -1.393747463476911435e+04
-3.415730657777318811e+03 1.117839126909098013e+04 -1.602769318863977787e+04
-2.709533692520696604e+03 1.016750311819591479e+04 -1.433277723216947379e+04
-1.452382334674697631e+03 1.194264822560626817e+04 -1.345760321509263849e+04
-2.549848423230031131e+03 1.088233459564356417e+04 -1.352403054027750841e+04
-1.408138984138652859e+03 1.225883327916258168e+04 -1.366260247676745712e+04
-2.414877270666667755e+03 1.102295090512265961e+04 -1.349596700516155579e+04
-1.563027970937846021e+03 1.086226302698031759e+04 -1.381030219006342304e+04
-1.301068589815445648e+03 1.086205370358039909e+04 -1.369557757357413357e+04
5.960601829746836302e+03 8.147244767974502793e+03 -2.219804222423785177e+04
-2.299778537316713482e+03 7.047635861581224162e+03 -1.494014444614080094e+04
-2.240857984268774999e+03 1.078527022896998824e+04 -1.346595351461108839e+04
-1.210940372093184124e+03 1.153571008424559659e+04 -1.368977920381732656e+04
4.325505265250441198e+02 1.083193295051424138e+04 -1.416223629285357310e+04
-2.413991214040122941e+03 1.095203770342816460e+04 -1.383792495597144261e+04
-3.658308855203109033e+03 8.910817286068349858e+03 -1.446892344701141155e+04
-2.571856477693299894e+03 1.093705462717556293e+04 -1.359591862509068596e+04
-4.189898158148289440e+02 1.201939147704123388e+04 -1.410016990071159671e+04
-1.586733032890819686e+03 1.079662341587121591e+04 -1.385163110730963308e+04
-1.923177572810163383e+03 1.102962338551330868e+04 -1.398862002286747520e+04
-2.146664671010434631e+03 1.079932151733556202e+04 -1.356140626895984315e+04
-7.268187521060229301e+03 7.902619296709246555e+03 -2.391935617813539648e+04
-2.107981940929516441e+03 1.131012160928119374e+04 -1.366536946117554362e+04
-2.500246728716532743e+03 1.091580200307476298e+04 -1.393891272569284956e+04
-2.396738052584230900e+03 1.159744100654295653e+04 -1.465203987995034731e+04
-1.874077656019160713e+03 9.756201330922993293e+03 -1.355979929946800621e+04
-1.106167918337431274e+03 1.160469017773615815e+04 -1.398570766857455601e+04
-1.721574301909268343e+03 1.135501608149670574e+04 -1.364849128974461200e+04
-7.018966232235744656e+02 1.219580419016612359e+04 -1.444043939074129412e+04
1.449591764174788477e+04 -7.310757083562723892e+03 -8.193640752898334176e+04
-1.758508775647046605e+03 1.172779897244620042e+04 -1.390434583509411823e+04
-1.331472243894653957e+03 1.121815798271281164e+04 -1.379079852698903778e+04
-7.433470583764304820e+02 9.456234663635226752e+03 -1.377048312262230866e+04
-2.739112418489140964e+03 1.014317817114503305e+04 -1.380322146613597033e+04
1.048914018860913984e+03 1.511441029582127703e+04 -1.372096270880530210e+04
-1.659130113463906582e+03 1.125371281407484094e+04 -1.390032689510248747e+04
-2.362647111577542546e+03 1.177221465391820857e+04 -1.325827201230566425e+04
-2.780678569305590827e+03 1.133674554736938626e+04 -1.318512199478606999e+04
-2.406601198839548033e+03 1.037681690048217024e+04 -1.376414828187920830e+04
-1.303610578621535979e+03 1.037437379745957878e+04 -1.339518515710680913e+04
-1.932916666052857636e+03 1.141318505176622239e+04 -1.398449119979933494e+04
2.451164350498095700e+03 3.950321605886867928e+03 -3.309838990283983730e+04
-1.543956378854240029e+03 1.199399814621794576e+04 -1.386368291803078500e+04
