-7.129921884598631004e+04 1.533089219601270656e+02 -1.324625845355008096e+04
-4.161564203425866253e+03 5.694958512098657593e+03 -1.536969374376675114e+04
-2.983540478396317667e+03 1.281187309388086396e+04 -1.461289771492683394e+04
-8.802124004160035838e+03 2.947976360578875301e+03 -1.580113070770263585e+04
-7.904701966359407379e+02 1.116722819389297183e+04 -1.439707199757071248e+04
7.662315571398007705e+03 1.425785941546630784e+04 -1.258874726459027988e+04
-6.065798302303182572e+04 1.726068375163844757e+04 -1.580224609203292857e+04
5.918279423460438011e+03 -8.826640539748249239e+02 -1.235529310662251919e+04
3.110720363773006056e+02 1.374947035261383280e+04 -1.328297684516670597e+04
-6.503456766472505478e+03 1.653684790597465690e+04 -1.036834481319399856e+04
-5.049056150182241981e+04 1.047595325683288365e+03 -1.480934281278763774e+04
-6.392489395772186981e+03 1.728395500958658886e+04 -1.452092152653999256e+04
-2.155085984931860366e+03 1.134745744566422582e+04 -1.409076401364175945e+04
-5.356585714416812152e+03 -1.767441974135436794e+03 -1.435952283630863531e+04
-4.844815556437699342e+03 1.023205413308920470e+04 -1.329520780495967301e+04
-4.124197643991040422e+03 1.137490355306431593e+04 -1.533627282764291522e+04
-1.190972725699106559e+04 1.700982731399492695e+04 -1.346240822918565937e+04
-5.274539740646044265e+03 8.993547102569778872e+03 -1.479670523785454316e+04
-3.141122972502554148e+03 1.337589497979466069e+04 -1.227085717328566534e+04
-7.490129350609477115e+03 1.387153774040223470e+04 -1.491359805004030386e+04
-1.295896606198444488e+03 1.119944130844922984e+04 -1.510826658251659865e+04
-1.030461641311974745e+03 1.087024117290441973e+04 -1.451390911743790821e+04
3.415077102906991513e+01 1.291532970408334040e+04 -1.385943464079222940e+04
-1.793638603268085490e+03 1.083014801506950607e+04 -1.485424337586255569e+04
-2.380421200522486470e+04 2.182901798560489260e+04 -1.223410925217859949e+04
-3.765483194677678966e+03 1.290818058388699501e+04 -1.316813108455424299e+04
-8.989396554713696332e+02 1.230031055832692255e+04 -1.445227958265987763e+04
-6.897578505725604191e+04 3.166720546926951101e+03 -1.121038624516660457e+04
-2.740971869449971109e+03 6.359385682521516173e+03 -1.551529980872769738e+04
-4.619428334645758150e+04 1.782832251925377932e+03 -1.348179430534743915e+04
-6.785890258580651425e+04 2.962521183294264119e+03 -1.174441439324902240e+04
1.238973506651882417e+03 5.215611061887727374e+03 -1.463670808737336665e+04
-1.399122739438153928e+02 8.142878177912100000e+03 -1.521581921444751060e+04
-1.930769961790931848e+04 2.637844022174536076e+04 -2.224905794986645560e+04
7.252575307144278440e+02 1.484108272549524372e+04 -1.406271954246626956e+04
-1.901870133268135078e+03 9.946685805847531810e+03 -1.400423556198467486e+04
-2.925316381219771756e+03 1.103968792379222941e+04 -1.435004315957424296e+04
1.530732449367110803e+03 1.014729572689632005e+04 -1.171486435504345536e+04
-2.368264223363234123e+04 -4.109442341707922606e+04 -1.581640372021722760e+04
-7.990248409476283769e+02 1.331301401551084746e+04 -1.510272615181303809e+04
-2.260755108202772590e+03 1.148370322202023999e+04 -1.315974171970913449e+04
-3.128610285661810849e+03 9.713686434124245352e+03 -1.427296575602469966e+04
2.361313293781745961e+04 -1.589476433194871934e+05 -8.366923945438597912e+02
1.231090028830293522e+04 -2.069275673681566332e+03 -1.402447262417591264e+04
8.585042895513826807e+03 1.027339822796073349e+04 -1.216489020467069349e+04
-7.437532364165563195e+03 8.172841762467587614e+03 -1.471053679981981986e+04
-6.962178237358990009e+04 3.004276631631142209e+03 -1.100088909008230075e+04
-6.135803475904434890e+03 1.172411016428139192e+04 -1.416110035760837309e+04
-3.806280970876678566e+03 1.115671610207790764e+04 -1.402853896572443591e+04
-6.699284820196130568e+02 1.265198333253440433e+04 -1.361980896335564103e+04
-8.166603498466510246e+03 2.936084990767210002e+03 -1.324073620177559314e+04
-8.357612270646448451e+03 6.697964971852249619e+03 -1.486692049263299486e+04
3.869073714840597859e+03 1.085400518321542768e+04 -1.597257152118391787e+04
5.205740896435308969e+03 7.904355048050408186e+03 -1.675032182799195289e+04
3.546044621896115132e+03 8.104581027430932409e+03 -1.408269351717004793e+04
-2.813476522428738463e+03 9.759713918132942126e+03 -1.431090111379217160e+04
-1.240449503262945655e+05 -9.283342578696698183e+03 -1.520928074290768927e+04
-2.803626647112660066e+02 1.539795854776798842e+04 -1.287338549314544434e+04
-6.788940458394645248e+02 9.044221367907142849e+03 -1.520050882345875470e+04
-2.470008968442280093e+03 1.194454090512037692e+04 -1.391517805974475777e+04
-1.375754844862657365e+03 8.412696890955225172e+03 -1.300810765749910934e+04
-3.873386611734070357e+03 1.767393206910538993e+03 -1.272814811481764445e+04
-6.294470458495211460e+02 1.233183291900308905e+04 -1.379558608902668129e+04
-3.331911079223607430e+01 1.073176779288320540e+04 -1.433541887989105089e+04
3.393793921751469043e+02 1.219797894508032732e+04 -1.354890515391869121e+04
-5.824821381358876351e+03 4.695532513835824830e+03 -9.145844823175695637e+03
-2.082574745564078967e+03 1.391290161258485386e+04 -1.416947014149280221e+04
-4.035117570745790090e+03 1.033199421226789309e+04 -1.438322443675035720e+04
-2.194328206424694145e+03 1.251871941163292649e+04 -1.281928558040408643e+04
-2.562146968978905716e+04 -3.438757783268643107e+04 -2.002533620946314841e+04
6.405992763885564045e+02 1.349277965770828996e+04 -1.501161419303309049e+04
1.456055677942871853e+03 1.547845354543070061e+04 -1.505612089672413458e+04
-6.933650586164860579e+04 2.469448786525133983e+03 -1.070683278721897295e+04
-8.320448300797786487e+02 1.150476958980312156e+04 -1.432524506527413541e+04
2.060394970687503701e+03 4.167143013767376033e+03 -1.723926563712260031e+04
-3.253493502055980571e+03 1.425559934674563192e+04 -1.308582710832353041e+04
-1.095346508058532891e+04 1.709632742197918924e+04 -1.284913291538975136e+04
-5.186304239020832028e+04 5.312254130921342039e+03 -1.529176071534728726e+04
-2.005824589002053699e+03 1.313905236801227329e+04 -1.385454131555589629e+04
1.667913977179848644e+03 1.256646799042278872e+04 -1.459398291980602517e+04
-8.169853902164435567e+03 1.148796775005309064e+04 -1.553851813206079714e+04
-2.291245731410142980e+03 1.029328120536103961e+04 -1.357387687295627620e+04
-4.203559956955746202e+03 1.099139321358293091e+04 -1.354249053847344840e+04
-2.929666292561562841e+03 9.719546813985974950e+03 -1.546785888628462271e+04
3.983313000756623751e+03 1.317384998810723300e+04 -1.395767691473567902e+04
2.988109609213330714e+03 3.401305831514100646e+03 -9.593780332088052091e+03
-2.757589446266747473e+03 1.256901875508668491e+04 -1.429466684630050804e+04
-3.398978789814513675e+03 1.581124734835991330e+04 -1.387740975329825233e+04
3.576419421500417002e+02 8.485122899549158319e+03 -1.348128979545259790e+04
-3.541525202668170550e+03 1.202276343922823071e+04 -1.413430178640034137e+04
-2.336517725219635395e+03 1.598523787150188946e+04 -1.406535615907760075e+04
-2.287034031031969789e+04 -5.757036887311770988e+04 -1.967906620331000522e+04
-4.943536830263984484e+03 1.090600718599355969e+04 -1.442864325948199257e+04
-1.802566707835642774e+03 1.121753122979225191e+04 -1.409659363540810955e+04
-3.195354981519810167e+02 1.154373055434546040e+04 -1.428180405989392602e+04
-4.956809498730295672e+03 7.178881513658390759e+03 -1.646822346272228606e+04
-2.855271568818717697e+03 7.619142097012309932e+03 -1.502396541733025879e+04
-3.984758402064746861e+03 1.605708485805928831e+04 -1.321283783224846047e+04
-4.645831870165113287e+03 9.717623514106291623e+03 -1.652826307969999834e+04
-3.481891289106697513e+03 7.381076415132748480e+03 -1.485523767014781515e+04
-4.918258494086481733e+03 1.249706812971365434e+04 -1.237708328726185209e+04
-9.174597381428978906e+02 2.522681361208473845e+03 -1.577758284532170728e+04
-2.532194354135476715e+03 1.128932955698409205e+04 -1.357310237488598432e+04
-3.216573172356911982e+03 1.103817204355089780e+04 -1.642147292306545569e+04
-4.401290909765216384e+03 1.153708748557582294e+04 -1.440448049917971730e+04
-2.698946017162446424e+03 1.090790332221827884e+04 -1.386104606010052885e+04
-1.025984429236052847e+03 9.369279737542106886e+03 -1.762957205183488986e+04
-6.464994649636665599e+03 1.546304140836387160e+04 -1.408193461332220068e+04
-2.829410476504689314e+02 1.197242547337353062e+04 -1.391617500675824340e+04
-3.432935347216164519e+04 -2.144290667676385419e+04 -3.004275256159480705e+04
-6.343733478625468933e+02 9.200593899015988427e+03 -1.441504319602101168e+04
-2.783487171522979224e+03 1.183337862912212040e+04 -1.428691444854696238e+04
1.108015161583309691e+03 9.152975130177434039e+03 -1.583698406312122097e+04
4.780167495235593833e+01 9.628912042049501906e+03 -1.398647744765680363e+04
9.738642391910503875e+02 1.234457072213986066e+04 -1.514827521014474041e+04
3.550455436283324389e+02 1.153339281166705769e+04 -1.211815974769982495e+04
4.460207174786602877e+02 8.367089376660875132e+03 -1.322028152052739460e+04
1.148222766839974793e+04 -5.780563325779471779e+04 -2.815770017875487611e+04
-4.159782117873864991e+03 1.105152075489695198e+04 -1.438645437712154671e+04
-2.790137970599475921e+03 1.166145733369727168e+04 -1.391173237736443116e+04
-4.908461129139766854e+03 1.046569538221945004e+04 -1.194101465067848403e+04
1.685053758370413561e+02 1.160489371308474074e+04 -1.470679584191928734e+04
-1.407800817640041714e+03 1.113070015344867352e+04 -1.362686580060514825e+04
4.810009684111378192e+01 1.392480552394330698e+04 -1.349110366855197572e+04
-4.501807960670610100e+02 1.351513539247775043e+04 -1.606165586339067704e+04
7.363370053350432727e+02 1.159880830091282223e+04 -1.533436850934453832e+04
-1.206282064718175207e+04 1.064732327576496391e+04 -1.007360357046237368e+04
-3.292305673265431778e+03 1.598889128532627728e+04 -1.398112230602860473e+04
-1.386843128230778348e+03 1.369675854975525908e+04 -1.202484079022749393e+04
-1.641179154727188688e+03 1.248398871307239642e+04 -1.431416774300869838e+04
-3.014748264591685711e+03 9.396246038645431327e+03 -1.536193780564058034e+04
-2.607834619004510387e+03 1.122042176787669268e+04 -1.516241072183105825e+04
2.831046559029872469e+02 3.980998633630777931e+03 -1.585849110851336991e+04
4.147435147134457111e+03 1.025502630869847417e+04 -1.251269399297324890e+04
-4.145941645112144215e+03 1.644546384859054160e+04 -1.331289570087889479e+04
7.415745321510986287e+03 6.949820131009745637e+03 -3.131649417182131947e+04
-7.043492813616625426e+03 1.305235166968633712e+04 -1.424892424725636192e+04
1.769686968106176664e+03 7.347240068835337297e+03 -1.281930508210452717e+04
-3.016307471332810337e+02 1.434382453703799729e+04 -1.414701838754346318e+04
-1.683117872176224864e+03 1.275174827460255437e+04 -1.283945905016996767e+04
-1.112319919383371598e+03 1.209347321036777612e+04 -1.479915516604904406e+04
-2.373238764712677948e+04 -2.777751267638349964e+04 -1.795797182806009369e+04
-2.700746468882231056e+03 1.122537161565535280e+04 -1.353467304909374252e+04
-2.278912677705008264e+03 1.164053525185710714e+04 -1.483384006998273253e+04
-7.530335646252510742e+03 1.207828490085283738e+04 -1.416607338049193640e+04
7.164923054706059702e+03 1.714920825707587937e+04 -1.731558606560185945e+04
-2.874009850046639258e+03 1.087867098030576562e+04 -1.218737932948033085e+04
-8.476187215200598075e+03 1.037235710709760497e+03 -1.818121646638217499e+04
-2.213360660603236465e+04 -4.214298033467456116e+04 -1.716557905172082610e+04
-1.241364687799081366e+03 1.252868562991537692e+04 -1.425790897377391229e+04
-4.108372821031807121e+02 1.336128577576804673e+04 -1.334285893670122277e+04
-2.444727781803317157e+03 1.322170336980873617e+04 -1.212701321933676445e+04
-4.562377847317280612e+03 1.854301155167638353e+04 -1.640208632474709520e+04
-7.037904318516714739e+03 -1.544526527402833153e+03 -2.020629350652307039e+04
-9.296719056255613395e+03 1.222528387354081497e+04 -1.270113178098542085e+04
-4.204448415145346871e+02 -6.807791186527692480e+04 -2.581368755422103641e+04
-2.844914277775066694e+03 1.197663265036154189e+04 -1.558426574486450772e+04
-1.190390358752493739e+03 1.088952555028110692e+04 -1.433139038559893561e+04
-1.753215474978380598e+03 1.231909020830716508e+04 -1.402875502131728899e+04
-9.254152925693065299e+02 1.465902384764126327e+04 -1.221150198318213734e+04
-1.554824461053774257e+03 8.875190856388257089e+03 -1.424141398928512717e+04
6.502728067519085016e+03 9.309624196973541984e+03 -1.380487497526950938e+04
-1.821555304467346559e+03 1.353928168483317859e+04 -1.437623137796109404e+04
-3.665383957720061062e+03 1.201907194664325107e+04 -1.391684157925927684e+04
1.674321012580207707e+03 1.028422035421968394e+04 -1.415895943745873774e+04
-2.306814918807417143e+03 2.725159698942853538e+03 -1.258053374255367089e+04
4.181839898474550864e+03 1.114759401457444801e+04 -1.478001270845778345e+04
6.663030492573632728e+03 9.572466726822793134e+03 -1.608793911817835397e+04
2.452855739022585112e+03 1.356280298692730867e+04 -1.351563430101904851e+04
-2.932390922286417663e+02 1.095722216312350974e+04 -1.331687422576085737e+04
5.114431127411288799e+03 1.902481078744082333e+04 -1.491678228532648063e+04
-2.351693640219915324e+03 4.225477855731271120e+03 -1.468078728688518459e+04
9.854782973966416648e+02 1.403479948870476801e+04 -1.427087677753225580e+04
-8.930393427753160722e+02 1.135403814793616766e+04 -1.508421510077031053e+04
-3.748026132827242691e+03 1.326059073419814376e+04 -1.478182259260958199e+04
-3.064706729165661272e+03 1.109455080858852489e+04 -1.486685622608575977e+04
-2.475209412629326835e+03 1.022134321374348474e+04 -1.357315504174867237e+04
-2.954686967463538895e+04 2.920170845599745007e+03 -1.731564094081294388e+04
-4.364212457508546322e+03 1.224474398612438199e+04 -1.153715451228118764e+04
-7.444382840581272376e+02 3.588831942112364231e+03 -1.734220963368074445e+04
5.585251306031097556e+03 6.065633836514443828e+03 -1.548330157697553477e+04
-2.621741735277022144e+03 1.000190320881374464e+04 -1.464866814797800907e+04
1.715214935594623739e+03 1.438927115810705618e+04 -1.213819326907779396e+04
-1.419349055667807136e+02 9.444329504346547765e+03 -1.182755251721601780e+04
-3.151617790362287906e+03 1.071577728580041367e+04 -1.283435532672949739e+04
6.608165177049455451e+03 1.955478516917003435e+04 -1.274042987853852355e+04
-7.094827741131799485e+03 6.684162695003337831e+03 -1.304191075213895965e+04
-1.498839897962997384e+03 1.133306636994140354e+04 -1.453631089542684458e+04
-3.382204030483910628e+03 1.032233694485789601e+04 -1.413295286924556058e+04
1.232500064541369056e+03 7.873837917713835850e+03 -1.604762967233267773e+04
-1.133547278767968783e+04 1.788913030550704934e+04 -1.622015025295707164e+04
1.463217695886733054e+03 1.324878036868276286e+04 -1.379651366504591897e+04
-2.849425700669551134e+03 1.005875646246159340e+04 -1.371553273247363177e+04
-8.757074072544571663e+02 1.127478596270525486e+04 -1.447884357850922606e+04
-3.481704083384646538e+02 1.219617029424269822e+04 -1.477274405542632303e+04
-4.627728496366587478e+02 1.379005440887433906e+04 -1.607636538008921343e+04
-1.631845572877870836e+03 8.941134896047855364e+03 -1.626176704119855276e+04
5.445355643869876076e+03 -1.958847646205397268e+03 -1.590515857400343702e+04
-1.564471889246080082e+03 1.160687483886572954e+04 -1.364747060546836292e+04
3.913433028947281969e+02 1.305487167841210430e+04 -1.512334432131311223e+04
5.222309153892281302e+02 1.174987321254106973e+04 -1.460193060122636416e+04
-2.478476983578631916e+03 1.231182017097954849e+04 -1.372975627430422355e+04
-2.415654747411945209e+03 1.136090981579822983e+04 -1.498861631051205040e+04
-2.636368605123770976e+03 9.900552581935813578e+03 -1.350770601226280269e+04
-3.858839185582184200e+03 1.026195276873599141e+04 -1.213075290388227768e+04
-1.673890219364760924e+03 1.371693572333866177e+04 -1.459171456672425302e+04
-1.255810123264591539e+03 8.252703840586375009e+03 -1.752435683330114261e+04
7.468051964241814744e+01 1.202335868365556598e+04 -1.459534732349277874e+04
-1.059580726954054853e+03 1.198147760007833313e+04 -1.437227617463086426e+04
2.051258753977162087e+03 1.186559931313854941e+04 -1.460594523432178539e+04
-1.368830999727601466e+03 1.221490967283794635e+04 -1.398805213895351881e+04
-2.579275941000851617e+03 1.197549382455084196e+04 -1.493966295740719033e+04
-1.820567489893274342e+03 1.111492730359555571e+04 -1.325948623858876817e+04
-2.236447383807524602e+03 1.100546674436393369e+04 -1.434541618454973832e+04
-2.012478107827961139e+03 1.037274362304140777e+04 -1.480067535500608756e+04
-8.560392533763056235e+02 1.172418948015315618e+04 -1.428625618209095410e+04
-5.980892783469780625e+02 1.409202813486148989e+04 -1.643372071035712361e+04
-1.909865293908184412e+03 1.163132622874481967e+04 -1.444302200184429603e+04
-5.858831320220590442e+02 1.135355989880097150e+04 -1.439050460196821405e+04
-1.715815615583587714e+02 1.375413692124475165e+04 -1.461443928614272954e+04
-4.289549047396394599e+03 9.895550250959386176e+03 -1.272309023991249705e+04
-2.533051084630718833e+03 1.043981572072765994e+04 -1.363913630452837242e+04
-2.192793490940738138e+03 1.126346153893042538e+04 -1.495032907329692534e+04
-2.321902503181257543e+03 1.106264295939535623e+04 -1.253558948419592889e+04
-7.039869574543401541e+03 1.395021436072129109e+04 -1.100521269794076761e+04
-3.733428716754095262e+02 1.331240046578303554e+04 -1.328007653151594604e+04
-9.452783013648818269e+02 1.067402128432239442e+04 -1.322425224419881670e+04
-4.264242327135730193e+03 1.158763982965002651e+04 -1.289453852096631454e+04
-1.025203524723640585e+05 8.054493082607302313e+03 -1.210563793390250248e+04
-1.633617084770578458e+03 1.065441381420470861e+04 -1.361825734630493753e+04
4.047544332045365081e+03 1.269275979082446429e+04 -1.274964928786087148e+04
2.849353676526670824e+03 1.177768731327085698e+04 -1.394867257237596095e+04
-1.276866946703567010e+03 1.058652434423238628e+04 -1.459790576642777523e+04
-3.561309456613616476e+03 8.579419009434932377e+03 -1.267750263987998369e+04
-6.469672729934998642e+03 1.751487963130093340e+04 -7.955462348419109730e+03
6.101436084906634960e+02 1.117573318813622973e+04 -1.360177289827191453e+04
-9.750784117454079478e+02 1.130507803539274391e+04 -1.561806277506059450e+04
3.552415499162174001e+03 1.109607609060370123e+04 -1.424373804690950965e+04
-1.475155887053471133e+03 1.110136173398350365e+04 -1.507140802320864168e+04
-2.570193394310288113e+03 1.067271011272402029e+04 -1.593739020666177021e+04
-5.481118437818656730e+01 1.376230704244720073e+04 -1.523738548215165792e+04
-2.296896255687331177e+03 1.273454652490166336e+04 -1.310351064768619653e+04
-2.692024555554135077e+03 9.032096279901290472e+03 -1.520534869603964398e+04
-1.831265987195122580e+04 1.996057465421742745e+04 -9.375080345781316282e+03
-3.287251402420609338e+03 1.171503581797714469e+04 -1.383443654714861441e+04
-7.712666849637646465e+02 1.107540240565831118e+04 -1.403926948998663647e+04
1.147319601157714715e+03 1.308541887838840921e+04 -1.444298258498247014e+04
4.604586182848760245e+01 1.272431682840967187e+04 -1.214771861001293109e+04
1.650498261969804389e+03 1.331365607988973534e+04 -1.531862031143014792e+04
-1.676571491741923410e+03 1.158581192372463192e+04 -1.389019641309392318e+04
-1.785636294898542019e+03 1.356322985234746375e+04 -1.436953094578681157e+04
1.826422677255484587e+03 1.291099046269876999e+04 -1.938648931275666109e+04
-2.425611913964130508e+03 1.149060679546241045e+04 -1.426383066240477274e+04
-4.155135590469531053e+03 1.383727791230594812e+04 -1.455703579821297717e+04
-1.306863635097473662e+03 1.232982437378602663e+04 -1.304270650304191622e+04
6.368096630958842979e+03 2.798072699819405534e+04 -7.327081497358102752e+03
7.784580855349625381e+03 7.434142290329243224e+03 -1.736913669868805300e+04
-6.260510371546127999e+02 1.101342053824367031e+04 -1.457346827868519540e+04
-2.357827724760803449e+03 1.039084603305563905e+04 -1.514560368320102498e+04
-2.160520915885842442e+03 1.207382712864141286e+04 -1.440476393915949848e+04
-2.239784490800181175e+03 1.098462404311742466e+04 -1.334487568380262928e+04
-7.273306305697944936e+02 1.145319663374168886e+04 -1.369302248604405213e+04
-5.805833296493492526e+02 1.194980870702818538e+04 -1.352400496867183756e+04
-2.470318949715851340e+04 -2.248525603687503099e+04 -1.848167689629001688e+04
-2.049762744333622777e+03 1.212058263343930776e+04 -1.359634077895876544e+04
-2.093662164951893374e+03 9.360047242831280528e+03 -1.339636083104298086e+04
-2.892689000991884313e+03 1.291309564220756693e+04 -1.364779729253543883e+04
-3.831360198412311092e+03 1.082801666090948129e+04 -1.422883588620189948e+04
-4.029334180779601411e+03 9.039226850944993203e+03 -1.477778528355254821e+04
-9.831127340209636714e+02 1.098669560131704566e+04 -1.467483504903941321e+04
-9.179235983203390788e+03 1.289300619308444402e+04 -1.651620813012054350e+04
1.666699875127604628e+03 1.346838827619615222e+04 -1.678850869552631048e+04
-4.854349497889036229e+02 1.238166470722963641e+04 -1.374209672638343909e+04
1.241060770613205477e+03 1.068608894565737864e+04 -1.294133514615048261e+04
1.447430658814602111e+02 1.068072802175515062e+04 -1.354431165404412786e+04
-3.098552797913323502e+03 1.105167172874328207e+04 -1.371040229362470200e+04
2.187161199013710871e+02 1.300486827653320506e+04 -1.527386697076950804e+04
-2.372641149938197941e+03 1.060818093899922314e+04 -1.462590701046296454e+04
-4.175721287634149803e+02 1.077619687039641212e+04 -1.459764186856450760e+04
-1.466626609475165196e+03 9.658348873780712893e+03 -1.576760862884866947e+04
2.235592800008665108e+03 9.670151935901414618e+03 -1.549531805842510585e+04
7.302071208184407851e+02 1.343982936469808919e+04 -1.267679373344186024e+04
-1.057947306534468044e+04 9.751982325514507011e+01 -1.377547653230224932e+04
-1.440579289697793683e+03 8.861870984773788223e+03 -1.380663154380694687e+04
-1.685504059521096451e+03 1.267044655083176076e+04 -1.327195046426286535e+04
-6.948617452230646450e+02 1.150247903583544758e+04 -1.374502549696844108e+04
3.928461373624413113e+02 1.516779956188691358e+04 -1.475243276239240913e+04
2.876938626168578139e+02 -1.409933198826673106e+04 -3.543580477471065933e+03
-6.481178711461151352e+02 1.241898907983519530e+04 -1.438274885324553361e+04
-4.039328987236279318e+03 1.302912618035773448e+04 -1.400148977333909534e+04
1.815846632438922825e+03 1.516853774851202616e+04 -1.206421368857231391e+04
-1.953108209259902424e+03 1.211041549278711500e+04 -1.365931144337308797e+04
-1.790399827425110288e+03 1.228011142279363776e+04 -1.339514467883944235e+04
-1.746057546402077833e+03 1.094240189935791022e+04 -1.370758851520540702e+04
-5.226258025338538573e+03 1.128057003073055239e+04 -1.562862441783225950e+04
-1.107297674574414486e+03 1.095969299488740762e+04 -1.309315802819183409e+04
-3.089823768303879660e+03 1.172798552203548752e+04 -1.378794213918166315e+04
-2.494005099943857658e+03 1.493236646600707172e+04 -1.243846575194979960e+04
-1.556094663501002060e+03 1.086218342499625214e+04 -1.513656270795607088e+04
-3.109003737957339581e+03 1.095793121333562522e+04 -1.387775073035638707e+04
-4.446861992095395181e+03 8.173653985992359594e+03 -1.876984719216830126e+04
-1.349483753326086571e+03 1.290502811924331036e+04 -1.400449697059264872e+04
-2.089595110576235129e+03 1.093209762895499625e+04 -1.380277926603335072e+04
-1.152528918817768499e+03 4.913096327299595941e+03 -1.002120454083194818e+04
-3.127554760607419212e+03 1.090464331530799245e+04 -1.342315016144622859e+04
-2.258249507301634367e+02 1.106740221217461294e+04 -1.534486511942551988e+04
-8.234602546501824690e+03 1.429481937628157539e+04 -1.445268699507097153e+04
-3.037949847015335763e+03 1.065098536076714845e+04 -1.391139356526649135e+04
-9.769767061747616026e+02 1.332956257702331277e+04 -1.454971170005789827e+04
5.014638067727636894e+01 1.274235377254756349e+04 -1.186414437886551423e+04
-5.536596261623556074e+02 1.314113345343332730e+04 -1.155371873590071118e+04
-7.426009901329351237e+01 1.361953216472160966e+04 -1.502636732089026737e+04
-1.310860589467962654e+03 1.218889514752468494e+04 -1.247022837421979784e+04
-1.992737169350385329e+03 1.213922264858968629e+04 -1.535932609667799989e+04
-1.000074382603557751e+03 1.187088158839014613e+04 -1.419518159627142995e+04
-4.950750039708075747e+03 3.667630564744371441e+03 -1.408532823205900240e+04
-5.535072045843322485e+03 9.306229516018958748e+03 -1.506386930214943095e+04
-2.994949702396248540e+03 1.218618974166226144e+04 -1.393076523500113035e+04
7.843989449425748717e+00 1.184318839216892957e+04 -1.428765728579409733e+04
-1.154385637274876444e+03 1.248382808702004877e+04 -1.369668811283945070e+04
-2.694690685593886428e+03 1.197406981273120618e+04 -1.237229973517264625e+04
-1.157427128848200482e+03 1.227577911340765240e+04 -1.390790294794601323e+04
-1.190612555708459922e+03 1.121953047491506550e+04 -1.418119695930481066e+04
1.637550018471746625e+03 1.101358679231049427e+04 -1.558425807698878816e+04
-6.866718035333888110e+02 1.076742640589518487e+04 -1.479934003861345263e+04
-4.188266122159747283e+03 1.085007642959183431e+04 -1.478917038240237343e+04
-8.295281529571560668e+02 1.243733046958143314e+04 -1.532207560693883715e+04
-3.051452962913446754e+03 1.235897099971410535e+04 -1.290093922221363391e+04
-1.655844716424523767e+03 1.401613475492920770e+04 -1.313933504133143106e+04
-1.282043672972380818e+03 1.148669815670503522e+04 -1.330430487678298960e+04
-1.470200920351921923e+03 1.290480366963669621e+04 -1.269814643537656229e+04
-7.379334846470308094e+02 8.567735345178867647e+03 -1.778683929577007439e+04
-1.345278912847761148e+03 1.451807006764163452e+04 -1.493780358227877696e+04
1.717535278175730809e+03 1.284817155694496614e+04 -1.396992349464631116e+04
-3.326140485185549551e+03 9.828162963078162647e+03 -1.489850357243046892e+04
1.001103090538013021e+03 8.242865441152143831e+03 -1.593369977082204787e+04
3.522977856200197948e+02 1.218816063691230374e+04 -1.435456627853788086e+04
-2.232595333432605912e+03 1.148251778834290417e+04 -1.648579228287951264e+04
-2.485997968668892781e+02 1.231492985966480956e+04 -1.440888577747061026e+04
1.995114534165457826e+03 1.197324356530205478e+04 -1.254108383584139301e+04
-4.249387753937665366e+03 7.229574020342341100e+03 -1.321899991526195663e+04
-3.646817306697912500e+02 1.246197238347524944e+04 -1.448538068574877616e+04
-9.856615431366218445e+02 1.011744598241320637e+04 -1.387626820611345283e+04
4.552388841171386957e+03 1.785361437262497930e+04 -1.306949917388792164e+04
1.304188757217438024e+02 9.057509106478399190e+03 -1.332482854585484711e+04
1.873035561976197414e+02 1.026070773424546132e+04 -1.374822034815028383e+04
-6.097059807357368300e+00 1.344389982537655487e+04 -1.538476716801855036e+04
-1.167183184201363929e+03 1.269020010193553571e+04 -1.374184316822432447e+04
-1.093990424765380794e+03 1.104019502334839308e+04 -1.463545032852701115e+04
-8.013547262554229746e+02 1.155581265299046390e+04 -1.385042665369100359e+04
-1.198189037164768934e+03 1.249615632054239541e+04 -1.387451543870990099e+04
-1.418076299112750803e+03 1.098781264603583804e+04 -8.054512505034035712e+03
-9.567682388988450839e+02 6.082165047753806903e+03 -1.904474348061810451e+04
-1.229247900416188058e+05 -5.141987886416276160e+04 -2.179609698006447798e+04
-3.009342411536211785e+03 1.058072240766664618e+04 -1.539669669674237957e+04
-1.704123828553504381e+03 1.004569908097757616e+04 -1.483243222853584120e+04
-2.347315039585927934e+03 9.365572360865158771e+03 -2.056740106639668375e+04
-1.815680147353473330e+03 1.112098168930206521e+04 -1.462157040735942064e+04
-5.710145548011334995e+02 9.824940687647505911e+03 -1.481556714763501986e+04
-1.834049318622009196e+03 8.996920741340052700e+03 -1.583934346668113358e+04
-1.773024562837090798e+03 1.197734361009319400e+04 -1.338732420310116868e+04
-5.650940401018382317e+02 1.428063303499464746e+04 -1.284483027009696525e+04
-2.046381155042480259e+03 1.189218416885808983e+04 -1.355338150376426893e+04
1.364223336076494206e+03 1.291910630851052883e+04 -1.340822880572256327e+04
-2.324093568643259459e+03 1.215100631635141872e+04 -1.428022781339675930e+04
1.456157240990686887e+03 9.893356109695059786e+03 -1.341468045289686052e+04
-1.783410566605430859e+03 1.055127681514641517e+04 -1.426096386720209011e+04
-3.707265722969917988e+03 9.205335099507543418e+03 -1.158676035641161070e+04
-1.984477524242525760e+03 1.010353890344159481e+04 -1.378420840521646278e+04
-2.958237460102012847e+03 9.381388086348035358e+03 -1.379481271775644018e+04
-6.926708809451310117e+03 1.097342794677806705e+04 -1.463813801862708715e+04
-3.496940851593080879e+02 1.153955843399443074e+04 -1.402680044314865881e+04
-4.087224374837426694e+03 1.001665296683747329e+04 -1.362220309306223680e+04
-2.283286033908634181e+03 1.079482871024976339e+04 -1.409684702486129572e+04
-3.539702203903515056e+03 2.293795995981026863e+04 -9.796689499066100325e+03
-3.501349572770146096e+03 8.938076463451125164e+03 -1.460926393694460967e+04
-3.469070706415200675e+03 1.158352812572044604e+04 -1.375232252161237375e+04
-1.354242904597155075e+02 1.151318025630384182e+04 -1.495973992248618379e+04
-1.899350321308227194e+03 1.166617964631665927e+04 -1.518507397342760669e+04
-5.391326158137069797e+03 8.794571053048150134e+03 -1.352267109905708821e+04
-2.579061827196583181e+02 1.223185402288992191e+04 -1.529244975200542285e+04
-3.402342329378864179e+02 1.225474432917256490e+04 -1.385497662416021740e+04
-1.180463176057883857e+03 1.121441091909118950e+04 -1.474044672981579424e+04
1.590804667769078378e+03 9.223264084481388636e+03 -1.559471173944622933e+04
-1.461431095152869148e+03 1.068314130123462928e+04 -1.487154505393170439e+04
-2.489234362904497175e+03 1.018491072818376597e+04 -1.410929387882006813e+04
1.534475197937863641e+03 1.192460584500728146e+04 -9.865141430543222668e+03
-2.587512599988132251e+02 9.046104991763801081e+03 -1.611566400941906795e+04
-1.972773063519887728e+03 1.279435727648754255e+04 -1.389027220644264526e+04
-5.093545857017550588e+03 9.784664587491935890e+03 -1.224332393902204603e+04
-2.213036834226988049e+03 1.037927433874943017e+04 -1.258184928666485757e+04
-2.871107588149595813e+03 1.339237820908540380e+04 -1.327055155252139957e+04
-2.316720362471107364e+03 1.057356913366885783e+04 -1.367730313819379444e+04
-2.404606671281992931e+03 1.226165765155972076e+04 -1.332345834859386923e+04
-2.302214590033589957e+03 1.142327939279420389e+04 -1.413311811812611086e+04
-1.653352221514281337e+04 3.157823558338992825e+03 -1.162078767388453525e+04
-4.644463821059779548e+03 8.229501403213245794e+03 -1.358262129388078938e+04
-1.113628541455443610e+03 1.505647510260788113e+04 -1.410794131308215583e+04
-3.092684233255650724e+03 1.042152515077290445e+04 -1.425685221300803278e+04
-3.910994228051043137e+03 2.869587575034330803e+04 -1.247135071277984025e+04
3.634537667996683922e+03 1.687575948786889057e+04 -1.450169329010372167e+04
3.551027777129152582e+03 1.209264661745351077e+04 -1.566701868107803421e+04
-2.514483724954552599e+03 1.168938104853228288e+04 -1.424368056889460240e+04
7.161551858537693079e+03 3.202870837619733720e+03 -1.349710402386599708e+04
-3.674580096883873921e+03 1.181915262338684988e+04 -1.352998255780472573e+04
-3.559847336117442865e+03 1.085688518823284903e+04 -1.301863199181700475e+04
-3.626349539048200677e+04 9.284021684478104362e+03 -1.143093445790614533e+04
2.602774670906207575e+03 1.167853539147038646e+04 -1.392878891900057170e+04
-6.604126776201261237e+03 1.078004318100702949e+04 -1.557549975924676073e+04
-2.523117055938580052e+03 1.219110017454566514e+04 -1.384548868745685832e+04
-5.044410655516903148e+02 9.409801495943727787e+03 -1.371212538678236888e+04
-1.953765177082711716e+03 1.036185205254499124e+04 -1.441158313658095358e+04
1.470761812891256341e+03 1.303406070369765439e+04 -1.405796298702304375e+04
-1.374874878495629900e+03 1.074704032438997092e+04 -1.432470180038330909e+04
-5.964809252493776057e+02 1.163687806197302598e+04 -1.435025534526582487e+04
-6.844779851206659805e+04 -5.703847079467383446e+04 -3.488127872156767990e+04
5.946291209699815226e+03 2.265503133197791158e+03 -1.339595622731711410e+04
-9.120284650649612104e+02 1.460839870463674742e+04 -1.340173517016389451e+04
-3.535598496646480271e+02 1.383439173942620437e+04 -1.438576439988057064e+04
-4.959794259793092351e+03 1.222813626901010321e+04 -1.392465497450489784e+04
3.893646243896783290e+03 3.647207219594678008e+03 -1.365930225028314635e+04
1.809592876681627331e+03 1.400219918542320738e+04 -1.523742877695698007e+04
-1.331392367499897773e+03 1.295704717559026903e+04 -1.412127551886335823e+04
-4.272649922746967604e+03 1.860301040462557648e+04 -1.270499213108934418e+04
-6.670304364535318200e+02 1.157076415185944643e+04 -1.392738916860372046e+04
-3.579090219651291136e+03 1.387006482194326782e+04 -1.259141663002465248e+04
-2.027500856524972960e+03 8.710488783102482557e+03 -1.270387693733603919e+04
1.492024227454835273e+04 1.851695082930626450e+04 -1.081137473564764696e+04
-1.084530301911680681e+03 1.289282053982571597e+04 -1.522874620277945905e+04
-5.233871604927106773e+02 1.251171258220269374e+04 -1.465017646100287493e+04
-2.988567310550329239e+03 1.109405477034299111e+04 -1.456315056936111068e+04
5.370558011607326989e+02 1.388902496001510553e+04 -1.397604202042334509e+04
1.611729470567736939e+02 1.168292048002705269e+04 -1.454149924901433224e+04
-1.828939570875043501e+03 5.678636493532803797e+03 -1.027487548242864978e+04
-1.691056249824624274e+03 1.023968095764006830e+04 -1.443229118100634332e+04
-5.955577558987653174e+04 -3.357723038264404022e+04 -2.630619475645540297e+04
2.483308209008202994e+01 1.133934774845939864e+04 -1.419335804978886335e+04
-3.525853542154332445e+03 1.294659843364630615e+04 -1.506840708773054939e+04
1.944313350532757340e+03 1.503804221423717536e+04 -1.287814517733852335e+04
-1.238549458799457716e+04 5.010303983500593858e+03 -1.609388705225315607e+04
-1.778520506109358166e+03 1.120789758568893194e+04 -1.433037468687092587e+04
-1.329222062234493478e+03 1.088152625643674946e+04 -1.355362385461696977e+04
-3.130813366266415414e+03 1.057419444316148474e+04 -1.380201506455557319e+04
-2.519529167069208779e+04 5.840257538388251851e+04 -4.771523038724288199e+03
-1.486421620261006865e+03 6.536842444309491839e+03 -1.344732409230696430e+04
-4.572695815318137420e+02 1.136467191040020771e+04 -1.437816295533992707e+04
-2.150343931377873560e+03 1.135862184254985550e+04 -1.410227828992817740e+04
-3.027369179529430312e+03 1.514805174636348056e+04 -1.233126200941165007e+04
-1.413201337469733062e+03 1.276696835994623871e+04 -1.531599996643766644e+04
2.791543746200284204e+02 1.292720070324096741e+04 -1.223387618132845819e+04
-7.746257396840795764e+02 1.401123127488707541e+04 -1.433219930093062067e+04
1.772723632687901159e+02 3.840194723080613585e+03 -1.711504574000944558e+04
-3.599031832313863561e+03 1.282351267633510906e+04 -1.191536829010559813e+04
7.292121775676608877e+02 1.311854960333269446e+04 -1.205968146120548408e+04
-3.038025020562159625e+03 1.152965444486640808e+04 -1.475017236497648992e+04
-1.808105327311231122e+03 1.201641422909392168e+04 -1.345124775195453549e+04
2.295872988003018236e+02 9.839745965576619710e+03 -1.355153971875326170e+04
-1.092084054738101941e+03 1.211603293438115179e+04 -1.385553335099720971e+04
-2.008125920438311368e+03 1.184878340336530709e+04 -1.380795374239572811e+04
-2.794916041058807878e+03 1.122126010132654665e+04 -1.379298688649118230e+04
-1.932908507771788891e+03 1.045694255338649600e+04 -1.462008188283178060e+04
-3.321476410817180749e+03 1.137597526094690329e+04 -1.442845395590690896e+04
9.182245534813473569e+02 1.195147054088747791e+04 -1.516418044711452421e+04
7.052975235115471833e+02 1.025967562000984071e+04 -1.428562334215455303e+04
1.860233829245540164e+03 7.534357056965928678e+03 -1.804744625566262039e+04
-7.844932122459454149e+02 6.472289031643495946e+03 -1.475319432889476047e+04
-2.609529042569951798e+03 1.434972077601400815e+04 -1.427361623234201215e+04
-4.303848543439838750e+02 1.195071674796897059e+04 -1.177212758605321687e+04
-5.254340266659098688e+02 2.632282734165210786e+04 -1.445806928118183532e+04
-6.531440874583859113e+02 1.058684471122649120e+04 -1.468329217561612859e+04
2.223153551129501921e+03 1.462311884900913719e+04 -1.227552832245247009e+04
-3.745122524351069728e+02 1.301060097165205661e+04 -1.408585768630677012e+04
4.957308141369740042e+03 1.278860175961778441e+04 -1.716283466271936049e+04
-8.211158129095161712e+03 1.082050926837688712e+04 -1.169127148524892800e+04
-1.240567061273012405e+04 3.213948505122732058e+03 -1.607383728511787194e+04
-2.007696006844643489e+04 4.049446677633877698e+03 -1.623049496588433612e+04
-2.596314548039138117e+02 1.187010497950132230e+04 -1.413554139783467326e+04
-4.970391560421690883e+03 1.200449947458406677e+04 -1.426785588800528785e+04
-1.992284598110734441e+04 6.664540762092375189e+03 -1.338724491216197202e+04
-1.982807260716602286e+03 1.109955860676769043e+04 -1.371501177666691729e+04
-1.787299819024601675e+03 1.075733108520398127e+04 -1.391693453689192029e+04
-1.260352946759069027e+03 1.124433380428462442e+04 -1.470569492234113568e+04
6.802226699233312956e+02 1.569448533727724862e+04 -1.574158073950737344e+04
-5.273352836007426049e+03 2.276961990877082826e+03 -1.299820440435193996e+04
-1.032763115486510060e+03 1.169971704978829257e+04 -1.348994531471986375e+04
-2.523144487790930725e+03 9.997014084087251831e+03 -1.424347236210955271e+04
7.203947872812961577e+03 2.142274997550154512e+04 -1.094542724717744568e+04
-1.739248015566149115e+04 1.069709100281595965e+04 -1.092525221322025209e+04
-4.778337255456799539e+03 1.072282381596453706e+04 -1.443110926308078342e+04
-2.384664768114403614e+03 1.468202930671117974e+04 -1.358695615316729891e+04
-2.380950055915622215e+03 1.298225528833306271e+04 -1.396659602327682660e+04
-6.193039584365650626e+03 9.317462469451347715e+03 -1.322270301146751262e+04
-2.802825459078335825e+03 1.044117696093604172e+04 -1.437878398074901452e+04
-5.153289125666390646e+03 9.192397579353048059e+03 -1.359829547683623787e+04
2.747656657730130064e+03 9.937487447659097597e+03 -1.283381797484340495e+04
9.868909464842598709e+02 7.686424295824179353e+03 -1.454457640283750698e+04
-1.326190261494720971e+03 1.483941588028539627e+04 -1.556094933035483882e+04
2.811418981540165873e+02 1.246304009514624158e+04 -1.423130791005424908e+04
-1.077337362343541599e+03 1.242671077517414778e+04 -1.357025894186784171e+04
-3.240504774412635925e+03 8.156733853011774045e+03 -1.408180169104108245e+04
-3.219593249101623314e+03 7.053851140503122224e+03 -2.060733947540862937e+04
-1.771337419778702952e+03 1.160290579930613058e+04 -2.400136566228501033e+04
-1.992828073329626250e+03 1.105363729893974778e+04 -1.363022265635209078e+04
-4.351996935063114506e+03 9.258164082757717551e+03 -1.328237214222061084e+04
-1.286594375294010661e+03 1.155203563483982180e+04 -1.388129291703879062e+04
-1.501986683422942860e+03 1.075870452221754567e+04 -1.438049751053745058e+04
1.783192710361532363e+03 1.269920376295628012e+04 -1.277489328919404215e+04
-1.618286766288068065e+03 1.199967696279962547e+04 -1.418310401803463355e+04
-2.263813224246760910e+03 1.171351350434882625e+04 -1.423659258201702687e+04
3.205584703289673143e+03 1.033125848471220343e+04 -1.221638655140461560e+04
-1.423017715867598099e+03 9.855101394391293070e+03 -1.443426198438948632e+04
-1.141360180410943258e+03 1.215667182381249768e+04 -1.421691648636392165e+04
-1.364229342737638945e+03 1.124266281990625612e+04 -1.398683572971578724e+04
-4.418233762612600913e+03 1.075405989688475529e+04 -1.442473034722206103e+04
-1.448964519921615647e+03 1.226081675667669515e+04 -1.380626034753345266e+04
5.479351392976637953e+02 1.312933922652608089e+04 -1.499101742123915756e+04
-8.680893885562257992e+02 1.247743184323659261e+04 -1.404616017795013431e+04
8.516695795897205699e+02 1.654300141576015085e+04 -1.488488518618281159e+04
-9.952206549317688768e+02 1.229775725761545254e+04 -1.375865368552881591e+04
-2.597070913004072281e+02 1.338589435219257030e+04 -1.332215357288206178e+04
2.083520524155325347e+03 1.150740237231905667e+04 -5.367857172665456346e+03
-1.197007385922349840e+03 1.098684805944817708e+04 -1.397822171953795441e+04
-1.147133736360083276e+03 1.276278948654429223e+04 -1.424846579309199115e+04
-1.750122351687032278e+03 1.129511507690373764e+04 -1.394297652784121419e+04
7.122611630051710563e+01 1.238928532673110203e+04 -1.419937363680989620e+04
-2.042493107403446174e+03 1.118359907998953713e+04 -1.429065632811967407e+04
1.078602105875543884e+03 1.114242240306891836e+04 -1.430701157357217198e+04
9.794519124097418171e+03 2.375929748053602816e+04 -8.673381842115275504e+03
-7.945046897084218926e+02 1.245590991089052659e+04 -1.404321224456110758e+04
-3.011012726222871265e+02 1.110940758021893998e+04 -1.420311848857312361e+04
2.179871748177821701e+03 1.308772983533341903e+04 -1.206976776065957165e+04
5.503262910093249047e+02 1.263023955683340319e+04 -1.317546695475050183e+04
5.556059875693226786e+02 1.470599621605031462e+04 -1.387857338984569105e+04
-2.434188992395719197e+03 1.120085087781926813e+04 -1.398101203045524016e+04
4.395790084475045660e+03 7.802649865617631804e+03 1.387960999299903051e+04
-1.815112807532661009e+03 1.137963149444042028e+04 -1.388170941987418882e+04
-1.578560284387097681e+03 1.205154555829105630e+04 -1.412276404180917780e+04
2.677228220045817125e+03 1.136679550624194235e+04 -1.379282245460802187e+04
-2.032514650778771738e+03 9.792174830593648949e+03 -1.570163272710891943e+04
-1.656038612340931877e+03 1.171659613516497302e+04 -1.357829284817890039e+04
-1.510652131286367421e+03 1.131000955760444958e+04 -1.408860658605692515e+04
-1.373525400213594139e+03 1.271652173424852299e+04 -1.438591642621715982e+04
-4.498245471441416612e+02 1.245251759762710935e+04 -1.401432096540540806e+04
-2.303884663944882504e+03 1.083137925994203943e+04 -1.402191736055572073e+04
-4.974077750756741807e+02 1.130658636379991003e+04 -1.435717333140632400e+04
-2.185142995964834881e+03 1.247770016067118559e+04 -1.411018810377608497e+04
-1.917545504919616178e+03 1.068226263718440350e+04 -1.382178812950153770e+04
8.265567480898342865e+02 2.063270750835617491e+03 -1.199446660664652336e+04
-1.078688026994758047e+03 1.166578604232978432e+04 -1.413054298540707896e+04
-9.938769552425299025e+02 1.158739646614373851e+04 -1.443086537279687036e+04
-1.658159022061781798e+03 1.137136444763071268e+04 -1.404253768158519597e+04
2.268387674618509209e+03 1.887462617905972729e+04 -7.954823541612068766e+03
-1.977645715470963751e+03 1.466417225923164551e+04 -1.030890094448824675e+04
-8.557849874839040467e+02 1.245593652462926730e+04 -1.415532922125481491e+04
-1.284202928545967097e+03 1.104086740215540158e+04 -1.410742934089211849e+04
-4.216847070711402012e+03 1.118234887576629990e+04 -1.296193584348400145e+04
1.044419447293758822e+04 3.437513259702944924e+04 -8.419631584716572252e+04
-4.017751555442570179e+02 1.081911578214579458e+04 -1.434211099329745048e+04
-5.196851727810064403e+03 6.817074028727257428e+03 -1.435264650938721024e+04
-3.585486976726616376e+03 1.071299023451879657e+04 -1.406464801123012148e+04
-8.598469098261230101e+02 1.152666297130480052e+04 -1.435314479714495974e+04
3.307418478195589842e+02 1.352817329718831570e+04 -1.356985471048797444e+04
-1.779563395908512803e+03 1.156448102577681675e+04 -1.399937918242214982e+04
-2.297396965970686779e+03 1.090889236740759407e+04 -1.431637290215802022e+04
3.771119899913737754e+02 1.023021734608084989e+04 -1.447313419438249730e+04
-1.757556212237746195e+03 1.130102665575593710e+04 -1.397102041435706815e+04
-1.406147716854861301e+03 1.117862093801549599e+04 -1.410414054259861769e+04
-4.612839557634979428e+02 1.622535813168463756e+04 -1.406376913951448842e+04
-1.306813381920120946e+03 1.227063260252087457e+04 -1.443385046588328623e+04
-3.321971746402922236e+03 1.172971124907063313e+04 -1.392746288171573542e+04
-1.513024463280115469e+03 1.134920825233317737e+04 -1.411852223825412148e+04
-3.071419010816539412e+03 1.163014812321525824e+04 -1.431955720797816502e+04
-3.287916095312370089e+03 1.342498278066027160e+04 -1.512413717541986807e+04
-2.032389125570733540e+03 9.459160636457594592e+03 -1.538241598688426348e+04
-1.256506801932337339e+03 1.266442546214019603e+04 -1.455952286541983449e+04
-2.141646955328790682e+03 1.164824988929444226e+04 -1.411207943173697277e+04
-1.468898577226078942e+03 1.213102007867696193e+04 -1.423898895910360807e+04
-8.815716044855450946e+02 1.206763945249713106e+04 -1.359201648998992459e+04
1.965575781580922194e+04 6.278416372664101800e+04 -1.178211932269998943e+05
-1.414741175060469232e+03 1.235401611224822409e+04 -1.413148829493636731e+04
-1.657989668721348153e+03 1.292425803897154583e+04 -1.403679495367937488e+04
3.494247274068313800e+02 1.380133059295502790e+04 -1.445164771407772787e+04
4.071835230199259968e+03 1.953658078069139083e+04 -1.306737050306680794e+04
-1.308274553829441629e+03 1.125782287501906831e+04 -1.407814598312132148e+04
-1.284396799915085467e+03 1.236474916158998531e+04 -1.447646562541743151e+04
2.116866995346198621e+01 1.057816025735341645e+04 -1.358325292211082706e+04
-4.118785881365185560e+03 1.473189462416633432e+04 -1.635160529229119129e+04
-1.907153144570065706e+03 1.115692016499255806e+04 -1.412486452235518118e+04
-7.754326375335979264e+02 1.135845053139924130e+04 -1.424118876928953614e+04
-1.812036564524555843e+03 1.088068329657173126e+04 -1.443594160072588056e+04
-2.146803908437970676e+03 1.177937771556006555e+04 -1.394640727886155582e+04
2.011043819826724757e+03 1.894020982626174737e+04 -8.195903903285732667e+03
-8.241714978214515668e+02 1.189152474742881532e+04 -1.493911705897784486e+04
-1.674097095794989173e+03 1.191805163977705706e+04 -1.436199489823241311e+04
-2.316535762241587690e+03 1.138353973934184614e+04 -1.423591146321488304e+04
-1.977256374699259595e+03 1.113407606675414354e+04 -1.369149057505182645e+04
-1.729338381715748028e+03 1.078331874813335526e+04 -1.439372314992617248e+04
-1.601317364466730851e+03 1.166997329410458406e+04 -1.435171102603147847e+04
-3.593996094060973064e+03 1.002503240554584954e+04 -1.519161807444408259e+04
-1.170722196507875424e+03 1.147510855556208662e+04 -1.442752737928043825e+04
-3.667112896556261603e+03 1.042595570225055235e+04 -1.262226295603087783e+04
3.974350366530259635e+04 3.235897002130552573e+04 -1.622883554603597440e+05
4.157143403505344281e+02 1.651570822137019059e+04 -1.564087252957898818e+04
-6.957941398619069560e+02 1.254673108358681384e+04 -1.383057363109876678e+04
3.121141119067714271e+02 1.147260095408177222e+04 -1.402701106510354475e+04
-2.792490849160069047e+03 1.082541949108178233e+04 -1.287534225292829069e+04
1.736474624721814450e+02 9.855412549477005086e+03 -1.187400264940364104e+04
-4.365692698015272981e+03 9.701730963608715683e+03 -1.227373804874409871e+04
-1.112205072835228975e+03 1.287368023903707035e+04 -1.437550573672424980e+04
-9.087104809487365856e+03 1.032094871694620088e+04 -1.635695384769839802e+04
-2.113906605437273811e+03 1.255539826519284543e+04 -1.343875471720735186e+04
1.434314188414955197e+03 1.265797978716260332e+04 -1.147769134912503978e+04
-2.592795873329703682e+03 9.516230500719053452e+03 -1.574053432266910386e+04
-1.755337000029312321e+03 9.738273045892297887e+03 -1.450214862982855811e+04
-1.376258016812538699e+03 1.062137171331684294e+04 -1.505962136688923056e+04
6.489679017334347009e+02 1.277439158698651227e+04 -1.458388929195371929e+04
-2.846954852410088279e+03 1.077096757511845681e+04 -1.391403773892074969e+04
6.915026028402851352e+02 2.015975272354018671e+04 -7.896151249165441186e+03
-1.408721937965123743e+03 1.222407878316344431e+04 -1.670039411368603760e+04
-6.672226309212547903e+02 8.885776877519661866e+03 -1.530639758137071658e+04
6.843045740349746666e+03 -1.633380863033210699e+04 -1.620155845514919565e+04
-5.861157616298059111e+03 1.297325234398797147e+04 -1.342487197426303646e+04
-2.794988945509592213e+03 1.121211624543766811e+04 -1.361927293932497378e+04
-1.363487132260363524e+02 1.269900664677060740e+04 -1.139445215810247100e+04
-2.188459223878915054e+03 1.131368557178605624e+04 -1.406998193243766400e+04
-1.957585524383572192e+03 1.299545096723654933e+04 -1.452175112063082997e+04
-1.683256051181645489e+03 1.194921561724494131e+04 -1.384512553113432659e+04
6.480352594857726945e+04 3.898648895944154447e+03 -6.577198182704453757e+03
-3.625455749961111451e+03 1.434424804382934417e+04 -1.971909495529527339e+04
-2.767163334255780228e+03 1.167411696121509522e+04 -1.383558712388865752e+04
-3.626289118916412463e+03 1.169084334770743226e+04 -1.363508188773493384e+04
-3.493969463981796707e+03 1.018804409037096957e+04 -1.362716570462189156e+04
-2.342967782637653272e+03 1.426313837840106316e+04 -1.663420218924979417e+04
-3.507043337637844616e+03 8.657353564745140829e+03 -8.500117641586739410e+03
-5.365212951162771787e+03 1.440102459171273404e+04 -2.312896350908516251e+04
-1.544276917025258911e+02 1.028880899711644452e+04 -1.300689959832264321e+04
-4.095559746943548816e+03 9.186792663619768064e+03 -1.289111607411172554e+04
-2.260855669236406811e+03 7.894194068473969310e+03 -1.272369804146546994e+04
1.359395787213127278e+03 1.486876333806404546e+04 -2.067201833018447724e+04
-1.460057267496661780e+03 1.079172727041305006e+04 -1.367899521851446298e+04
-2.344624466611702246e+03 1.166739378947074147e+04 -1.378560151455066625e+04
-1.089943756208282139e+03 1.321361131998934616e+04 -1.228792911991236906e+04
-1.684315765983334359e+02 1.183683005263020277e+04 -1.443019738230074108e+04
-4.136633584051317484e+03 9.506235932112793307e+03 -1.096544558889588006e+04
-1.451674155631305666e+03 1.560711842386313583e+04 -1.015122078303408307e+04
-3.151398761203769027e+03 1.147668766954308194e+04 -1.314931704670640283e+04
-2.495953254210193336e+03 9.340779755069830571e+03 -1.452781568785548734e+04
1.373590260645874196e+03 1.741748403233120189e+04 -9.561987704994453452e+03
-7.664097692406639908e+02 1.030630105900885974e+04 -1.723222413151197543e+04
-1.220957227220186496e+03 1.091264109083652147e+04 -1.363713566122635166e+04
-3.905907229311261290e+03 1.035112431992949314e+04 -1.250571833735830660e+04
9.132340427144436035e+02 1.377838207070515637e+04 -1.087881319499069832e+04
-2.888968901707343662e+00 4.186954091381378930e+03 -1.424332356918042933e+04
-8.413660792994975282e+02 1.069446004931511015e+04 -1.430723283343982621e+04
-1.648898542346937120e+03 1.176061592462476801e+04 -1.383997483490161176e+04
-1.039554331626559588e+03 1.321695266907188125e+04 -1.382585671571650346e+04
6.943608449851131809e+03 -1.343084299522022775e+04 -1.584769434230756633e+04
-1.648934860690749929e+03 1.195427728189451955e+04 -1.358849847117782519e+04
-1.360531272562834829e+03 1.317249833255963495e+04 -1.329597918201335960e+04
8.174868670989834754e+03 1.106143557559522560e+04 -1.374298314319533347e+04
-7.345308181030936794e+02 1.159461367798757055e+04 -1.388403162749029252e+04
-1.586213706155074078e+03 1.087699953050613658e+04 -1.401764744588264148e+04
-3.361129834646095787e+03 1.088578314779067659e+04 -1.533467656421318316e+04
-1.037459298135017661e+03 1.161893039221949948e+04 -1.394744147267765402e+04
6.273673567247761866e+02 1.195731116591492355e+04 -1.377187457093409648e+04
-2.046453268426979548e+03 1.311534355220209545e+04 -1.290547748224794304e+04
-2.694468685381937030e+04 3.765341406975957943e+04 -6.851521084500361212e+03
-2.574524093125513673e+02 1.194706783492567047e+04 -1.526993687906626292e+04
-1.191560795778971624e+03 8.207209232386885560e+03 -1.445368223907980973e+04
-1.874366732271390902e+03 1.156419897327382932e+04 -1.432454219995063795e+04
-6.822980141068574085e+02 1.129044506214798093e+04 -1.485205572346050758e+04
1.290728235491370697e+03 1.121704479745080607e+04 -1.503515308031685709e+04
-1.219322087968110054e+03 1.081706245141152976e+04 -1.414187990082860779e+04
-1.193570175506285068e+03 1.129143294253312888e+04 -1.452281480323165852e+04
-2.456512316414880843e+03 1.283142914807614034e+04 -1.386686004906551352e+04
-1.590615579997074519e+03 1.113285938665181493e+04 -1.392567139936557578e+04
-1.866114347777717512e+03 1.261195525218184412e+04 -1.444488876214395532e+04
-1.233947752073244146e+03 1.156546770966802615e+04 -1.375273558048130144e+04
3.946894592481317522e+04 1.383719351095520506e+04 -5.211535706720677263e+04
-2.067644827076679121e+03 1.071581028009498732e+04 -1.348116865270275594e+04
-9.327510181531687294e+02 1.074173743170376110e+04 -1.646414368527903571e+04
1.538088385084100082e+03 9.669920985322398337e+03 -1.353262624702078938e+04
8.239074481169365072e+02 1.314407514513133538e+04 -1.283361736695826039e+04
-1.853891940237409017e+03 1.233306115671466250e+04 -1.477785097370291260e+04
-8.787578067596984965e+01 1.067208889695811013e+04 -1.454633816490047866e+04
2.600141496037516845e+03 1.280283118222453595e+04 -1.351548729298140097e+04
-8.149558685247686753e+02 1.238398983127850261e+04 -1.412899326247714635e+04
-1.620343705608340088e+03 1.091958011283771157e+04 -1.339593612913589641e+04
-6.838360955007296980e+02 1.044618227726457917e+04 -1.367043039984116513e+04
2.568641656964895787e+02 1.279591441008832226e+04 -1.316567555420575445e+04
-2.596021828337056832e+03 1.069301438097913524e+04 -1.348832563267353726e+04
-2.407001382104360346e+03 1.090279083269608782e+04 -1.156542561132617266e+04
-3.984493987142717515e+02 1.141829708399288938e+04 -1.317346165636349724e+04
-3.051213778467281372e+03 1.212655155151144754e+04 -1.544218898025322778e+04
-2.413516462197668261e+03 1.191825609539728976e+04 -1.101131200200184503e+04
-4.245807866465736424e+02 1.482029620137231905e+04 -1.288152864897670588e+04
-5.542550295933598136e+03 4.711062160892409338e+03 -2.081400114595248306e+04
8.200445953100606289e+01 1.044300885262586417e+04 -1.491179166570024972e+04
-1.912022982733459230e+03 1.142908943487669421e+04 -1.415818898007051575e+04
-2.295499320818812976e+03 1.210419874558069569e+04 -1.384598145179367202e+04
-1.225203579330958974e+03 9.901024254586136522e+03 -1.208090561860411253e+04
-3.432717691740660484e+03 1.169692373036559729e+04 -1.306122215338849492e+04
-1.065131378021646242e+03 1.439572866276047353e+04 -1.468209005852612063e+04
-1.324144442385577167e+04 1.279560648984255567e+04 -1.491621417816980102e+04
-1.824533926039447124e+03 9.719291895795748133e+03 -1.274539645220824059e+04
-6.990537208977220871e+03 1.137264034343962339e+04 -1.372736157208556324e+04
-1.755003114007465774e+04 1.125757810981541661e+04 -1.543897857954855681e+04
-1.677601687330212826e+03 1.461537791478021973e+04 -1.207874360718787830e+04
-3.639870846150960460e+03 1.071584949771726497e+04 -1.386528244243992231e+04
-3.659586226709573964e+01 1.107983231206142591e+04 -1.301220601327243094e+04
3.185690166581418907e+02 1.237982937460918401e+04 -1.442605634889597968e+04
-2.798916928778395686e+03 1.038419157901229300e+04 -1.495655451154868933e+04
-2.634338280997330912e+03 1.239294715613428343e+04 -1.399911662612131659e+04
-2.558550465705482566e+03 1.146632035065467608e+04 -1.385737600533825571e+04
-1.176794500723595576e+02 1.138358482203874337e+04 -1.438121290383073756e+04
-2.235655554041516552e+03 1.155470330792126333e+04 -1.459291747462465537e+04
-1.967829788048624096e+03 1.130218300476228433e+04 -1.417434619963070691e+04
-1.569288117989675811e+03 1.249915509411075072e+04 -1.285471308222155676e+04
6.720010430998368975e+03 -2.626128454902308931e+03 -1.992797878515368939e+04
4.016085663356392388e+02 1.313051396733360889e+04 -1.442883228184558538e+04
-7.114660781572128144e+03 8.161945990350153807e+03 -1.127793364857316010e+04
-2.717929420630013738e+03 1.159111772860139899e+04 -1.327503738470802091e+04
-1.450015627258545919e+03 1.200593780288891139e+04 -1.375179292185475424e+04
-1.300479187570010481e+03 9.854286166955771478e+03 -1.402907126790571965e+04
-3.661691654431545430e+03 1.353510422525608556e+04 -1.636458963353576110e+04
-2.344672831038684762e+03 1.242178203940278217e+04 -1.446972124733042983e+04
3.879864501075776388e+03 6.308317621013489770e+03 -1.352003234660409180e+04
-3.035347399506455304e+02 1.194397263755764652e+04 -1.355922795902284088e+04
-7.757728816364578051e+03 1.038359845278058674e+04 -1.253073453881139176e+04
9.143606938596136615e+02 1.258236361268271321e+04 -1.390932333320505131e+04
-6.267404247294345623e+03 9.425077525384449473e+03 -1.091044794651468146e+04
-8.660913465982530397e+02 1.074080626336893147e+04 -1.478577540432680689e+04
7.526261435832479947e+02 1.610270526113137566e+04 -1.336158347129860704e+04
-3.140350838670595749e+03 1.054841635199536177e+04 -1.347588140572591328e+04
1.167090329536493118e+04 -1.539327652991636387e+04 -4.214261061356412392e+04
-1.340395182901479075e+03 1.023254289244946813e+04 -1.431548959876036497e+04
-1.657719148026463699e+03 1.151024551695684204e+04 -1.415569076739305092e+04
-2.129367131734893519e+03 1.149428307458985728e+04 -1.349935422291415671e+04
-8.904172342904254265e+02 1.654338317695289516e+04 -2.218555679385573239e+04
-4.886638606204074676e+03 1.074299295846331370e+04 -1.416779806147604177e+04
-4.455247708333818991e+03 1.370034467309776301e+04 -1.497751658519944249e+04
-2.074815290483945773e+01 1.242000155885045024e+04 -1.227310141820186982e+04
-1.868459967794618933e+03 1.304438884381576281e+04 -1.263763058495808946e+04
-3.355504906541020318e+03 1.360043332792721594e+04 -1.308252083218565713e+04
-1.532596931371253731e+03 1.177255811511861975e+04 -1.392981560719318622e+04
-1.566739985851002302e+03 1.103094758370314594e+04 -1.424653786600005697e+04
-8.337183450906925373e+02 1.255914055833527527e+04 -1.437341727741667273e+04
8.640150014429541443e+02 1.689897997783878964e+04 -1.522759833775208972e+04
-1.126056358662446291e+04 1.390978221202965142e+04 -1.509004442744288644e+04
-2.476123408045330052e+03 1.174924156117894563e+04 -1.401052830170154630e+04
6.581574389293456306e+01 1.102412211644961462e+04 -1.496272619961307646e+04
-1.478343757912165756e+03 9.779866339696432988e+03 -1.301538213634139720e+04
-1.991705462168262102e+03 1.287719140839696047e+04 -1.082759424096157454e+04
-2.614833280307333553e+03 1.183705778896169431e+04 -1.449413518561915589e+04
-2.848316335382943180e+03 1.156204136383532932e+04 -1.382021705433648640e+04
4.330440583079806629e+02 1.376309137632231614e+04 -1.469159154115481942e+04
7.430627158527092251e+04 3.468963303890261159e+04 -4.037339546695718309e+04
-1.430305080056445377e+03 1.144200338080881738e+04 -1.395166747747970840e+04
-3.995965288525404503e+03 9.700310422674332585e+03 -1.330975824772823034e+04
1.093817867207616246e+02 1.317347441466725286e+04 -1.465415882927711937e+04
-1.316861499804802634e+03 1.250332021417430951e+04 -1.377968958007953552e+04
-2.806549099738954283e+03 1.163772105558498879e+04 -1.298814135397151585e+04
-1.560157985262005468e+03 1.220558282078655066e+04 -1.447991323610894142e+04
-2.045361011668529954e+03 1.135467095755302944e+04 -1.663589849052690261e+04
-1.766636840135672901e+04 -1.514741923227295410e+04 -1.558719776940611882e+04
-5.882820021827535584e+01 1.032781815180133890e+04 -1.540691042521565032e+04
-1.218656735640417082e+03 1.180017195756886213e+04 -1.421319082544314006e+04
-1.781615660243430284e+03 1.184298154204239108e+04 -1.413790177590589337e+04
-2.140997668090901698e+03 1.387095692160928957e+04 -1.407965485541802991e+04
-3.209127320185938970e+03 1.178948521840857757e+04 -1.290300689745845375e+04
-1.798371588348374416e+03 1.038872088397292100e+04 -1.441693104577394115e+04
-1.078163984198728713e+03 1.087615325341160496e+04 -1.464399108559146407e+04
5.924584249046102741e+03 1.561900925836835449e+04 -1.554826832945990645e+04
1.393262374279760252e+02 1.363304180083605388e+04 -1.401003649272934854e+04
-2.511315357542011498e+03 1.089308279626240801e+04 -1.359218820329594564e+04
-2.117396142022982076e+03 1.016502901377951639e+04 -1.350212905461548689e+04
-6.918445198120068198e+03 6.160523731290655633e+03 -1.692992242389819876e+04
-2.362500353165499746e+03 1.103794132414740307e+04 -1.392667058785529662e+04
4.629432752831346443e+04 1.899412150462206409e+04 -3.704699011409682134e+04
-7.670835800864319935e+02 1.191199954671800333e+04 -1.440430471717442379e+04
-2.392555630126641972e+03 1.197488062153928695e+04 -1.373274908091506950e+04
-1.290522481952280032e+01 1.201707289781116197e+04 -1.470295101398924817e+04
-1.836971578873767612e+03 1.214540847320386092e+04 -1.397196033060617629e+04
-2.064586611613626701e+03 1.206727736468252806e+04 -1.358160433084414944e+04
-1.909794615330397392e+03 1.165818226879108261e+04 -1.388670463767087858e+04
-3.034053605467391208e+03 1.259344010563746269e+04 -1.332409168708604739e+04
-2.008709968709751774e+04 5.752175273649679184e+03 -1.342934431286434483e+04
-2.534451745633422433e+03 1.080647798503730155e+04 -1.354510369122386146e+04
9.998459295067285666e+02 1.220657487068810224e+04 -1.319391126042086944e+04
-1.035219484140158784e+03 1.228419536089770008e+04 -1.375844228396763538e+04
-1.799362389038877382e+03 1.225378554474874363e+04 -1.404112880062031581e+04
3.252209501645518799e+02 1.289694858743007717e+04 -1.837607148301556663e+04
-1.882787242910903842e+02 1.343091767323205568e+04 -1.354724147745181654e+04
2.444629135581345508e+03 1.408434023375286779e+04 -1.376056858820638263e+04
1.175827484611083946e+02 1.143618042934363075e+04 -1.423159660281321339e+04
-6.057087928426540202e+02 1.114790825940416653e+04 -1.453624557650255156e+04
-3.430103837923681567e+03 8.819075929181188258e+03 -1.377310646190695843e+04
-7.798450590022951019e+02 1.120974406325067503e+04 -1.482375925455339711e+04
-1.447764692542019020e+03 1.091050066244362642e+04 -1.440224619914643154e+04
-1.909722323814710307e+02 1.092892568118860436e+04 -1.434101588381448164e+04
-3.831090558518637863e+03 1.041584319563574172e+04 -1.382668486988080076e+04
3.684947080196178285e+04 1.734695312671232750e+04 -1.465523297644051127e+04
-4.895195818242854330e+03 4.378565228259290052e+03 -1.832143483720236691e+04
-1.355573575149944418e+03 7.264882078738068230e+03 -1.597175188539375995e+04
-3.309964628361168252e+03 2.270732238505546411e+04 -9.006389612587945521e+03
-1.061670667743100921e+03 1.207081996530076685e+04 -1.646568140094130285e+04
4.334540325389670556e+02 1.122304638987227372e+04 -1.675074856560416447e+04
-3.109761257890340403e+03 1.161136024394271772e+04 -1.395741743094840240e+04
-1.682863857690629402e+03 1.186260787756694117e+04 -1.349979142103023696e+04
-7.492294210639616949e+02 1.183028762257997005e+04 -1.360907883569946353e+04
-3.863612701799259412e+03 1.021964614437630371e+04 -1.462972268883334073e+04
-3.733511454870872967e+03 1.014028078144784376e+04 -1.518783440422894637e+04
-2.114356494420131639e+03 1.101268059378166072e+04 -1.383661494021810540e+04
-1.480058761033412793e+03 1.115366660369832425e+04 -1.442054498268510542e+04
1.698810152291108352e+03 1.642469921591333696e+04 -1.084395359070116137e+04
-3.149675136142991960e+03 1.024182966221866809e+04 -1.443694898514507258e+04
-6.168485548284246534e+02 1.165506032000798405e+04 -1.394217850537981394e+04
4.757259583473161001e+03 1.597396388648969332e+04 -2.101652276165811054e+04
-3.058163165768862200e+03 1.175436173619261353e+04 -1.399888622196429424e+04
-9.045829441329201472e+02 1.188171294377479353e+04 -1.122054700487547780e+04
-1.701979583003619700e+04 2.235117995540771153e+04 1.014352422167936879e+03
-6.997128346281212998e+02 9.518478629591902063e+03 -1.551887638380027784e+04
-4.053615296164718984e+02 1.240668198284616665e+04 -1.373593857157286584e+04
2.064934407088820080e+03 1.193745276824355278e+04 -1.460510529012057486e+04
-3.149707118520792847e+03 9.173175416674665030e+03 -1.530354909439509174e+04
-2.166450552644823802e+03 1.189061340698801905e+04 -1.409138498566236922e+04
-5.308790947079395437e+02 1.112077733039527266e+04 -1.449952545482360620e+04
-2.498347403494720766e+03 1.229990723258310027e+04 -1.288619081507424198e+04
2.301618967834415344e+03 1.252907439129611339e+04 -1.511791451558742665e+04
-1.845514087393178670e+03 1.068132161826107040e+04 -1.386821302849667518e+04
-4.397646814978455950e+03 1.023328067065782670e+04 -1.401955969892481517e+04
-2.447070865226596652e+03 2.251597488434322077e+04 -6.325616129834860658e+03
-1.484983435021770447e+03 1.189362704069124084e+04 -1.610528252910752235e+04
-3.694775464850860658e+02 1.146492986805352848e+04 -1.409983579379785624e+04
-4.711451828787035993e+03 1.876257445564578666e+04 -1.659939446072385181e+04
-7.646242223957920032e+02 1.083337598216283732e+04 -1.410972860700439014e+04
1.436867489459719422e+02 1.360279843188989980e+04 -1.440400680053792712e+04
-4.920791396599261134e+02 1.164136551918511213e+04 -1.354406620233339345e+04
-6.981533687516439386e+03 1.808836100027833891e+04 -1.544096743733363110e+04
-2.030134584578526528e+03 1.215776618418472390e+04 -1.411615457639441956e+04
-1.953265165427793818e+03 1.064405876641004397e+04 -1.279404261572193172e+04
-4.662833640424415194e+02 1.034904834403833956e+04 -1.394977921906087067e+04
-1.294722945929712296e+03 1.158759142724035519e+04 -1.443242146803907417e+04
-2.157030863565270920e+03 1.174969908459621183e+04 -1.383218396673155803e+04
-5.455318895418593002e+02 1.220497807303805348e+04 -1.401818241043182388e+04
-4.009706205180563074e+02 1.240751532377880903e+04 -1.439447957869567472e+04
-1.091107365536409588e+03 1.254672920229090960e+04 -1.400133177178264305e+04
2.584504600149558428e+03 1.164583085160806149e+04 -2.331291635421043975e+04
-3.093223042287550015e+03 6.987710599154002011e+03 -1.158876056267784043e+04
-8.240129112490144507e+02 1.109398332525317710e+04 -1.438273945435474525e+04
3.464072457449038211e+03 1.556455785328288039e+04 -1.261331528463241921e+04
-3.977201510111180141e+03 1.903327053312801581e+04 -1.468256430644175816e+04
-1.709596279448385758e+03 1.315578172872581308e+04 -1.365849420044239560e+04
-1.205217601812265457e+03 1.297642063812044216e+04 -1.367620408302138276e+04
-1.556265678747180118e+03 1.133689309137961573e+04 -1.415418098011088841e+04
-1.141052723558804928e+03 1.229033299836464357e+04 -1.406517329076162969e+04
6.437099066032974406e+03 5.919290663393595605e+04 1.761156599525823913e+04
-1.804735889171079180e+03 1.054076381676998244e+04 -1.412777248898316248e+04
9.719163549202304466e+02 1.170134827039414449e+04 -1.397810408394060505e+04
-3.121013849060997472e+03 1.112364029145271343e+04 -1.426274263225382128e+04
9.121227522139117809e+02 1.239617799536638267e+04 -1.458673767838432832e+04
1.153063399011568890e+01 1.383502181351550098e+04 -1.257327520247351640e+04
-1.584018761502280086e+03 1.140317962613786040e+04 -1.400625246555347258e+04
-1.148224877098858997e+03 1.256308588237070035e+04 -1.393350076697980148e+04
-5.928671859017356837e+03 1.255560915323747213e+04 -9.070760911199788097e+03
-1.051667483620301709e+03 1.205020965036581765e+04 -1.433741187944725425e+04
-1.265503269334631341e+03 1.118759426955136405e+04 -1.398536211087051561e+04
-4.619481236896175460e+02 1.219519883988425681e+04 -1.464224837201367882e+04
-2.756308849533064858e+03 1.748397620033882777e+04 -1.121448207194583483e+04
-2.150623687126676032e+03 1.121573866667362745e+04 -1.392573471216192229e+04
-5.041210241206363207e+01 1.207039724657418265e+04 -1.413548435713236358e+04
1.065297145866919527e+04 6.792239704330300810e+03 -1.671280926788414217e+04
3.391214420940033278e+02 1.224345830280946575e+04 -1.389835342105825839e+04
2.157191317683239049e+02 1.147694261656374692e+04 -1.379899704603531609e+04
-4.378077845271739534e+03 1.156600187033928160e+04 -1.443517532252779529e+04
-5.367225164556350592e+02 1.149717197298997598e+04 -1.423686360434874405e+04
-6.976285861155828570e+03 1.198903722318978544e+04 -8.757662623375106705e+03
-2.856446516639539368e+03 1.165639309300437344e+04 -1.431197945382300531e+04
2.808706681729463526e+04 2.968928020308753548e+04 -5.893653390271346325e+03
-1.175725713956405571e+03 1.254178746098296142e+04 -1.398920076344991139e+04
-2.027285854492241469e+03 1.167809254245652664e+04 -1.366171277929240750e+04
-2.236644888720805284e+03 1.042285678552045647e+04 -1.284303366404125154e+04
-2.783927768073508105e+03 1.154336234366604549e+04 -1.321828468502416945e+04
-4.056979375589358824e+03 9.544729363627799103e+03 -1.400497854546312010e+04
-1.291402209718259428e+03 1.172520244023298255e+04 -1.413708373416125869e+04
-1.278655486729971699e+03 1.135314168075362977e+04 -1.412809140218802713e+04
-2.766740424632911527e+03 9.828686972426778084e+03 -1.493106328397511970e+04
-1.879316348285877893e+03 1.202172397673520391e+04 -1.383470311865923759e+04
-2.212687187951475607e+03 1.167608070550058983e+04 -1.392221570069095651e+04
-1.581264682420862300e+03 1.042627714551011013e+04 -1.470110863079614683e+04
-2.773750797483676251e+02 1.161601381578745168e+04 -1.440443288553155435e+04
5.566445013712475429e+02 1.277203177477135614e+04 -1.230191073444658468e+04
-2.264294126266062221e+02 1.158978402337227453e+04 -1.276488662846380794e+04
-2.709882453945919679e+03 9.806144301076195916e+03 -1.234251697219420566e+04
1.294727482562074101e+02 1.280960639069035824e+04 -1.529342165036576807e+04
-1.097616746716814077e+03 1.224717924960708478e+04 -1.496274722986763481e+04
2.833673383968734356e+02 1.138297855218726363e+04 -1.323852079933475216e+04
-1.567875420359784130e+03 1.136412649537941252e+04 -1.369254401145514385e+04
-8.341091190422783939e+02 1.280351501079563786e+04 -1.387104355340154143e+04
-1.236238010010908511e+03 1.302902525975306526e+04 -1.404444233626969253e+04
-2.725913430751932538e+03 9.434085632899383199e+03 -1.567849420933424335e+04
-7.271589971396697365e+02 1.017005644645947359e+04 -1.539555732790601360e+04
-5.409226932629600242e+02 1.012265443507423879e+04 -1.240104761690834675e+04
-1.492995113784844079e+03 1.124513362116855569e+04 -1.412719689869181457e+04
-1.107554673622615553e+02 1.133730554533308350e+04 -1.407346749530061243e+04
-8.963908897606879691e+02 1.138938954580849895e+04 -1.370886339484686505e+04
-6.689201223116306210e+02 1.175227910892435830e+04 -1.437901100958830284e+04
-2.199069821764875542e+03 1.125499844437980391e+04 -1.333877014509116270e+04
-2.127498810253153806e+03 1.092824377056717822e+04 -1.426554059863327893e+04
1.255269371115815375e+03 1.174173594348466031e+04 -1.271927855364272364e+04
-1.473220775204195661e+03 1.142121221755051738e+04 -1.408814001083054609e+04
-1.615795337805094505e+03 1.144060639568874649e+04 -1.423485779438537065e+04
-1.618530752911856780e+03 9.951234847906751384e+03 -1.707522760716530684e+04
-1.170086033228742053e+03 1.267329484876750030e+04 -1.412193756080782077e+04
-6.250936921901297865e+02 1.132283134515415441e+04 -1.399281300278026902e+04
4.964852307289597775e+02 1.216262999612750173e+04 -5.583870264267213315e+03
-8.632150839982909929e+02 1.205157968095457727e+04 -1.343732978611845465e+04
-3.072116504260683087e+03 1.105143337544781571e+04 -1.238545948883347592e+04
-2.938962747632983337e+03 1.116832908922073511e+04 -1.411264156807325708e+04
2.641492518882124045e+02 1.216135264594693035e+04 -1.398280120327401346e+04
-3.976984968375529570e+04 3.460914092569398781e+04 -7.284319135124258173e+04
-1.624839584062437098e+03 1.230189778979020775e+04 -1.415698977320257291e+04
-3.847968748336163003e+02 1.167054831604874198e+04 -1.428304069903445634e+04
-1.126549280121994343e+03 1.236082740139547786e+04 -1.426807816533595542e+04
-1.416704381792312461e+03 1.068512515328402515e+04 -1.432229821090963924e+04
-1.793830205961614183e+03 1.183096093523364834e+04 -1.418584722509236417e+04
7.444896535629115988e+02 1.276095081819608095e+04 -1.457655527254661683e+04
1.617455458740251970e+03 1.622814998089667824e+04 -1.325681424725218858e+04
-2.409122144379755355e+03 1.132864874101996611e+04 -1.387649384590498448e+04
-9.956528598448180674e+02 1.241120781420481035e+04 -1.257165448526469481e+04
-2.557680678617572994e+03 1.098496922476934378e+04 -1.377423742060130098e+04
-8.239768415816184870e+02 1.311104489717905926e+04 -1.326093904935851970e+04
1.994957249009006318e+03 1.369677963919985814e+04 -1.431024861549240450e+04
-1.186064580546442130e+03 1.156677179111512123e+04 -1.425916625930342525e+04
-4.944440171333963008e+03 9.831353591388584391e+03 -9.137646499760472580e+03
-1.514039010887035374e+03 1.099064687681118266e+04 -1.439884910120804670e+04
-1.904390436858956946e+03 1.192924804441792185e+04 -1.400451293784128393e+04
-5.087157708664223719e+03 1.346777304882210410e+04 -1.320542812305043117e+04
-2.729036210320337432e+03 6.198232377719292344e+03 -1.583647531407623865e+04
-5.248741667219979718e+03 1.194499572139091470e+04 -9.244965469289936664e+03
-2.654039872284456578e+03 1.029176179968950237e+04 -1.465068454453704362e+04
-2.172659647918997052e+03 1.106558123987319414e+04 -1.417719861120744281e+04
-8.530255506981939106e+02 1.195346919421482744e+04 -1.432506353035659049e+04
-1.087827792580159894e+03 1.139168946589054212e+04 -1.369044621258144434e+04
-1.130572428364559983e+03 1.073395212082239959e+04 -1.451936163761935859e+04
1.749011352770230587e+02 1.081445104799318142e+04 -1.368567258458094511e+04
-2.566020013707799535e+03 1.141129841878219304e+04 -1.423887121941803161e+04
5.910095726349663892e+01 1.135915188254915847e+04 -1.464770629351582102e+04
-1.212526488843182506e+03 1.171678080395422694e+04 -1.433555501767958958e+04
-1.918767387971117387e+03 9.232708921680954518e+03 -1.418042933145365350e+04
2.792005017372586053e+02 1.259416243070659402e+04 -1.441063775268736208e+04
-9.125808689239802334e+02 1.629743886563358501e+04 -1.595795623936317497e+04
-1.206331079482611676e+04 1.705808566927531865e+04 -1.152308254652746473e+04
-1.255774402980308423e+03 1.211166198366085155e+04 -1.386787597521249700e+04
3.949615711751317235e+02 1.201064501224632295e+04 -1.398901792269712678e+04
-1.985266937738884508e+03 1.116659458949285181e+04 -1.390640664385841592e+04
6.104771250658423924e+03 1.150551558630003456e+04 -1.281625574032173608e+04
-2.496769741779476135e+02 1.239738277750606721e+04 -1.403024332100412903e+04
8.408855484904487412e+02 1.153044704452155020e+04 -1.226471710175515364e+04
-1.105763348157160408e+03 1.209931933578093049e+04 -1.351479409853838297e+04
-3.309374095950398669e+02 1.177410612875279730e+04 -1.446113646833867460e+04
-5.518439776314867231e+02 1.186909780355081421e+04 -1.430280501686859861e+04
-1.278728082813601077e+03 1.103692271459754193e+04 -1.428710450017381481e+04
-4.635798237138116633e+02 1.161796291460950488e+04 -1.417893107848574982e+04
-1.413969477768990373e+03 1.167291261314123403e+04 -1.395861318190199199e+04
-1.856789529856562012e+03 1.196265816204203475e+04 -1.414786701270353842e+04
5.821172797206051655e+03 8.881779422446370518e+03 -2.166329069751393763e+04
-1.704231672598783689e+03 8.668501714822112262e+03 -1.537953249741577383e+04
-8.479985959435289260e+02 1.195000602562194217e+04 -1.438250424273109638e+04
-1.617505623443962349e+03 1.127893289699159141e+04 -1.409872662509366091e+04
-2.792511438072454894e+03 1.174983016284082260e+04 -1.386122147593614682e+04
-7.168819666530159793e+02 1.168783201559507870e+04 -1.439181620553014000e+04
-6.186598926736875910e+03 8.544645396554589752e+03 -1.649984073033284585e+04
-4.851479206602269301e+02 1.172112943436920978e+04 -1.429611322823388036e+04
7.649631243714252378e+02 1.266867362988950299e+04 -1.377919949024438574e+04
-1.431671887750400401e+03 1.180227700351679778e+04 -1.420042118081919034e+04
-1.483549172090533375e+03 1.156066011908024302e+04 -1.397023868570711602e+04
-2.172507407603741740e+03 1.119998767375437092e+04 -1.410638129588163065e+04
-6.554093868769717119e+03 9.193264640278446677e+03 -2.274146468843648472e+04
-1.016629545630807002e+03 1.138666801928748828e+04 -1.430249942526833547e+04
-5.989333971023831964e+02 1.174574135920424305e+04 -1.426602405725743483e+04
-3.750109949572094592e+03 1.445528607855206610e+04 -1.299068724998648759e+04
-1.195160004341448257e+03 1.221339271180873948e+04 -1.432033457827589518e+04
-1.994817719888952752e+03 1.121856980088489399e+04 -1.398641570960309764e+04
-1.493978261556099824e+03 1.154600195190062004e+04 -1.424634354663663180e+04
-1.174573474660772490e+03 1.254705781963074878e+04 -1.329362119503804570e+04
1.483213336197575154e+04 -7.342833967178255079e+03 -8.374128301327477675e+04
-1.462055164545617345e+03 1.120777105129639313e+04 -1.403368237816754663e+04
-1.887825806783524740e+03 1.169026048938263557e+04 -1.401061456777146304e+04
-2.110257896153652382e+03 1.274974280965525577e+04 -1.394684585065881583e+04
-1.677749155174202315e+03 1.152037147538990939e+04 -1.400335184755573391e+04
9.682347295741559492e+02 1.531924005052527900e+04 -1.297746787557154494e+04
-1.779031232946528235e+03 1.123262215517153345e+04 -1.381415391271874432e+04
-2.089306203470401215e+03 1.062570323909080071e+04 -1.317640371621364648e+04
-6.721975288788903526e+02 1.157125479394878130e+04 -1.440708471836839271e+04
-1.714434104350957568e+03 1.145374292841857823e+04 -1.401861682739545722e+04
-1.769190033944804327e+03 1.229898871884689834e+04 -1.399620934115335876e+04
-1.329951013116449303e+03 1.155264052308081045e+04 -1.410117412700194473e+04
2.146409330498178406e+03 4.688789179856597002e+03 -3.221262868924866780e+04
-7.054215942146296356e+02 1.169916456457974709e+04 -1.391352089547466494e+04
