-7.384255085126105405e+04 1.039668054124333594e+03 -1.375232635889650010e+04
-6.082786990460685956e+03 1.086599044169335866e+04 -1.546930920838482052e+04
-5.536863475823065528e+02 1.151353663504736323e+04 -1.491315421666346447e+04
-7.754442312838021280e+03 7.692645497012636042e+03 -1.585371130487724258e+04
-7.656117110492398297e+02 1.193368087596067380e+04 -1.535868671090435237e+04
1.001976501098359040e+04 1.138400087259871179e+04 -1.362138619755625405e+04
-6.248757315997891419e+04 1.853850403045096755e+04 -1.642380483310167256e+04
6.898058735449869346e+03 -4.296440757844125983e+03 -1.262329374407592513e+04
-4.566350607462207336e+03 1.002409306988030767e+04 -1.551065374222087121e+04
-4.075562237000827736e+03 1.710152644866145783e+04 -1.139521797579994563e+04
-5.149236328035363840e+04 1.817662605012188806e+03 -1.546160825211013434e+04
-1.046437767781883394e+03 1.704974613339558709e+04 -1.448477969549979389e+04
-7.741304090185981295e+02 1.169249056287555140e+04 -1.512522140281919383e+04
-7.834277268984597868e+03 -5.358213266523317770e+02 -1.492058734945932702e+04
1.870877389036944351e+03 1.216122066053440540e+04 -1.529967409124398910e+04
1.730691314211633653e+03 1.239029724315304884e+04 -1.234096937838931808e+04
-7.317926633891244819e+03 1.823165573565370141e+04 -1.444191880640338240e+04
-2.401908543487481438e+03 1.285988089642523482e+04 -1.407794439953362962e+04
-2.867244104746902167e+02 1.098511774467088435e+04 -1.596504030348806191e+04
-2.994568897992073289e+03 1.753452158768253867e+04 -1.444572532647059779e+04
-2.286968995743834512e+03 1.304507615949541832e+04 -1.417606178268732765e+04
-4.318991452206264512e+03 1.166743472733716953e+04 -1.532537401757754014e+04
-5.818167338376271800e+03 9.565918161796746062e+03 -1.460808212800084402e+04
-1.869616967589140813e+03 1.182198361329874388e+04 -1.535808072439999705e+04
-2.542429844268581292e+04 2.364182556016198214e+04 -1.273494682628769806e+04
8.622066876218572133e+02 1.368807740887017098e+04 -1.456192025126686531e+04
-1.518502918083700479e+03 1.306840830783812817e+04 -1.464453838159002589e+04
-7.139508126499774517e+04 4.008459945706297276e+03 -1.161906838291224813e+04
-6.051067052699982014e+03 8.393671535042694813e+03 -1.566032424810423072e+04
-4.682386942492752860e+04 2.595024240942596862e+03 -1.402127328106573987e+04
-7.007844716284838796e+04 3.507543263804509934e+03 -1.224515318097736963e+04
-3.083572590103927269e+03 4.022171274486631773e+03 -1.544557968461002929e+04
-1.178423558752557710e+03 6.275716514425843343e+03 -1.453429741097773694e+04
-1.737792478441511412e+04 2.679781490544253393e+04 -2.268627448916724825e+04
2.319551037731353972e+03 1.235111994321075326e+04 -1.569603146936333724e+04
-1.446354984667872031e+03 1.351402498049067799e+04 -1.421471328452879425e+04
3.048394794471513706e+03 1.498450095844132738e+04 -1.366268370797612624e+04
7.142289853847780705e+02 9.359039229629279362e+03 -1.584640556970617945e+04
-2.518930735848755648e+04 -4.244435739543189993e+04 -1.634206279321608781e+04
-2.957586943961509405e+03 1.092741158287952203e+04 -1.409016686728097557e+04
-2.434680112331450346e+02 1.134016790772219247e+04 -1.535002400025322640e+04
-6.629666724229792635e+03 9.073230952458678075e+03 -1.526451439664932514e+04
2.487642473555622928e+04 -1.668153572024086316e+05 -7.827904891453516711e+02
1.294754317980874839e+04 -2.014490887144138242e+03 -1.446217872157744387e+04
6.009658239656308979e+03 9.907780604188628786e+03 -1.353670235592333665e+04
-5.017842339422235455e+03 1.288913847429035377e+04 -1.681933096216234844e+04
-7.197330440314771840e+04 4.013708050990561787e+03 -1.149142886538973653e+04
-5.780667081845949724e+02 1.216848013394334339e+04 -1.439181849482740654e+04
1.644301086796719346e+03 1.266882650444139472e+04 -1.585676969742999609e+04
-2.730053410105115290e+03 1.102035456250148673e+04 -1.461899952435353043e+04
-6.957875076616317529e+03 3.998200084780975885e+03 -1.314642946449626470e+04
-1.036422361381144765e+04 1.036895934710423899e+04 -1.547090949668565736e+04
4.289026048432584730e+02 9.512591022373188025e+03 -1.531935422721394934e+04
3.137941677567448551e+03 9.803036001797412609e+03 -1.847526745979929910e+04
2.275019212769759633e+03 4.169647649750300843e+03 -1.569779195671257003e+04
-5.821657532097290641e+03 1.084114836278449366e+04 -1.441417647698092878e+04
-1.300098446363951225e+05 -9.265623150797391645e+03 -1.583569386041269718e+04
1.727742306232277997e+03 1.090119572239506851e+04 -1.526352095374352939e+04
-4.522582321194176075e+03 1.413495743356865387e+04 -1.326943085695686023e+04
-1.322950857911233470e+03 1.090110859915086257e+04 -1.523629831859441401e+04
-2.242900246681928820e+03 1.215013221970361883e+04 -1.475351996193621562e+04
-5.617580565485169245e+03 6.127310257570545218e+03 -1.341590190747824636e+04
-1.914728610596767112e+03 1.275709490946513688e+04 -1.429941925230568813e+04
-2.466599258653623565e+03 1.245894461532417881e+04 -1.315695895452756668e+04
-3.388102555542148821e+03 1.111871823479376144e+04 -1.539626307669517701e+04
-7.282218421155280339e+03 7.947263244675690657e+03 -1.169958210735559624e+04
-3.741212862112577113e+02 8.184296687039573953e+03 -1.437447143312234402e+04
4.974642760986640724e+02 1.324481936795124057e+04 -1.401066865872658855e+04
-1.038078658631502549e+03 1.191319584245487749e+04 -1.603731254017004358e+04
-2.748561609906811282e+04 -3.530937232591974316e+04 -2.073722827917460745e+04
-3.038305060274047719e+03 1.048095274634531597e+04 -1.334501208772365317e+04
1.211765353433019754e+03 1.472335934542885116e+04 -1.475422274680375085e+04
-7.168209184402269602e+04 3.143356776502184402e+03 -1.120556067774240000e+04
-1.349220448449589412e+03 1.181315503491118398e+04 -1.483498769308999726e+04
7.943486132742643804e+02 4.423481583192454309e+03 -1.819816375929539572e+04
8.006018527320106841e+02 1.305484904473445204e+04 -1.473539081263655498e+04
-6.026673087983842379e+03 1.818085820440049793e+04 -1.372123708603507475e+04
-5.297043288658341044e+04 6.230931883153169110e+03 -1.594504806298345829e+04
-1.448180434034036580e+03 1.169148382861191203e+04 -1.468819243159813595e+04
-3.342817289641491698e+03 1.165119388930284731e+04 -1.469057480326766927e+04
-6.766616587072981019e+03 1.435178421207316751e+04 -1.509730949171388056e+04
-4.502607145632628090e+03 1.145772923207538042e+04 -1.601075349067747447e+04
2.810694099872872812e+03 1.264423842316491027e+04 -1.442110729373670256e+04
-1.306510246082930735e+03 1.431558462580628111e+04 -1.260410017425232400e+04
-3.567722356398411193e+03 1.205015449738494499e+04 -1.480189398620881184e+04
-2.440963686322974695e+02 4.218417361220685962e+03 -1.168254231031524250e+04
-5.848711161861904202e+02 1.175715991452906201e+04 -1.420238584456188073e+04
-3.504888212238654432e+02 1.485330849617012609e+04 -1.469577873080215795e+04
-1.026649360893419953e+03 6.632886812990457656e+03 -1.496950709937523425e+04
2.751485813834584064e+02 1.197305470651049836e+04 -1.550822460740402130e+04
-6.177211973866512835e+02 8.885053879302435234e+03 -1.383837469094803237e+04
-2.449282932890873417e+04 -6.031368387468844594e+04 -2.045478191325407533e+04
-1.249458944851108072e+03 1.304919886029279223e+04 -1.374213890121172699e+04
-2.649682519229997524e+03 1.229709867827837115e+04 -1.423697243934031030e+04
-1.584505292266183005e+03 1.288369592291503432e+04 -1.445332784957657714e+04
-6.847482067378587089e+03 7.307102800143023160e+03 -1.621629730314441986e+04
-2.801883185509406303e+03 1.425803207341043526e+04 -1.393751974782813159e+04
3.526868431568221922e+02 1.435222621781347698e+04 -1.467278259951461041e+04
-4.857110271272213140e+03 1.253917610574468563e+04 -1.469910226657845851e+04
-5.830216962014144883e+03 1.200083599148512258e+04 -1.527877560361507494e+04
-1.893915803798197658e+03 1.308301150469340064e+04 -1.531898092034811452e+04
-5.387235205091949865e+03 6.550550542495073387e+03 -1.524972289390504375e+04
-1.206313165621670578e+03 1.176441237287973854e+04 -1.453634737261752343e+04
-1.745297474278152094e+03 1.093540718408326029e+04 -1.809006481700083168e+04
4.271255724276967157e+03 1.303546319157760445e+04 -1.381116588125731323e+04
-7.781749483087560293e+02 1.531620641224134124e+04 -1.405082069269484418e+04
-5.558684202241706771e+03 1.106997447136838309e+04 -1.715646603865111319e+04
-1.850718935207903542e+03 1.665135115172303267e+04 -1.473468821219411984e+04
-1.541335387329745117e+03 1.250907089361712133e+04 -1.434489317146389840e+04
-3.511554544331147918e+04 -2.117526760655477483e+04 -3.089632051846507238e+04
-3.876606473008373996e+03 1.365554660905398305e+04 -1.433718048090881712e+04
-1.337989338326665802e+03 1.215650397177618106e+04 -1.486312322615286757e+04
-2.777188601542164179e+03 1.245330319642056747e+04 -1.703840113448555712e+04
-3.294393870678949952e+03 1.503081134568702146e+04 -1.363806032484853313e+04
-4.362685946132533900e+03 1.173421961930433281e+04 -1.376026305986929583e+04
1.323221668445520891e+03 1.538316227389080996e+04 -1.220323226519612035e+04
-2.668764886416542140e+03 1.368117042372077776e+04 -1.509253083715520188e+04
1.152598297630110392e+04 -6.086507888485382864e+04 -2.947242192764190622e+04
-4.967261083414615314e+03 1.369428255612205976e+04 -1.549322960736407185e+04
4.388324714776223345e+01 1.178859868978847226e+04 -1.356036107079510475e+04
-2.594058429534750303e+03 1.146960539260671976e+04 -1.649367210121534299e+04
-3.273227592269024171e+03 1.121462259259652819e+04 -1.432792963285709266e+04
-1.657071442497194198e+02 1.250754734084200390e+04 -1.410511397089907950e+04
-3.439027649626024413e+03 8.381758799614059171e+03 -1.433745115562338287e+04
4.515307359043137694e+03 1.556923676336434619e+04 -1.465262086025910503e+04
-4.363733024680034760e+03 1.169536850975061679e+04 -1.452929513377920193e+04
-1.370205281808165455e+04 1.116045455058960397e+04 -1.024809956904903993e+04
1.247522582119455876e+02 1.226506708756900844e+04 -1.472509515929307963e+04
-1.519459881496468824e+03 1.066590062240395855e+04 -1.717989528361865450e+04
-1.263574029534801412e+03 1.144009526149114572e+04 -1.478533206066216371e+04
3.859851925008103422e+02 1.388671454353792433e+04 -1.232306411029984702e+04
1.285108851118427310e+03 1.289682755444799841e+04 -1.638125416454445622e+04
-3.523316109532756855e+03 3.475162683597871364e+03 -1.634119192237647621e+04
2.393944263369076452e+03 6.992141583545148933e+03 -1.402560205467991545e+04
2.203744501677620974e+03 1.183416155192008955e+04 -1.486423094179741747e+04
8.170811559952888274e+03 7.301680778538264349e+03 -3.331860070727507264e+04
-1.475162024910907576e+03 1.601725494485065974e+04 -1.408669094065780337e+04
-4.763150911143211488e+03 6.474528745742429237e+03 -1.378783391357152868e+04
-3.140692246157187810e+02 9.434608070466034405e+03 -1.470694449435470960e+04
-9.381790935169746035e+02 1.114396912083185271e+04 -1.444097704743878057e+04
-1.356537587689484553e+03 1.279057556517622470e+04 -1.515350452071626751e+04
-2.525783237995405580e+04 -2.797214502934499615e+04 -1.860192728280162919e+04
-8.411292125841630423e+02 1.390097041685539807e+04 -1.454749876035520356e+04
2.731678436944421833e+02 1.248925841863635105e+04 -1.350334863233555916e+04
-3.398735286670668756e+03 1.679384547080380435e+04 -1.455717242048528169e+04
8.767921702023098987e+03 1.664757072355896889e+04 -1.855820161333704527e+04
-7.346713413868837961e+02 1.268018833811799595e+04 -1.581296932679614110e+04
-9.008720138038292134e+03 4.398876431737133316e+03 -1.810516931851369736e+04
-2.376981469953726264e+04 -4.366950110275547195e+04 -1.777216970856399712e+04
-3.129031020923323013e+03 1.207144680014124060e+04 -1.476491604937408556e+04
-3.112931894367929544e+03 1.092295944488590430e+04 -1.446040919534103523e+04
3.224839121841012911e+03 1.441437752319435094e+04 -1.238733927434144425e+04
3.927096496613158934e+02 1.785380099935052931e+04 -1.591402291124181465e+04
-6.614471136453491454e+03 1.451585123678981063e+03 -1.938869270349552608e+04
-8.556033331639784592e+03 1.813675639084729846e+04 -1.300478357196305842e+04
-9.262704929961613516e+02 -7.174928441687351733e+04 -2.699972436527618993e+04
7.943199964576762113e+02 1.285243890221508445e+04 -1.296624219771339267e+04
-3.461368592860154649e+02 1.262225833559631064e+04 -1.466444384223207635e+04
-1.808570930063969172e+03 1.356854601108801944e+04 -1.455411624562232646e+04
-7.273576626798427469e+02 1.171113318265374801e+04 -1.528200789949593309e+04
-6.165550847373299348e+02 1.581009625308823342e+04 -1.400088504352130258e+04
5.875476894467225975e+03 5.569309457885878146e+03 -1.535947602597707737e+04
5.010830030216386035e+02 1.370369822180174924e+04 -1.271134190619809669e+04
2.342184920873883129e+02 1.372945049930004825e+04 -1.399223346342311561e+04
-4.181813136203238173e+03 1.329221354077201431e+04 -1.348275980577447990e+04
-6.769119539885666200e+03 1.829794036560804670e+03 -1.367322386903983715e+04
1.576730977135992362e+03 6.861716230691006785e+03 -1.545067309266201119e+04
8.207265219400456772e+03 6.627147756985667002e+03 -1.807228163552188198e+04
-5.187584526331021152e+03 1.162326451909198113e+04 -1.554573373934921074e+04
-1.319876587568916420e+03 1.305634751800174126e+04 -1.850462284918545265e+04
7.285969817615430657e+03 1.907255755234583194e+04 -1.634469805733749672e+04
-5.791288097820601251e+03 7.199367806268873210e+03 -1.554199926005038287e+04
-7.914182561099348732e+02 1.163463598892096343e+04 -1.622804505716328640e+04
-2.720299735719634100e+03 1.260541232835380652e+04 -1.418580862204243203e+04
-1.327959733527953176e+03 1.128923539268682362e+04 -1.540929121229210614e+04
1.497066039730822922e+03 1.285849964365402047e+04 -1.234047572671508351e+04
-1.047912678580548800e+02 1.232502061554101601e+04 -1.441825871994438785e+04
-2.881329690345009294e+04 4.691213065041709342e+03 -1.766957685484282047e+04
-2.683714043669541525e+02 1.365708295577257195e+04 -1.136901211737366430e+04
-3.104144209174272419e+03 9.110493041751185956e+03 -1.599175986772002216e+04
4.818999783905648655e+03 3.864220949099340032e+03 -1.670998881137779244e+04
5.047921269378681473e+02 1.336635004791110077e+04 -1.399135850335464602e+04
-3.165943749243584989e+03 1.063174123056843564e+04 -1.484846292037682178e+04
-2.009503771463715793e+03 1.235949372085904361e+04 -1.628838053113479873e+04
1.196962593400699916e+03 1.375665270592378511e+04 -1.458427789880060664e+04
8.046629905791312922e+03 1.689268694915791275e+04 -1.384645504165668353e+04
-1.126287198741643078e+04 1.040387006782404387e+04 -1.488788897323023411e+04
-1.356635171337226211e+03 1.125414205334330836e+04 -1.362458684355215883e+04
3.832330234704006671e+02 1.229805744809907264e+04 -1.427033914548255234e+04
2.075077401002923580e+03 5.257155306128287521e+03 -1.629774942033361913e+04
-9.771623668134663603e+03 2.129823699264902825e+04 -1.761021116900858760e+04
2.329079950535601711e+03 1.056784133723327068e+04 -1.514393670961275711e+04
5.285468556136422649e+02 1.293408233395690877e+04 -1.479748958176911219e+04
-1.121613990721936943e+03 1.300645751833314716e+04 -1.472746726501507146e+04
-2.974277294485967559e+03 1.161696154720712002e+04 -1.447120137934745071e+04
-2.486803951969386617e+03 9.786667411147382154e+03 -1.104444547201494788e+04
-8.423568100429640708e+02 1.488939676429140854e+04 -1.284300502233989391e+04
4.784729011729738886e+03 -3.156053303884767502e+03 -1.675424449952265786e+04
-1.700563847072402950e+03 1.237636968976804928e+04 -1.454830398583190436e+04
-4.519332093081042331e+03 1.048037783830417175e+04 -1.527578387492833645e+04
-3.179625312393050081e+03 1.269863567358213368e+04 -1.422235570637654200e+04
9.293537165482973705e+01 1.220090373252761674e+04 -1.543413786902388892e+04
-2.211054865000182872e+03 1.244703843323477849e+04 -1.741431239910582008e+04
-1.416584833655920477e+02 1.368862187021194040e+04 -1.554759091842872112e+04
8.699652772677050052e+02 1.330734314855586126e+04 -1.563494135966298563e+04
-1.319257262657971069e+03 8.449336161934823394e+03 -1.501554268862937897e+04
-2.698199250222113506e+02 6.194888311405637069e+03 -1.590899526474779304e+04
-1.888935850206760506e+03 1.237317349361636116e+04 -1.481017955042162066e+04
-1.734360059026391127e+03 1.228186624874835434e+04 -1.519454784463810211e+04
-4.580600840425985552e+03 1.334575348604621286e+04 -1.426109856883446992e+04
-2.450570313481947323e+03 1.315082608633005657e+04 -1.437079559366397734e+04
-1.026006847514153151e+03 1.325178563754161769e+04 -1.488608120504274666e+04
-2.054456681201349511e+03 1.273961874684228133e+04 -1.604729992037037118e+04
-5.694055072211913284e+02 1.355878345006352538e+04 -1.452327361382040544e+04
-1.876569028341026069e+03 1.301587223520166117e+04 -1.371302580749424851e+04
-3.376687434591946840e+03 1.196458659249555603e+04 -1.438758735054714816e+04
-2.088461957495134357e+03 1.245701286761521260e+04 -1.411173882682677504e+04
-2.479689544967894108e+03 1.232003122267939216e+04 -1.523406726629626064e+04
-2.284864459575680939e+03 1.149848328774164838e+04 -1.418332473658349772e+04
-2.336067448620436608e+03 8.466763611237660371e+03 -1.406370262241427372e+04
1.389658911689538400e+03 1.427232576546818746e+04 -1.764932863076958529e+04
-1.070928765264201047e+03 1.389389931967037774e+04 -1.519101729025084751e+04
-1.966061283970604563e+03 1.247722245743915482e+04 -1.521210159025876237e+04
-1.156602219170370518e+03 1.384434796732682480e+04 -1.377914331306371605e+04
-6.252754384587476125e+03 1.152521232399883229e+04 -9.663558786849609533e+03
-2.822781271892888981e+03 1.072381432489621511e+04 -1.545900383667228743e+04
-1.475801035671659520e+03 1.285444380535592973e+04 -1.623027531575379908e+04
-2.407776585592181164e+03 1.126530237669099188e+04 -1.499552197720132244e+04
-1.070133997105746384e+05 8.692614111846180094e+03 -1.258660790803180680e+04
-1.731533751076452290e+03 1.194347657596857425e+04 -1.397255382849669331e+04
3.752272891471870935e+03 1.305826493470865171e+04 -1.523110081000510399e+04
4.227656072832279278e+03 1.058417547191762606e+04 -1.590298836786780521e+04
-1.820044142802560600e+03 1.136283873864978159e+04 -1.467281719149120545e+04
-6.499076125469701765e+03 1.035019427329021346e+04 -1.738853347740491154e+04
-6.852245662264970633e+03 1.828401175190418508e+04 -8.336662343007808886e+03
-3.866049068101807734e+03 1.316931761386655307e+04 -1.353994334908272685e+04
-2.273826670772826674e+03 1.309159214646849068e+04 -1.514220085543005007e+04
2.945039207827504015e+03 1.014923596721154172e+04 -1.537225818326371518e+04
-3.159367958181854192e+03 1.326317976831094711e+04 -1.282968552307493701e+04
6.811995085484113588e+01 1.229559065815112081e+04 -1.297920170194388629e+04
-2.593025010061840931e+03 9.139760700766086302e+03 -1.396214498670521243e+04
-9.021178330485047354e+02 1.241997088935331521e+04 -1.645475055486698693e+04
-4.605348498997198021e+02 1.421803388617546443e+04 -1.298445159127931220e+04
-1.845165612573987164e+04 2.179603177168920229e+04 -1.023551631660361272e+04
-2.011036563767750636e+02 1.132671069528752741e+04 -1.570539816313042866e+04
-5.682942171430842109e+02 1.251748966928214395e+04 -1.444898828453453643e+04
-3.808241617677535487e+03 9.724411768169855350e+03 -1.477330403784073678e+04
-3.219488059374260501e+03 1.122011023691242190e+04 -1.545667075421020127e+04
7.261187252409679331e+02 1.050314565601598042e+04 -1.568836253371436942e+04
-1.531929831959261264e+03 1.280667730375698375e+04 -1.487906401437502427e+04
-6.553206924758985679e+02 1.129108194592340078e+04 -1.252100836806599909e+04
-7.078059316636893072e+02 1.357575439675360394e+04 -1.855957951966914334e+04
-4.843244815688618132e+02 1.217247578404291198e+04 -1.503319791615487884e+04
5.329714796290841150e+02 9.798437816410774758e+03 -1.393530017351372771e+04
-1.682228628030922437e+03 1.278323453612737103e+04 -1.377105947849995937e+04
6.308204857106246891e+03 2.827450895329023115e+04 -8.365183196387015414e+03
8.630520074202593605e+03 6.123868432442881385e+03 -1.683842334398821549e+04
-1.287339211814026612e+03 1.161120707568116813e+04 -1.479616086787731729e+04
-4.023796612879164627e+02 1.268412475827008529e+04 -1.553541666825975335e+04
-4.720408731258390276e+02 1.179423889712265554e+04 -1.485711900840534872e+04
-1.889766818775879074e+02 1.284834062154783715e+04 -1.406317088058686022e+04
4.085096493468313383e+03 1.424415206911850510e+04 -1.552948286573483529e+04
-2.451357203849058806e+03 1.282919797629474488e+04 -1.357617422797402833e+04
-2.620716607930039390e+04 -2.226511102449255486e+04 -1.898141146618198036e+04
-3.579873558128310833e+03 1.228270759791712226e+04 -1.480581063086460017e+04
-4.872601845828382466e+03 1.416544053399049517e+04 -1.759552403953589237e+04
5.536267418169961729e+02 9.847148691498119661e+03 -1.461941632147398559e+04
9.102801611761819345e+01 1.433508911993967195e+04 -1.444176916577595148e+04
-3.972167037670820264e+03 9.290297033989028932e+03 -1.381999507277370503e+04
-1.193985071628889273e+03 1.202383403549985633e+04 -1.540702298812718436e+04
-7.962834438521170341e+03 1.472171433541640545e+04 -1.719138472155342970e+04
6.041353046499719312e+03 9.260668669188742570e+03 -1.705247535611494459e+04
1.672404124803183322e+03 9.176682498159960232e+03 -1.570860085219482426e+04
-4.024640152844770455e+03 1.249575609334741057e+04 -1.483773372798001219e+04
-1.432434140570577711e+03 1.125576161596526799e+04 -1.467607261767397904e+04
3.224678340862305049e+03 1.398684918684230797e+04 -1.561321941897963370e+04
-4.862449580014570529e+03 1.105678059568095523e+04 -1.358224598807491566e+04
-1.022067548250374330e+03 1.209884731546125113e+04 -1.518255436592264778e+04
-3.792705197423014852e+03 1.360089275860020098e+04 -1.394908482660556547e+04
-2.215287565317300960e+03 1.470218521211816187e+04 -1.409250471492791803e+04
-2.516557237039333813e+03 1.292222640443223099e+04 -1.432181382040304197e+04
-3.238191884015568576e+03 1.064051307450200329e+04 -1.617304216357033874e+04
-1.312634320133540314e+04 9.823266717595993214e+02 -1.419622988222750246e+04
-4.907663734882262361e+03 1.302586412611940978e+04 -1.454059374280733391e+04
-1.532875438389124611e+03 1.056264055151507637e+04 -1.485599768381456306e+04
-8.152899278786653667e+02 1.210409595584322051e+04 -1.458320209828930456e+04
-1.203630871793681990e+03 1.148144764174478223e+04 -1.435595509508468604e+04
-1.060076904668233340e+02 -1.435443132662335120e+04 -3.698146863527475489e+03
-1.592279392803686278e+03 1.119874916057933660e+04 -1.584563569799472680e+04
-2.726527703501220458e+03 1.537557506126940825e+04 -1.335788273393634336e+04
2.344586924910360267e+03 1.213784898317478292e+04 -1.260197784031739866e+04
-1.890673167782717883e+03 1.268915842226345558e+04 -1.392537388357907366e+04
-1.758153415500976052e+03 1.256629280972640481e+04 -1.404022872505168016e+04
-1.765039606641485534e+03 1.199010186454206632e+04 -1.474386892714573696e+04
2.385189759613745537e+03 1.277679823198654594e+04 -1.394948118117828744e+04
-1.679003131568252002e+03 1.397284377893585770e+04 -1.668226315489088665e+04
-3.024661297472267961e+03 1.374695593181929871e+04 -1.462615873621747778e+04
-9.474461886007560452e+02 1.073981859881516903e+04 -1.660987613466009134e+04
-1.807032232501908311e+03 1.190176014520371427e+04 -1.524056032723662247e+04
-3.264935493755436369e+02 1.300810453352888726e+04 -1.493747101517080955e+04
-6.056801385561562711e+03 1.066297870022925781e+04 -1.896306436665066940e+04
-2.223592140707769886e+03 1.314403494593284267e+04 -1.444765813431014794e+04
-1.034893625623907155e+03 1.135262039054023080e+04 -1.460816957840962095e+04
-1.236684350704896815e+03 6.136387648842171984e+03 -1.309004738523568994e+04
2.592930352550478119e+02 1.295906643286598046e+04 -1.461934368688393988e+04
-5.339577058918615876e+03 1.319553814686535588e+04 -1.208427799623415376e+04
-1.076942283823629805e+04 1.443004561421787730e+04 -1.654045505403168863e+04
1.732819786920024399e+03 1.429383403399514827e+04 -1.375717390198649809e+04
-2.053833154838812334e+03 1.081260464191118990e+04 -1.561048041835946242e+04
-3.179924820833902686e+03 1.114317570127407998e+04 -1.674295243865748125e+04
-2.000682510630280376e+03 1.011728562429838894e+04 -1.597529378377090325e+04
-2.326939748594440971e+03 1.077749352850655850e+04 -1.423967194743270375e+04
-1.688486480450919089e+03 1.085568928427962055e+04 -1.713558752124285093e+04
-6.817236082493602680e+02 9.763263847945072484e+03 -1.064521311838956717e+04
-6.232201872444566106e+02 1.276244213008943188e+04 -1.454876576621108507e+04
-6.910780231804316827e+03 8.535080940645621013e+03 -1.568563808648647864e+04
1.374120500335434144e+03 1.346468079614327507e+04 -1.423881946601152231e+04
-8.335599954514517549e+02 1.100971212567931252e+04 -1.574093371511328587e+04
-2.911184387713283741e+03 1.177494576850469457e+04 -1.476423926425110949e+04
-2.821474534731678887e+03 1.140341194174686279e+04 -1.464961658554223868e+04
2.187536001530957947e+03 1.127678998249332835e+04 -1.861223963747227026e+04
-3.057149591896662969e+03 1.240131883970341369e+04 -1.430330100483439128e+04
-1.236937594540195050e+03 1.259897050105237213e+04 -1.468642354808755408e+04
4.978223082801693636e+03 1.167116758773793845e+04 -1.808157850230023905e+04
-3.198977461999842490e+03 1.236559068340814156e+04 -1.417958431699632638e+04
-3.464426978003805289e+02 1.291936685188728734e+04 -1.381198119545001464e+04
-2.911282593211434232e+03 1.196414923133714547e+04 -1.549851075812638555e+04
-4.865860938091578305e+02 1.175760520103228191e+04 -1.631400522232416552e+04
-1.328603776787810602e+03 8.318473781900982431e+03 -1.611333308566438609e+04
-6.258048083650909348e+02 1.267754193530508928e+04 -1.388960546903569411e+04
3.128374385079650438e+03 1.041304654069724529e+04 -1.476774161368333625e+04
-2.308515312654184982e+03 1.226432094449030774e+04 -1.467393492751950544e+04
-1.186174030671985804e+02 1.237174431005324004e+04 -1.349890558141502515e+04
-5.801401986912973143e+02 1.273210018982417023e+04 -1.024807579890298075e+04
-4.965279038109364592e+03 1.222718784873311233e+04 -1.238089460402776967e+04
-4.011905454038340849e+03 5.513812227032522060e+03 -1.583696898745819090e+04
-1.576356743589461075e+03 1.145371432444302081e+04 -1.472532268763201500e+04
-4.064905698030558142e+03 1.329390713190838142e+04 -1.569748739734673109e+04
-2.902737725858207341e+03 1.160012556728508935e+04 -1.483221203381704072e+04
3.632246490633501253e+03 1.061522770210192175e+04 -1.574085265888462891e+04
-2.713145469129761295e+03 1.394148096699588132e+04 -1.416254860405308318e+04
-3.388919467472838733e+03 1.281286452683544667e+04 -1.440303982874242683e+04
-8.425419257824271426e+02 1.291759120252466528e+04 -1.462539457852210217e+04
4.403707356102078847e+03 1.958426670706513687e+04 -1.382764130538201607e+04
-2.419473063460824051e+03 1.473671722611524820e+04 -1.550243140817506355e+04
-1.953661416073657847e+03 9.592806075946618876e+03 -1.305745744436926361e+04
-1.154020489982614777e+02 1.346122130657254274e+04 -1.364232650214685418e+04
-1.359471551665246807e+03 1.172183563532513654e+04 -1.503953952625813690e+04
-2.964192693106741899e+03 1.233784488939283801e+04 -1.430216312658144670e+04
-1.470847432793984353e+03 1.289067268395232168e+04 -1.434491644889338750e+04
-1.446501403719742484e+03 1.297444751395990534e+04 -1.451609428744804609e+04
-2.976905697910161962e+03 1.228067792181731056e+04 -6.346151640947611668e+03
7.727296742760231609e+02 9.399230104793750797e+03 -1.626999995388067691e+04
-1.288829730758352380e+05 -5.357141590981239278e+04 -2.275434676220816254e+04
-8.082452718875251776e+02 1.409850184750109474e+04 -1.421717293245083056e+04
-6.406348947243750445e+02 1.360349022492627228e+04 -1.467346515566733797e+04
-2.761178018879327283e+03 9.926016298803864629e+03 -2.373811102555187972e+04
-1.571414562746248066e+03 1.209122384796994629e+04 -1.518333180122183330e+04
-3.298968448861859088e+03 1.289606675696499224e+04 -1.406431771720718461e+04
-8.825667020097780551e+02 1.452500286268699529e+04 -1.297761841820457994e+04
-1.319590487971218408e+03 1.292499284642364910e+04 -1.380348043725789466e+04
-2.027383959287960806e+03 7.984607003958910354e+03 -1.680028606024043256e+04
-1.795299729237853171e+03 1.269320020802233012e+04 -1.407116767580284795e+04
2.607481603181617629e+03 1.358686880032243425e+04 -1.249131722683782573e+04
-1.907975705946906828e+03 1.269548155376517207e+04 -1.471403422980874348e+04
3.520518738276489330e+03 1.342497025131753617e+04 -1.245100461346726115e+04
-6.095393012534167383e+02 1.302545192829214648e+04 -1.427246606375152078e+04
-7.286324566646514540e+03 1.037608374057019682e+04 -1.232177088043450749e+04
-1.850405733451635570e+03 1.287342352969765670e+04 -1.446221835264871152e+04
1.075110712833520211e+03 1.466017044942064786e+04 -1.589466323318570358e+04
-2.088885249875541831e+03 1.625542115902676414e+04 -1.391947207963484470e+04
-2.599206489007004620e+03 1.151206295726642020e+04 -1.358036605363035233e+04
-1.695497490796900138e+03 1.281951790470692868e+04 -1.385605586054001833e+04
-4.009905957320810330e+02 1.186228492027302127e+04 -1.497160408783449384e+04
-3.103166274267739482e+03 2.411297352651596520e+04 -9.887579679707701871e+03
1.184027912664331552e+03 1.448009235884224108e+04 -1.286314432140412282e+04
-3.588260821182644804e+02 1.368642024237196165e+04 -1.584127773389324284e+04
-2.140779036951166745e+03 9.380662912209934802e+03 -1.416863240263815715e+04
-4.874931985266857737e+03 1.413872518708467578e+04 -1.543826454707821722e+04
9.693815178128425032e+02 1.410608772788564966e+04 -1.436365461895937369e+04
-3.560819523474168363e+03 1.287517980178156358e+04 -1.458084184631265634e+04
-2.389977398513795833e+03 1.201055051985915088e+04 -1.437731550429400886e+04
-1.165129598490031867e+03 1.158619147826311746e+04 -1.533940822486766592e+04
-7.836108299107322637e+02 8.812150105618822636e+03 -1.508486126529203648e+04
-1.729090213213274410e+03 1.427352917881036228e+04 -1.298489589570554199e+04
-1.201767122561016663e+02 1.272796908906592762e+04 -1.443854194437748629e+04
-2.730232217289095843e+03 1.282860993790026077e+04 -1.583606493431682065e+04
-2.742791710381701705e+03 1.237843704499799605e+04 -1.427296138563094428e+04
-2.190217168500822027e+03 1.212375941519834123e+04 -1.473051916350309693e+04
-5.822703364328685893e+02 1.295755518145189671e+04 -1.531231309703842635e+04
7.407035425621816103e+02 1.462974131087753995e+04 -1.658053157366253072e+04
-8.562675448385238042e+02 1.066907425748163041e+04 -1.563757419835919427e+04
-4.552664789249204773e+02 1.197303103572832151e+04 -1.448276620349752920e+04
2.317177830934669487e+02 1.102423089609218732e+04 -1.574214074491207248e+04
-1.043480727933256503e+03 1.180765162544040140e+04 -1.469103875738872375e+04
-1.814753969424966272e+04 4.587966445574898898e+03 -1.178785227390270666e+04
-4.475937209759330472e+03 1.312490903994895416e+04 -1.297454152456605334e+04
1.056381136060574363e+03 1.223724380988276607e+04 -1.459826574781554518e+04
4.377935332329988114e+02 1.264273972657808918e+04 -1.448436059788685634e+04
-3.774316940085323040e+03 3.316673381217494170e+04 -1.274305236904909179e+04
6.333645623236437132e+03 1.563115494653306814e+04 -1.427350333336269068e+04
-1.642737423792474829e+03 1.229356824813408639e+04 -1.433812699377361969e+04
-8.181853914620978685e+02 1.253678775978264821e+04 -1.407671647861696329e+04
6.122107662522212195e+03 2.120761610860116434e+03 -1.349390639885486598e+04
-2.955885150507671369e+03 1.162635173438614947e+04 -1.395795440445321765e+04
-1.543766027664274816e+02 1.336487005956786925e+04 -1.438178601381519002e+04
-3.581990005106165336e+04 1.003528074697705597e+04 -1.213216491831275744e+04
1.687137837440510793e+03 1.248750540962995728e+04 -1.375970068662678750e+04
-7.311139115472436970e+03 1.340422319407807845e+04 -1.343794000114538358e+04
-4.572192800916558895e+02 1.333849076855468047e+04 -1.475261339856870472e+04
-2.193556720217462498e+03 1.506706563794391150e+04 -1.368304127404715655e+04
-1.727653061141041007e+03 1.337026572364178537e+04 -1.443522176335273798e+04
1.291956813790746764e+03 1.366184322159434851e+04 -1.401809879786418423e+04
-5.527263616929548107e+02 1.341565546096934304e+04 -1.427719064088668893e+04
-2.783815336310341081e+03 1.184478830696010846e+04 -1.329727612339604275e+04
-7.155421280829297029e+04 -5.918590419532451779e+04 -3.639104222762018617e+04
5.028038404306968005e+03 9.972314691346958853e+02 -1.336682317940528264e+04
-2.723518948340827137e+03 9.496217617352311208e+03 -1.694614357207592548e+04
-2.280332209876053639e+03 1.093586999021596057e+04 -1.399226081656186216e+04
-3.205162625797625878e+03 1.235959312570756447e+04 -1.481171046278559334e+04
1.777316657650648040e+02 5.772832287261301644e+03 -1.380527774753145422e+04
2.839410248179560313e+03 1.088780370724109707e+04 -1.627172242973531866e+04
-1.461036391500245827e+03 1.236954897289824839e+04 -1.486165748883806009e+04
1.201890414812045492e+03 1.447027212722207878e+04 -1.382573374302614320e+04
-1.146477885097970329e+03 1.282901223521642169e+04 -1.425268108268343713e+04
7.412537952177406169e+02 1.072207720682448416e+04 -1.709956407178601512e+04
-5.983894757403335234e+02 1.474658250327469614e+04 -1.459188710688339415e+04
1.517825251607855716e+04 1.882592942204139035e+04 -1.067222658562025754e+04
-2.319883432999691195e+03 9.701479011404237099e+03 -1.261471295250292314e+04
-1.816886712324846712e+03 1.239481779519431620e+04 -1.495310758942062239e+04
-6.791266111710998302e+03 1.128411027329985882e+04 -1.453990485845847070e+04
1.988644956037742531e+03 7.150435929455001315e+03 -1.648949631956146186e+04
-2.618095753118976063e+03 1.151659858644687847e+04 -1.441066299139598050e+04
-4.986880355856604183e+03 1.094132019403022059e+04 -1.415849318847542600e+04
-1.225482192831663269e+03 1.160730146420923666e+04 -1.489577310707608012e+04
-6.194175709618589462e+04 -3.430332521053335222e+04 -2.730878985631515388e+04
-1.836913009942247754e+03 1.176672703388891205e+04 -1.447897305304234214e+04
1.580208448842225380e+03 1.413916412362367373e+04 -1.212056058903623489e+04
-2.898699613059738112e+03 1.088800442125035806e+04 -1.512011610191045656e+04
-1.259207866280902272e+04 7.902903711676676721e+03 -1.637333622863826167e+04
-1.073573930609329409e+03 1.228412862356999722e+04 -1.458193605577832568e+04
-5.965713985333737810e+02 1.270801904768318127e+04 -1.402229053870689313e+04
1.904020168191593712e+03 1.344143895569942106e+04 -1.412695423606544682e+04
-2.536756094050371030e+04 6.077891792785594589e+04 -4.965291084099648288e+03
-3.854827461293217311e+03 1.500735310620012751e+04 -1.448584781044834563e+04
-1.266416801188024237e+03 1.129030078156707714e+04 -1.506565823424139853e+04
-1.064321017273983443e+03 1.174755333859783423e+04 -1.382466083797114334e+04
-2.749444158969841965e+02 1.549802537072471569e+04 -1.268763818984762656e+04
-1.712978021691130152e+03 1.179629981912517724e+04 -1.409485541360386742e+04
-3.343311222681332310e+03 1.095786292597131796e+04 -1.669238901221106426e+04
-3.007902178965427538e+03 9.186257156641826441e+03 -1.558162249381959373e+04
-2.439875263862264546e+03 2.624056949411514324e+03 -1.726762867191651821e+04
-3.334841214263597976e+03 1.228756788296765262e+04 -1.319915396694959054e+04
-2.570893592621311655e+03 1.236326329106776757e+04 -1.593664813938006773e+04
-1.265730325249819543e+03 1.436971351554437024e+04 -1.370550464853536869e+04
2.215182464333956887e+03 1.507588709104494592e+04 -1.334687610323675108e+04
-6.617716365507924820e+03 1.559619141859663978e+04 -1.562162205486655148e+04
-2.398217897543530853e+03 1.104465317865719771e+04 -1.512049929780406637e+04
-2.391508748483932322e+03 1.165958385675841600e+04 -1.469603906446688597e+04
-9.965579751640113955e+02 1.235389864907051560e+04 -1.512114202409507925e+04
-5.219545476442664267e+02 1.267585310651632426e+04 -1.488148990903477352e+04
-3.250558759805352565e+03 1.025546730011186810e+04 -1.418964381094468081e+04
-3.885561531280147847e+02 8.718275065115140023e+03 -1.757790508546131605e+04
-4.131455653282556341e+03 1.374997511582515108e+04 -1.348762943178240675e+04
-2.398032184633497309e+03 1.063390641915297601e+04 -1.666879110005846087e+04
-2.352627168920666463e+03 4.281597375518936133e+03 -1.412098348459455337e+04
3.758650681907843136e+03 1.681986249078839683e+04 -1.532582667481734643e+04
-3.175525855936721655e+03 1.187476876475502831e+04 -1.698988263918208395e+04
-5.339336263345010281e+01 2.784512210825579314e+04 -1.416451552075666041e+04
5.442491752584728602e+02 1.458598834781479673e+04 -1.506063632406749457e+04
-1.232423022251813791e+03 1.739235703722892868e+04 -1.082836856630892544e+04
-2.824113371832321718e+03 1.070870724462529324e+04 -1.466674404853066881e+04
6.769633001930711771e+02 1.338391108580278524e+04 -1.767883727288309092e+04
-2.649752783883805023e+03 1.250079405059531746e+04 -1.437512996125041900e+04
-1.379731901663088320e+04 5.628743405772721417e+03 -1.649854952607366795e+04
-2.077611718871922858e+04 5.842033127411037640e+03 -1.670361523774903981e+04
-2.965836253917365752e+02 9.863514459980684478e+03 -1.483302346463361573e+04
3.675204956852076066e+03 1.270577183641094416e+04 -1.511405188029439887e+04
-1.924388890393000474e+04 9.002169680711620458e+03 -1.339476857312750690e+04
-1.700399651186697554e+02 1.147800889546831058e+04 -1.476997447302454930e+04
-1.690409336369396215e+03 1.249289591727750303e+04 -1.408968317669448516e+04
-1.008054665852243716e+03 1.221411129287852782e+04 -1.513624459562164702e+04
-1.265103053915748205e+03 1.144415541253954871e+04 -1.487329888492520695e+04
-7.025258431809017566e+03 5.572643924915760181e+03 -1.317320139302566349e+04
-1.802747750636802266e+03 1.293739795143439551e+04 -1.393906640290174619e+04
2.181060501620191872e+02 1.239150323953324005e+04 -1.449753403414369859e+04
5.237668538189263927e+03 1.979410149139994246e+04 -1.225227407396662238e+04
-1.536311684981506551e+04 1.307730782642003214e+04 -1.105920186223551718e+04
-1.070736549527639454e+02 1.237336856892853211e+04 -1.449714341217730362e+04
1.666662475231808685e+03 9.189492096929123363e+03 -1.492440587703300844e+04
-3.559766842544439896e+03 7.241478517506554454e+03 -1.527640322458580522e+04
-2.917300836268912008e+03 1.393118476250840831e+04 -1.411196346417648601e+04
-1.249555461138946271e+02 1.200083209685921975e+04 -1.523682276975377499e+04
-2.590311915325442897e+03 1.401889817620683243e+04 -1.399334383142114348e+04
3.081176331618700260e+03 1.091347606053724485e+04 -1.427773821873338966e+04
3.710840476339022644e+03 9.138896064527505587e+03 -1.281414252375781507e+04
-2.043119177080848885e+03 1.290094625521246599e+04 -1.348648586162457832e+04
-3.938992643060192222e+03 8.405924860951345181e+03 -1.626778990719757167e+04
-1.555604929907093265e+03 1.323516638114065427e+04 -1.414383584527835046e+04
2.612108237120082777e+01 1.401653188858643989e+04 -1.437462415163911828e+04
-4.288097195127825216e+03 8.984850707757796044e+03 -1.904428105287988365e+04
-5.499832928902020512e+02 1.254597152366318551e+04 -2.542890828603741465e+04
-4.907787570109541093e+02 1.316886126965530275e+04 -1.395388775039605935e+04
1.410197618049130597e+02 1.341492595807814723e+04 -1.528898170477694475e+04
-1.162140673492781389e+03 1.311096577556460034e+04 -1.431170895423142065e+04
-3.810487107782599878e+02 1.187635786919273778e+04 -1.504041955885939569e+04
-5.351162733090834990e+03 1.130774700618249699e+04 -1.566145576702747530e+04
-2.086177770793292893e+03 1.243864626679294634e+04 -1.458042978209762259e+04
-2.364754898076158497e+03 1.232171134762103975e+04 -1.424852619218891232e+04
-3.538500349106299382e+03 1.186467850906067360e+04 -1.619986107159071071e+04
-9.366903996000473853e+02 1.389508675270754793e+04 -1.341203795560810977e+04
-3.144144935061855904e+03 1.256152221461756744e+04 -1.451399539953593921e+04
-1.087759512993535964e+03 1.255985966467111029e+04 -1.464393712114124901e+04
-3.477015885174038885e+03 1.228608437112356842e+04 -1.413414056829543551e+04
-1.434557300493695720e+03 1.307888075911759370e+04 -1.397320005833754658e+04
1.861140986021469871e+03 1.521207401453158673e+04 -1.802536648226552643e+04
-1.877469105869518216e+03 1.282701064323375613e+04 -1.445872594319672135e+04
1.953186618080602329e+03 1.318742151791244032e+04 -1.338359072475600442e+04
-1.408619744790138611e+03 1.293995082691186508e+04 -1.418846860406702945e+04
2.242826433073716089e+03 1.542571996079726887e+04 -1.503287405933746959e+04
-2.243783983921634899e+02 1.159401451474986970e+04 -9.356642682512572719e+03
-1.484180165920792206e+03 1.198846218901225257e+04 -1.477594634138867696e+04
-2.099099094917681668e+03 1.273118183024976679e+04 -1.463526070653102761e+04
-1.590642369860111785e+03 1.217720637816817180e+04 -1.454839640096045878e+04
-3.394164607607769540e+03 1.231317340587576473e+04 -1.443772929870826556e+04
-2.004460000183461489e+03 1.189822587691332228e+04 -1.438427559888149699e+04
-3.750743358301393073e+03 1.338146380655291796e+04 -1.402984569763806940e+04
1.054193682655236444e+04 2.380203101001644245e+04 -9.802677660032626591e+03
-1.110938593344690389e+03 1.219844690460450693e+04 -1.495860184587788353e+04
-1.403118263898393252e+03 1.172969214327271220e+04 -1.448991572527260905e+04
-3.818428094565988431e+03 1.200989344105759847e+04 -1.631671996770009719e+04
3.184481889684207090e+01 1.239370618932346042e+04 -1.571599517426417697e+04
2.263030935605992454e+03 1.216573281738871810e+04 -1.451815073936504450e+04
-6.416446185974887157e+02 1.096016931257289980e+04 -1.506047345775223948e+04
4.214810972905586823e+03 8.139960351280288705e+03 1.347930147873449278e+04
-1.845393381539341590e+03 1.225252712394302944e+04 -1.454487264616966240e+04
-2.005416119329459434e+03 1.257397838173421405e+04 -1.451039318134466157e+04
-2.166468046504641734e+03 1.198510839771510837e+04 -1.510939544006503638e+04
-7.148569031106849252e+02 1.636570984508388756e+04 -1.147709456028852946e+04
-1.689728544513322959e+03 1.128127364081301857e+04 -1.424564031283553049e+04
-1.255939753829084111e+03 1.217967021611854034e+04 -1.456710040390099675e+04
-1.855967609585951550e+03 1.313021094722986891e+04 -1.463631725092570741e+04
-2.686794659779522135e+03 1.310683638369281107e+04 -1.410013726549326566e+04
-1.374667689687448501e+03 1.211614735755343463e+04 -1.448059881921963279e+04
-1.130692137538413135e+03 1.283498256593123369e+04 -1.449075344272656548e+04
-1.663840707491708145e+03 1.259763437967343270e+04 -1.490129625669677807e+04
-1.141376463511765905e+03 1.185534087387759610e+04 -1.439062129838211331e+04
8.702491346095311542e+01 4.460115351939256470e+03 -1.410440370546949271e+04
-1.848989233101228592e+03 1.231881216977660006e+04 -1.497525647965667667e+04
-2.089062917107909925e+03 1.214777756299589055e+04 -1.474570006250110782e+04
-2.490591557688816238e+02 1.310007958480081106e+04 -1.448159198512684816e+04
3.094938274786797137e+03 1.711636474953533980e+04 -9.057269628330015621e+03
2.524657621901394577e+01 1.593311946838301628e+04 -1.171931433296217256e+04
-2.745227699985956860e+03 1.142181651659718409e+04 -1.403229112047095077e+04
-1.597937818133852488e+03 1.189718586179829617e+04 -1.476997643194219017e+04
-4.566335270069345825e+03 1.241728902499574906e+04 -1.378985019249476682e+04
1.090167214986464023e+04 3.606880907533179561e+04 -8.741147284786676755e+04
-2.152806723437522578e+03 1.175566426191845130e+04 -1.446287786740491538e+04
-3.190897765362130031e+03 1.064845819475344979e+04 -1.364575847902013447e+04
-3.842532679902845757e+03 1.188901004097277473e+04 -1.387063972320976791e+04
-1.652721008784982132e+03 1.220598494279359511e+04 -1.499822228652425838e+04
-3.626794161713898575e+03 1.172173935983656884e+04 -1.460865685191995362e+04
-2.001344371235913968e+03 1.213872505368939892e+04 -1.413410202568783825e+04
-5.533106812624554323e+02 1.130235696588209612e+04 -1.531986001886578015e+04
-1.526713982700103770e+03 1.208732499788136738e+04 -1.486513653194747712e+04
-1.619467233567996573e+03 1.215472931192837859e+04 -1.453432058255888296e+04
-1.976845999943649076e+03 1.192877568585802510e+04 -1.487882169452147537e+04
-1.293652069631571294e+03 1.302876969421472131e+04 -1.525121235322216307e+04
-2.436343052618832189e+03 1.193825614596648302e+04 -1.522042963067713026e+04
-2.084445008707385796e+02 1.269643290484454519e+04 -1.508996766387794378e+04
-1.721856805970574669e+03 1.217152078810035346e+04 -1.479355082956017577e+04
-9.568608535584889978e+02 1.288164558049362313e+04 -1.492271392600417130e+04
-2.264045035950528870e+02 1.026053576459726901e+04 -1.447181085552428340e+04
-8.152511827045350401e+01 1.398449106700097400e+04 -1.349763125736010625e+04
-2.317594500041939682e+03 1.211076030040659316e+04 -1.528463781164553984e+04
-1.143429494593510071e+03 1.205211367497723768e+04 -1.510071806723213012e+04
-4.699664297226283907e+02 1.260103386674454487e+04 -1.518760907418741590e+04
-1.964241156198155750e+03 1.253072294535553010e+04 -1.398092341520907394e+04
2.066204318155327201e+04 6.597681491900757828e+04 -1.231724973351312510e+05
-1.250654503289318882e+03 1.321960020966849333e+04 -1.425674305426950741e+04
-2.662917419294718002e+03 1.264630556799371334e+04 -1.467414454450750964e+04
-3.854073090030434741e+03 9.931523120947209463e+03 -1.561106285704490074e+04
2.792179180848479064e+03 1.652666246167056306e+04 -1.333343056620329480e+04
-1.056372460277161508e+03 1.235440710077382937e+04 -1.493699055921647960e+04
-1.720613777838937494e+03 1.286022412895396337e+04 -1.457628295513449120e+04
-3.326551096623448757e+03 8.948935107680399597e+03 -1.596350827701304479e+04
3.887097125816155767e+02 9.908168825988585013e+03 -1.338119915296257750e+04
-1.934733580659880317e+03 1.201559158940037196e+04 -1.467235277451668662e+04
-1.266925755012036007e+03 1.224643792626611139e+04 -1.508429139559396208e+04
-2.025403360465058995e+03 1.145738927851908011e+04 -1.523216993420844119e+04
-2.427494902330960940e+03 1.236887151456761967e+04 -1.410151838961356771e+04
4.917878557241725503e+03 1.956805268179375707e+04 -6.819728871995190275e+03
-1.705530563785116556e+03 1.310360182635342062e+04 -1.499382895420977911e+04
-7.446748203053516590e+02 1.353471416095327368e+04 -1.498687670962853554e+04
-2.663072801524798706e+03 1.208724442666186224e+04 -1.465996401089078063e+04
-2.250650817962271049e+03 1.188160379661718616e+04 -1.432760841018620704e+04
-3.619051619753065552e+00 1.202587450486774469e+04 -1.518240766117892781e+04
-1.586772009713437228e+03 1.248670578133937488e+04 -1.454770961873266060e+04
-1.787673941000227842e+02 1.305783915105101187e+04 -1.404231060372099455e+04
-1.591351897162654495e+03 1.230169970583566101e+04 -1.498496197437488081e+04
-1.059918692293539607e+03 1.477111151484049515e+04 -1.600876489638359999e+04
4.173168318470654049e+04 3.407176933821455896e+04 -1.701664474618189852e+05
-2.000069485530844759e+03 1.044013877249825418e+04 -1.384200026990461629e+04
-2.782397923138227725e+03 1.255605933096510489e+04 -1.481551441794300808e+04
-3.083300305531437061e+03 1.259660316472579689e+04 -1.449719963545023347e+04
3.732695749921978745e+02 1.161638322726260958e+04 -1.445737537108040851e+04
-3.100068589405445437e+03 1.437248576269632576e+04 -1.554052043426664568e+04
-2.961603411189316830e+02 1.289316401452155151e+04 -1.544438437031956346e+04
-2.298715845004128823e+03 1.258264195518360793e+04 -1.492984723824305365e+04
-8.758489632028346023e+03 1.246276349427795685e+04 -1.411472024169862743e+04
-1.938901301927531904e+03 1.299166862946296715e+04 -1.420733552059607973e+04
8.277665037830922756e+02 1.107862070451408727e+04 -1.382014378837298136e+04
3.611441152931043916e+02 1.394839594351946653e+04 -1.358101358508537487e+04
-1.878904610730978220e+03 1.371364307896476021e+04 -1.331079794260351264e+04
-6.634872725254989518e+02 1.248063934907415751e+04 -1.523423625127277592e+04
-3.502146465263643222e+03 1.140208960843987188e+04 -1.576854654612186459e+04
-1.035346661545856932e+03 1.253615264942112481e+04 -1.452787941914435396e+04
2.651325533078681019e+03 1.869497236442412031e+04 -9.673985869968906627e+03
2.559234047335971809e+03 1.292878461799692741e+04 -1.654108854410103231e+04
-1.731891261270361611e+03 1.404401855959064233e+04 -1.426928825133159080e+04
5.785172592387956684e+03 -1.522728201610765609e+04 -1.616914611809311464e+04
1.927969574508347250e+01 1.189544024560351136e+04 -1.505165046928851552e+04
1.047949770135912217e+02 1.180919952272166302e+04 -1.477683953010585901e+04
3.265548570436282716e+03 1.320599993372082099e+04 -1.688310354711997206e+04
-6.424152299401173423e+02 1.265078015101948949e+04 -1.475537123434293608e+04
-4.537553492644457265e+02 1.179232258711279792e+04 -1.536989682745737991e+04
-2.159062785312757114e+03 1.240101670951878623e+04 -1.416286271350511379e+04
6.716098591766662139e+04 3.962563206430456830e+03 -7.123227510105528381e+03
-5.212561919620222397e+03 1.587092163150677152e+04 -2.190308022465339309e+04
-1.888333728944606264e+03 1.269675837550576216e+04 -1.434352932228197642e+04
1.532736576646597086e+03 1.200834826297053769e+04 -1.400791418422707829e+04
-2.648882745511101803e+03 1.435141926637536562e+04 -1.176039579371314721e+04
-2.808922732169678966e+03 1.326083656791016983e+04 -1.265923868433601456e+04
-6.064215662527592940e+03 9.309882226231187815e+03 -9.572479919428744324e+03
-4.119226114611565208e+03 1.468961950766355585e+04 -2.299800650471981862e+04
-2.226602554359934857e+03 1.388083485118368299e+04 -1.574303471946708669e+04
5.257432873995694536e+02 1.324653107113895749e+04 -1.421025617021046310e+04
-7.244555700997429994e+02 1.510282921362508932e+04 -1.461711040924850931e+04
8.862926185371367183e+01 1.523375258773087444e+04 -2.132548706880601821e+04
-8.408327451672365669e+02 1.224577713050325838e+04 -1.419068508139331243e+04
-2.628119831949544732e+03 1.241675913575383311e+04 -1.443504621429377767e+04
-1.075523193218940378e+03 9.240692936070165160e+03 -1.804926888047700777e+04
-2.964206778416049474e+03 1.211013248095080235e+04 -1.451169975907644039e+04
-3.287602979034128111e+03 1.246776122967557239e+04 -1.571627614365815862e+04
-1.801913780344207225e+03 1.449788395276520896e+04 -1.401303696415626837e+04
1.107289968256512338e+03 1.175980779530430846e+04 -1.505550874083446979e+04
3.129269458873322947e+02 1.374540290482065757e+04 -1.411762761429937018e+04
3.030679479321363488e+03 1.446313288600113628e+04 -1.256415002675832511e+04
-3.433809830193002654e+03 1.070605892832464633e+04 -1.360038464911066148e+04
-1.811151018322201026e+03 1.236163736044125471e+04 -1.550708784812827071e+04
-4.072031040604638292e+02 1.270472598434095562e+04 -1.506143972969599599e+04
2.033045664061160551e+03 1.219036064167352197e+04 -1.213056651061603043e+04
1.102642390406302155e+02 6.249079208779936380e+03 -1.763137017872781871e+04
-8.530504596984404770e+02 1.185690045197110703e+04 -1.507868217484620436e+04
-2.483880407752505562e+03 1.274941843376386896e+04 -1.402008403838361664e+04
-2.736200497036958041e+03 1.238752510410298783e+04 -1.456004624387376862e+04
5.746032349304098716e+03 -1.190789456694992987e+04 -1.573510658133920697e+04
-2.146452922256679358e+03 1.318010003615862115e+04 -1.364268052225601059e+04
-8.196956808151533096e+02 1.121180950033641238e+04 -1.545211861270327972e+04
4.488145958611487004e+03 1.175063027895223786e+04 -1.537965960103395810e+04
-1.028795818300819292e+03 1.267056735109905640e+04 -1.434812372069039156e+04
5.845557334952343354e+01 1.404791722115368975e+04 -1.435156609153185855e+04
5.035119512083525137e+02 1.319863519227991856e+04 -1.336395052365126139e+04
-2.832195920105517871e+03 1.199636443995539412e+04 -1.414970368953309298e+04
-2.901734323871613924e+03 1.085159075024321646e+04 -1.537997305656356366e+04
-9.589132387329366338e+02 1.050975565158819518e+04 -1.574416876528776083e+04
-2.913733960942220438e+04 4.042206516442086286e+04 -6.938495514990906486e+03
-3.121302287843131580e+03 1.249059493962568558e+04 -1.391014773321177745e+04
-4.775437257071802378e+03 1.274441114382412707e+04 -1.547335861124017356e+04
-2.067357346902732843e+03 1.227999530684618730e+04 -1.462353835397018338e+04
-2.691998863951125713e+03 1.132197156718994665e+04 -1.522517457398688384e+04
-4.428119360423333092e+03 1.386666138926116218e+04 -1.324019463516916949e+04
-1.072978072247911541e+03 1.123391934823264819e+04 -1.485354657453384243e+04
-6.599867871386284151e+02 1.202999706582337240e+04 -1.474243808202258879e+04
-1.206856396710688841e+03 1.114403905951389606e+04 -1.509792042191236578e+04
4.857358808503397540e+01 1.268734423910467922e+04 -1.452239310828273665e+04
1.608131780184611216e+03 1.339331440653334175e+04 -1.061307049892559007e+04
-1.422225296139616376e+03 1.257709414163115252e+04 -1.417967086665919487e+04
4.058879079723657924e+04 1.444126337955650524e+04 -5.367247150109476934e+04
-1.246552393576587065e+03 1.244091847741992387e+04 -1.380774779756296630e+04
-4.978459135396824422e+03 1.136380401178085049e+04 -1.157977503617406001e+04
-3.763323252170639535e+03 1.371595792713335868e+04 -1.364597608746300830e+04
-1.449337206909154702e+03 1.123092600515192316e+04 -1.560469751573334543e+04
-1.041489291401335777e+03 1.211065021547542347e+04 -1.602482631198318450e+04
-2.266285158302878699e+03 1.163037979549847842e+04 -1.441679715702530848e+04
-2.981143823523771971e+03 1.183734206359708514e+04 -1.454874078756380732e+04
-5.238755212067796947e+02 1.061515456970447121e+04 -1.507900477088585831e+04
-1.894945332882969069e+03 1.252949677535594310e+04 -1.337740137657026571e+04
-1.111644755738020649e+03 9.189074178147808198e+03 -1.318321783462774511e+04
-2.169627324208247956e+03 1.105805038301613604e+04 -1.493269595380102146e+04
6.754558712124753583e+02 1.243874076915771911e+04 -1.451332147478176921e+04
-2.879730931981005142e+03 1.105303193030412331e+04 -1.630172611408451121e+04
-1.584212356303439719e+03 1.104264450269458575e+04 -1.441104230297972754e+04
3.478109702771146203e+02 1.174481925022110045e+04 -1.404700612857611668e+04
-1.663416281389986580e+02 1.152402594473265890e+04 -1.485794267197312547e+04
9.668633297264201474e+02 1.721050016739236889e+04 -9.592609258307218624e+03
-4.571634342889432446e+03 6.905290703614166887e+03 -1.886972204395189328e+04
-3.044684094945009747e+03 1.222072007980369017e+04 -1.314347054406933421e+04
-1.666813244427465179e+03 1.234416241796506438e+04 -1.472003613019780096e+04
-2.046443122509496789e+03 1.143267730626432967e+04 -1.500669299312254770e+04
-1.725731336191922992e+03 1.499386301995364011e+04 -1.872635731553832011e+04
-7.576875623713178811e+02 1.933494644177651207e+04 -1.679773315821006690e+04
4.961595448472717180e+03 1.666945584048422825e+04 -1.663186820703986086e+04
-9.107181641614348337e+03 1.574528011806651921e+04 -1.528820973862870414e+04
-3.865374377161583652e+01 1.352357973333557675e+04 -1.519024719439462933e+04
-9.354853022620294723e+03 1.313635705376836631e+04 -1.446913525789315099e+04
-1.868580047677842231e+04 1.295441368913766928e+04 -1.594403233842969348e+04
-1.424062075803418338e+03 1.022416165636793630e+04 -1.567039746821778499e+04
8.729392247489256533e+02 1.240124368624642557e+04 -1.485475024603684869e+04
-2.990304018808440105e+03 1.217070893422811605e+04 -1.576745613558351761e+04
-3.371672949507669273e+03 1.271097767061540617e+04 -1.407982966433768888e+04
1.121257466691214404e+03 1.291630938546752805e+04 -1.294443683800901817e+04
-1.346630247947829503e+03 1.256422391018478811e+04 -1.490544725058749282e+04
-2.011610366303647197e+03 1.218105048058797547e+04 -1.452515093883742520e+04
-1.215558133699311838e+03 1.223482663780486291e+04 -1.476511220751928158e+04
-5.607513540457028967e+02 1.204833670104563316e+04 -1.594387289659255475e+04
-1.833817794379996030e+03 1.207151879990794987e+04 -1.437287679052203748e+04
-2.217112797611214773e+03 1.158290669908070959e+04 -1.418561988993471277e+04
7.877635310135159671e+03 -4.863287559719155979e+03 -2.168681766355909713e+04
-4.839945902386898524e+03 1.035964527424660446e+04 -1.743137598098038870e+04
-9.971641618152511001e+03 1.008503183650680148e+04 -1.109574230114796228e+04
-8.630073118689033436e+02 1.352422389714813835e+04 -1.441592002142302954e+04
-1.206384862277602224e+03 1.254332130722853799e+04 -1.501621348868746281e+04
-1.313283270923666805e+03 1.269474217009712083e+04 -1.373375571659010166e+04
5.092798536171727619e+00 1.091069332505782586e+04 -1.312086621761412607e+04
-8.365925923767601944e+02 1.072696936189076587e+04 -1.462378206046766718e+04
7.639718080834823013e+03 2.421451998318206279e+03 -1.476882975012639326e+04
-4.634004182991776361e+03 1.112585564475290994e+04 -1.465564650066745889e+04
-1.099590443637162571e+04 1.197834021684233448e+04 -1.294293045653949412e+04
-4.020196421307136461e+03 1.217414933382688832e+04 -1.477263204859431789e+04
-3.258635882606592077e+03 1.192359830235283152e+04 -1.366205287840456367e+04
-1.599178199351511012e+03 1.179503285272904941e+04 -1.530239345441445766e+04
-9.476999236410051708e+01 1.359843787188877468e+04 -1.846057401374118490e+04
5.604602294759390588e+02 1.215224133779199474e+04 -1.501742221507063550e+04
1.142388193200130263e+04 -1.525000689446881006e+04 -4.261734159614490636e+04
-2.416144015921933715e+03 1.362109973477371022e+04 -1.387712919695342680e+04
-4.840811371811397521e+02 1.194295284000950596e+04 -1.517394992475808249e+04
-2.114858686033489903e+03 1.197300520947236873e+04 -1.416398689299637044e+04
3.011333873308209377e+02 1.521456198821610815e+04 -2.155153391626945813e+04
3.854371909833639620e+02 1.301612722814677909e+04 -1.498803427562249999e+04
-5.586548691172924919e+03 1.397169971419834110e+04 -1.581882137549762047e+04
2.775990364598600308e+02 1.156969821558748299e+04 -1.449615674981332268e+04
-3.847755140879205555e+02 1.171086482558118223e+04 -1.538139802719145882e+04
-1.557686566607498662e+03 1.272319068010083538e+04 -1.411439907960981509e+04
-3.852664420080442937e+02 1.208046641502140119e+04 -1.495145084219574346e+04
-1.271913134325750434e+03 1.216235887627862758e+04 -1.475027018389280602e+04
-1.319492585679322701e+03 1.277019006473235640e+04 -1.496166011127018464e+04
1.515442515087674792e+03 1.357073232038695642e+04 -1.297781999738186460e+04
-6.118715955474671318e+03 1.639339873720977994e+04 -1.524141942563616067e+04
-3.188139603505732680e+02 1.170442579297151315e+04 -1.543830619106503764e+04
-2.838934335727905818e+03 1.219652086730343035e+04 -1.410728638405543461e+04
-2.194457139994952286e+03 1.826337505909651009e+04 -1.670578381880317102e+04
-3.032563321205288958e+02 1.677750284272726640e+04 -1.379164572854270227e+04
-1.797589382794761832e+02 1.303237797960545504e+04 -1.496905511881737402e+04
-2.102087797020707569e+02 1.285972278709382590e+04 -1.488736280661943783e+04
-1.855560137960571410e+03 1.153310521426585183e+04 -1.472169187174992112e+04
7.758679200109255908e+04 3.604372145218407240e+04 -4.221086384325459221e+04
-2.604948657539267515e+03 1.163747643391708516e+04 -1.432986068187283308e+04
5.612574357084673693e+02 1.343719673767140011e+04 -1.373598154968946619e+04
-4.901087183230954906e+03 8.904756273048216826e+03 -1.344488920640007746e+04
-1.687241704225743206e+03 1.287759986507286158e+04 -1.404471539380675677e+04
-2.119780169236698839e+02 1.132723954393633903e+04 -1.554811280425034420e+04
-3.339965442635079853e+02 1.189054477307506932e+04 -1.433351197223266536e+04
-1.062949711381982070e+03 1.213536460332948445e+04 -1.252858021505030774e+04
-1.888476813681232306e+04 -1.386912843136069023e+04 -1.620046963184011838e+04
-2.765873522872205285e+03 1.429667796803636520e+04 -1.302250287883816782e+04
-3.072603567576517889e+03 1.187996331699688562e+04 -1.465654025262642790e+04
-1.550184854462050453e+03 1.206583913308958290e+04 -1.484205832522260062e+04
-1.188525196837582371e+03 1.009263220806902245e+04 -1.635183992868317364e+04
-6.887410222328753662e+02 1.251735585156367051e+04 -1.527062711280530129e+04
-1.120200370379537844e+03 1.169293886912623566e+04 -1.485556531465667467e+04
-1.505092181295920000e+03 1.164516253224268075e+04 -1.538474101986933238e+04
6.776578100827105118e+03 1.453520431680031288e+04 -1.494225784710451990e+04
-1.149273746959614982e+03 1.117749554970634745e+04 -1.479519735845845207e+04
-1.589721010883787130e+03 1.251426861588330576e+04 -1.402298726134752360e+04
-1.455930929080531314e+03 1.380942759472629768e+04 -1.352415773649845687e+04
-6.120567845550819584e+03 1.172718601453271913e+04 -1.680600337190797291e+04
-2.256810208030273316e+03 1.185267524598266209e+04 -1.451055731324454428e+04
4.759443936192903493e+04 1.939003592605283848e+04 -3.842255216679963632e+04
-9.777844418215090627e+02 1.263783772546600812e+04 -1.468589469249563626e+04
-2.543559689975145830e+03 1.268644802983620502e+04 -1.442662256657048056e+04
-6.098927983485928053e+03 1.037355830150360089e+04 -1.236586439392591456e+04
-1.821946099415112712e+03 1.291761085663755694e+04 -1.399656537561934601e+04
-2.423994225101940174e+03 1.238969220416891403e+04 -1.429137765249395852e+04
-2.258654690907963413e+03 1.140867676240132096e+04 -1.486719700799954262e+04
1.656377407525723811e+03 1.061134219971076891e+04 -1.706091560999845751e+04
-2.174316108545231327e+04 6.672474431974511390e+03 -1.394682996904551510e+04
-1.075895572787792844e+03 1.270595212798735156e+04 -1.517379454721589536e+04
-3.627010708391734170e+03 1.037177676669852008e+04 -1.468452117983457356e+04
-2.017097466600868074e+03 1.145179553378042510e+04 -1.469752110358062055e+04
-1.419378835108046587e+03 1.158120856656904471e+04 -1.526350911163080309e+04
-1.575030246366859956e+03 8.974635699816419219e+03 -1.788581967083231575e+04
4.444977987366320122e+03 1.290165871453212094e+04 -1.331230895980012792e+04
2.182031871263098310e+03 1.346517337560930719e+04 -1.358441585542151188e+04
-2.645669177549637425e+03 1.228103576815995439e+04 -1.419248099574996559e+04
-1.502978895020891514e+03 1.149537552704509289e+04 -1.528045552842213328e+04
-5.333355327609525375e+03 9.480304423283823780e+03 -1.464280249492860821e+04
-1.775946813874062173e+03 1.123714650737430929e+04 -1.547467918763865782e+04
-1.593852904908095979e+03 1.256712894069117829e+04 -1.324257402023188661e+04
-2.669444714892093089e+03 1.285878271749556006e+04 -1.351695225542398475e+04
-1.358206133159102592e+03 1.662374223160766996e+04 -1.679460210269895106e+04
3.710839426324060332e+04 1.726075921573741289e+04 -1.522616681753523153e+04
-5.214560798552369306e+03 8.273407080748673252e+03 -1.623278091190848681e+04
-2.186668515593070424e+03 1.585747055741805161e+04 -1.349126857467286936e+04
-1.309371610560581757e+03 2.136224144888144292e+04 -1.098329343492885891e+04
-3.287269630843190498e+03 9.944841232010805470e+03 -1.530538064174909960e+04
-3.003060098409471721e+03 8.541928859750705669e+03 -1.885803265303287117e+04
-1.025316248854080641e+03 1.313826007211891556e+04 -1.458421730885920988e+04
-1.101416324710689878e+03 1.331015887827810184e+04 -1.390110583143113763e+04
-2.182658763518688829e+03 1.218393398130728565e+04 -1.422202384169626384e+04
1.098732657954301885e+03 1.260991532927773915e+04 -1.502435809354498633e+04
2.229028285065400723e+03 1.357213818029967842e+04 -1.218945487250714541e+04
-3.266319921434551929e+02 1.240256411845447110e+04 -1.453849503496935176e+04
-1.105605014225012383e+03 1.199664841628141039e+04 -1.494168321733234370e+04
1.745374654872259725e+03 1.548404378366532546e+04 -1.242479309096579891e+04
3.479984367204892237e+02 1.240809404974719109e+04 -1.518060474081221400e+04
-1.569990474723190118e+03 1.193496287738500541e+04 -1.422143637701263287e+04
3.638570517053659387e+03 1.555250574430879351e+04 -2.285064125346594665e+04
1.426588610188441919e+02 1.238069460765552503e+04 -1.535184370376490733e+04
-8.082982868446883913e+02 1.291002915044911606e+04 -1.639048138579263104e+04
-1.589859591419355820e+04 2.198906245766379652e+04 -6.640786222576375621e+02
-2.080626195850524255e+03 1.455210194721496555e+04 -1.337327061241615593e+04
2.731660984993265629e+03 1.486051523087090573e+04 -1.817388200718404187e+04
-3.749919731027968737e+03 1.244457471068716586e+04 -1.544166306003771933e+04
-7.086216349977576101e+02 1.321738864994926917e+04 -1.375901458153733074e+04
-2.431964786855204238e+03 1.269041412408357064e+04 -1.470815041332502733e+04
-9.304346574788168027e+02 1.191077440055627630e+04 -1.488072961848835257e+04
-1.739398644208298265e+03 1.470572963301096024e+04 -1.289777706152766768e+04
-3.688164583230867720e+03 1.245123347369749354e+04 -1.413288531690081436e+04
-2.644155550772295555e+03 1.222099748585177622e+04 -1.497717533597874899e+04
2.045799890181965566e+02 1.260908724699705272e+04 -1.462705555244613060e+04
-5.177492961403399931e+02 2.217736431450242162e+04 -7.943451241504838436e+03
-3.690303336975957791e+03 1.206008973861353661e+04 -1.156473020081055438e+04
-1.420489454093728909e+03 1.215337639580210816e+04 -1.471824698725130111e+04
-1.077025587911279899e+03 1.790043550822478210e+04 -1.680430164209337090e+04
-7.358176364121940196e+02 1.230566904139689905e+04 -1.426734982056741501e+04
-3.981091032910948343e+03 9.710559704843875807e+03 -1.412788654165905064e+04
-1.729808470418265642e+03 1.214528248612293464e+04 -1.404087235106113621e+04
-3.601151068241304529e+03 1.896438470828488789e+04 -1.553361999291980646e+04
-2.746132932062464533e+03 1.251192698374775318e+04 -1.448454513712662265e+04
-8.162750144828414705e+02 1.321266088536233110e+04 -1.461179811603888629e+04
-2.365240782599380054e+03 1.365467398986214903e+04 -1.411848905877098878e+04
-1.950285896660019262e+03 1.208659808354215238e+04 -1.486401010098138249e+04
-1.850307886926040510e+03 1.257241378755090591e+04 -1.404081411639951511e+04
-3.306740981608428683e+03 1.190791413931108582e+04 -1.438437728599665024e+04
-3.122364698786024292e+03 1.197788293279977370e+04 -1.483802052697999716e+04
-1.587170299605289529e+03 1.296052092803404230e+04 -1.427048391610951512e+04
1.122062908305618976e+03 1.093105631605801318e+04 -2.533535896626514295e+04
-7.039698329153927716e+02 1.480596009386725382e+04 -1.568070184815380890e+04
-4.055141846573040993e+02 1.227667123238639397e+04 -1.484270133881110269e+04
-1.258669675826228058e+02 1.072813340578598945e+04 -1.624408008863600116e+04
-5.025304574726878855e+02 2.092867976927947529e+04 -1.633236860749005791e+04
-1.115782289800200260e+03 9.041391150262023075e+03 -1.588478945923311221e+04
-1.952191339121063947e+03 1.271247539555437106e+04 -1.447392476431145042e+04
-2.198547912998222273e+03 1.195911342334557230e+04 -1.463402583371400578e+04
-8.651979570247816582e+02 1.258131862770721455e+04 -1.495739654556692767e+04
6.872398756736401992e+03 6.114328730009808351e+04 1.798765941513318103e+04
-1.503789719006752421e+03 1.223564503171878277e+04 -1.442704610603362380e+04
-3.556057895174806163e+03 1.141608687387051395e+04 -1.340052736963692405e+04
1.402974061673894994e+03 1.285854518094236846e+04 -1.499407700633552304e+04
-4.096821257729973695e+03 1.276714122108855554e+04 -1.398584252498207024e+04
-6.714557230313710079e+02 1.085204109281774799e+04 -1.557425106447111284e+04
-7.363788494927041484e+02 1.268207072167000479e+04 -1.439993952760789034e+04
-3.025035758784152677e+03 1.270136777445055486e+04 -1.433888776578793295e+04
-1.643853636112789900e+03 1.416196130520385486e+04 -1.283130824914139339e+04
-8.220465508119506239e+02 1.284979511349863787e+04 -1.445545762581578128e+04
-2.622256790904099944e+03 1.200638090761573221e+04 -1.413312220220499512e+04
-2.112074974180588015e+03 1.278335712738815164e+04 -1.501648438241467011e+04
2.640104173397116369e+02 1.150419374938492183e+04 -1.539459509404281016e+04
5.724657011302577985e+02 1.300699395948523124e+04 -1.448457414559621429e+04
-3.929236651889716541e+03 1.116455357852440829e+04 -1.529183250556518760e+04
7.927328647340339558e+03 6.824045512365821196e+03 -1.850288086915153326e+04
-3.020598323096772674e+03 1.253429032116981580e+04 -1.367842656397507199e+04
-2.414358759317284239e+03 1.167267287181023494e+04 -1.362109343102681851e+04
1.053527276667791966e+03 1.225530858602809531e+04 -1.522832006692138020e+04
-2.076495798916192598e+03 1.137101564141553899e+04 -1.484147051687728344e+04
-2.800679455250144656e+03 1.427454434240338924e+04 -1.087714096338834315e+04
1.844277715624000109e+02 1.295515362324743728e+04 -1.506974760001732466e+04
2.824072429838357493e+04 2.968114310114301043e+04 -6.604779163148889893e+03
-1.314125175895632992e+03 1.322387129501570416e+04 -1.435192677311352054e+04
-7.037755112505529951e+02 1.344037025788766914e+04 -1.419380457008561461e+04
-5.264578348794379963e+02 1.389265318550798838e+04 -1.505350948168466857e+04
-4.937395949245035808e+03 1.208119068486343895e+04 -1.338854962533352955e+04
2.464356165623146353e+02 1.328185795221797525e+04 -1.417383263821177206e+04
-2.962660063934127720e+03 1.271507092381759139e+04 -1.438842302056869994e+04
-1.383180086406130386e+03 1.209816012106196649e+04 -1.475651103232184869e+04
-1.870291241017002676e+03 1.283553229991205990e+04 -1.406546798338944791e+04
-2.492684717491016727e+03 1.266052134163693881e+04 -1.403853041862978716e+04
-1.698241900812609629e+03 1.217546429081609313e+04 -1.483192164281370606e+04
-1.779481208110453508e+03 1.206479858122921178e+04 -1.487122957452581250e+04
-1.259249777045165047e+03 1.250271280500106695e+04 -1.474256886905169085e+04
-2.382846332782337413e+03 1.083762555090390742e+04 -1.582000539037452108e+04
-2.752394642053919142e+03 1.132351928594214223e+04 -1.480844689500118329e+04
4.842941438464265502e+02 1.404637007695833563e+04 -1.462507108721232362e+04
2.543746423186124957e+03 1.435931479964669052e+04 -1.736570902140941325e+04
1.531908793367010958e+03 1.369063079567755449e+04 -1.105761833397571536e+04
-2.764867654183817194e+03 1.161667749542042475e+04 -1.342224401307711923e+04
-5.453677426978887524e+03 1.195452840367350109e+04 -1.779884688183227627e+04
-1.543598771981967730e+03 1.113578309684293890e+04 -1.548168382022904007e+04
-1.256145322799956830e+03 1.161921057170746462e+04 -1.532429807621699911e+04
-4.585307984892790955e+03 1.292504148568778328e+04 -1.698333042599892724e+04
-1.911455124191241339e+03 1.308135348041781435e+04 -1.231601382318479773e+04
-2.311934955673383229e+03 1.431930465808861118e+04 -1.518099860568986878e+04
-2.713077888145399811e+03 1.234943920644411446e+04 -1.426824877688027118e+04
-1.246846392229169169e+03 1.193209526631785775e+04 -1.446053914616913789e+04
-1.091106278541314168e+03 1.246454956123309421e+04 -1.397971193152387423e+04
-2.013268340799905218e+03 1.235907103969718628e+04 -1.461849581687133104e+04
-2.602064898733618747e+02 1.169271171761898586e+04 -1.505202030520494554e+04
-1.786536795272927975e+03 1.161916906322920295e+04 -1.486508563688358481e+04
-7.720650185123852225e+02 8.678086730570725194e+03 -1.572187238280929887e+04
-1.280182785571015756e+03 1.244877889627545301e+04 -1.478937961957555672e+04
-2.288357047184253588e+03 1.214805691523537826e+04 -1.497857522679695285e+04
-1.693006339755282397e+03 1.365017840914118460e+04 -1.323693620678287698e+04
-1.928967593500630528e+03 1.286298784247879848e+04 -1.447384504403301617e+04
-8.292423587813208314e+02 1.214375436350679229e+04 -1.453659846534780991e+04
1.507007721362319444e+03 1.243303250336877500e+04 -3.834578086855685797e+02
-2.340005308655389399e+03 1.092254671590606631e+04 -1.421114907930694790e+04
7.170723180351711790e+02 1.442998910382025133e+04 -1.619174393503897772e+04
-1.776334521681970102e+02 1.356202315975331294e+04 -1.499428142226677301e+04
-3.438039740009669003e+03 1.135501622535964998e+04 -1.394871751679772024e+04
-4.126234661585789581e+04 3.631926543974564993e+04 -7.555756273479835363e+04
-2.299687529472711049e+03 1.273896520848497312e+04 -1.468290878947465717e+04
-2.084548349167422202e+03 1.339832290202584954e+04 -1.379711823661397830e+04
-2.132653567914295763e+03 1.263454164269363537e+04 -1.461877404167599889e+04
-4.146261669489308588e+02 1.267461317990290627e+04 -1.463940772473308243e+04
-1.670448969676713432e+03 1.274445997018057460e+04 -1.459222766150754615e+04
-4.193754480928059820e+03 1.150252415872557503e+04 -1.444287803034876561e+04
-1.303860804012571180e+02 1.175913518788373767e+04 -1.534333026151097874e+04
-2.490406010098500701e+03 1.209206700147410629e+04 -1.426546667492865708e+04
-2.808771949547648546e+03 1.179440212065231935e+04 -1.574076961451916213e+04
-9.915927827628607929e+02 1.229251204528065864e+04 -1.372633547721808100e+04
-3.099457045997064597e+03 1.182651772715994230e+04 -1.428898598232641962e+04
-2.723476807793384069e+03 9.068862725899702127e+03 -1.383493350005423235e+04
-1.764014893897648562e+03 1.218811317609674734e+04 -1.465386082739429548e+04
-2.101618208097188472e+03 1.242811199398957615e+04 -1.397411974875068154e+04
-1.245456587738216285e+03 1.192564967231399351e+04 -1.467046566963670739e+04
-1.965339320446440070e+03 1.269069140811908437e+04 -1.437765064264909051e+04
-1.055376229785664873e+04 1.682422784963896265e+04 -1.479311422950606539e+04
-9.074698923676514823e+02 1.476858941509257238e+04 -1.343483163370537659e+04
-6.629034655142198972e+03 1.431251415338730112e+04 -9.532290608901928863e+03
-3.340281864956784830e+02 1.292260217904891761e+04 -1.479630945670274559e+04
-1.611178139287421800e+03 1.175718461137168197e+04 -1.504238489493548514e+04
-6.605764820752317519e+02 1.201376629341383523e+04 -1.530264974243725919e+04
-1.403729846136556034e+03 1.261713343210542189e+04 -1.409147484085209180e+04
-5.709672792460772826e+02 1.221783925939388428e+04 -1.485936375622203377e+04
-3.335442303672882645e+03 1.337683361925051759e+04 -1.445640214732004279e+04
5.714860782460175415e+01 1.145857769376876968e+04 -1.521793671445949985e+04
-6.649530826239729322e+02 1.224629784847226256e+04 -1.676603862326409580e+04
-1.300023813916705421e+03 1.251972899340977165e+04 -1.462265017776139757e+04
-4.176547731490757656e+02 1.394654264457472163e+04 -1.332762933734430590e+04
-3.602507890723366927e+03 1.169588730174954799e+04 -1.522738077305205479e+04
2.313411564963646470e+03 1.821717842979506895e+04 -1.530534829287847970e+04
-1.260921755119106092e+04 1.798534760437916702e+04 -1.232399912199065693e+04
-2.126651386939997792e+03 1.332225057257466324e+04 -1.402844960622165490e+04
-4.103147450268576904e+03 1.170931901908679356e+04 -1.457143306433457110e+04
-1.830786211374775121e+03 1.203681618496110423e+04 -1.440683859571942958e+04
8.575579254784983277e+03 1.151394489840318238e+04 -1.452716159266723116e+04
-2.056543349711448172e+03 1.266704629480898620e+04 -1.443656443503826449e+04
2.111821941107577913e+03 1.342594997928943667e+04 -7.943941990330918998e+03
-2.959602747101355817e+03 1.215132879900663102e+04 -1.418312365420890092e+04
-1.319141536836917112e+03 1.248524014605182856e+04 -1.477485429299337738e+04
-1.142664977618941975e+03 1.249330950218037106e+04 -1.470692891084024450e+04
-4.111712718858321409e+02 1.246666886052745576e+04 -1.480225411645235181e+04
-1.358388172303962847e+03 1.234468344427741431e+04 -1.439862596674543784e+04
-1.562176262723801983e+03 1.233227076453320660e+04 -1.450450113318388139e+04
-1.726305813690148170e+03 1.281417582098394814e+04 -1.442988744228817632e+04
4.693374347070253862e+03 1.047617524583925115e+04 -1.977329798769256377e+04
-1.182478418967258904e+03 1.567764478627577046e+04 -1.246228822149360167e+04
-1.130005977626049116e+03 1.256653339254010643e+04 -1.458352605616795881e+04
-1.117101642094516819e+03 1.229388070171859181e+04 -1.452748651224231071e+04
2.391235614391050035e+02 1.162325856167049824e+04 -1.522787483212184816e+04
-1.976681574222161998e+03 1.232682482049246028e+04 -1.483895161711861692e+04
-7.848919169853767926e+03 9.650962355995154212e+03 -1.831072853165993365e+04
-1.169040943815825358e+03 1.232485280580390827e+04 -1.474767967396113272e+04
-3.958771318568504739e+03 1.096160920197161977e+04 -1.479269363021774552e+04
-1.856783083660765669e+03 1.234647983647848559e+04 -1.464306743447725603e+04
-2.454001979202869279e+03 1.209071550420929634e+04 -1.473743516090600315e+04
-2.590592201028776799e+03 1.194415764538278381e+04 -1.477654553224647134e+04
-4.563111069512493486e+03 1.172505957904986644e+04 -1.931637308616914743e+04
-1.816948084556418053e+03 1.200444780625119711e+04 -1.487812875581516164e+04
-1.706012093572355980e+03 1.244400428459140312e+04 -1.482219876153440964e+04
-1.543038338215719705e+03 1.345230118239488002e+04 -1.258944470669225666e+04
-1.340480146907729932e+03 1.111704941082511868e+04 -1.571925140711094900e+04
-1.693326128882396233e+03 1.230202786901805848e+04 -1.471848012102119174e+04
-1.792700387705600178e+03 1.238664682383284708e+04 -1.464514250584954607e+04
-2.019681789601245328e+03 1.207139079425557611e+04 -1.496895036446809900e+04
1.541396264768000037e+04 -7.391709516794580850e+03 -8.687246894512703875e+04
-1.310296784330148967e+03 1.230668328176220712e+04 -1.490855630898179334e+04
-1.879515088256071522e+03 1.263866986911784261e+04 -1.451173397493712037e+04
-1.161054201542878673e+03 1.121423240347496358e+04 -1.583349003156184517e+04
-2.646928544835197954e+03 1.159674737002601614e+04 -1.452278174389358173e+04
-2.838817067542233417e+03 1.067426606687704589e+04 -1.598799673432396412e+04
-2.386176905476495449e+03 1.181303988710173871e+04 -1.445265574098695288e+04
-5.958835884689372051e+02 1.317767258584490446e+04 -1.362812616718911886e+04
-2.985761629749336862e+03 1.327304732192358824e+04 -1.449107479374690229e+04
-2.685012731408420223e+03 1.153784445295835576e+04 -1.452525755625908278e+04
-1.749791116186330555e+03 1.260485678744217512e+04 -1.431915295689782033e+04
-1.656642358523778057e+03 1.253077321708189811e+04 -1.497560154006416815e+04
1.538161657908062807e+03 6.119744626466297632e+03 -3.028325348905485589e+04
-9.772797099398526370e+02 1.284001814097082752e+04 -1.422169159933461196e+04
