-7.632839768367742363e+04 1.952575716204053833e+03 -1.424185910668343422e+04
-1.385273447756286942e+03 1.630674762878073307e+04 -1.438399144815524232e+04
-1.751120698532571168e+03 1.323863410912386826e+04 -1.439336838799053839e+04
-3.318889691265570491e+03 1.411534267464485856e+04 -1.524740837797988388e+04
-1.931913170706449364e+03 1.286594347841540548e+04 -1.573729012707829133e+04
1.092565113570993162e+04 8.595354105059781432e+03 -1.481649022198196872e+04
-6.426370976984492881e+04 1.980724350081479133e+04 -1.704302543400345166e+04
7.611705314412132793e+03 -7.193618787175396392e+03 -1.296444382770154152e+04
-2.259793581262244516e+03 1.366498641049098660e+04 -1.488582463340426875e+04
-3.440160339204078923e+02 1.338033231449628875e+04 -1.523956402623488248e+04
-5.241910191813835263e+04 2.603444192214695704e+03 -1.611231375976239906e+04
2.190111876964091152e+03 1.104677920174898100e+04 -1.475235409970311230e+04
-2.023518033386931847e+03 1.424173171700472085e+04 -1.447187611763869063e+04
-9.890055957328533623e+03 1.587769873273289022e+03 -1.547156547251740267e+04
1.281165949206832920e+03 1.074683483334627635e+04 -1.581056909469287712e+04
-2.590957045353703734e+02 1.359363903417260371e+04 -1.452829208938431475e+04
-1.061404742811073220e+03 1.714523278550560644e+04 -1.543264325913158427e+04
2.694411781367276944e+03 1.211061100701164105e+04 -1.671417957546637263e+04
-9.359928402973911261e+02 1.345555678920849823e+04 -1.490435121938385419e+04
2.676884939557930920e+03 1.633351272597900243e+04 -1.409429161557835687e+04
-3.419211081743387695e+02 1.195867722240721923e+04 -1.479423235479674440e+04
1.022759895208270791e+03 1.322124247009581268e+04 -1.651093176464294811e+04
-6.144360649471522265e+03 1.196708277351719698e+04 -1.454995938295403357e+04
-5.116590402884193054e+02 1.383192842344150813e+04 -1.491560241629242410e+04
-2.678948603856973568e+04 2.532639969627098981e+04 -1.325725836429112860e+04
-3.086732767930065165e+03 1.059054649192466786e+04 -1.586985626014397894e+04
-2.515433338642609669e+03 1.356978551837629129e+04 -1.488799951259724367e+04
-7.377196023541787872e+04 4.854602818604877939e+03 -1.202985924870518829e+04
-5.518028714900020532e+03 1.346145392203765914e+04 -1.494542952903244986e+04
-4.736142974192342081e+04 3.426672468399575791e+03 -1.456226695438212118e+04
-7.236599239913845668e+04 4.086149165887418803e+03 -1.269422503504829729e+04
-7.066077719224545945e+03 5.361432987253524516e+03 -1.605040874662133865e+04
-2.566958425646913838e+03 9.300165513467381970e+03 -1.418733526437912951e+04
-1.519373121220852045e+04 2.697369564237656959e+04 -2.298755780461609538e+04
-4.025388763557903985e+03 1.335433647279522847e+04 -1.490650191681742945e+04
-1.515248740195338996e+03 1.227778232311253123e+04 -1.583232281112418968e+04
4.024061813012473067e+03 1.414338897941149116e+04 -1.573925240447193937e+04
-3.460369095685505727e+03 1.442713426488968253e+04 -1.515452696417684092e+04
-2.667358608753604130e+04 -4.374001306664236472e+04 -1.686633325598901865e+04
2.907657520477216622e+02 1.277088446199761165e+04 -1.448930741405719709e+04
-3.451555938387839433e+03 1.393969399528067515e+04 -1.535780385129715432e+04
-5.328275979876248130e+03 1.167233600033705989e+04 -1.556605064308087458e+04
2.613875083607655688e+04 -1.746767692864932469e+05 -7.293969102762475814e+02
1.323126452308382613e+04 -1.617509926771100481e+03 -1.490868417090510047e+04
3.709500127677399632e+02 1.092482472290215628e+04 -1.548907746122615026e+04
1.555154273461086632e+03 1.359307064275582343e+04 -1.378827235951010152e+04
-7.428314237234654138e+04 5.027434836810988600e+03 -1.198409874263137681e+04
2.679456282370231293e+03 1.186889725223745882e+04 -1.553886094900860189e+04
-2.758572988486517716e+03 1.265017756276156069e+04 -1.473019272347095648e+04
6.302509101039380539e+02 1.393159376386557960e+04 -1.529286597397995502e+04
-4.722240534422272503e+03 6.716110379604713671e+03 -1.344783056862690501e+04
-1.008247230441928696e+04 1.450489214283080946e+04 -1.584376343778639421e+04
-3.781464150693291231e+03 1.626054503019516960e+04 -1.503213046457869495e+04
-1.787852713890214090e+03 1.325286042838895264e+04 -1.659491833711031722e+04
-9.513459941116292384e+01 2.317513536440708776e+03 -1.708603290104217376e+04
9.608100136615225892e+02 1.316220777929144242e+04 -1.530939310838777055e+04
-1.359622826837928733e+05 -9.245874368435643191e+03 -1.646201750510329657e+04
-3.656051065527372430e+03 1.023646900960828134e+04 -1.625025655432506755e+04
-3.600044111887945064e+02 1.601963262771806694e+04 -1.418741519595572754e+04
-7.518312649661702380e+02 1.319949353945628718e+04 -1.491066657921463593e+04
6.106928370642770005e+02 1.581480923539301693e+04 -1.517709462819674627e+04
-5.224495394920812942e+03 1.315000092420873989e+04 -1.498420238581448939e+04
-2.568544498942679638e+03 1.259927172775670988e+04 -1.535283140004894449e+04
-1.289290679183004613e+02 1.370830446396191292e+04 -1.626792310231486954e+04
1.187602632598296850e+02 1.428102065264213707e+04 -1.473069863927653932e+04
-6.291641846172790792e+03 1.276828059154784023e+04 -1.555998123189784747e+04
-1.547669025994401181e+03 1.211424370740014274e+04 -1.553721472688422909e+04
-2.335078883817946007e+03 1.230354742829436873e+04 -1.541433828837358487e+04
-2.382369141809955181e+03 1.354308167914493970e+04 -1.481743890967860534e+04
-2.931635897599302552e+04 -3.617169293643982382e+04 -2.144009585051440445e+04
-3.284072654961817989e+03 1.381210155789656164e+04 -1.787655501735474536e+04
-5.311174120236976705e+03 1.155672306543932427e+04 -1.639348524425261348e+04
-7.398469562146416865e+04 3.855793088689899832e+03 -1.171900968948992340e+04
-1.676387691003179270e+03 1.225143210673188514e+04 -1.569284832392928183e+04
-1.093509221712650742e+03 6.775291104428810286e+03 -1.812222111174908059e+04
-3.723401281794713668e+03 1.094261362919493877e+04 -1.572152081671413180e+04
4.406549664857526523e+02 1.621802123776927328e+04 -1.497937895845111234e+04
-5.400430778803386784e+04 7.157511386514279366e+03 -1.659594773515977431e+04
-1.670943232709320682e+03 1.271558335070183421e+04 -1.481710060105450430e+04
-1.264010247403806716e+03 1.334098677730840427e+04 -1.522020846046879342e+04
-9.164267083396543967e+01 1.304089578129842994e+04 -1.466250467570572982e+04
1.495953234499220798e+03 1.289764344702771814e+04 -1.387711363253846685e+04
3.133081225240117419e+03 1.095716067599523558e+04 -1.334940235043578650e+04
3.368157997761077240e+02 1.177349557506944984e+04 -1.706422631815453860e+04
-7.788707955991527342e+03 1.466260637734625016e+04 -1.489481900830152335e+04
-3.736271731800884027e+03 7.301217236817273260e+03 -1.472630640327581386e+04
-2.417233126955119587e+03 1.264712237657122569e+04 -1.613005635053209880e+04
-3.020346404809311935e+03 9.298760522665610551e+03 -1.572372227742373252e+04
-2.863304104010966057e+03 1.031761358753045351e+04 -1.627061261869200825e+04
-2.810644464533349492e+03 1.290921703126467401e+04 -1.501990210575310994e+04
-1.249029351846940926e+03 7.272583538588527517e+03 -1.082661397874648355e+04
-2.610509547701428892e+04 -6.302130001423625072e+04 -2.122761998204827978e+04
7.577798867218626810e+01 1.100122915733087393e+04 -1.793624256517263711e+04
-2.824000742982292422e+01 1.396227377594857717e+04 -1.449170493474245814e+04
-2.696472537737552557e+03 1.362554988379705537e+04 -1.476452978541567427e+04
-6.176133073271929788e+03 9.913492588890274419e+03 -1.510136403318743578e+04
2.722798988392453793e+03 1.317560601808091997e+04 -1.482632585365551859e+04
-2.506288273285176729e+03 8.712406286280174754e+03 -1.564576383800818257e+04
1.567957565347966465e+03 1.246259782585854009e+04 -1.689618146282826638e+04
-3.160797955212958641e+02 1.514905715275806142e+04 -1.438872974784823418e+04
1.252673123728965265e+03 1.058825601315949098e+04 -1.399841454279800564e+04
-7.698137868379160864e+03 1.331950058498702856e+04 -1.454249668192367608e+04
-1.000837852737159665e+03 1.279843640792362385e+04 -1.519191204265162196e+04
-2.101413603247460742e+03 1.492456339503439267e+04 -1.292457081261382518e+04
8.181181845016492844e+03 1.142204187468767304e+04 -1.512996194318127527e+04
-2.680896847029124274e+03 1.056085845248658370e+04 -1.590868870997325030e+04
-4.864996968940336956e+03 1.403161135807452774e+04 -1.318110700336834270e+04
1.349726550016485817e+03 1.097116028919154815e+04 -1.506339394817525681e+04
-2.990092015158132654e+03 1.272741775574883104e+04 -1.497924798858896611e+04
-3.584677989735196024e+04 -2.085351627604756140e+04 -3.172133660346286706e+04
8.521397839830025305e+02 1.228743034052104304e+04 -1.531321823054877859e+04
-5.373110025626797324e+02 1.281510443727781421e+04 -1.552355778932345129e+04
-1.147656681214478795e+03 1.307790536196410358e+04 -1.181395128983482027e+04
-6.647902643191291645e+02 1.127728271634008524e+04 -1.687272326915231679e+04
1.311582850435622504e+03 1.284900825447988063e+04 -1.478083712295744772e+04
-1.833701873301662545e+03 1.339141871682526107e+04 -1.617084389941695008e+04
-1.417006026067625044e+03 1.372070890970715664e+04 -1.184586957922832516e+04
1.156295576742419871e+04 -6.388962825620923104e+04 -3.078006117836327030e+04
1.176145360412681384e+03 1.142387334978104263e+04 -1.524612364409275142e+04
-2.875428747300545183e+03 1.416386006297526183e+04 -1.710104405537416096e+04
8.148491320425115418e+02 1.428891250265947929e+04 -1.204982286900740473e+04
2.834999707696825908e+02 1.447671190520987693e+04 -1.430133077756499370e+04
-2.396223990741214493e+03 1.290959026212429853e+04 -1.462794046433629956e+04
-3.274621760587125209e+03 1.019413574140848868e+04 -1.444047741464166756e+04
5.818876039603220306e+03 1.519729566853546748e+04 -1.268862533992110002e+04
-1.450258292747403175e+02 1.376119208039626028e+04 -1.371607813313934639e+04
-1.425188422679148607e+04 1.176169145396999193e+04 -1.086765021994961353e+04
-3.736514061920075619e+03 8.778703344905330596e+03 -1.526041133645149603e+04
-1.653511986106732365e+03 1.426594044688553186e+04 -1.325933116276903456e+04
-1.604714428603134593e+03 1.312489218293762133e+04 -1.442366541197599145e+04
-7.226306643221751074e+02 1.265097039281123216e+04 -1.184130743625193099e+04
-3.266030891322180651e+03 1.293560497801704332e+04 -1.399438838259252771e+04
-6.905664606082518731e+03 5.133867311194157992e+03 -1.636730661768948994e+04
-1.672121657263835459e+03 6.813481602688400017e+03 -1.609560513655191426e+04
1.877491141967479734e+03 5.841570188719833823e+03 -1.626603781463598170e+04
8.737209251970900368e+03 7.747819849536893344e+03 -3.495149398736738658e+04
3.197235962224769537e+03 1.154780530291961986e+04 -1.490017635753929608e+04
-1.002331344417466426e+04 8.948882359233151874e+03 -1.552118946860045617e+04
-4.864430836864179582e+03 1.292550504252730389e+04 -1.548921317990478747e+04
-2.400721020989807130e+03 1.337534779831050764e+04 -1.531870367067834195e+04
-2.030725409390427103e+03 1.339339158350581420e+04 -1.533877114660467487e+04
-2.673726281347191252e+04 -2.808649502975152427e+04 -1.923809065417923557e+04
-2.045049375789516034e+03 1.272644374319968483e+04 -1.674743288937765828e+04
-3.513604245654567421e+03 1.420922917665769637e+04 -1.687692858383144994e+04
2.710016078851916063e+03 1.610372450978625602e+04 -1.484279179714347993e+04
9.152661348985961013e+03 1.560663507426134856e+04 -1.929492986458451196e+04
-1.523416062021245580e+03 1.304674628742171808e+04 -1.352430067212713038e+04
-8.513803949931703755e+03 8.818357369423605633e+03 -1.750738716321105676e+04
-2.538577026713616215e+04 -4.514227717983082402e+04 -1.837596313021216702e+04
1.386178227073651499e+02 1.222622247230805624e+04 -1.572793880271446506e+04
5.856859864373353730e+01 1.230201763158070935e+04 -1.540368167763593374e+04
4.627826966337058366e+03 1.318485646077573438e+04 -1.585198027581602764e+04
3.573479993775997173e+03 1.323609958979984185e+04 -1.447538835108398234e+04
-5.711639909569252268e+03 5.478820296282550771e+03 -1.808344529575983688e+04
-6.210516325035616319e+03 2.273288007045740960e+04 -1.372060538205544617e+04
-1.432750836971118588e+03 -7.539195465406347648e+04 -2.818155090297669449e+04
-2.583144986678561509e+03 1.191127027122451182e+04 -1.657048627300343287e+04
-3.018053106458457933e+03 1.377356045008979891e+04 -1.437387578488303916e+04
-1.434095934109363270e+03 1.384166760655863982e+04 -1.531646874650305654e+04
-4.704175442710095922e+03 1.266952988644935249e+04 -1.499788974776968280e+04
-1.479991131539993148e+03 1.163945962799480185e+04 -1.564077271381530772e+04
3.841153774182649158e+03 3.061266891193500214e+03 -1.683129416466782277e+04
-3.754101156944535433e+03 1.282006490638068681e+04 -1.708594623610814597e+04
-3.166678861811702973e+03 1.119704097563752293e+04 -1.634034867654430673e+04
2.115128955828076869e+02 1.274353086690177406e+04 -1.638487693814470549e+04
-1.065002112874284467e+04 2.255642220393578100e+03 -1.492884962659646590e+04
-3.200370900238104696e+03 6.015026241234155350e+03 -1.562889656290761377e+04
8.542629108655088203e+03 4.351619882914272239e+03 -1.962197807108137567e+04
-7.460040355128577175e+03 1.364542673733688935e+04 -1.613047362521040304e+04
-2.542140431718044056e+03 1.306380170754761275e+04 -1.397197847224177713e+04
8.246019592660220951e+03 1.813702618605695898e+04 -1.750744698689135112e+04
-6.577888510461461919e+03 1.309956415485279649e+04 -1.577821262569154169e+04
-3.665241947395897114e+03 1.496808021790832936e+04 -1.295733978340050999e+04
3.560270127943811076e+02 1.287133867512761390e+04 -1.479972348379356117e+04
-3.201308741861132603e+02 1.512807781553320456e+04 -1.311630683604539445e+04
-2.342335956757710846e+03 1.310893560506373615e+04 -1.581282364180524746e+04
-2.281707823085871951e+03 1.358569003786266876e+04 -1.509486720724693441e+04
-2.783936480595352259e+04 6.528603724831306863e+03 -1.799522330931963006e+04
-3.398570345891060924e+02 1.244128346644916746e+04 -1.800828289993546787e+04
2.948618056191477308e+02 1.726110076472728178e+04 -1.321625655752176681e+04
3.061642661591010437e+03 2.967124874632071624e+03 -1.761352304161257416e+04
-3.962319562975726967e+03 1.296665400487022271e+04 -1.485153736885321450e+04
-5.562147990703570031e+03 1.135615187442519164e+04 -1.259138411558681219e+04
-1.827020210139650999e+03 1.422512687954563808e+04 -1.253287330917646977e+04
-3.640793849189406501e+03 1.222092064965989630e+04 -1.692793400087064583e+04
7.886908186044451213e+03 1.348452304650222140e+04 -1.509548324129382854e+04
-1.349855618445365508e+04 1.458232915742392652e+04 -1.671812398804390978e+04
-1.314689707881199638e+03 1.303848405507788266e+04 -1.417076261744947988e+04
-2.720865852229896518e+03 1.311839585703994999e+04 -1.561979753142949266e+04
1.533085447654761310e+03 5.184698643777697725e+03 -1.588627260430208844e+04
-7.437514826824320153e+03 2.382611234572570538e+04 -1.869412013944618593e+04
-3.447694857210364717e+03 1.397766832924118353e+04 -1.517439494792095138e+04
-3.584242391971179586e+03 1.361821779732043979e+04 -1.551250709835187445e+04
-2.953188102974568210e+03 1.370761466349979491e+04 -1.516607055107376800e+04
-1.000954308274205914e+03 1.264025005070857696e+04 -1.488198658657616033e+04
-2.369405651223859877e+03 1.055702525854939995e+04 -9.140241256216506372e+03
6.244850140344399279e+02 1.379272143962763403e+04 -1.583762303046071065e+04
3.858893876557367093e+03 -3.701533056410579320e+03 -1.751197921899490393e+04
-6.568154503005052902e+02 1.286280855855309892e+04 -1.555578506455921888e+04
-1.324514862443181073e+03 1.343942233046653746e+04 -1.587629189836945443e+04
3.658593991201728386e+02 1.276102295815783145e+04 -1.540794000877139842e+04
-3.246710690540545329e+03 1.237202964705482736e+04 -1.578298748196602537e+04
-9.878844653374160316e+02 1.323579983856000399e+04 -1.213793051724588440e+04
-3.415643680596574086e+03 1.329701066987701233e+04 -1.593976991951550190e+04
-1.677886710372654761e+03 1.279365446497171615e+04 -1.464291670471278303e+04
-1.742717213147139319e+03 1.395570265942849437e+04 -1.539016568704919882e+04
-2.202334569177768060e+02 8.243609508754107082e+03 -1.338575118292564002e+04
-3.028829505152067213e+03 1.299158584658718974e+04 -1.535294898640832616e+04
-1.345366966740772341e+03 1.284935125262544898e+04 -1.515536434046833165e+04
-2.966631306062879503e+03 1.503586342487359434e+04 -1.485997836466840999e+04
-1.954261875130945100e+03 1.374360847745531100e+04 -1.508980208000960192e+04
-1.203842775891580459e+03 1.260886264845713595e+04 -1.445947760234132875e+04
-1.007617989484530767e+03 1.362616038209098951e+04 -1.590713987531449493e+04
-2.142695359105917305e+03 1.375453178761476192e+04 -1.516305608815522282e+04
-9.663153965591653787e+02 1.350053275978090460e+04 -1.458805435456796477e+04
1.191419220251034631e+03 1.214516132829331764e+04 -1.558665338227176289e+04
-6.864887223566842067e+02 1.018088480232464644e+04 -1.548190395593244648e+04
-1.338975349762819860e+03 1.303126507118206609e+04 -1.607640670539924213e+04
-1.548342280263453176e+03 1.245888615127927005e+04 -1.438267914316984206e+04
-5.620699949809264581e+03 1.160018462276586979e+04 -1.540178427621145602e+04
1.803621823412112235e+03 1.540822047766743526e+04 -2.100801977517356136e+04
-2.418946862678226807e+03 1.151135872565461250e+04 -1.574809746885355707e+04
-1.109695457456919712e+03 1.401334228611480103e+04 -1.565339387156878911e+04
-1.953059094921916085e+03 1.034186275803093486e+04 -1.531466732395842337e+04
-3.182704577120254726e+03 9.519448677645497810e+03 -1.111361953710224407e+04
-2.604528918528764336e+01 1.350221144156930859e+04 -1.535809387221325233e+04
-2.558505906028406116e+03 1.362434860933351229e+04 -1.467232113318335360e+04
1.146465081016301383e+03 1.497262454384208286e+04 -1.403578905683396442e+04
-1.114868965804579784e+05 9.331101068331456190e+03 -1.306800215388210017e+04
-9.833234419561623554e+02 1.315769693068312336e+04 -1.382243004586749157e+04
-3.503635687092841636e+03 1.262364104972210771e+04 -1.461565108265072740e+04
6.491876842384405109e+02 1.117244313011140912e+04 -1.662633564149785889e+04
-1.922377172252310629e+03 1.270531705535461333e+04 -1.475081340217052821e+04
-5.374117933186157643e+03 1.398826411289704265e+04 -1.979387341893683697e+04
-6.328742979971092609e+03 1.799195181593856250e+04 -9.869054802162469059e+03
-1.436239324152111863e+02 1.210603517419560012e+04 -1.723541424242649737e+04
-1.663643806608868545e+03 1.403583878445781374e+04 -1.536097498755008201e+04
-3.544051455607657772e+03 1.433348039938680449e+04 -1.486788086096656298e+04
-4.573357888232933988e+02 1.291933733117186057e+04 -1.809564756803868295e+04
-2.710805044964306489e+03 1.302025964224443851e+04 -1.608029801369592133e+04
-1.183302062118907543e+03 1.401601239575091313e+04 -1.571740912560521429e+04
-2.749344922130012037e+03 1.227644981168399863e+04 -1.445520077211080934e+04
7.168635254829424639e+02 1.189248180421410325e+04 -1.642884143575448252e+04
-1.817210118230907392e+04 2.338136881374297809e+04 -1.121203362774093330e+04
-2.393469177341626164e+03 1.392729612240680035e+04 -1.456341568265781279e+04
-2.772559204303689512e+03 1.358606363839446385e+04 -1.420743791903920282e+04
-1.286557526850134082e+03 1.332619470918208935e+04 -1.560060054178697646e+04
-6.127319160711920176e+01 1.393661157394388283e+04 -1.583258382446015457e+04
-3.819473020735353202e+03 1.586485920415385044e+04 -1.497641882147155229e+04
-1.188372431988547987e+03 1.364202298710465948e+04 -1.544372929178724371e+04
-2.558748511951190721e+03 1.439569167967375142e+04 -1.732773304126155926e+04
-1.837015096554353931e+03 1.180565165987411274e+04 -1.181590907559301922e+04
-2.617480734400240181e+03 1.369928458345182298e+04 -1.448930553823336595e+04
-5.978207502999480312e+02 1.004864089352875817e+04 -1.527437349327917400e+04
-1.625780652730768452e+03 1.144400920453639264e+04 -1.551136618178131903e+04
6.023480517554825383e+03 2.809762956802684130e+04 -9.589954000963389262e+03
8.335045690498485783e+03 5.507446067613199375e+03 -1.606943282689052648e+04
-2.154021593427216430e+03 1.224103016668328200e+04 -1.529695214540822599e+04
-2.166230038827046883e+03 1.451523732893486886e+04 -1.510114428777627290e+04
-2.158520204154238854e+03 1.377391671975303689e+04 -1.413775005016663636e+04
-3.211703990948353294e+03 1.204700840157549464e+04 -1.583737581015844808e+04
2.925389940458756428e+03 1.522641863875430317e+04 -1.655255773051990036e+04
-1.593393344021162193e+03 1.300608470175810544e+04 -1.470237310707659708e+04
-2.764717749974607432e+04 -2.195673400166281135e+04 -1.946973221659604678e+04
1.289747812944068528e+03 1.437201684770334577e+04 -1.578429363145116986e+04
-2.854780798434607732e+03 1.710404815418802900e+04 -1.702345200523427047e+04
-3.149863146982491344e+03 1.589622770829659930e+04 -1.537723547016009979e+04
-2.594875772498474362e+03 1.080828569036240515e+04 -1.577578478621449540e+04
4.619519955348589519e+02 1.524869950271815469e+04 -1.666365770309021900e+04
-1.661568213327068179e+03 1.290469155204511117e+04 -1.565696201382870822e+04
-3.669083109510173927e+03 1.501189378492820833e+04 -1.637362964310094503e+04
7.945434846820561688e+03 5.804289206406761878e+03 -1.624632636909376197e+04
-2.303446306757241473e+03 1.262472357335580455e+04 -1.569452764435955032e+04
4.174519847159174333e+02 1.392662068890571754e+04 -1.651066141754356067e+04
-2.724411099330068282e+03 1.549858825490069466e+04 -1.439646365958163915e+04
1.445884471140494952e+03 1.425667597714182011e+04 -1.545366520219082304e+04
-2.471612950814171654e+03 1.444022482487228444e+04 -1.619178084230223976e+04
-4.374094003261280932e+02 1.291053349948176765e+04 -1.555799211849665880e+04
1.158319263992697870e+03 1.189479279848132683e+04 -1.599391153096643757e+04
-3.593642892257511789e+02 1.116657610626700261e+04 -1.517179517762095384e+04
-4.796720625714954622e+03 1.525414727931183734e+04 -1.608249443819278713e+04
-6.186076655029460198e+02 1.431626532511654659e+04 -1.447027099787134102e+04
-1.512474037394421794e+04 2.419753132763754820e+03 -1.464848810853439136e+04
7.203911747754493717e+02 1.327111966245475560e+04 -1.506408240142409522e+04
-1.206678195182092622e+03 1.337622188491257293e+04 -1.479022517759910806e+04
-1.809684425337669381e+03 1.263868339500416914e+04 -1.505734201079370177e+04
-5.421321773145437874e+03 1.312765638787261014e+04 -1.611574297604338062e+04
-5.120949897197656355e+02 -1.438744790557860142e+04 -3.949377653021587776e+03
-2.668328637400582920e+03 1.346761196694294813e+04 -1.441080085524171591e+04
-1.267462122468791449e+03 1.041537964738433948e+04 -1.717327844771964374e+04
-3.508090931413860289e+03 1.256002068209335630e+04 -1.682420328991062343e+04
-8.181597341337775333e+02 1.323837433039967618e+04 -1.473381429532607035e+04
-6.660456880369025612e+02 1.261085043338232026e+04 -1.520425652839024951e+04
-8.662910856583293935e+02 1.303940008938838218e+04 -1.577242748250956538e+04
3.217192667643878394e+03 1.438093482403747112e+04 -1.622028774071650514e+04
-1.576568798522962425e+03 1.174393086237027819e+04 -1.283299689821598258e+04
1.064326572035095978e+03 1.109239193408647043e+04 -1.618172088127710231e+04
-4.406990022234133448e+02 1.284008212093750080e+04 -1.774705762956106264e+04
-1.894218577869843784e+03 1.339649520037704497e+04 -1.516565220320334447e+04
-1.655304265040290147e+03 1.336576827740854424e+04 -1.557872331350471723e+04
-4.522952555933299664e+03 1.388818622209018213e+04 -1.592649754640084393e+04
-2.090777327262786912e+03 1.286840376101154288e+04 -1.564644749255290117e+04
-7.156184833304686208e+02 1.248538143490932816e+04 -1.514263550431170916e+04
-1.584947715467438684e+03 1.200355525122588369e+04 -1.694207605136701022e+04
-2.809259090494797420e+03 1.284296379919973697e+04 -1.571788880559930658e+04
-3.515752478344172232e+03 1.532234537376909793e+04 -1.415999515419793897e+04
-1.133774415090672119e+04 1.400699421803602672e+04 -1.816383363102845033e+04
-3.304117266050079706e+03 1.192812870513730195e+04 -1.640456512747478700e+04
-8.048813378558163549e+02 1.359647172395251982e+04 -1.352981834512939167e+04
2.384315321887684149e+02 1.457641197011313852e+04 -1.427581369141800133e+04
-1.252801800122981604e+03 1.532119538901135275e+04 -1.524222312973691623e+04
-1.803086421299234189e+03 1.387394484676898537e+04 -1.535289453882281850e+04
-1.671997869301186938e+03 1.535958180933795302e+04 -1.359530633772891269e+04
-1.058225934365950707e+02 1.186881443393769587e+04 -1.245346145107151642e+04
-1.555774717098008068e+03 1.310783365501432490e+04 -1.515809077871743284e+04
-5.286253117883222330e+03 1.517304120437886377e+04 -1.639594993907242315e+04
4.425455753051712236e+03 1.180676201254586704e+04 -1.752097674554051264e+04
-1.189934788460414893e+03 1.434450816769250741e+04 -1.414455525218044022e+04
9.066164777912842965e+01 1.346300702862372600e+04 -1.528149614950086652e+04
-7.114426456084013353e+02 1.196440171430467308e+04 -1.564182341242785151e+04
3.172490663840664638e+03 1.162084299055842894e+04 -1.936669552923553056e+04
4.998924625177230041e+02 1.246875966047027396e+04 -1.575022042432169837e+04
-2.721114192835133963e+03 1.300827749657112872e+04 -1.523498301758640810e+04
5.083275644277939136e+03 1.271276040737042422e+04 -1.861793494516208011e+04
6.625254075786180010e+02 1.196050130243710555e+04 -1.546265192693583595e+04
-9.642921360189709503e+02 1.122071077625592261e+04 -1.740749520180609397e+04
-5.998977044106245557e+02 1.242084535787845562e+04 -1.431586107322304633e+04
-2.659930832293938238e+03 1.375889832164732070e+04 -1.389880994532952172e+04
-2.138375043774311052e+03 1.093497017314837103e+04 -1.579027957857283945e+04
-2.709484848607902222e+03 1.211654630848297893e+04 -1.528237979300535153e+04
1.316727111226612578e+03 1.058346124416684142e+04 -1.805353708713364540e+04
3.918407326613080954e+02 1.614184132997852248e+04 -1.103527153050638117e+04
-4.335950076129651279e+03 1.315759487488467494e+04 -1.733588673268997809e+04
-4.229941100792742873e+03 1.229582318668976404e+04 -1.366107039787987378e+04
2.483789546926636831e+02 1.274332507331406487e+04 -1.659906407334553660e+04
-8.289190467363532662e+03 6.029248046342794623e+03 -1.502733981945970481e+04
-3.151919591918856895e+03 1.515287565414433993e+04 -1.475183707414859964e+04
1.161399239182700057e+03 1.227395659764115226e+04 -1.572892447557315245e+04
-1.275007974799613294e+03 1.259266090240375888e+04 -1.549105545212404468e+04
-3.432610458085514438e+02 1.147951478887063058e+04 -1.754802047371039953e+04
3.020292280331711936e+03 1.285299136653263486e+04 -1.664820467568156528e+04
3.697920976851057162e+01 1.255730664800089653e+04 -1.544964008704537810e+04
-2.165420491009799662e+03 1.435084399171999212e+04 -1.528016876122340909e+04
2.909531199236685552e+03 1.954899742098468414e+04 -1.477519633194087692e+04
-8.565362128505825012e+02 1.239807982245767198e+04 -1.465518579351712287e+04
-5.663214005497627568e+02 1.589129577884202808e+04 -1.649292832033292143e+04
-4.137094323704279304e+03 1.263874824939796417e+04 -1.745643427097565291e+04
-1.669199551430873953e+03 1.376840111797519603e+04 -1.494782407854473786e+04
-1.168521722391169533e+03 1.379055225542046537e+04 -1.459574546269927669e+04
-2.805291346537978825e+03 1.299099303592914475e+04 -1.528351121735945708e+04
-2.620871635639515716e+03 1.218965024268588604e+04 -1.630405500597178252e+04
-4.170018223307941298e+03 1.360966139643308816e+04 -7.151720553082356673e+03
-3.455781529050667814e+03 1.626774012410285832e+04 -1.407237726099845713e+04
-1.348319684175614966e+05 -5.571805888865779707e+04 -2.371200549741227951e+04
-1.832631916292486949e+03 1.166202596744381844e+04 -1.486084541908233405e+04
-3.114014404560474759e+03 1.240657619182672897e+04 -1.521439706100485273e+04
-2.921749008648143445e+03 1.095347131304362301e+04 -2.491055958908562388e+04
-8.992845086183692729e+02 1.253995416740400469e+04 -1.555653904332836646e+04
7.771024598064212796e+02 1.196309332559903123e+04 -1.634768932259248868e+04
3.548830747729037967e+02 1.223247942410262476e+04 -1.634822285384923453e+04
-8.931138626197380290e+02 1.339582464923864245e+04 -1.472117089102888531e+04
-5.126944104671595596e+03 8.111219370428876573e+03 -2.035264009410564177e+04
-4.883515377541050384e+02 1.342620644902573622e+04 -1.494648570405242572e+04
-3.661445228419039267e+03 1.246224897186998533e+04 -1.659192749530095534e+04
-1.339940440842169664e+02 1.294541499507500885e+04 -1.545532882926746242e+04
1.780411018458312356e+02 1.587703482253920811e+04 -1.432068274225179084e+04
-3.206391989263280720e+03 1.308881602215026578e+04 -1.557775964571886834e+04
-6.961038637192627903e+03 1.290029222027486685e+04 -1.510541219318858930e+04
1.217629561176665902e+02 1.285541062502145178e+04 -1.587383176231423931e+04
-2.277857606469594430e+03 1.205886405409970757e+04 -1.468740254067821661e+04
4.165319176879239421e+03 1.483388917531624975e+04 -1.413566054237498065e+04
1.129307821907286211e+02 1.319536089555492254e+04 -1.450606392631459858e+04
8.079853990890400155e+02 1.174010359864853308e+04 -1.776627482616365523e+04
-8.983564025407043800e+02 1.279807634167259130e+04 -1.538217849704895707e+04
-2.522511098196375315e+03 2.422513653742723909e+04 -1.041304302330873179e+04
6.040755041225226023e+02 1.353884586702141678e+04 -1.435595780806683069e+04
-2.541570116257434620e+03 1.109609316690202832e+04 -1.535836606286547794e+04
-5.260433113008779173e+02 1.574464043099419177e+04 -1.605944417118734418e+04
8.178859349259837472e+02 1.224826024479676380e+04 -1.602616526872266695e+04
2.442263129327147908e+03 1.556665550272563814e+04 -1.345388346817563252e+04
1.745994492162450058e+02 1.285298586919183435e+04 -1.460270561179642937e+04
-2.301365888387634641e+03 1.263155759949654384e+04 -1.532514531716589227e+04
-1.514530853601914032e+03 1.222438692259516938e+04 -1.563746010660529646e+04
-1.912208689011560637e+03 1.651564798555424932e+04 -1.528584327965989723e+04
-1.662058962967412981e+03 1.042420066008296817e+04 -1.687974419843551732e+04
-2.641388107160219079e+03 1.359800788085393833e+04 -1.498855995795516174e+04
-2.224724051507782860e+03 8.472064982919953763e+03 -1.827668191468377336e+04
1.083872462653036337e+03 1.496589459053922656e+04 -1.451907839600549050e+04
-8.862129764601351098e+02 1.204740699875428436e+04 -1.559305491904737391e+04
1.719238418055761940e+03 1.059388555424433980e+04 -1.619626507967436555e+04
-1.604578444900588693e+03 1.226240915499320181e+04 -1.419298530177983230e+04
-1.785205090832097994e+03 1.465097487390251445e+04 -1.423503965704857001e+04
-2.057632723144976353e+03 1.379224725218769709e+04 -1.513981063197965887e+04
-3.464346676007267888e+03 1.527576662739078893e+04 -1.451938911697920958e+04
-1.388603304827331840e+03 1.326035701914730089e+04 -1.488358662113965693e+04
-1.923469644772091851e+04 6.265580241360172295e+03 -1.205697247249727843e+04
1.563553653052715617e+03 1.243364675808693391e+04 -1.647164408792486574e+04
-4.855969089218756380e+03 1.386505313390769516e+04 -1.562906308763006200e+04
-2.994282348584849842e+03 1.319559250997964773e+04 -1.448470511857054953e+04
-3.589963302818984175e+03 3.719553431334479683e+04 -1.305392158093581384e+04
6.533833006982014922e+03 1.327657741829982842e+04 -1.416311350730876620e+04
-6.860358186527138059e+03 1.313827771163654143e+04 -1.518854970055644299e+04
-2.539295349906877163e+03 1.234354756051274853e+04 -1.512183592868039523e+04
4.372240239917930012e+03 1.980929949928851329e+03 -1.362765198250243157e+04
1.967615105317997404e+03 1.429601309921411666e+04 -1.570690870156770143e+04
-2.237087572050529616e+03 1.280829843005729344e+04 -1.534172792186752304e+04
-3.520377549673448084e+04 1.079505827183053407e+04 -1.284751121865834102e+04
-5.544491281471729963e+03 1.198686144980291829e+04 -1.606954748650996407e+04
-3.182845335218878063e+03 1.478037000692066431e+04 -1.268367823524776395e+04
-1.765423948342978520e+03 1.242936177280633456e+04 -1.618474429273614078e+04
-1.676471616549995360e+03 1.135910117238829662e+04 -1.713096341825214768e+04
-7.999229857469698572e+02 1.145752046019896079e+04 -1.556969159394513190e+04
-5.283696446374628977e+03 1.186718084529411499e+04 -1.608562858397666059e+04
-2.914554054354995060e+03 1.370086440175747521e+04 -1.486459955587606055e+04
2.168123754068262201e+02 1.271112993279271359e+04 -1.730441277376406288e+04
-7.464681656407321861e+04 -6.131911913515647757e+04 -3.789640652037110704e+04
3.544466822083913030e+03 7.039461932756629494e+02 -1.347585957132127987e+04
-4.417942843964996428e+03 1.187518413887177485e+04 -1.817886474859969530e+04
-2.263911689588285753e+03 1.536072321273824309e+04 -1.594548852497789449e+04
2.393325214943387437e+03 1.385994590809845067e+04 -1.576487817851826003e+04
-3.919780354377476669e+03 1.192530580497492338e+04 -1.491463070429470463e+04
-2.160431584450820992e+03 1.085759578894858350e+04 -1.489170530444644100e+04
-1.738810035730586833e+03 1.161186585344932610e+04 -1.569590153873342751e+04
6.309415909747056048e+02 7.304210129946734014e+03 -1.665103890210515965e+04
-3.024258718924814275e+03 1.325694559436855707e+04 -1.469736440230724475e+04
1.359051888468675770e+03 1.357002471417536617e+04 -1.746605451456001174e+04
-6.121622990384655623e+02 1.196073591244281306e+04 -1.457854990264178559e+04
1.489877578586432901e+04 1.892103337222594928e+04 -1.066812084291240717e+04
-9.962880546393460008e+02 1.585124561458152857e+04 -1.708555245409352210e+04
-2.418810328564337851e+03 1.251345775030488221e+04 -1.555421827882853904e+04
-2.933834341521596798e+03 1.276936427220116457e+04 -1.476124862544968528e+04
4.924977321566899491e+01 3.246569377280929984e+03 -1.752276396815535918e+04
-1.357168404942796315e+03 1.270975444026043806e+04 -1.476866821067667661e+04
-1.242280461961207720e+03 1.744664056479763167e+04 -1.799939053095539930e+04
-7.799964940872093848e+02 1.307081290320651897e+04 -1.499927282305045264e+04
-6.430031627645386470e+04 -3.500788708137691719e+04 -2.830528159858015351e+04
-2.618775065181416267e+03 1.220392377628268696e+04 -1.483258866406393645e+04
2.724103781794837232e+03 1.096010765341795923e+04 -1.394770212541553883e+04
-6.455661324762733784e+03 1.071075343275914202e+04 -1.514521314946176608e+04
-1.150916961667652140e+04 1.129387283669058706e+04 -1.643206657295238620e+04
-2.444132006560483205e+03 1.298034445994591806e+04 -1.460481471921487901e+04
-3.208996775418392644e+03 1.296479338592198474e+04 -1.487603887547082741e+04
-1.653541242321332902e+03 1.181075316388213287e+04 -1.483756781672924808e+04
-2.551121374556184674e+04 6.309498029346060503e+04 -5.171094980879112882e+03
-4.781957158018565224e+01 1.996039720553725056e+04 -1.702499802401613488e+04
-2.737646593024826416e+03 1.248017691239239684e+04 -1.483455664973796229e+04
-2.067969666182680157e+03 1.357874650776234557e+04 -1.525772096972384679e+04
-2.614088798907871933e+03 1.070754818072094895e+04 -1.703018456400752984e+04
-1.177876744574952681e+03 1.263757780397785973e+04 -1.458356882042051075e+04
2.825686566746776407e+02 1.468515795457299828e+04 -1.400082346371743552e+04
-3.721009597869117442e+03 1.372008376057014175e+04 -1.614802361437553554e+04
-4.938741220181490462e+03 3.242667393188462484e+03 -1.687454732939226233e+04
2.279813864354343423e+03 1.329657235450958251e+04 -1.688873246137452225e+04
-9.918379973814152208e+02 1.070379062829262512e+04 -1.300374473170957390e+04
-2.112439552524475403e+03 1.125302585122818164e+04 -1.734162232886741185e+04
-5.367580538339331042e+02 1.252321274263351370e+04 -1.598708602903020983e+04
-8.208602584640517307e+03 1.974795207927093725e+04 -1.663054855804655381e+04
1.515447398281154960e+02 1.340940535043467207e+04 -1.543021675538688760e+04
-4.155115621558582006e+01 1.240311596485268637e+04 -1.577653710755944121e+04
-8.384919121367133812e+02 1.299313973908207117e+04 -1.593130790852981772e+04
-1.305591674771777434e+03 1.393453269229638681e+04 -1.495886799275898375e+04
7.369832535527283426e+02 1.623171125724264857e+04 -1.597010416436287596e+04
-3.399352289754929643e+03 1.076547723950740692e+04 -1.524069290629903298e+04
8.542513948440005151e+02 1.252967585625485845e+04 -1.666929873636743650e+04
-9.521412811180647395e+02 1.611500406303069212e+04 -1.146425841948145171e+04
-3.707022006808649166e+03 5.010571840331269414e+03 -1.376806269724040612e+04
7.678743708997193608e+03 1.595520119727062047e+04 -1.578290696138084240e+04
4.153150280015973976e+02 1.407623108980758479e+04 -1.420758280822331471e+04
3.508202280744413315e+02 2.857503404090157710e+04 -1.389186583841640277e+04
-3.369374699285507631e+03 1.106006033625573582e+04 -1.645862114950439354e+04
-4.861775619009628826e+03 1.676067747774523014e+04 -1.206702870938462002e+04
2.478044065611565259e+02 1.294052233803170202e+04 -1.480279627526930926e+04
-3.600278399256500506e+03 1.158011746766089891e+04 -1.124087840251401212e+04
4.992241349388041272e+03 1.235120237909852040e+04 -1.660477950534335469e+04
-1.430451976299712260e+04 8.522145762287633261e+03 -1.677981414907244834e+04
-2.101050502930912626e+04 7.787776329147442993e+03 -1.712189698125390350e+04
-2.662848716188442722e+03 1.587204739315693405e+04 -1.417311432633315599e+04
6.393637792181639270e+03 1.604565685813565142e+04 -1.669369981601436666e+04
-1.795118333685129619e+04 1.144784925708265837e+04 -1.344919684596007210e+04
-2.157179813099970488e+03 1.272894803907911592e+04 -1.489867689106076978e+04
-1.254766462534446873e+03 1.384970847039490218e+04 -1.408501457047974145e+04
-1.304034044187883865e+03 1.284235248871756266e+04 -1.519223274519471488e+04
-4.846408891132794452e+03 1.259173699322589346e+04 -1.224390302498794154e+04
-7.154806961051763210e+03 1.076355710127433122e+04 -1.393582254349505456e+04
-2.349767057662181287e+03 1.215210053544025141e+04 -1.592455178611911833e+04
-2.764427460590254213e+03 1.401653670856942335e+04 -1.458049117296410441e+04
2.015004613896419414e+03 1.669259976429439848e+04 -1.404877691850874362e+04
-1.239945702246777364e+04 1.537368480039394672e+04 -1.147223118530799002e+04
-7.546939481604651974e+02 1.284903146792409279e+04 -1.579900182835923260e+04
-4.843057619450802918e+02 6.615792423430702001e+03 -1.775096192732349300e+04
-1.269248138289394092e+03 6.769565818751056213e+03 -1.517822484244661428e+04
1.834260001711574432e+03 9.986764041535639990e+03 -1.611011020364113756e+04
-1.781556279999033904e+03 1.381920365711636441e+04 -1.494417588688981050e+04
1.222548649969994585e+03 1.008126784669437438e+04 -1.628483894952915944e+04
-4.188440959477332399e+03 1.334187073085789416e+04 -1.469557903285052816e+04
2.968569210540517815e+03 1.295612004283978604e+04 -1.257411267159031740e+04
-7.039311578436966101e+02 1.102303991460758880e+04 -1.810919448066011319e+04
-6.162882316086100218e+03 1.036762091205027718e+04 -1.430819782774075611e+04
-2.649294902050422934e+03 1.254288166962763171e+04 -1.539041727903751234e+04
1.371334815823695862e+03 1.158329581904563565e+04 -1.520866917869177814e+04
-1.979532879601338664e+03 1.377295037868621512e+04 -1.391573691019772923e+04
5.463628938953486340e+02 1.344072618399853854e+04 -2.528258790027758732e+04
-2.063574151203515612e+03 1.330628231707643863e+04 -1.474742632110317390e+04
6.863835572594247196e+02 1.269730838128602409e+04 -1.495269343390102404e+04
-1.563495995358913206e+03 1.420343546039574539e+04 -1.479809378645385004e+04
-2.954155937744808398e+03 1.399431704640713724e+04 -1.411935147773067001e+04
-5.536148641747374313e+03 1.208722760941305023e+04 -1.497437691375770373e+04
-1.693389439800004084e+03 1.291330801770707330e+04 -1.523765722718607140e+04
-1.094138824093311086e+03 1.288970891596788169e+04 -1.475361338617612637e+04
-6.663170108000395885e+03 1.670837655430821542e+04 -1.341004785548087966e+04
-2.839742227585755245e+03 1.205055314341410303e+04 -1.581080950699710047e+04
-1.018850857572369819e+03 1.311687846266878660e+04 -1.541751565299557842e+04
-1.161187603612383782e+03 1.364178799285154855e+04 -1.503071367828723487e+04
2.173094527048447617e+03 1.315611625698008538e+04 -1.660902866750655085e+04
-1.519662344208083823e+03 1.362185027543390606e+04 -1.450297915485141311e+04
-1.204438319064748839e+02 1.394422523609677955e+04 -1.682733858633390992e+04
-2.477523718342208213e+03 1.346155582191163921e+04 -1.486046594290992471e+04
-3.818661897760042848e+03 1.084902762229759719e+04 -1.613218379167100466e+04
-1.994068850077494290e+03 1.374409847399757382e+04 -1.466797651595211028e+04
-2.119141614737948657e+03 1.191887141504136343e+04 -1.509245989643739995e+04
-2.338153752709593846e+03 1.370293195847368224e+04 -1.849681552953579376e+04
-1.684910186579769743e+03 1.306320688630879340e+04 -1.540998599855398606e+04
-2.318997178383946903e+03 1.269373730056836575e+04 -1.558240651444391005e+04
-1.160682638194283754e+03 1.296800715785539796e+04 -1.532449770329059174e+04
6.922629786174353512e+02 1.266218204650387452e+04 -1.565863713505710075e+04
-9.783725332176092024e+02 1.262186388499015993e+04 -1.509444272769649797e+04
6.659495396816726043e+02 1.229634955452239410e+04 -1.623893987842911156e+04
1.083487728902722847e+04 2.340460350000581457e+04 -1.112141338352080493e+04
-1.660136998042249161e+03 1.204360183041415621e+04 -1.618255465630468825e+04
-2.472110277174790099e+03 1.215855986020965065e+04 -1.483663810087809543e+04
-6.036100155303615793e+03 1.555321068938296048e+04 -1.739659947872460907e+04
-4.716325080601902300e+03 1.354799302355070904e+04 -1.347197666365338955e+04
-4.208981863195753249e+03 1.398039907420554664e+04 -1.549699406170992006e+04
-1.502342461024343038e+03 1.402209999161967062e+04 -1.410437726968497918e+04
3.987072597325913193e+03 8.509838454335898859e+03 1.285058362047829905e+04
-1.356360412982970729e+03 1.302285824667111956e+04 -1.531601988001522477e+04
-1.659492491338386799e+03 1.311502310378170478e+04 -1.513919474066468138e+04
-4.087657849601214821e+03 1.489622989679510647e+04 -1.263794643407451986e+04
1.072799336716518610e+03 1.873325418702946627e+04 -1.297661655106046783e+04
-5.675643025535107427e+02 1.334678900688035355e+04 -1.511237716965889922e+04
-1.033042740734936615e+03 1.291216937213965502e+04 -1.525106363835096818e+04
-2.040910187220879379e+03 1.316626695624753120e+04 -1.543130168225036687e+04
-1.672364650231957967e+03 1.312357663139741089e+04 -1.523462047638453078e+04
-2.005095771181548798e+02 1.289153005096960624e+04 -1.501732724825365585e+04
-2.805571136438335088e+03 1.387849912360074086e+04 -1.459880872331386308e+04
-3.898976751829676459e+02 1.271239092251868715e+04 -1.617696137763591832e+04
-3.241633724528052198e+02 1.272712948905310259e+04 -1.522744384447167613e+04
-1.320168111976824321e+03 9.992876749326122081e+03 -1.639398546318243825e+04
-2.025945530040258973e+03 1.304586204553018433e+04 -1.577968995268573053e+04
-2.540544569868984581e+03 1.272670107164467117e+04 -1.514386671102993751e+04
-2.451122067876588062e+03 1.337610720196878538e+04 -1.501407872562683224e+04
2.570517690709368708e+03 1.402726654590413636e+04 -1.195078458788172065e+04
-1.368161904732220819e+03 1.141239564943808909e+04 -1.657341894832376420e+04
-8.302357536889397238e+01 1.217833039135081526e+04 -1.470253692023987242e+04
-1.539191252375390604e+03 1.281444671380868749e+04 -1.572290258909256954e+04
2.404678007853729468e+03 1.289080376746686852e+04 -1.554844256444361417e+04
1.135366308021776240e+04 3.775190095463200851e+04 -9.059478789790809969e+04
-2.470073256579453300e+03 1.282934550945960837e+04 -1.474350183029352593e+04
2.236495530870964103e+03 1.592247135737489589e+04 -1.743979917891760488e+04
2.521149087154508379e+03 1.309445970704910906e+04 -1.618870137444297143e+04
-2.168301933561695478e+03 1.281713563806898492e+04 -1.561837797857921578e+04
1.385626815108521441e+02 1.245137200822367413e+04 -1.561203940252211578e+04
-1.791109588803858742e+03 1.284401480954665749e+04 -1.471065983833989048e+04
-1.622423562752637281e+03 1.430798241149247224e+04 -1.403308000802031165e+04
-3.610524189066211420e+03 1.485433020027565180e+04 -1.394349127402952035e+04
-1.179794524903903721e+03 1.294124088311903324e+04 -1.530616607839159042e+04
-2.070530504673762607e+03 1.274310416291098045e+04 -1.565208547294468735e+04
-2.934965750713786292e+03 8.426945331629920474e+03 -1.341216327631465720e+04
-1.733931186235990253e+03 1.242073649070848114e+04 -1.620916293006915839e+04
-1.957329661397766586e+03 1.285375053975445735e+04 -1.576671910618852235e+04
-1.558732440344879933e+03 1.285670608148791325e+04 -1.536515912446171387e+04
-1.246893433820644759e+03 1.324512770467113660e+04 -1.566053494349552420e+04
-2.242847262472842885e+03 1.352189964551055709e+04 -1.565958349206457933e+04
-3.516780195190224276e+03 1.223530893799859587e+04 -1.519783972444758365e+04
-1.773723236389628482e+03 1.245985042287996657e+04 -1.635811753996438893e+04
-5.098028571466459198e+02 1.266701179652368774e+04 -1.592136600120730691e+04
-2.031166904133876187e+03 1.269154537686387266e+04 -1.586895301015666519e+04
-2.335178631252375453e+03 1.343051948690402605e+04 -1.463327849129489368e+04
2.166580492806851180e+04 6.916342934600982699e+04 -1.285117538519416121e+05
-1.555814972615566603e+03 1.344412542818437760e+04 -1.470039321406518866e+04
-9.197404600413181015e+02 1.146925344633753411e+04 -1.587222376271287249e+04
-4.671856032720907024e+02 1.390289052877596259e+04 -1.421777148431857313e+04
-3.338010270900479100e+03 1.147615051130804750e+04 -1.627210682735953924e+04
-7.766107228492135164e+02 1.311166514715402445e+04 -1.556716439311210706e+04
-1.931025338577003367e+03 1.318911933832386603e+04 -1.467799136087062288e+04
-2.092414947587872575e+03 1.458922478620456968e+04 -1.464670007397086920e+04
2.925949353605014949e+03 7.765224265705430298e+03 -1.524926037361618182e+04
-1.308756840066618452e+03 1.274276397374484441e+04 -1.535756632906430605e+04
-1.682365093741361079e+03 1.301017629284236864e+04 -1.559174996484193434e+04
-2.949812360119786945e+02 1.302826161267351381e+04 -1.541767481347547982e+04
-1.452296646654374854e+03 1.307408598776360668e+04 -1.469831184941409629e+04
7.214706753475048572e+03 1.945940392502148825e+04 -6.253133299441727104e+03
-2.549988395082839816e+03 1.360423023796243069e+04 -1.532988042976785073e+04
-2.763725151899532193e+03 1.284325452292056434e+04 -1.541976135455069925e+04
-5.081299425850888269e+02 1.281770755327330698e+04 -1.547193044285323776e+04
-1.405231656951241803e+03 1.294356960886005254e+04 -1.515961601377972147e+04
-2.916369291215602516e+03 1.361108625616071004e+04 -1.490194847631065204e+04
-1.151920302461323899e+03 1.309096919952808094e+04 -1.490477128774079392e+04
-1.050468469195764783e+03 1.147162226927131269e+04 -1.688641232041933108e+04
-1.598770139290118095e+03 1.288219770831108690e+04 -1.531510996648307992e+04
2.261416638342851684e+02 1.081621503400553047e+04 -1.428523248350586437e+04
4.371772944435824320e+04 3.578348935706538759e+04 -1.780370022494484438e+05
-4.807464057185026832e+03 1.063430619440285227e+04 -1.049831905814965467e+04
-1.857802942222925594e+03 1.277803660611111263e+04 -1.599140515662804137e+04
-1.338994222970248700e+02 1.224700678008378418e+04 -1.578681606630403076e+04
-3.603075152744872867e+03 1.398607203381912223e+04 -1.594348492259132581e+04
-1.270279649445701580e+03 1.237745267135673203e+04 -1.441809940409434057e+04
-1.415983601351687184e+02 1.232217767570751857e+04 -1.462612114497977564e+04
-2.270280311667058868e+03 1.253122268243365215e+04 -1.609490807513819709e+04
-4.843527206108402424e+03 1.431160469910557367e+04 -1.242013093052456497e+04
-1.376165061301654760e+02 1.290057582315247237e+04 -1.551033947984141741e+04
-4.985076764655736042e+03 1.495701718887379320e+04 -1.493600156512014109e+04
-3.215261688949160998e+03 1.202581547703505203e+04 -1.516209861952570282e+04
-7.040547083403489523e+02 1.241575750233818144e+04 -1.624184805981362479e+04
-2.269640490881498863e+03 1.469672887806043764e+04 -1.479620244231368270e+04
2.607435065655217272e+02 1.399049598819115090e+04 -1.406983367012351482e+04
-7.436354418532150703e+02 1.344112579286582513e+04 -1.509260154951419099e+04
3.519610311352701046e+03 1.562892212000783184e+04 -1.278815384155093670e+04
-6.356226396050655012e+02 1.284127126141540430e+04 -1.327762615116235793e+04
-3.913476657098736723e+03 1.186020145731494631e+04 -1.555159045095128022e+04
4.662911098298749494e+03 -1.387938958004842971e+04 -1.612465138737592315e+04
4.173640599105949605e+02 1.174604032780302623e+04 -1.923206655463433344e+04
-2.028867120116131900e+03 1.272556855874919165e+04 -1.504631895781329149e+04
1.216605959638923423e+03 1.247813971278129247e+04 -2.053712566823935413e+04
-5.452158977395346255e+02 1.327824881152960188e+04 -1.522435371446172030e+04
-2.366332811710800343e+03 1.186779873503247654e+04 -1.512860867272616269e+04
-1.673896105022178290e+03 1.311185370831477485e+04 -1.502524553264695533e+04
6.947682704363892844e+04 4.031396618786307045e+03 -7.674032246362546175e+03
-5.906832021903605892e+03 1.645578605586377671e+04 -2.219003010355130391e+04
9.354213501531774000e+01 1.351939114962688473e+04 -1.526853680330716998e+04
-4.378624818333804797e+03 1.239333874100082357e+04 -1.581943804754777011e+04
-1.015198557457674582e+02 1.198491821027819424e+04 -1.691745280547415314e+04
6.888809800923149851e+01 1.067185419562283641e+04 -1.701972828652099270e+04
-6.749486613025909719e+03 1.124093159769460362e+04 -1.303770924292111886e+04
-2.282036183745663038e+03 1.436562839246107796e+04 -2.078647307095904034e+04
-1.161192606089668971e+03 1.117258485824135641e+04 -1.497106394648507739e+04
3.504084554625834471e+02 1.261144128889333842e+04 -1.373949545564243454e+04
1.269452762286832467e+03 1.462132495587340236e+04 -1.264929778267602342e+04
-1.700078164571707021e+03 1.431842222896870044e+04 -1.900481668046402046e+04
-9.019900690782450283e+02 1.343856526335040689e+04 -1.443055085576231613e+04
-1.796873182594837601e+02 1.302562840581876844e+04 -1.549317184249325146e+04
-2.932402852429131599e+03 7.797162859145249058e+03 -1.701246135079939995e+04
-1.781603103139345421e+03 1.293054336810343193e+04 -1.518843715820245416e+04
2.122495841176437807e+03 1.258449151865213025e+04 -1.312408372062672061e+04
-9.962709483416449530e+02 8.344785054945195952e+03 -1.582991649039173171e+04
-3.443780250383683324e+03 1.460050795622736041e+04 -1.579848957506302759e+04
-3.691003379863189366e+03 1.314427785644660435e+04 -1.519272705613880134e+04
-9.843211797141136685e+02 1.057974409466931138e+04 -1.727276690727760069e+04
-3.541772787574296899e+02 1.589522743454757983e+04 -1.536890261778181230e+04
-1.812020302823834299e+03 1.309721466523274466e+04 -1.644255792253402251e+04
-6.604896641677933076e+02 1.316370502867470168e+04 -1.462369780766776239e+04
-3.786044286666903645e+03 1.338838506222685101e+04 -1.654664352801135465e+04
-6.618779311030441477e+02 1.143670174339479127e+04 -1.909053674285567831e+04
-1.833358069038601343e+03 1.329150793318370415e+04 -1.497507287124811774e+04
-1.786378762229243193e+03 1.351450771532936051e+04 -1.460183244404360084e+04
-1.527972017615129062e+03 1.187567582958793719e+04 -1.581148555724866128e+04
4.457827847069751442e+03 -1.008314075058055460e+04 -1.561026569345288772e+04
-1.008258060122268830e+03 1.322105395199894156e+04 -1.488541724100051397e+04
-2.485618759590291575e+03 1.271451522868010397e+04 -1.527902260012355509e+04
-4.446426212030379247e+03 1.328167564832249627e+04 -1.420532480595811103e+04
-3.208062573104839430e+03 1.287471751607802071e+04 -1.495873508264527482e+04
-3.923861327937274837e+03 1.194782814356836570e+04 -1.699435038091561364e+04
-3.628130271481581985e+03 1.163749010981615356e+04 -1.485334849796211529e+04
-1.662193579300320835e+03 1.282030370900618618e+04 -1.487101498619371341e+04
-3.544947026213508252e+02 1.498011978271815315e+04 -1.400568800836246373e+04
-2.336416106972706075e+03 1.490259072522075257e+04 -1.451341451783831872e+04
-3.124491841059541184e+04 4.310191182269026467e+04 -7.049952276385093683e+03
-5.676800502483542914e+02 1.314192323017911076e+04 -1.444931063290740713e+04
8.960773821570717246e+01 1.444376546247880469e+04 -1.380490636382929733e+04
-1.288365251683185761e+03 1.281911934025222581e+04 -1.520193077661574716e+04
-1.204628502785549927e+03 1.369698894124017897e+04 -1.457151343405087027e+04
-8.641172918232332449e+02 1.271137442734221622e+04 -1.552349444994678925e+04
-1.451092587944746356e+03 1.241577672721396993e+04 -1.541612840227341258e+04
-1.055678146436705902e+03 1.269768377089376372e+04 -1.512273451978692719e+04
-1.367576849864027281e+03 1.256315714440331067e+04 -1.518497898982220431e+04
-3.027351347625478411e+03 1.303978992962366465e+04 -1.495392808709233759e+04
1.742293395934322007e+03 1.234251007949885570e+04 -1.287383893547825755e+04
-1.680601975598107401e+03 1.375405615654623944e+04 -1.443282240246257061e+04
4.166350088847881852e+04 1.504272789260508398e+04 -5.518790209384753689e+04
-6.729685590452677388e+02 1.346516174817759020e+04 -1.411683139307791498e+04
-3.880563092365688590e+03 1.514214759523738394e+04 -9.962843858160005766e+03
-2.019802784986975439e+03 1.339780958995662513e+04 -1.263432963489942995e+04
-2.725332511983581753e+03 1.498935325050943175e+04 -1.314888701878834217e+04
-2.304648189621333586e+03 1.264858700340684845e+04 -1.464727110024738249e+04
-1.954650491447623608e+03 1.298109869471913044e+04 -1.439745462708112427e+04
-5.850144789456187027e+03 1.170192497124385591e+04 -1.374364564273044016e+04
-3.130256996499087563e+03 1.548984899216409212e+04 -1.520065396732786212e+04
-8.212237277960711026e+02 1.318083760681145759e+04 -1.432529404531218825e+04
-1.739241003933089587e+03 1.605501645027777340e+04 -1.593103679974186707e+04
-1.587291635617793418e+03 1.289851536078558274e+04 -1.534582579119430011e+04
-3.915639821031136307e+03 1.403914863652434906e+04 -1.588589080978008315e+04
3.734859611291832380e+02 1.403161157849614028e+04 -1.313338545412131498e+04
-2.275513768389473626e+03 1.298931050079328998e+04 -1.563439959475768228e+04
-3.076841239021817728e+03 1.244335130647882397e+04 -1.387015228421655593e+04
-3.974242267464894212e+03 1.467033268155358383e+04 -1.629285387986900423e+04
1.335280055114788183e+03 1.719608189447212862e+04 -8.723648616533399036e+03
-1.985948454958996081e+03 1.225062963974320883e+04 -1.479085250541992718e+04
2.758111024839254810e+02 1.361572859640125353e+04 -1.513509229782429793e+04
-1.094391222584430125e+03 1.292757008362399756e+04 -1.508293733300282111e+04
-6.398382157076354133e+02 1.201534077843071464e+04 -1.582594104028685797e+04
-2.668382068022437124e+03 1.555364158219776618e+04 -2.083414246924893087e+04
2.431448195074007344e+03 2.311375055615735982e+04 -1.963377674294886310e+04
8.635817463932846294e+03 1.671881939406334277e+04 -1.754253110153385933e+04
-2.576350770367603218e+03 1.709475571856208262e+04 -1.537904949436307652e+04
-3.142712238877978052e+03 1.307252614510573221e+04 -1.602868915429274603e+04
-8.541148596939212439e+03 1.446129096531682990e+04 -1.530465711496162112e+04
-1.914378213691556084e+04 1.461353647093149448e+04 -1.638916572526888558e+04
-4.248816040051728123e+03 1.295748094520020641e+04 -1.444522508772579749e+04
-3.141570814335861542e+03 1.277657552500220845e+04 -1.541545531713367745e+04
-2.396887997583924061e+02 1.419550993175269468e+04 -1.503444835060438891e+04
2.158706322739977281e+02 1.213481577534745520e+04 -1.553595376355242297e+04
-4.196585254190322303e+03 1.302201532707381011e+04 -1.596033905020678503e+04
-3.672234541541168937e+02 1.281368947704614038e+04 -1.605909012511309993e+04
1.402782397525535316e+02 1.258787120622563089e+04 -1.556615829104114891e+04
-3.018270247583174751e+03 1.313593986013226277e+04 -1.499586323406132033e+04
-2.799213312248637067e+03 1.388397759244333611e+04 -1.447258194090088909e+04
-1.309969326935143272e+03 1.282851208529597170e+04 -1.478319485838138098e+04
-8.767151568848744319e+02 1.200136670809646967e+04 -1.535684395579361080e+04
8.821661087245613089e+03 -6.715491929177166639e+03 -2.328163400687082685e+04
-6.313456046373215031e+03 9.143818172398192473e+03 -1.465188193160180344e+04
-1.090578523028290692e+04 1.255309329563730535e+04 -1.186793185633160465e+04
-1.683245934659111981e+03 1.302533867109416497e+04 -1.663233424871964235e+04
-1.863942262942196066e+03 1.262352204939953663e+04 -1.582153407513706588e+04
-1.731070423428227059e+03 1.338633649179467466e+04 -1.462037957507072133e+04
-2.017835991508999086e+03 9.434546674106275532e+03 -1.429859932780015333e+04
-2.533464533388465952e+03 1.508433751874721384e+04 -1.422608308821684841e+04
1.060535427309416082e+04 -6.104907821634615175e+02 -1.604266896764785088e+04
1.171993260709828974e+03 1.311734745492857837e+04 -1.651532667734447750e+04
-1.209333169538604488e+04 1.363021235708397035e+04 -1.382790136576052646e+04
4.882059935552821344e+02 1.279965468451276138e+04 -1.609358393258535216e+04
3.721021566354908373e+03 1.342964715128048010e+04 -1.696449889067023832e+04
-2.302048335657697407e+03 1.303614595486583676e+04 -1.542027635904883391e+04
-2.574223977069616012e+03 9.215641396904977228e+03 -1.741738512220041594e+04
-3.662768939591617254e+03 1.355095650488686078e+04 -1.529262215242622733e+04
1.113887817939056731e+04 -1.502813029885205106e+04 -4.301072413898969535e+04
1.338527894030408447e+02 1.323580436113483483e+04 -1.573326397793088290e+04
-1.178890990349769709e+03 1.267787844527504785e+04 -1.568880189849028829e+04
1.257185175754347028e+02 1.245861288996633084e+04 -1.478580086711879267e+04
7.244478561154280669e+02 1.279983457535864181e+04 -1.802224024348788225e+04
-1.134506081716479457e+03 1.257411614665556954e+04 -1.846875561727663808e+04
1.317623564553214010e+03 1.268470330269022270e+04 -1.495075385581428964e+04
-4.563226979466823650e+03 1.369493444436908248e+04 -1.407399656703576329e+04
-3.006737855336062239e+03 1.323751358526771764e+04 -1.371500264000165225e+04
-9.226468223421261428e+01 1.052271927437456543e+04 -1.789280587834499238e+04
-1.363928002814717502e+03 1.267278354927822147e+04 -1.565804224937497747e+04
-1.109573319316888501e+03 1.298847332233218003e+04 -1.515207603942050991e+04
-2.575920510993923017e+03 1.235827987432890222e+04 -1.636611600326558619e+04
-3.645897240764696107e+03 1.028808992207773736e+04 -1.621812673477988028e+04
1.352321710567137416e+03 1.478195067083469803e+04 -1.485659013657760261e+04
-1.680026163236669618e+03 1.273708241968788025e+04 -1.559546945777556539e+04
-1.706094190580239456e+02 1.352336913310389900e+04 -1.469203423434842807e+04
-1.708156932195749732e+03 2.168510277558167945e+04 -2.029685303686968837e+04
-1.665387461054804135e+02 1.379319184226509424e+04 -1.760047499465839428e+04
-2.468422155420901618e+03 1.140507993875821558e+04 -1.464188931189938376e+04
-1.546465883014942847e+03 1.306936415874355771e+04 -1.559828118167226967e+04
-2.823696495729755952e+03 1.360526575336735732e+04 -1.327776805062868880e+04
8.084270822376347496e+04 3.739032880006179039e+04 -4.403989745809327724e+04
4.833462620916483843e+02 1.351728169437166071e+04 -1.599199474585208372e+04
-1.648998080734964788e+03 1.289921288472898959e+04 -1.556928706738790061e+04
-4.567217346966902369e+03 1.059119887488023596e+04 -1.477860193265528505e+04
-1.794800140455477731e+03 1.330549030825744376e+04 -1.478568534672056376e+04
-2.835620548512166806e+03 1.365735147113297353e+04 -1.537961859094218926e+04
-3.713512831213697609e+03 1.329512317377290492e+04 -1.483482656986095753e+04
-2.709098222976233501e+03 1.282438202359063507e+04 -1.563037427346927507e+04
-1.999253625164755431e+04 -1.242056017287516079e+04 -1.680424104104776416e+04
-9.959338851737213645e+02 1.094463274800236468e+04 -1.608712856525768075e+04
-9.782375211574193372e+02 1.281142157358468648e+04 -1.546600397055439134e+04
-8.535198559949266155e+02 1.230997587974425915e+04 -1.570154386369047097e+04
-1.391815237353878047e+03 1.418874509281555220e+04 -1.263994561457880263e+04
-2.309359562668141734e+03 1.218696148302909023e+04 -1.523072546663798676e+04
-5.565680929788501317e+02 1.392209553960580888e+04 -1.445952983679504541e+04
-1.772967800028980037e+03 1.249028674664510618e+04 -1.586078668047603605e+04
4.974696825657236332e+03 1.276571983913654185e+04 -1.426555178635417724e+04
-3.414453837370673682e+03 1.546620308478700281e+04 -1.500998392766163306e+04
-4.058709799928772100e+02 1.362123115767868876e+04 -1.430952482890073588e+04
-1.214480738098640813e+03 1.281879182314160607e+04 -1.665712093964788437e+04
-1.548356806998253887e+01 1.531349870719485443e+04 -1.367078058710804726e+04
3.003784206871906122e+02 1.268231459685280788e+04 -1.531984488264487118e+04
4.883475874305310572e+04 1.977695153980474424e+04 -3.976937447194645938e+04
-1.467714535545276249e+03 1.313854748461911186e+04 -1.507178511246604648e+04
-6.901897604067528391e+01 1.320233230083079070e+04 -1.553518305855150538e+04
-5.746281525459683508e+03 1.113630385660941465e+04 -1.269588883274580803e+04
-1.361241270044622524e+03 1.342230115577502875e+04 -1.432127724693536948e+04
-6.522539288669090638e+02 1.229741060210968681e+04 -1.554534978663894253e+04
-1.079135093901245455e+02 1.248327472259913156e+04 -1.574303616799252268e+04
-1.326991855260574994e+03 1.268952006729623099e+04 -1.578394416788742819e+04
-2.295359506443628197e+04 7.715383655783085487e+03 -1.448173783437055499e+04
-1.733906564585337492e+03 1.359257439726993653e+04 -1.611926726319997215e+04
-1.268222619922719332e+02 1.525711760491471432e+04 -1.603306221326088780e+04
-4.985925752118130845e+02 1.351490300162833228e+04 -1.499681188461896454e+04
-1.297909863800799712e+03 1.204229792408951835e+04 -1.613849403325127059e+04
-3.357589405472905582e+03 9.430665804398344335e+03 -1.317543550157337813e+04
3.730836709554741901e+03 1.165034629456718540e+04 -1.469051865293313676e+04
-5.138487130079430244e+03 1.290623803641697305e+04 -1.643310261542566877e+04
-1.921037857325241703e+03 1.305105213748253118e+04 -1.474200648517533591e+04
-2.282529626659858422e+03 1.253565215294164409e+04 -1.570938162226435088e+04
6.490800373089175537e+02 1.405005176127598497e+04 -1.480706117424995318e+04
-2.483470923460338327e+03 1.352836898001822919e+04 -1.461328567377118998e+04
-1.125555904825782363e+03 1.314575842862761783e+04 -1.647465011810162832e+04
-1.142322279610097269e+02 1.235591860757019458e+04 -1.626245847369244802e+04
2.387547074163456728e+03 1.742827545229410316e+04 -1.618542661249562661e+04
3.723517289551825525e+04 1.715690791766278926e+04 -1.579538098830994750e+04
-2.199336251565496241e+02 1.524965074196687601e+04 -1.444695765440825744e+04
6.204694113921345888e+02 2.082485927021498719e+04 -1.579935344389307284e+04
6.068818147218744343e+02 1.808405038637963298e+04 -1.374170467009864660e+04
-4.986601033432411896e+02 1.529572572181926807e+04 -1.477405183971265433e+04
-5.557292270110139725e+03 8.811125198178213395e+03 -1.695325538668284207e+04
-1.017944263294621805e+03 1.346056765171684856e+04 -1.547741749373325183e+04
-2.279706277469522320e+03 1.176234347119486301e+04 -1.596512175950837809e+04
-6.874409093940766979e+02 1.248524873125739941e+04 -1.565909545730089849e+04
-3.841965766344032090e+03 1.374884617168803561e+04 -1.418765251319273921e+04
2.194645129485715188e+03 1.352999417036867089e+04 -1.272672152811781780e+04
-8.490022505211143198e+02 1.310413966615686331e+04 -1.506858087712745328e+04
-7.076240410758930466e+02 1.263271174462253293e+04 -1.546304749895113127e+04
-3.853254564064949591e+03 1.134707581879151076e+04 -1.653812692243916172e+04
-2.846551663130635461e+03 1.391766564906180975e+04 -1.479172757676651054e+04
-1.868880130369390145e+03 1.236881117366480248e+04 -1.422097407610639493e+04
1.663079924479626470e+03 1.455123533543810481e+04 -2.320162726178610319e+04
-2.380961105270224834e+03 1.285735592302103214e+04 -1.561661209076477826e+04
-3.099992828031958652e+03 1.183831144693176066e+04 -1.334185747085764342e+04
-1.452682648674643679e+04 2.145107654598991940e+04 -2.598176298754618074e+03
-1.284344898451035306e+03 1.064196006940461666e+04 -1.617900893961219117e+04
2.177539334530798442e+03 1.468749310836747645e+04 -1.923429511077010466e+04
-2.593189823442995021e+03 1.275146769158669304e+04 -1.650702685589152679e+04
-5.767218836627862402e+02 1.247005340437074483e+04 -1.616868745798731288e+04
-1.373102176409202457e+03 1.326063010707466492e+04 -1.525877003514791795e+04
-2.005918268113321119e+03 1.273790683072793945e+04 -1.525406064456600325e+04
-1.704562908814245930e+03 9.786216733838353321e+03 -1.657195372182299252e+04
-3.610350544198394346e+03 1.425643493761934587e+04 -1.542869263580934421e+04
1.160291923893740204e+03 1.306197704006516142e+04 -1.498973771492981541e+04
-7.554765429567719366e+02 1.115765148099412909e+04 -1.630823311973851196e+04
1.300854496295428817e+03 2.074486140570322823e+04 -1.032186544244964534e+04
-5.644583116394204581e+01 1.213838994665703285e+04 -1.402462599057395346e+04
-2.500663557672889510e+03 1.301250976358062144e+04 -1.541160343261385060e+04
1.350980618626188971e+03 1.260077276764990165e+04 -1.501528601978766346e+04
-1.938888613428694953e+03 1.343819475975576461e+04 -1.371733097884987546e+04
2.367598650806271507e+02 1.431572651013568429e+04 -1.507166926355727992e+04
-2.334414333880025879e+03 1.259377027178648314e+04 -1.437776440169851594e+04
6.079099138575684265e+02 1.624598914174701531e+04 -1.509425124142251479e+04
-1.009332525929264420e+03 1.279000151787654431e+04 -1.554226998146560436e+04
-2.621979964378008390e+03 1.320576597954963472e+04 -1.647182577282820421e+04
-1.278730711769253048e+03 1.201822554907999620e+04 -1.657882099488049789e+04
-2.003677481622360574e+03 1.261024498985453829e+04 -1.538773811249175924e+04
-9.350947658649419054e+02 1.335310380967281344e+04 -1.443809732986932613e+04
5.363578951059766098e+01 1.269097340340359551e+04 -1.547704830276915527e+04
-1.259394459032121176e+03 1.274519376296217524e+04 -1.561958774209221519e+04
-2.008207884487550473e+03 1.342548048820246731e+04 -1.473352362599028675e+04
-6.788785665885417302e+02 1.038226257902404359e+04 -2.589580720082319749e+04
1.712636240191785873e+03 1.989601461074875624e+04 -1.573153723094547786e+04
-2.565194697282327070e+03 1.349334724419633858e+04 -1.475344453762553712e+04
-7.343417772377724759e+03 1.165582940665515162e+04 -1.429170856910886141e+04
2.781124955779629545e+03 2.054069647976460692e+04 -1.750243828984268112e+04
-1.546497180032770530e+03 1.587657830279017617e+04 -1.382719824615668404e+04
-2.228687700413945549e+03 1.187257159520283858e+04 -1.620619524557109253e+04
-2.123006498415894384e+03 1.276665808550788279e+04 -1.542183989892935278e+04
-2.227932296266420963e+03 1.217515827834599440e+04 -1.647745707557251444e+04
7.299295779822551594e+03 6.304616346326290659e+04 1.833193822809939229e+04
-1.060173309268949652e+03 1.383258695068728412e+04 -1.426146456112793567e+04
4.464866559384651623e+02 1.369035246590667703e+04 -1.566385619180398498e+04
-3.808360378585390208e+03 1.390850023639215397e+04 -1.426432821266738392e+04
5.458596348812238830e+02 1.207329395294555070e+04 -1.555101021951698203e+04
-3.197094412226982058e+03 1.478667350677813192e+04 -1.346228930560526169e+04
-8.507820263274088575e+02 1.340113025559715607e+04 -1.481284606541618996e+04
-1.262372538037668164e+03 1.282647627876522893e+04 -1.553640222619834094e+04
5.781708801988591517e+01 9.187858924943760940e+03 -1.871024710811471596e+04
-1.577284723940038475e+03 1.314569221022113561e+04 -1.485498981848890435e+04
-1.777751011544946095e+03 1.295430715673364102e+04 -1.466662630665268443e+04
-2.691663870885874076e+03 1.324798748128289844e+04 -1.555927802068774690e+04
-3.846299551047597106e+03 6.294429224417227488e+03 -1.711080855716466976e+04
-4.403933896983185150e+03 1.394867969245842869e+04 -1.565309921397437574e+04
9.668269803543769285e+02 1.433852380940449621e+04 -1.457372738648139784e+04
4.026234811901615103e+03 7.568592300761764818e+03 -1.975920669137802179e+04
-2.612050520731772281e+02 1.147464852242207598e+04 -1.603183609540244106e+04
-9.376984160733524050e+02 1.448059517544445953e+04 -1.645603204892298163e+04
-3.544019860587543008e+03 1.282512715367141027e+04 -1.417871235933757816e+04
-2.020522510810481435e+03 1.236353736061102245e+04 -1.557144742607497028e+04
7.890684396244545269e+02 1.203030282602427360e+04 -1.815613609065055789e+04
-3.171899709586343761e+03 1.229430712443380253e+04 -1.511016258557317451e+04
2.825912810711958809e+04 2.959352253380309776e+04 -7.352941130765645539e+03
-2.517974360851686470e+03 1.269961078785856625e+04 -1.567128705829099636e+04
-2.752929552388984121e+03 1.173461191197215703e+04 -1.636116383338580999e+04
-2.830201771977697263e+03 1.295310887494184681e+04 -1.663200977915903786e+04
1.955588917312842113e+03 1.327596556650485218e+04 -1.511199198484027693e+04
-8.318973580741516116e+02 1.285088904915263811e+04 -1.549379074009836040e+04
-6.966531259373070952e+02 1.347099994905802669e+04 -1.527880710413044471e+04
-1.395935009193580754e+03 1.281422636137554400e+04 -1.542869372946519979e+04
2.048811126174739456e+02 1.227844965623533972e+04 -1.596801789889126849e+04
-1.715601020277468251e+03 1.328754972829295730e+04 -1.467164704168396020e+04
-3.482018387420841918e+02 1.267928663819961912e+04 -1.596517330073410994e+04
-1.568109691004605793e+03 1.401165522957646135e+04 -1.446835599028107390e+04
-3.253152982181859443e+03 1.330227389989510448e+04 -1.498725955448009154e+04
-7.386288551343902782e+02 1.341871585172601408e+04 -1.493974684545887794e+04
-5.920914977986433314e+02 1.382459725569777038e+04 -1.664312792961918603e+04
-2.875595818462949410e+03 1.260730481264131595e+04 -1.629704723730977639e+04
-4.266079364239762981e+02 1.288780219084988858e+04 -1.501392568956810828e+04
-4.740577362642712842e+02 1.273056363243116721e+04 -1.350624263743721713e+04
-1.129298504755118529e+03 1.380992604695067530e+04 -1.657494080872005361e+04
-3.469131044248721082e+03 1.265155489126893917e+04 -1.610419437868240857e+04
-1.851546997987893292e+03 1.246839594713618317e+04 -1.553029501499060098e+04
-1.956723103461467872e+03 1.238658866718145146e+04 -1.549731767108566419e+04
3.079377043631633342e+02 1.231331915058673258e+04 -1.375574477967470011e+04
-1.420906078123290399e+03 1.257550613857914686e+04 -1.736753412850489258e+04
-1.251972251774330971e+03 1.159809443150589323e+04 -1.644562988909337219e+04
-1.614161700477109207e+03 1.350172971241235064e+04 -1.471300758274551117e+04
-2.627826396052805649e+03 1.254267733919319835e+04 -1.496884576570834906e+04
-1.806769081336917679e+03 1.335471249088372133e+04 -1.406912596034039962e+04
-2.711429853571034073e+03 1.301404402570028469e+04 -1.497374890427239916e+04
-3.525141947250490830e+03 1.323117825568981789e+04 -1.536465299609393878e+04
-4.693269848165662665e+02 1.216137298374726015e+04 -1.566441022882269499e+04
-4.143043516966988136e+03 1.366179499423226662e+04 -1.607755462530145996e+04
-7.435463299170287428e+02 1.323142524592482550e+04 -1.538245759178801563e+04
-1.902323190152358620e+03 1.277804127936681834e+04 -1.567192969595016984e+04
-1.023091121661990996e+03 1.569222016303937926e+04 -1.684778574481981923e+04
-2.247114725084927613e+03 1.302525384827658490e+04 -1.520504779799413882e+04
-1.648242774411613482e+03 1.311112745758556412e+04 -1.515971987940590589e+04
2.325164516670091871e+03 1.269213354777421591e+04 3.888374654912694041e+03
-3.886880651023432733e+02 1.239491160850901360e+04 -1.498920412249654328e+04
-1.978170778328305346e+02 1.066071491303463335e+04 -1.633818466934509706e+04
-2.703107097849269394e+03 1.304053693179039874e+04 -1.594691304764023334e+04
-1.415310090680486610e+01 1.327677579483733825e+04 -1.671071906183331885e+04
-4.273696307490629260e+04 3.801812627723206242e+04 -7.824396920842476538e+04
-1.891162168109673985e+03 1.315767965708610973e+04 -1.534481470196566625e+04
-2.063463129523122007e+03 1.234142530462240757e+04 -1.525296362432518254e+04
-2.335044780337096654e+03 1.309627536994721049e+04 -1.506920503108064440e+04
-1.679610634840765670e+03 1.393321632562652303e+04 -1.463194570147962077e+04
-9.238730424251172053e+02 1.327624300458389735e+04 -1.494836637013735526e+04
9.475909303120761251e+02 1.284799893281695222e+04 -1.504094655570290524e+04
-6.576384693475809399e+03 1.316865670041645353e+04 -1.403966021493628796e+04
-2.946733513735623546e+02 1.316681790404727326e+04 -1.486877427672360864e+04
-2.452472577129072988e+02 1.332782999430581003e+04 -1.622418880470678232e+04
-1.361509937285475871e+03 1.280893597627681447e+04 -1.457335637350137040e+04
-5.314223221405381992e+02 1.166448741200433869e+04 -1.575164734342736483e+04
-7.732281014343565403e+03 1.174083837783776653e+04 -1.657510798696971324e+04
-2.015536142759702443e+03 1.295002518481964944e+04 -1.523781075658327609e+04
2.694066520289581604e+03 1.322447553554929073e+04 -2.074282033912592669e+04
-1.139054775747719304e+03 1.263002966877274594e+04 -1.510872521559527195e+04
-1.491853375927595835e+03 1.326448276398086819e+04 -1.485535487594610277e+04
-1.416208813615554027e+04 1.913989943422269425e+04 -1.639609620585166704e+04
1.375243227022138171e+03 1.942603594335680464e+04 -1.146176136435851186e+04
-5.889574980612553190e+03 1.575275042724308878e+04 -1.219714839627881338e+04
-1.609097685505250865e+03 1.386284044126386652e+04 -1.505289269742396209e+04
-5.087514207656232088e+02 1.237114727052452872e+04 -1.596788909871722353e+04
-2.487963158672630925e+03 1.229184588153638288e+04 -1.599008506242805197e+04
-1.604993441210156561e+03 1.394966006205678241e+04 -1.444609817912802464e+04
-1.644342086602805921e+03 1.371029461661605819e+04 -1.470158443152714790e+04
1.438818334745478467e+01 1.341205262384944581e+04 -1.627281800280442258e+04
-2.928226529331447182e+03 1.349443214822794653e+04 -1.386183397597250405e+04
-3.154584725869594422e+03 1.335427162675773434e+04 -1.264712445806476535e+04
-1.123945117903886057e+03 1.319964813287727884e+04 -1.500033814134254317e+04
-3.314470564214467231e+03 1.229542617607854481e+04 -1.625805430295982296e+04
3.139939100050896741e+02 1.323149041366074562e+04 -1.561969856462153984e+04
3.733216313858599733e+03 1.688318781198348370e+04 -1.415954359436245613e+04
-1.209652955166768879e+04 1.832626698060134368e+04 -1.337624730193362666e+04
-1.307050385815531627e+03 1.108716470543459400e+04 -1.589903085691031083e+04
4.455426170416450304e+02 1.268954402977722384e+04 -1.567411123591616706e+04
-1.024880711487896633e+03 1.290265000111371410e+04 -1.521922276679048991e+04
9.065084139408922056e+03 1.169631437032917529e+04 -1.630855827866549043e+04
-2.776117096756640422e+03 1.339448314515143829e+04 -1.506360635281091891e+04
1.826451017729053774e+03 1.503760600912148402e+04 -6.612666934412385672e+03
-5.315749211501541822e+02 1.252756495562236523e+04 -1.576855997025926808e+04
-3.223981495005120451e+03 1.296172720520192888e+04 -1.527843925606342782e+04
-1.843624751335774818e+03 1.313207124743978056e+04 -1.513968217279874261e+04
-1.589160794930009615e+03 1.348977337615502620e+04 -1.493396761925816281e+04
-2.521132217083310479e+03 1.322960723595190575e+04 -1.448522430681134392e+04
-1.620598983347579633e+03 1.304713927099386274e+04 -1.519002796903149283e+04
-9.650667739991602048e+02 1.335837825217134014e+04 -1.479957289224078158e+04
1.107638408727784508e+03 1.274319974427988564e+04 -1.585368411923611893e+04
-1.328602109014245571e+03 1.408460060501122643e+04 -1.441760519498016220e+04
-1.537531631459827395e+03 1.317066565501217337e+04 -1.490318004426990228e+04
-8.003934270041644368e+02 1.300103790083139575e+04 -1.508135050325881639e+04
-3.401193770421768932e+03 1.300252006907804571e+04 -1.466674906167439076e+04
-2.692784658803067032e+03 1.304747884049457025e+04 -1.534655087450714382e+04
-6.918423008841718911e+03 1.178772448221445120e+04 -1.838343492123994292e+04
-2.089216994302948933e+03 1.305573865749437209e+04 -1.519956380752698715e+04
8.745175922217656534e+02 1.374928788084960070e+04 -1.555547010358366606e+04
-2.054604240035934254e+03 1.289762512078709915e+04 -1.500394289075150300e+04
-2.006351330119937984e+03 1.292204427131862940e+04 -1.568550231654902927e+04
3.111104934464575535e+02 1.323841687040419129e+04 -1.532573797175839536e+04
9.325154334309078195e+02 1.288270465044214143e+04 -1.142145276017887409e+04
-2.262393992468582383e+03 1.265766183679028472e+04 -1.558861009293071038e+04
-2.638255686296360182e+03 1.330635942939987035e+04 -1.530234781931299221e+04
-1.760636543061201110e+03 1.181467587817574531e+04 -1.909339459107972289e+04
-2.136575435025128627e+03 1.302925510196985488e+04 -1.507055296361844739e+04
-7.534729774990667011e+02 1.298950358188280552e+04 -1.535296409055310687e+04
-1.547823847333378808e+03 1.311842857793865733e+04 -1.509124840833427697e+04
-4.770422313886859911e+02 1.351083234663916483e+04 -1.529292931278118886e+04
1.598798306088613572e+04 -7.431800468182941586e+03 -8.997078819504645071e+04
-8.378101790632176744e+02 1.308451370699760082e+04 -1.560500006458917778e+04
-1.042274094787978356e+03 1.329582187475011051e+04 -1.507052933730616132e+04
-1.754033102284339293e+03 1.289922595230152547e+04 -1.547945055818972651e+04
4.485487528555173640e+02 1.287430447014147285e+04 -1.536855953215955196e+04
-4.926073538312771234e+03 1.103266778055469513e+04 -1.853354924451957413e+04
-1.276135307868784594e+03 1.257808369774455605e+04 -1.552512170285358843e+04
-2.336495905209344528e+03 1.334734283482150204e+04 -1.708781301702884957e+04
-9.983965851531140743e+02 1.360798842844546016e+04 -1.548337787628724800e+04
9.861317067710743345e+01 1.245464301653906659e+04 -1.541372289611416454e+04
-9.972342770814448158e+02 1.278436673356832216e+04 -1.519843663719563119e+04
-1.389675044148432335e+03 1.321167661327584392e+04 -1.541377720064463938e+04
8.113648524176960564e+02 7.789331173226402825e+03 -2.772829417241722695e+04
-2.754071947040468331e+03 1.348865676399256336e+04 -1.447436627080516155e+04
