-8.114374680536100641e+04 3.845532690721135168e+03 -1.517713499942857379e+04
5.232532845595308572e+03 1.011405897806135727e+04 -1.670123765899353384e+04
-1.460892363963129355e+03 1.369991644914787139e+04 -1.555290313576128028e+04
7.972710575564674400e+03 9.786708402348747768e+03 -1.620884360470443607e+04
-1.908574797286783905e+03 1.446918472138225479e+04 -1.702965379546646727e+04
9.772489656288214974e+03 4.269966564933179143e+03 -1.731677317404524001e+04
-6.766833401098614559e+04 2.231919900648681869e+04 -1.827534952733834143e+04
8.578900239715452699e+03 -1.196469844576587457e+04 -1.377929716616930273e+04
-3.075126044517304308e+03 1.585763271609310505e+04 -1.629800162009901396e+04
-4.158637829708175559e+03 7.056160744482793234e+03 -1.983257656592394778e+04
-5.405649598214057187e+04 4.218454899701265276e+03 -1.740937183524497232e+04
-4.788617112505716250e+03 6.803776840536652344e+03 -1.808915846887626321e+04
-2.047581430684753741e+03 1.522217515121757788e+04 -1.570869278593013587e+04
-1.206815344378076952e+04 8.203192002910354859e+03 -1.656439038337588136e+04
-2.852996572538497276e+03 1.707383336454953678e+04 -1.565492763920191646e+04
1.085856667242173444e+03 1.605556144702500751e+04 -1.690486051595540994e+04
6.102378659331810695e+02 4.760152938906711825e+03 -1.623385137962142471e+04
-4.229584459512145258e+03 1.790496789430027275e+04 -1.563427387269464089e+04
1.361886327860789834e+03 1.494940585509480479e+04 -1.495100665378035046e+04
3.078785457806831801e+03 7.879640556176084829e+03 -1.651890522148388118e+04
7.339408730491993538e+01 1.488805128186674483e+04 -1.688137096477559317e+04
-8.354446731283334202e+02 1.560333696984789640e+04 -1.714731101036023028e+04
3.355952329966016350e+03 9.671932410052506384e+03 -1.783517051874471872e+04
-2.027107553105425268e+03 1.490641974847681013e+04 -1.693224361170010161e+04
-2.886379062480405628e+04 2.835561957449657712e+04 -1.435850672841588130e+04
1.180006186884714680e+03 1.408574593535086387e+04 -1.642721825806946072e+04
-1.136838876640802710e+03 1.350104631694188720e+04 -1.667957800027418489e+04
-7.840955154753076204e+04 6.558235276677759430e+03 -1.285732374640059970e+04
1.869611380116930377e+03 9.165159116778559110e+03 -1.829550192301786228e+04
-4.816824275332393881e+04 5.144500414880582866e+03 -1.564956175631480619e+04
-7.708220049850718351e+04 5.358514688756837131e+03 -1.347231252858426524e+04
-1.108706159842234410e+04 1.254585458324407409e+04 -1.686438704824755041e+04
2.847185866570633607e+03 1.838211431641725721e+04 -1.882607660179177401e+04
-9.933607973128402591e+03 2.631981856764761687e+04 -2.303025119927857668e+04
-4.908449375390393357e+02 1.284506645321715041e+04 -1.641294445154040295e+04
-2.714603777930425167e+03 1.341422778788391224e+04 -1.771481875772761123e+04
-5.528639455304145486e+03 1.838280234434611702e+04 -1.467663164159147345e+04
4.776810840641650202e+01 1.340756121921462363e+04 -1.757270271491381573e+04
-2.957980200908162078e+04 -4.618528758219473093e+04 -1.791172811354798614e+04
-9.933175767853858815e+02 1.364140700678981557e+04 -1.829622235918584920e+04
-3.674678606449585459e+03 1.423747476582190757e+04 -1.591732205883099050e+04
4.042755418635320439e+03 1.204093189814262951e+04 -1.691377462214771003e+04
2.866084517168789171e+04 -1.903828636504043825e+05 -6.239595611692502644e+02
1.279613328954719327e+04 1.567208036404484517e+02 -1.584191905948561180e+04
-5.114888203254136897e+03 2.097451175460852392e+04 -1.329825453357028346e+04
6.158427325465141848e+02 7.947599439945382073e+03 -1.345217335741290844e+04
-7.878026595733687282e+04 7.030265861520002545e+03 -1.296973317391357159e+04
-3.931179389740246734e+03 1.464265500088851331e+04 -1.588051636965259058e+04
-1.447999288955732027e+03 1.091111117754416409e+04 -1.678786448785248285e+04
3.540651268441865795e+02 1.241166404232326022e+04 -1.646194079369651081e+04
2.498397330116318216e+01 2.145540740959676623e+04 -2.081898973065214159e+04
-1.901838587500937592e+03 1.907059639720754058e+04 -1.607918065929526711e+04
8.105713194794975607e+02 1.804363682220910778e+04 -1.732369884857785291e+04
-2.844694415055610079e+03 1.390854935006814230e+04 -8.573832357175684592e+03
-5.110565012042007766e+03 3.107528584619541107e+03 -1.907900612665351946e+04
-6.376124130648720438e+02 1.257919451974908588e+04 -1.694367334936043335e+04
-1.478339530274630233e+05 -9.201025846343696685e+03 -1.771443123365820793e+04
1.519761069633563693e+03 1.660616666985038319e+04 -1.576686276329922839e+04
-5.390119881390561204e+03 1.227458307997026714e+04 -1.693004642691421395e+04
-1.649917832817396857e+03 1.352243771584633578e+04 -1.754462445543387003e+04
-3.420367293648657778e+03 1.637632267831421996e+04 -1.767049391903083233e+04
6.499176977600491227e+03 1.587316466850998768e+04 -1.673067347471116955e+04
-2.319609749284127702e+03 1.565777821427776325e+04 -1.609944986333485576e+04
-1.187227609793848160e+03 1.376340970793831730e+04 -1.532768900427280278e+04
1.542859575414630626e+02 1.682604970678302197e+04 -1.604833381729647590e+04
4.886172024033066918e+03 1.344410344434637409e+04 -1.500124165280484340e+04
-2.005428509207544039e+03 1.531402837076237665e+04 -1.549558559386425259e+04
-1.062104018825152252e+03 1.286532851496498188e+04 -1.674359107861492885e+04
-1.198994349757712598e+03 1.396997799810597098e+04 -1.651878433049425803e+04
-3.288636238399206195e+04 -3.773408026353330206e+04 -2.282459036614874640e+04
-3.111250411252684444e+03 1.148435167119320613e+04 -1.649259337415103437e+04
-1.056437401073951378e+03 1.507411621310134069e+04 -1.606760142070207257e+04
-7.848191558894094487e+04 5.478799682280920933e+03 -1.279584503856711672e+04
-2.065723671563248899e+03 1.437521238239128616e+04 -1.745866727688707397e+04
1.315953905995268542e+03 1.971940600763357361e+04 -1.426653367656973569e+04
-2.961218666572895017e+02 1.215114481526049349e+04 -1.702316389141375112e+04
-1.630815488014267771e+02 4.794125216969751818e+03 -1.751621529903302871e+04
-5.586146058473549056e+04 9.031729784936129363e+03 -1.789114663685464984e+04
-3.420892456479510884e+02 1.410014175346095362e+04 -1.754939852571472875e+04
-3.573340636590757640e+03 1.617890905319305239e+04 -1.605637463633513653e+04
3.509584261962268101e+02 8.713487666941102361e+03 -2.054621516002310818e+04
-2.692814926709462270e+03 1.545119781561051605e+04 -1.533160946472021897e+04
-3.124059981913258071e+03 1.873292924157227753e+04 -1.859605025784276586e+04
8.357516385338135478e+02 1.631057855388454118e+04 -1.709656887395370723e+04
-1.859402652313776798e+02 1.398061668529328199e+04 -1.679063968284389193e+04
-1.236639370358460383e+03 2.053395234865441671e+04 -1.774328153542918881e+04
-3.091467103772311475e+03 1.479918884708553378e+04 -1.858948352553768564e+04
1.883801745393901683e+02 1.553035374062490519e+04 -1.571272361888186242e+04
2.638259515694957372e+03 1.629960209868667698e+04 -1.326373137306276658e+04
-2.207576241331485107e+02 1.405415715667759287e+04 -1.605365607363765957e+04
-2.771281439434083495e+03 1.135771605044817079e+04 -1.131717542112426418e+04
-2.930168514354878425e+04 -6.834273816463537514e+04 -2.276604037537454496e+04
-1.277621273323280775e+03 1.611735197912078911e+04 -1.638421244758281682e+04
-9.496109490573707035e+02 1.373156150011134196e+04 -1.685762469720583613e+04
-2.184941379064257490e+03 1.517454507383637247e+04 -1.699618426780421578e+04
4.762689892486952886e+03 1.415956588195415316e+04 -1.977161381843717390e+04
-3.198979916786369813e+03 1.632905648819915950e+04 -1.578912703428004352e+04
-6.185500005103208423e+03 1.535387486837031247e+04 -1.683802795019481346e+04
-2.106002519367323202e+03 1.774031153107839418e+04 -1.392221730757650948e+04
-1.396624575385577600e+03 9.524403443312286981e+03 -1.865812839471538973e+04
-4.838740966747006951e+02 1.423394311818868482e+04 -1.625952544345269234e+04
-2.108764767553078855e+03 2.414217720017203101e+04 -1.488197667710529458e+04
3.373093983215172216e+02 1.385953559112263247e+04 -1.700665218713671857e+04
2.246513058289249329e+03 1.282969397879969802e+04 -1.568279149561337363e+04
1.030046545308139321e+04 9.323755886362449019e+03 -1.792048305128595530e+04
9.720776385930115566e+02 1.244474860840901238e+04 -1.645212857857537165e+04
4.954183464017493748e+02 1.205166163076861267e+04 -2.048133709154158714e+04
-5.702802759730586331e+03 1.126896158194541385e+04 -1.756024876636935733e+04
-2.446059832333354734e+03 1.571656788842478090e+04 -1.616542437492689169e+04
-3.715017639995666832e+04 -2.005539512049062978e+04 -3.328946286358856742e+04
9.033935206092936596e+02 1.625584821101262969e+04 -1.483227847220179865e+04
1.697657772891102468e+01 1.340160565891325496e+04 -1.595489642920861297e+04
-4.391003132801246466e+03 1.493492619560604544e+04 -1.796787714364127169e+04
-2.893125066579680151e+03 1.609880903354106340e+04 -1.490542479872638069e+04
-2.445447479549245600e+02 1.442910196187829570e+04 -1.649575939101409676e+04
-2.244156403606401000e+03 9.458772810808064605e+03 -1.363857816889136484e+04
-2.822143077821330280e+03 1.525381818034264870e+04 -1.610597865015996285e+04
1.162007121213264691e+04 -6.984615223249037808e+04 -3.337674224121811130e+04
-1.988105250291279845e+03 1.482471536701679906e+04 -1.662384167726835585e+04
-3.122728623799370325e+03 1.614305252570806988e+04 -1.811862452390357794e+04
-2.627080544505216722e+02 1.394454788586867835e+04 -2.005822223006496642e+04
-5.575534303241240650e+02 1.454785471665870500e+04 -1.432342289652462932e+04
-1.094154964878915280e+03 1.322839849020313522e+04 -1.678184473405810058e+04
-7.209058920074264734e+02 1.370621041115063417e+04 -1.624409289277909375e+04
3.066944943183651731e+02 1.268764333738293499e+04 -1.331962377290962104e+04
-2.106802993000215793e+03 1.506130004521396404e+04 -1.483838600795758430e+04
-1.223260546096346116e+04 1.326146249586688464e+04 -1.328930780359478194e+04
9.216361380484779602e+02 1.530123084545251186e+04 -1.590926461421361637e+04
1.965192832389340083e+02 1.267918600279796919e+04 -1.675758277320150228e+04
-1.810185110859651331e+03 1.401877362123341845e+04 -1.621306731657228738e+04
-6.162575481686302510e+02 1.574533560974888496e+04 -1.746076980027696118e+04
-8.755628676272019675e+02 1.400079565833703236e+04 -1.382061292743801459e+04
-9.642680489150749054e+03 1.309769776061979246e+04 -1.592223139208182693e+04
-5.330325038375172880e+03 1.745562935946101788e+04 -1.730020337551448756e+04
-2.372442716618827490e+03 6.123429650773467756e+02 -1.830595694427098351e+04
9.369496243375440827e+03 8.886629976787427950e+03 -3.724427476469465910e+04
-1.999166174555331736e+03 7.351460590927605153e+03 -1.818149802591586558e+04
-1.535148567308392558e+04 1.630371607097784181e+04 -1.881341193310774179e+04
6.274290327438679924e+02 1.238469175180147249e+04 -1.637717160409358257e+04
-1.961532341768637025e+03 1.413660759918050280e+04 -1.638127757539886079e+04
-2.125181380930335763e+03 1.406724018681028792e+04 -1.613104887509214313e+04
-2.956312467933386870e+04 -2.809874400877780499e+04 -2.048939406182442326e+04
-1.270044619596023495e+03 1.469157865693318308e+04 -1.492987716967518099e+04
-2.546495723625760547e+03 1.530353429501669234e+04 -1.662664724740476595e+04
3.243881769342224288e+03 7.910452242771254532e+03 -1.650095039230492330e+04
5.546959401701591560e+03 1.277313063023056566e+04 -1.896005503678211971e+04
-2.393584426893417003e+03 1.510058687320913486e+04 -1.398701653971845008e+04
3.407261366316801286e+03 1.552801844409130172e+04 -1.544284783495175725e+04
-2.856116662192100921e+04 -4.794444951259424124e+04 -1.957658717888549290e+04
-1.307772270533303981e+03 1.408943856344564119e+04 -1.606693452283295665e+04
-1.794738498478426891e+03 1.486002529137754937e+04 -1.668616936287912904e+04
-4.126202821298044000e+03 1.555562894829140350e+04 -1.469450040896767314e+04
-2.805257870063383052e+03 6.355442341787153055e+03 -1.503213588483174863e+04
2.802803043084874844e+03 1.916627015175227643e+04 -1.640182748977465963e+04
9.190406923587715937e+00 2.796616209613963656e+04 -1.572028398925352121e+04
-2.446623277434875490e+03 -8.260177817515688366e+04 -3.053427376203640233e+04
-3.937893308335634970e+02 1.276617789300377444e+04 -1.705465540912590586e+04
-1.132987341297283592e+03 1.418775749510798414e+04 -1.672075357088106102e+04
-1.561820649679321377e+03 1.463354693845596012e+04 -1.774909530908408487e+04
-2.630352461377913187e+03 1.277319812332287802e+04 -1.708918592835429081e+04
1.219815259220984672e+03 1.298187072511254519e+04 -1.629345099495839168e+04
-1.971105211380291394e+03 1.802268590319428768e+03 -1.917162692828836589e+04
-1.090481921934998809e+03 1.265001669973017852e+04 -1.930024771917563339e+04
-7.274084077225788860e+02 1.241974305725704471e+04 -1.749983256697645265e+04
-4.900439042457514915e+03 1.545368390638077472e+04 -1.832918924881040948e+04
-1.657489533805557949e+04 5.194630493792502421e+03 -1.751260997838817275e+04
-9.548624073303424666e+03 1.282835138886584900e+04 -1.589642598637709125e+04
7.203527997115107610e+03 1.626167431660313468e+03 -2.178940292127582870e+04
2.542764273289033099e+03 1.194569055427361491e+04 -1.761985085482054274e+04
-1.735960861954149095e+03 1.491920285442086242e+04 -1.837337051943209735e+04
5.680160717413285965e+03 1.421273516565458885e+04 -1.865064325520319471e+04
3.720252689305869808e+03 1.514436691268736286e+04 -1.565263153141560906e+04
-5.794664775256621851e+02 9.973332779568156184e+03 -1.517841881812227075e+04
5.426843176996706006e+02 1.514403274625480844e+04 -1.574493988453738348e+04
1.473871843738422456e+02 1.199862934026825315e+04 -1.541908771189292020e+04
4.873880650982301859e+02 1.603992004954915137e+04 -1.408466939228361298e+04
-7.918775390131025915e+02 1.395246952034320566e+04 -1.743252467693368453e+04
-2.506006985097613506e+04 1.039566264949731521e+04 -1.855796190277616552e+04
-2.052946064222368932e+03 1.577682304544644467e+04 -1.383334069633067156e+04
7.795726400066188944e+03 1.999475727334572366e+04 -1.397277250755618115e+04
-2.057300449269474029e+03 5.444968201836667504e+03 -1.841781791232361866e+04
-2.191816110312009641e+03 1.639615687798050567e+04 -1.586933344356622729e+04
1.106948145127894804e+03 1.163241343767175931e+04 -1.814725127155289374e+04
-2.510683902580541599e+03 1.581261028756682754e+04 -1.639358324218703638e+04
-6.112928629077512142e+02 1.480391534862289336e+04 -1.476048876940254559e+04
5.183246016849741409e+02 8.197629676568787545e+03 -1.746754593915859732e+04
-1.443428876022558688e+04 2.220547576994870542e+04 -1.985515228910164296e+04
-1.099642127926409557e+03 1.484750571648432924e+04 -1.806633748960324738e+04
-2.476493809507150672e+03 1.295110042754133792e+04 -1.834368388730469087e+04
-2.009030412865509334e+03 1.564011337218068184e+04 -1.661938430700134268e+04
-1.475376991434782212e+03 2.584421093921292777e+04 -1.989039473995886146e+04
-1.847555538001649438e+03 1.164769732756202029e+04 -1.822744516821840443e+04
-1.703551410062898867e+03 1.511036867031517068e+04 -1.651658186151604968e+04
-3.425343832900942743e+03 1.577293299206604570e+04 -1.604382846122949559e+04
-2.343768989092739503e+03 1.567191379551587306e+04 -1.563504185990552287e+04
-1.739592579817440082e+03 1.448605722432971925e+04 -1.931194570933762952e+04
-1.096495862346170043e+03 1.610209422078690113e+04 -1.662374220321253961e+04
1.468908954818111170e+03 -2.977343787871645418e+03 -1.877976018363472031e+04
-2.224767357993005135e+03 1.386457650008142809e+04 -1.710669305364659522e+04
-3.118995186473110607e+03 1.583815424688206076e+04 -1.892038196633475673e+04
-3.493449007796860315e+03 1.507054967670301630e+04 -1.688811368184468301e+04
-1.337838453127405273e+03 1.492141295626154169e+04 -1.598823049190595520e+04
-9.379141672170251240e+02 1.457303490348125706e+04 -1.561011984268669039e+04
-2.461600783721003154e+03 1.506435617128194644e+04 -1.530589995726515554e+04
1.825442610331791911e+03 1.406082739084593231e+04 -1.485251396911552729e+04
-1.834906438583688214e+03 1.424281342052938635e+04 -2.017500659535733575e+04
-3.055117045290087844e+03 1.613260349552440312e+04 -2.105088465527836161e+04
-1.438963409704330388e+03 1.520255531829962092e+04 -1.642170461165437882e+04
-2.808897741240220967e+03 1.439671144198545517e+04 -1.663395876252201560e+04
-2.276366429749978124e+03 1.557265885862057075e+04 -1.600959754768798848e+04
-8.956428695141244134e+02 1.448765921747007815e+04 -1.637740935034896029e+04
-1.220336364273309300e+03 1.494683302899968839e+04 -1.815959410109565579e+04
-1.656361302051672510e+03 1.416195519175218578e+04 -1.600110138196351545e+04
-1.154181024887533340e+03 1.352083068735330198e+04 -1.790940303570377728e+04
-3.306998209775772011e+03 1.505632161328096481e+04 -1.636301254651108320e+04
-3.997139143592850132e+02 1.207002633788153253e+04 -1.794844855337767513e+04
-8.742036707926657755e+02 1.410213357725706373e+04 -1.808129577189026531e+04
-2.309351520988273023e+03 1.523171314189882833e+04 -1.708974060452432968e+04
-2.272930792175745864e+03 1.457178199205190867e+04 -1.575340956211086268e+04
1.367340935540223882e+03 1.221110113255961915e+04 -1.578105368112452743e+04
-2.109450457679915417e+03 1.375135200540390906e+04 -1.582541000536619686e+04
-1.793343778491031571e+03 1.518202488096905472e+04 -1.752809570854883714e+04
-1.542641243096729568e+03 1.500877042627588889e+04 -1.740888401578444609e+04
-1.970337358310072887e+03 1.295518434692267329e+04 -1.565785379286249190e+04
-2.587157119898712381e+02 1.756216358402600963e+04 -1.992381141258165007e+04
-2.131084640298867271e+03 1.395388195588944291e+04 -1.753720478274505513e+04
-2.528390911784741547e+03 1.331251011809349620e+04 -1.720880005381058800e+04
-2.519282231582291388e+03 1.427587696032485474e+04 -1.821470696204199339e+04
-1.203812295359750133e+05 1.060917768359188085e+04 -1.403196260732545852e+04
-2.519225764902392712e+03 1.339718808491668460e+04 -1.691948629617043116e+04
-5.859083813318192369e+03 1.573989620930618003e+04 -1.304710385727961511e+04
-3.898478309055927639e+03 1.886315115891890309e+04 -1.345381775195875525e+04
-1.949192508949836565e+03 1.442099929532561509e+04 -1.564825657469516773e+04
-1.808183431741907441e+02 1.253493934931739568e+04 -1.373390526810623305e+04
1.540661821067952360e+03 1.216252674443603792e+04 -1.893601384394658453e+04
-1.079661000680462166e+02 1.277394764545642829e+04 -1.636077952561819802e+04
-3.056593028981566931e+03 1.382496231087293563e+04 -1.550906344128376440e+04
-2.792328111442409408e+03 1.652161958377688643e+04 -1.515246267714688111e+04
-1.610716555653492151e+03 1.475779197764195123e+04 -1.859961508188314110e+04
-2.334893716159165251e+03 1.280486945000902415e+04 -1.887816433813402546e+04
-1.264012166537392432e+03 1.438242446829339315e+04 -1.996517955415260440e+04
-1.264680787491383398e+03 1.522616493312902094e+04 -1.669809289993115090e+04
-6.744932722170476609e+02 1.325734120091751356e+04 -1.768002963404807815e+04
-1.639923733237324996e+04 2.572622548481740523e+04 -1.347049666019895994e+04
-3.433298173037558172e+02 1.393694539027512292e+04 -1.690941947100413017e+04
-5.346484928848096843e+02 1.389182215499411177e+04 -1.669102273557434091e+04
-3.091547029169310917e+03 1.377933286798550216e+04 -1.962074347672293152e+04
-1.555940382629995838e+03 1.700095278030229383e+04 -1.713325404568803424e+04
-1.859947712151900760e+03 1.145422258973791213e+04 -1.597141129095298493e+04
-2.160490233467417966e+03 1.507946452054337351e+04 -1.598138870181365019e+04
-7.070738793244915996e+02 1.406959053069987203e+04 -1.959400042249046237e+04
-1.058499216628054455e+03 1.471374806988549972e+04 -1.781117122053249477e+04
-8.115567542602283311e+02 1.604535205949868396e+04 -1.598725412298708579e+04
-1.478175340668134822e+03 1.384718515042363288e+04 -1.654585802602219701e+04
-2.165916842284843824e+03 1.565825468526489567e+04 -1.558552533495839270e+04
4.620586001112516897e+03 2.604894434154710689e+04 -1.267525478054336418e+04
4.667650767427548999e+03 6.823961333631155867e+03 -1.450914947454699541e+04
-1.793268112165913408e+03 1.432810720486974787e+04 -1.715705865847017412e+04
-2.010911256236580130e+03 1.506351459644106399e+04 -1.573921477396872797e+04
-1.407274940482596321e+03 1.676366050851007822e+04 -1.581569302288642757e+04
-3.308962220982100007e+03 1.522664861884016864e+04 -1.620710684329556170e+04
-5.985521578513109489e+03 1.220940452581064710e+04 -1.590080052644688476e+04
-2.427646046502656645e+03 1.443870727861639170e+04 -1.673625434324357047e+04
-3.034161457414674078e+04 -2.109475978693953584e+04 -2.041701397240397273e+04
-4.632658138095649747e+02 1.557602377866511597e+04 -1.665909015059495141e+04
-2.678919190753175826e+03 9.544018134147698220e+03 -1.906637485861720052e+04
8.779308623844505064e+02 1.174581922460866190e+04 -1.838673425162602143e+04
-1.712802621702773195e+03 1.383484104725782527e+04 -1.876032163736461735e+04
-5.476073873036245459e+03 1.473841473388249324e+04 -1.599233547562409331e+04
-2.608655801388035798e+03 1.440490596584131345e+04 -1.660136401282141742e+04
4.332088461277083297e+03 6.984593183752070217e+03 -1.559858159700879150e+04
8.819720769015626502e+03 1.196282670692736701e+03 -1.440252637625398165e+04
-9.098249634770597822e+02 1.654177112236534595e+04 -1.464343712150797001e+04
-2.418939250781858163e+01 1.372801282424143938e+04 -1.607301373379972392e+04
-3.137450383980343304e+03 1.474099061017446002e+04 -1.470159213413039470e+04
-7.439909728316065411e+03 1.369551347209611413e+04 -1.829309483963644743e+04
-2.126054843698198511e+03 1.358892204659658819e+04 -1.702339905740728136e+04
-1.505279647354927192e+03 1.443561392581327891e+04 -1.661279613449766475e+04
1.120721448465679714e+03 1.454777553833330239e+04 -1.596244598788135590e+04
2.779770746175876184e+02 1.562327735176865644e+04 -1.668102922869883696e+04
2.239011893838136530e+03 1.423791323568002190e+04 -1.765305321543669925e+04
-4.348715477606565400e+03 1.552597193934052484e+04 -1.614453836461805622e+04
-1.753678960557191385e+04 6.491112883365285597e+03 -1.564231879713255330e+04
-2.737610860287919422e+03 1.536237871264866226e+04 -1.699113650637929459e+04
-1.449777546370222353e+03 1.414739791365470774e+04 -1.784903079282605540e+04
-1.651038521496864860e+03 1.452912899203648703e+04 -1.708547967888853964e+04
9.451970693529857499e+02 1.024185619449022488e+04 -1.797538219125277465e+04
-1.342851936770152179e+03 -1.383016091304748443e+04 -4.726220952779535764e+03
-9.799161714297342769e+02 1.400009736702246119e+04 -1.688282724499054893e+04
1.492754534646601542e+03 1.600738606217147026e+04 -1.472567668413013962e+04
-2.453781014690889606e+03 1.800467670229243959e+04 -1.401712435342089339e+04
-1.412109702901517949e+03 1.478563799769059187e+04 -1.649870922780663750e+04
-2.567789636668150706e+03 1.430344745383082409e+04 -1.728220889082145368e+04
-2.302239439429737558e+03 1.537634477592468102e+04 -1.693243081101891948e+04
-5.527755784849585325e+03 1.366414188836293397e+04 -1.417465196682530404e+04
-1.476264469343321252e+03 1.532515195265582588e+04 -1.452028580110462644e+04
-4.682930191262707922e+02 1.451841078550044040e+04 -1.730204336153278564e+04
-3.571896107080497586e+03 1.416959166687352808e+04 -1.566040280252831144e+04
-1.794949583149283626e+03 1.461751035075324944e+04 -1.578382696957826556e+04
-5.244436797088978892e+02 1.379925885862625364e+04 -1.748258261541368847e+04
3.685024866970273706e+03 1.090729101731517949e+04 -1.960514779006210665e+04
-2.148068155621818732e+03 1.448549002334292345e+04 -1.714929367904738319e+04
-1.836595957183805012e+03 1.455003584882643372e+04 -1.608873389341913207e+04
-1.887883462046712566e+03 1.779661913497042406e+04 -1.072485737452674039e+04
-7.730140907516516791e+02 1.484362026562352912e+04 -1.650218378198145001e+04
-6.842544640543089827e+02 1.185469542066267059e+04 -1.619525278399127092e+04
-6.838943715181201696e+03 1.283598400007274540e+04 -1.928996318477491877e+04
6.548337355672284730e+02 1.592974629909362375e+04 -1.426496217227715169e+04
-5.814008991688658625e+02 1.483041934496420618e+04 -1.623622982199440958e+04
-4.529067513241068355e+02 1.505763045839355073e+04 -1.694095306389058169e+04
-2.763857553369637571e+03 1.125004144587699921e+04 -1.566717225367241372e+04
-2.738194478204830830e+03 1.554946704480096014e+04 -1.483798005962080606e+04
-1.497773300490394377e+03 1.560928702179389256e+04 -1.648601275633127079e+04
-4.227207650248556092e+03 1.332322782868332979e+04 -1.740539891622110372e+04
-2.178265052448469305e+03 1.449088138910349880e+04 -1.685241897082420837e+04
4.696799737375029508e+03 1.449018913201045871e+04 -1.441513938242146287e+04
-2.247130322905343746e+03 1.313104594022124547e+04 -1.704168178035025630e+04
-9.880989267935966609e+02 1.436738762344080897e+04 -1.652259535259221229e+04
-1.470414251404222796e+03 1.357175991640553002e+04 -1.699160204367912957e+04
-2.859305516128088584e+03 1.552663024144275550e+04 -1.575938615517020480e+04
-6.536491158773694224e+03 1.691818132153462284e+04 -1.594754661897817095e+04
3.471632382154367633e+02 1.379954304543352919e+04 -1.607796101790916146e+04
-2.511103485305201048e+03 1.484727988328782158e+04 -1.638223214926572109e+04
-7.113051915429708970e+03 1.456897289087286299e+04 -1.542583700817460704e+04
-1.053768154220786300e+03 1.267093865270046808e+04 -1.807387536009913310e+04
-1.276727772322440842e+03 1.355921483347655521e+04 -1.762352435151865575e+04
-2.754252623005259920e+03 1.450090348964693112e+04 -1.563176287846748346e+04
-3.876269278222902130e+02 1.461163302771281815e+04 -1.593328422512835277e+04
-1.503198558461243465e+03 1.383853498875550576e+04 -1.663746027382936882e+04
-1.190102225261039393e+03 1.389215356111408801e+04 -1.647574119640637946e+04
-7.035367862060724065e+02 1.676458757262559811e+04 -1.146235639217536482e+04
-2.059860442249880634e+03 1.329923597145701933e+04 -1.758813767522552371e+04
-3.571720698425526734e+02 1.215589381309815508e+04 -1.919556605318942093e+04
3.053567960831962409e+03 1.482870358319294246e+04 -1.641831368198642667e+04
-2.100418689489183180e+03 1.576473445741801697e+04 -1.629974414207550581e+04
-1.283550850187631113e+04 1.093576643075844186e+04 -1.381681089448906823e+04
-4.032384682472259556e+03 1.578974338177554091e+04 -1.540518919273830033e+04
-1.353285756986675779e+03 1.389701169307570490e+04 -1.469300927821581354e+04
-2.348478598368473740e+03 1.621924567855451642e+04 -1.573052478749844886e+04
-3.130070108625777721e+02 1.756859675017061090e+04 -1.209419490253497861e+04
-3.557935597570172831e+03 1.443500954948362050e+04 -1.630341531509943343e+04
-2.883191292885729126e+03 1.475194124362212460e+04 -1.667222913205300938e+04
-1.759931363640530208e+03 1.455646956287913599e+04 -1.696094324112040704e+04
-3.445356720958322967e+03 8.658425667360856096e+03 -1.668025926515972969e+04
-3.591311221516686487e+02 1.492084357939386973e+04 -1.391191810847745001e+04
-4.452713892301466331e+03 1.326199174355488503e+04 -1.757179015993078792e+04
3.060882747462301268e-01 1.289093652951620061e+04 -1.770863384592069633e+04
-2.421036453762624660e+03 1.544189322122893645e+04 -1.587512513403860066e+04
-1.705002499045244349e+03 1.451292376753332428e+04 -1.701963317059983456e+04
-2.307718635912838181e+03 1.529284135710969713e+04 -1.621596966174811496e+04
-2.183597326996640732e+03 1.581017114176636642e+04 -1.596968836320174705e+04
-1.970232591815028854e+03 1.489760427999146123e+04 -1.769160139846957463e+04
-8.340863996885967936e+03 1.512444591092852897e+04 -1.867920330768425265e+04
-1.467054897067584679e+05 -5.999837710639737634e+04 -2.562575613702447299e+04
-1.959670560710505242e+03 1.520530837049312140e+04 -1.648489745235812734e+04
-1.365167116755592360e+03 1.577177977665592698e+04 -1.560279522992771854e+04
-2.333490294707969042e+03 1.405101449301412322e+04 -2.102122957683794812e+04
-2.352255186735132156e+03 1.450274545833090269e+04 -1.652984616641683533e+04
-1.440068727485020645e+03 1.261529531895543369e+04 -1.721352242904902960e+04
-1.319662546549781155e+02 1.294422966919418468e+04 -1.685167791006213884e+04
-1.694558622323715099e+03 1.414571649892234927e+04 -1.731756620007737001e+04
-7.450806420247320602e+03 1.315648793115258923e+04 -2.167121275253349449e+04
-2.054588627706047646e+03 1.504575649689476086e+04 -1.680105650808999053e+04
-7.229085592037203241e+03 1.292568390295616518e+04 -1.750798818000770552e+04
-6.755298501762979413e+00 1.362794731071428032e+04 -1.589322883423971143e+04
-8.537721876472182885e+02 8.546355825773538527e+03 -1.640767577120928036e+04
-1.555887634482809062e+03 1.565250364514983630e+04 -1.538981289732799996e+04
2.325187784149439267e+03 1.000207281930584395e+04 -1.317983743940577915e+04
-1.066674731288269868e+03 1.222601146892605175e+04 -1.697432979076473566e+04
1.599329054091992077e+02 1.149787161128736443e+04 -1.592561044600258901e+04
5.618589954354561996e+03 8.115993847045408074e+03 -1.700755051522671783e+04
-7.489761241893231727e+02 1.406161891817834294e+04 -1.768749166642633281e+04
-2.094544483916535228e+03 1.513904346016296950e+04 -1.738541790067702459e+04
-1.550722042762779893e+03 1.427508416438343556e+04 -1.655338678381867066e+04
-1.124810996652691529e+03 2.052774239119467529e+04 -1.324847332910088335e+04
-2.753017281317156630e+03 1.536734577549220921e+04 -1.594474601818784686e+04
-1.297851469041909695e+03 1.526503152307745950e+04 -1.831696002596406834e+04
-4.510942877696646974e+03 1.540794360572275400e+04 -1.725427068851163494e+04
-3.678019918204548958e+03 1.366224636428350823e+04 -1.417365188153178860e+04
-6.086058040520488248e+03 1.359727876901382297e+04 -2.050274641667504329e+04
-2.597061222243964494e+03 1.384242058782199092e+04 -1.625260331364709964e+04
-1.976124944847852703e+03 1.504044844485632348e+04 -1.618801691147731799e+04
-2.618954158803425344e+03 1.431987089308853865e+04 -1.692138944560723758e+04
-1.467556994704396402e+03 1.261590865976262285e+04 -1.635651701159882396e+04
-2.047210350494069644e+03 1.320191392914648350e+04 -1.678376784471639621e+04
-1.734254749337178055e+03 1.508027893536066040e+04 -1.625254900181522316e+04
-4.698783584756105824e+02 1.512699036592199081e+04 -1.565330380280428471e+04
-1.140489888691111446e+03 1.631361082392018579e+04 -1.634478348392727094e+04
-1.013194837965100419e+02 1.364228969418851011e+04 -1.654282064229821844e+04
-3.339286494766889064e+03 1.635237614857571134e+04 -1.682465750588895753e+04
-6.461273031789695551e+02 1.322679564485019364e+04 -1.478331257400152026e+04
-8.134381477321506964e+02 1.596589179320685980e+04 -1.552193575308402433e+04
-1.039123723074389090e+03 1.422382007959600560e+04 -1.734912465466739377e+04
-3.490891262745607946e+03 1.564106281902922274e+04 -1.567575275909337506e+04
-5.207735143187692302e+02 1.335421670141760114e+04 -1.707670932221803014e+04
-1.989502838002446151e+04 1.016796570418488773e+04 -1.290428885148492554e+04
-3.182552437002764236e+03 1.388688173863213888e+04 -1.600595354343714098e+04
-2.010476394104886367e+03 1.147170154027612625e+04 -1.813637189410570863e+04
-1.097361628949687656e+03 1.359002099610707410e+04 -1.664109200013509690e+04
-3.149239250157299011e+03 4.432466861828489345e+04 -1.376150217954763320e+04
-2.758698480132151417e+03 1.179132995408106399e+04 -1.663924393088898069e+04
2.863767818050059304e+03 1.420336029606567354e+04 -1.532086942834504953e+04
-3.520636757412620227e+03 1.535991646407084227e+04 -1.627171204092162225e+04
-6.779881758278777397e+02 5.182570664811531969e+03 -1.461375542825803132e+04
-2.354680139853324363e+03 1.543834098139542402e+04 -1.751913161554323960e+04
-2.708145186527480291e+03 1.463090185402341376e+04 -1.720106777786613020e+04
-3.342738131614293525e+04 1.234449147743574758e+04 -1.431977962030296840e+04
3.004910736461646138e+03 1.681286929711492485e+04 -1.687350515027287474e+04
-2.969852781469893216e+03 1.067356935814544340e+04 -2.015551792360907348e+04
-1.325533167351822613e+03 1.513447846699384172e+04 -1.471621448312736720e+04
4.854957703252686088e+02 1.415383156685793256e+04 -1.653789698591407796e+04
5.081399730811899076e+02 1.307673447537544052e+04 -1.755811118066523704e+04
2.111743587315108925e+03 1.300058732033160049e+04 -1.681524112116650940e+04
-1.792579121215023406e+03 1.423310978864741446e+04 -1.714281976741080507e+04
-6.017417448507311519e+02 1.234267458997182803e+04 -1.577189143121007874e+04
-8.079469217110810860e+04 -6.554740322105714586e+04 -4.089532098829186725e+04
-4.923297957294280991e+02 3.231904242638995129e+03 -1.429833444109999982e+04
3.009805263438443944e+03 1.188246700926427184e+04 -1.668354953022512200e+04
-1.568173127280212157e+03 1.611143148984635263e+04 -1.694335103249921667e+04
-5.666702431520459868e+03 1.273516483095384683e+04 -1.569085661698023614e+04
3.526017229042277904e+03 2.237117546893764666e+04 -1.751257206391957152e+04
1.742680977964323574e+02 1.932520195001338288e+04 -1.743439866137261924e+04
-1.648761755310038552e+03 1.415434257102848096e+04 -1.728379348302960716e+04
-6.002407416807205664e+03 2.269914928041725489e+03 -2.077901895823286031e+04
-2.457926386043221555e+03 1.505843180644612949e+04 -1.648186062979719281e+04
-4.215671939386156737e+03 1.318161140888684895e+04 -1.827458609986284864e+04
2.909442626306696411e+02 1.276464627744318386e+04 -1.772317414644865858e+04
1.262397272950518527e+04 1.849393232854602320e+04 -1.120009247211686852e+04
-1.334467035868122821e+03 1.440079590338158778e+04 -1.591193116284272946e+04
-1.298239163673501253e+03 1.431575080681339750e+04 -1.619826243790686749e+04
1.254604591268625427e+03 1.330554158070436279e+04 -1.678996100309441681e+04
-4.488969903186544798e+03 3.436346120007865466e+02 -1.846066922468223493e+04
-3.104409537955862106e+03 1.547893352795745886e+04 -1.583384959884927594e+04
7.432373211201535923e+03 1.977864496752322884e+04 -1.810516839140447337e+04
-1.933260121474161906e+03 1.529368278210392964e+04 -1.589057658019785231e+04
-6.894203341283689952e+04 -3.635841170117892761e+04 -3.028169472254099674e+04
-1.420771890522438753e+03 1.474033314744265954e+04 -1.584005528414418040e+04
-2.722918711418782550e+03 1.750712254670146285e+04 -1.417108953246554847e+04
3.081861411507106368e+03 1.284065520073347579e+04 -1.700310492696985966e+04
-1.575290285351464036e+03 1.701019608404997780e+04 -1.597494676756314584e+04
-2.693869784129351956e+03 1.504816048465569656e+04 -1.697918639622927003e+04
-1.669169845743698716e+03 1.422545112758507821e+04 -1.677372851157373589e+04
-4.277061734937088886e+02 1.171004500863752037e+04 -1.668066058667975085e+04
-2.572101461105668204e+04 6.755906222852924839e+04 -5.616784832740590900e+03
6.205551724489366279e+03 2.148787260510274064e+04 -1.978982000500316644e+04
-1.305016532144903749e+03 1.439103745108149633e+04 -1.595405337246245472e+04
-1.566366565884605734e+03 1.483716924879279759e+04 -1.598134940936462954e+04
-3.638708962753859851e+03 1.632688954196655686e+04 -1.527940397949092585e+04
-2.303630731036133966e+03 1.297507912884763937e+04 -1.574796668503495130e+04
-4.286448462485444907e+03 1.517979880819315622e+04 -1.547351203450312278e+04
-1.556775118648869466e+03 1.251682110443231068e+04 -1.889513451584550421e+04
-7.781840433903119447e+03 9.426986176165128200e+03 -1.553777068378600052e+04
-5.250090061149169742e+03 1.513559516135718877e+04 -2.016825906074339946e+04
-3.059290439262049858e+03 1.259944312943443765e+04 -1.641469547242118642e+04
-1.632302645071660891e+03 1.347896865092661028e+04 -1.807085142017791441e+04
-1.906783105351761151e+03 1.627519500681536374e+04 -1.628918002775564673e+04
-7.580065706805181435e+03 2.379029142517166838e+04 -1.775507539416370491e+04
-1.332873984626182619e+03 1.325375997775563337e+04 -1.783364790203880329e+04
3.775812365097116299e+02 1.373540544793415211e+04 -1.715260578339090353e+04
1.531516486369240511e+02 1.473957012107648188e+04 -1.647646748027487774e+04
-1.315408553821565647e+03 1.373670583656932467e+04 -1.766507127343225875e+04
-4.773698249157245300e+03 1.149232001513386967e+04 -1.798253578778198789e+04
2.739023649590993500e+03 1.613673849955831065e+04 -1.849554620979820902e+04
-3.435552832097065448e+02 1.431694829786045739e+04 -1.579499872232982671e+04
3.573370012834050158e+03 1.667390230590776991e+04 -1.461577160460623236e+04
-2.491597830226544374e+03 1.534976873408935535e+04 -1.622732260198991025e+04
9.846670341282992013e+03 1.251792772973465981e+04 -1.643627841782803807e+04
-1.922514431704764320e+03 1.647301124177690508e+04 -1.592124626598904433e+04
8.639745404799707558e+02 2.766068928135413080e+04 -1.360835081002666630e+04
-3.104472111738330113e+03 1.419377158713062818e+04 -1.333183584951362900e+04
8.390675901799941130e+02 1.197221221409135433e+04 -1.889484423002168478e+04
-1.871468397858119033e+03 1.370860311859733338e+04 -1.727514735032493991e+04
-2.494649585441708496e+03 1.131347961569500694e+04 -6.972405947961807215e+03
6.233239450040143311e+03 1.315253551387069456e+04 -1.705638468968027883e+04
-1.203293278746996111e+04 1.522017155786860167e+04 -1.697296196070645965e+04
-2.000281415816468143e+04 1.203602268740950421e+04 -1.780276040029796422e+04
-1.108451956534065175e+03 1.396059883623555106e+04 -1.786975883228017119e+04
4.977255873894730939e+03 1.966780294766740190e+04 -1.838921497039632231e+04
-1.297140576029665681e+04 1.641657991952960219e+04 -1.390519790280060079e+04
-8.624724044101660638e+02 1.372812825279103163e+04 -1.607790828274333035e+04
-1.407497309369054847e+03 1.355391792804063516e+04 -1.731160158157679325e+04
-2.671422893565787035e+03 1.466416218450306405e+04 -1.621513961277451563e+04
7.199036997697909328e+02 1.115614462602559070e+04 -1.541198463011851527e+04
4.070843390618421836e+03 1.532662922973795867e+04 -1.742942133210227985e+04
-2.349317767497854675e+03 1.197548687405028249e+04 -1.681057896135979536e+04
-1.913680029278996699e+03 1.560891489035364611e+04 -1.551339241848534039e+04
-8.346373441658068259e+03 9.590415215608303697e+03 -1.948315232869423926e+04
-1.736723891214287733e+03 1.759761554529710702e+04 -1.485147406949253855e+04
7.047719583803268506e+02 1.287255373279481319e+04 -1.590728147339788484e+04
-5.355716294533411201e+03 1.119222975993458022e+04 -1.914297248944046441e+04
-4.481408583153041036e+03 1.685036199503986791e+04 -1.688081739818505594e+04
-1.498977251925546170e+03 1.781325376593131296e+04 -1.586713613221980449e+04
-4.131358309557656412e+02 1.340528569602101561e+04 -1.755554951234896726e+04
-3.170244106700118323e+02 1.878947181359760361e+04 -1.504627476088099502e+04
-1.606776560395561319e+03 1.414755902357332161e+04 -1.645914882634470996e+04
-4.844405670990879116e+03 9.908894310576368298e+03 -1.836672613966697463e+04
-2.930934500194121028e+03 1.341981632405745404e+04 -1.478721468028904746e+04
2.011686117864752759e+03 1.425378451844002848e+04 -1.859860632990048180e+04
-1.620071550647587628e+03 1.434977355831453315e+04 -1.663564959914737119e+04
-8.526861921842183847e+02 1.355515652308513745e+04 -1.696250895593441237e+04
6.751492752380420825e+03 1.618104294658452636e+04 -1.792808317750861170e+04
9.049955816882566069e+02 1.470538304226462606e+04 -1.864283219557968187e+04
-1.628238588057129618e+03 1.313524921561789597e+04 -1.719478050516930671e+04
9.412100952653888726e+02 1.276208609960677495e+04 -1.658708318020108345e+04
-1.429889164871038020e+03 1.392339666596657844e+04 -1.785819641055575630e+04
-1.866469266419817586e+03 1.462647052959266330e+04 -1.678301558965565346e+04
1.995930007149351241e+03 1.305851708456404413e+04 -1.842231247645739495e+04
-1.123181933887948162e+03 1.406060043568317451e+04 -1.684316306946341865e+04
-1.441351569841812761e+03 1.457868271545902462e+04 -1.614981583012083502e+04
-3.817504386673940644e+03 1.949670269393468334e+04 -1.080335605351981576e+04
-9.114015625029235252e+02 1.591596042233273329e+04 -1.591312464943565283e+04
-2.187469465122034308e+03 1.512256516760329578e+04 -1.642994952205351001e+04
-1.963033533897011694e+03 1.518765604150454601e+04 -1.599172244074330592e+04
-1.390590342113527413e+03 1.485232770924979013e+04 -1.677424287551340967e+04
-1.385728475464955409e+03 1.440064141681425644e+04 -1.667305701996429707e+04
-6.523592644480480885e+03 1.276984820949722416e+04 -1.263697940371106597e+04
-1.025059994516268489e+03 1.397017839056223784e+04 -1.654252022622374716e+04
-3.060135318196970729e+03 1.862125750606720976e+04 -1.753640242111444604e+04
-1.373214501672985079e+03 1.456654910933560859e+04 -1.635089796362587003e+04
-1.580305677087181266e+03 1.574477793726137497e+04 -1.684860973943398130e+04
-3.841787847009719599e+02 1.745867829552938929e+04 -2.367278992460570953e+04
-2.271577165166814666e+03 1.463868134216950057e+04 -1.665383249749445167e+04
-1.872198664561679379e+03 1.380916319253294751e+04 -1.699950505590783723e+04
-1.912674010288441195e+03 1.447161865287212277e+04 -1.666145886227516894e+04
3.565883660760295584e+02 1.336933471145904514e+04 -1.630593569130487231e+04
-1.456463478843147186e+03 1.482963924412763845e+04 -1.681222829739595909e+04
1.102990520841416355e+02 1.434709352195269093e+04 -1.570359023959228580e+04
9.720767261729017264e+03 2.122675229109155043e+04 -1.431373271650825336e+04
-2.130833097554108008e+03 1.519862855445517198e+04 -1.554262060913956520e+04
-1.298702259004767029e+03 1.449968037953400017e+04 -1.617629106908584981e+04
1.155326348838952981e+03 1.139542299990316678e+04 -1.863083397605517166e+04
-3.722301902081841263e+02 1.271789690298150526e+04 -1.630009126407379881e+04
-1.040286257346615002e+03 1.173779993099660896e+04 -1.770546040939891463e+04
-1.794706379458788433e+03 1.333608719059719078e+04 -1.782525343120615435e+04
3.399059180339044815e+03 9.357317445436789058e+03 1.090631153496546540e+04
-1.679329519577082010e+03 1.419059133196433868e+04 -1.667042321500957769e+04
-1.094786337432991104e+03 1.421023740445786825e+04 -1.658493689210314915e+04
9.047394546172495211e+02 1.090280235733415611e+04 -1.823769074357264617e+04
-3.097264449307908762e+03 1.198748174188840130e+04 -1.629403741532205640e+04
-7.938757696562497586e+02 1.372949472442460137e+04 -1.775298150936337697e+04
-2.222713588663296832e+03 1.488460680928857801e+04 -1.661019863023352445e+04
-1.767835867857112589e+03 1.351757494244220834e+04 -1.718205346182232097e+04
-3.409776034293634893e+03 1.531550031412077988e+04 -1.661448346110348211e+04
-2.579370446744140281e+03 1.540570189141804622e+04 -1.609932193788851691e+04
-1.761350511948426629e+03 1.467474547340425670e+04 -1.689389391575226909e+04
-1.875635019561824720e+03 1.462232388460205584e+04 -1.682431240270085982e+04
-2.567808881279612706e+03 1.539970554564162376e+04 -1.668903107704832655e+04
-1.745069738698590754e+03 1.964016122293565058e+04 -9.984323770907201833e+03
-1.727606518909889928e+03 1.378268636526465525e+04 -1.701507284299845196e+04
-1.367481844028258593e+03 1.383993533095242674e+04 -1.692509852118961862e+04
-1.097314751822930930e+03 1.330395625771327650e+04 -1.716508373618853147e+04
-7.458773119947143641e+03 1.745774252943437750e+04 -1.862702508060153559e+04
-4.898286554454825819e+03 1.474316724602274007e+04 -1.501431331528694500e+04
-2.485138327940033378e+03 1.448911739224629673e+04 -1.584912373804502568e+04
-1.752731351024465084e+03 1.417786086645702017e+04 -1.696833657109406704e+04
-5.594874338173270189e+03 1.482246501035137589e+04 -1.779783112474421068e+04
1.224265446423323192e+04 4.108880899344950012e+04 -9.687443444182885287e+04
-1.058789289523796015e+03 1.460572475983258664e+04 -1.573466459024718461e+04
1.737456225235732745e+03 1.379650962756941772e+04 -1.756335897239975748e+04
-4.678201918656939597e+03 1.621150214541651985e+04 -1.756118870547823099e+04
-1.970558661007950150e+03 1.391087513098734598e+04 -1.693403658093700142e+04
-1.627294654017922312e+03 1.411265144845381292e+04 -1.681077839713835056e+04
-1.402281727054898056e+03 1.459936794798635128e+04 -1.680335343258578723e+04
-1.871619400790337295e+03 1.407525471182941146e+04 -1.706952851846124759e+04
-4.305574260649098505e+03 1.554726224498655574e+04 -1.643520920732105151e+04
-1.833360113025990358e+03 1.441518392632486211e+04 -1.671063856853161997e+04
-1.830498186595261586e+03 1.386959151022050173e+04 -1.704499784746525620e+04
8.019046816299402280e+02 1.806206478175578377e+04 -1.764172942868243990e+04
-1.724742346850483500e+03 1.618242574313223122e+04 -1.609136849625933428e+04
-3.379937414837186225e+02 1.435973146798092966e+04 -1.579205897039731281e+04
-1.567073616782689669e+03 1.431618825459878644e+04 -1.667445377181721778e+04
-3.096163905541949362e+02 1.358461097724919819e+04 -1.612536082446112232e+04
-2.525023487694750656e+03 1.393795050093815917e+04 -1.931843491152030401e+04
-1.493080309875143030e+03 1.644790101884461183e+04 -1.586837081437063171e+04
-1.357025099441898874e+03 1.603667122111450226e+04 -1.586120701753876165e+04
-2.692658403921471745e+03 1.458820907841646113e+04 -1.722714133553361171e+04
-8.939388613816082625e+02 1.418562214242009759e+04 -1.650492813353087331e+04
-5.279944307483973489e+02 1.432920811248013524e+04 -1.680729890931410046e+04
2.366652545973113229e+04 7.552031263756775297e+04 -1.391578780854623183e+05
-2.075302309718289052e+03 1.399846163324317422e+04 -1.679329799044428728e+04
-1.711340312708088732e+03 1.465214028306627370e+04 -1.569976208064618004e+04
-4.440897155479093271e+03 1.577885693893473945e+04 -1.597710294882880044e+04
-1.214066496566670321e+04 1.548713194104616559e+04 -2.181584865958510636e+04
-2.455514288931576630e+03 1.491748241532295833e+04 -1.639457734375296786e+04
-1.529681346939892364e+03 1.442484048407983573e+04 -1.624448135954228383e+04
-2.823679379164515012e+03 1.323613879646442547e+04 -1.819578762700517109e+04
-1.876736316030635408e+02 1.331634375274283775e+04 -1.810785514935907850e+04
-1.503947647991254598e+03 1.425976090847648993e+04 -1.684146923488112952e+04
-2.356165364920002503e+03 1.435181727203230912e+04 -1.661120041101954848e+04
-1.932007908172771749e+03 1.569429852883186868e+04 -1.619582340184992063e+04
-1.091157251474386612e+03 1.450316815987301925e+04 -1.639320191513335521e+04
1.006091733527878750e+04 1.804424719613858906e+04 -6.949079667310465084e+03
-3.600743812586499189e+03 1.506787798588133955e+04 -1.531786328113683339e+04
-1.112279514637911689e+03 1.383349838030374667e+04 -1.685376842933064472e+04
-2.691026900098712758e+03 1.527008768670584504e+04 -1.623534705314705570e+04
-1.490799691606488068e+03 1.475423540576330925e+04 -1.671861873859278785e+04
-1.273784471344284270e+02 1.388506563694276156e+04 -1.663439801873332181e+04
-1.405677189455073403e+03 1.469813784386482075e+04 -1.645939898163653925e+04
-2.329888869743836949e+03 1.200934747009366220e+04 -1.709118437658794210e+04
-1.627372549167086163e+03 1.453663168299959761e+04 -1.653550920558775397e+04
8.126898946736778271e+02 1.638306744001355219e+04 -1.737630965581458440e+04
4.768411578359752457e+04 3.920408847686451918e+04 -1.937579575600172102e+05
-3.488089445567738949e+03 1.571342904424324115e+04 -1.511593216867115916e+04
-2.467897823298068033e+03 1.637611202564306222e+04 -1.667520347206305451e+04
-2.562383851659048560e+03 1.311237204009683228e+04 -1.770688575295074043e+04
-3.137058009826796479e+03 1.477499326201377698e+04 -1.510476113917475232e+04
-2.614260983674751515e+03 1.416244186280555368e+04 -1.422031489273910302e+04
1.703000772702662516e+03 1.388432758598014880e+04 -1.674558523302742833e+04
-1.728915470679521832e+03 1.583563755379699614e+04 -1.627713545748501383e+04
-1.001822483089408365e+03 1.047300357061259274e+04 -2.227480602737719892e+04
-2.571326144880989887e+03 1.431703068477239867e+04 -1.742582620715675512e+04
-3.796503555294542025e+02 1.309283175298139940e+04 -2.035220262127725073e+04
-2.082805117813774359e+03 1.132147211856327704e+04 -1.693294578716300384e+04
-1.055569725949774693e+03 1.485709084264782905e+04 -1.522751996784264702e+04
-3.022787903514288701e+03 1.448397861377521986e+04 -1.624547684946646405e+04
6.225707719597014602e+02 1.393133509193902864e+04 -1.673350553596325699e+04
-5.182489361580237528e+02 1.323891719605764229e+04 -1.737788577821141007e+04
-7.556105619829158059e+03 1.329666907971138244e+04 -1.814240241135952238e+04
-1.843203394598354862e+03 1.481357429379272617e+04 -2.113402260259385366e+04
-3.004511602390127337e+03 1.390987381886341609e+04 -1.629536991330834826e+04
2.247495400273845917e+03 -1.038090040513807799e+04 -1.602153491942927212e+04
-1.478055329542335585e+03 1.658379359207873858e+04 -1.341845312728131466e+04
-4.682221163390019001e+02 1.360225066943681850e+04 -1.623241517558264604e+04
-2.711991849654140879e+03 1.505995713632165644e+04 -1.389415559705949818e+04
-2.232440931053150052e+03 1.443491371191388316e+04 -1.680843620517393720e+04
-1.154031445371236032e+03 1.431184994295169417e+04 -1.561969456695806912e+04
-9.435857243860705239e+02 1.439430400024425580e+04 -1.677811229439773888e+04
7.399401740783425339e+04 4.183180145897778857e+03 -8.788304747088031945e+03
-1.522269887332983444e+03 1.414038484775792313e+04 -1.548854482767332229e+04
2.375003923454833341e+02 1.367906904301710165e+04 -1.664592588454337965e+04
3.529427248369562449e+02 1.448047097493234833e+04 -1.693934410932219544e+04
-1.058305888981100907e+03 1.673458092639370807e+04 -1.733495290985941392e+04
-2.505224310640498516e+03 1.303155471720247442e+04 -1.379537327188662675e+04
3.528055764475469459e+03 1.379662024927997118e+04 -1.477385225445716605e+04
-2.873853794595878753e+03 1.355699179958217610e+04 -9.443385505028050829e+03
-1.364861687241118489e+03 1.473008786469503684e+04 -1.790311131672197371e+04
1.239608649973727779e+03 1.400975221607762433e+04 -1.614229022530397378e+04
-4.061341012618937839e+03 1.766802820372668066e+04 -1.808954225176752152e+04
1.957939258552103865e+03 1.328542248887643291e+04 -8.564413708496627805e+03
-1.735335336976875396e+03 1.488969362740625547e+04 -1.661306005913476838e+04
-2.879778321326408786e+03 1.564863490061720404e+04 -1.670680520142003297e+04
3.083914179903737249e+02 1.759794475609350047e+04 -1.814452028738702211e+04
-2.120171485833008774e+03 1.568235847469983855e+04 -1.608164956598639401e+04
-2.040277159265987848e+03 1.623471277560540511e+04 -1.988856134308908804e+04
-2.831794918857369339e+03 1.824995934757161012e+04 -1.741481068799145214e+04
-8.375413904024288740e+02 1.178909037724245536e+04 -1.784749908252866226e+04
-2.289812598389106824e+03 1.622118630562453836e+04 -1.539169504338198021e+04
-9.474866589194132757e+03 1.638863686836782654e+04 -1.557978133436144344e+04
-3.300392932871819994e+03 1.397490767604979737e+04 -1.452305354075244759e+04
-1.413204788240191647e+03 1.593020663124618113e+04 -1.698116135752546688e+04
7.996598353272574968e+02 1.422616116675732701e+04 -1.669022031194013834e+04
-1.620157981795253818e+03 1.508053026960442185e+04 -1.441596323468134506e+04
-2.619573033358321027e+03 1.295449411792640603e+04 -1.015480519132722111e+04
-1.484238623704532984e+03 1.490692237985663996e+04 -1.646737352048997491e+04
-8.661478733347767047e+02 1.453642950552283401e+04 -1.593998567097106388e+04
-1.896054001144946824e+03 1.539768008804851524e+04 -1.578979360039896164e+04
1.623715104202163502e+03 -5.339750384734712497e+03 -1.536695898771700922e+04
-2.041820952790098318e+03 1.423525952367001082e+04 -1.728749503799271770e+04
-1.530382569902092200e+02 1.449463664914140827e+04 -1.614712094635498943e+04
-9.471744029324243456e+03 1.569519644158442679e+04 -1.141199396477894334e+04
-2.110025311864230844e+03 1.529356765315365556e+04 -1.636350673650534372e+04
-1.912558681270966190e+03 1.428944544931653400e+04 -1.768624770320761672e+04
-3.157351776933486690e+03 1.501579293350740591e+04 -1.613640530832051445e+04
-1.258254094149811863e+03 1.466434098089258077e+04 -1.634850449337009741e+04
-5.783378564603901850e+02 1.630397147190381111e+04 -1.551204226277355156e+04
-3.760059609922738218e+03 1.457890512407029382e+04 -1.629573111564608735e+04
-3.524663536214463238e+04 4.823933802623255906e+04 -7.333759748947938533e+03
-3.392016307087900714e+03 1.401949233852894940e+04 -1.681293647644950397e+04
-1.854745006593271000e+03 1.610454073180112209e+04 -1.510090561425439773e+04
-1.105080190469952413e+03 1.442267469341915239e+04 -1.659524364510455052e+04
-1.611680109358620939e+03 1.421605686755728675e+04 -1.714191239885045798e+04
-4.026243492526496539e+03 1.605474778243553919e+04 -1.546069689696547903e+04
-2.349221001906913443e+03 1.505561392615868135e+04 -1.678638453144346931e+04
-2.475417316017686971e+03 1.484292920938774296e+04 -1.691568993558800867e+04
-7.832223145180605570e+02 1.395340165334661651e+04 -1.618949308250933609e+04
-6.122035758853788820e+02 1.332589872336404369e+04 -1.703135741495190450e+04
-5.232992024333057998e+03 1.611593787116220301e+04 -1.469767484806012908e+04
-1.155162073124185326e+03 1.482083728996551690e+04 -1.632387182444379323e+04
4.368518861144979019e+04 1.623872747934098697e+04 -5.810159506370360032e+04
-1.573464227215648634e+03 1.342594008041827874e+04 -1.670830676585681431e+04
-7.593671302264033329e+01 1.469714307170484790e+04 -1.830993208270379182e+04
-2.247352360191576736e+03 1.429020032422118311e+04 -1.715715325779075283e+04
-1.422602521149139648e+03 1.576529838041799121e+04 -1.581935173952513469e+04
-1.345001049223824111e+03 1.376007348942539465e+04 -1.554732433723085524e+04
-2.758003437396074787e+03 1.499730615441272857e+04 -1.758350302411851953e+04
4.008061363544831238e+03 1.256985377383040577e+04 -1.688147846667958220e+04
-3.331793604341247374e+03 1.537390114253506727e+04 -1.564596373751200190e+04
-2.183810898646694568e+03 1.472895891474669043e+04 -1.766400978437847880e+04
-2.063778111553594499e+03 1.247412540825029646e+04 -1.937708048570960091e+04
-1.427609108998748070e+03 1.322098578462034129e+04 -1.830871763126960650e+04
-2.996970214702760131e+03 1.553573311851935250e+04 -1.497177212144791156e+04
-6.677691372297376802e+02 1.690859445513123865e+04 -1.845434983816084787e+04
-7.563628092066272757e+02 1.415855976820979231e+04 -1.564017293642373807e+04
-2.351270753046313075e+03 1.482431519814071544e+04 -1.484526852813447476e+04
1.576411534927772777e+02 1.480647344852361311e+04 -2.048359042065649555e+04
-1.172290557252012604e+03 1.360927118387940573e+04 -1.563466618477969132e+04
4.287889716111344569e+03 2.444313256787507999e+04 -1.674764774825057975e+04
-1.033689479342810273e+03 1.380819406200133926e+04 -1.416668797240706590e+04
-1.948331166179633556e+03 1.468545193255385493e+04 -1.644657005596545059e+04
-1.062191505808802049e+03 1.445643304505625201e+04 -1.624077514121704735e+04
1.425011245904051066e+03 1.445087324411590816e+04 -1.233684229596453952e+04
7.600910137345437761e+03 2.740995713721523134e+04 -2.384068178075854667e+04
1.176533853823274694e+04 1.528255235739559248e+04 -1.836575474673115968e+04
4.230248782982946977e+03 6.184331547463205425e+03 -1.615208060980223854e+04
-1.836900299613886318e+03 1.465309654280399445e+04 -1.779834286325123321e+04
3.978121509392051394e+03 1.150904776386964113e+04 -1.653566862701426362e+04
-1.814354291872663816e+04 1.768392745125203874e+04 -1.715421054617428308e+04
-3.334545902698297141e+03 1.301989113767174422e+04 -1.676623014343235263e+04
-3.578611889894033538e+03 1.281847688250155807e+04 -1.837358820372894115e+04
-1.678491500930404527e+03 1.526584643423072703e+04 -1.827713309747789026e+04
-1.355557436143725681e+03 1.419963876643241565e+04 -1.628916587424804311e+04
-5.308395634276033661e+02 1.207251937208119307e+04 -1.891469425632296407e+04
-2.707104765617747830e+02 1.444499727562334192e+04 -1.541553004304730712e+04
-1.742630018536505531e+03 1.413956341034389698e+04 -1.667488302114161343e+04
-4.362976924880302931e+02 1.398067853605099663e+04 -1.672137235981286358e+04
-4.318657610498930808e+02 1.449933189129282619e+04 -1.651998868977923485e+04
-1.702208480153414712e+03 1.487464358813025683e+04 -1.652719996515090315e+04
-9.099188866279728245e+02 1.332898519241897338e+04 -1.772458390968678941e+04
1.026388862908701594e+04 -9.573368783077037733e+03 -2.611077591665425643e+04
-8.182951224441433169e+01 1.546706306183154811e+04 -1.424801649449661090e+04
-6.803284612934347933e+03 1.717039065568972364e+04 -1.564685249539949655e+04
-1.457114603436496282e+03 1.437140310802892418e+04 -1.483706147851133937e+04
-3.364083434818417118e+03 1.432398605867183142e+04 -1.687127965064135788e+04
-7.368850952973972426e+02 1.538143668057971081e+04 -1.619146505097323825e+04
5.512911589785239812e+02 1.511438737437775126e+04 -1.438548913910513693e+04
-2.713785110140557663e+03 1.428731723943021098e+04 -1.532114159740659670e+04
1.543411222323005677e+04 -5.445307452322414065e+03 -1.852971090030376581e+04
-2.551088843701794758e+03 1.801276952138301931e+04 -1.647721387101516302e+04
-8.930003804171128650e+03 1.634867403105578705e+04 -1.634001302035945446e+04
-5.417422311614084265e+02 1.377163230663698960e+04 -1.636198539308316867e+04
4.964180108477103204e+01 1.332987777154824835e+04 -1.549476479703678342e+04
-1.528247270916378966e+03 1.483381204894260372e+04 -1.639815884272237599e+04
-2.947517733055412464e+03 1.437685704315927251e+04 -1.113976388648697684e+04
-1.826989009375683963e+03 1.533860193308609814e+04 -1.647038946384955125e+04
1.045992770895782269e+04 -1.434472821359321097e+04 -4.355780409609356138e+04
-1.183843404357735835e+03 1.469520200092741106e+04 -1.450298576516608773e+04
-2.206563275055507802e+03 1.430726672832324039e+04 -1.708836062735120868e+04
-3.760723719593375449e+02 1.348545800782975130e+04 -1.661812603716728700e+04
-7.813090608015989346e+03 1.745613013255767510e+04 -1.201826760872895829e+04
-4.321535501401622810e+02 1.591013518623105301e+04 -1.741018143871378197e+04
-1.369353622238305434e+03 1.503420064696215377e+04 -1.723320831784563779e+04
-9.515019120075926367e+02 1.332297362697108474e+04 -1.878273552589795872e+04
-1.116279739004753537e+03 1.617708140282319437e+04 -1.531497355802272796e+04
-2.873559356697690873e+03 1.576777245180372120e+04 -1.609758844093763037e+04
-1.949483007001690567e+03 1.432550330196149480e+04 -1.727068445868179333e+04
-2.373999421631144742e+03 1.503296582810647305e+04 -1.630306460826204420e+04
-9.159247597935865315e+02 1.573585444682270463e+04 -1.596560853231061446e+04
-4.581768224549318802e+03 1.839488792857546287e+04 -1.950131487058127459e+04
2.448196481030211089e+03 4.302248785612304346e+03 -1.625947259424146068e+04
-1.084674993852808711e+03 1.435161965463520210e+04 -1.647436946242014892e+04
-1.329831259872255259e+03 1.440946247226002379e+04 -1.664104655567119335e+04
-6.211522876256406107e+02 2.419489500227301687e+04 -2.482987135726894121e+04
-3.552751144643266798e+03 1.531494184020531975e+04 -1.257707442680389249e+04
-1.714512011059009637e+03 1.329777730156952020e+04 -1.792881820349856935e+04
-7.656575404907609936e+02 1.385614160428127980e+04 -1.711896217325680118e+04
-3.101200032091710455e+03 1.618971714623118351e+04 -1.765532870171556351e+04
8.728784014564848621e+04 4.006354640754126740e+04 -4.767509537822546554e+04
-4.659307650904754041e+02 1.204658231503033676e+04 -1.619137328730133595e+04
1.100358857530034811e+03 1.414285280775335559e+04 -1.674501894471748892e+04
4.226509580915001607e+03 1.458777760365132417e+04 -1.502237653590484115e+04
-1.097924303136581784e+03 1.433113038870614764e+04 -1.679693264165853179e+04
-5.273905733022361346e+02 1.498756431605090620e+04 -1.690646363373985514e+04
-3.918790981223473864e+03 1.611513041452012840e+04 -1.581531180142905032e+04
-3.844578978643312894e+03 1.518913827353535453e+04 -1.752184145853521841e+04
-2.184702832421146013e+04 -9.032332603353299419e+03 -1.798332850218553358e+04
-1.130529966706153004e+02 1.427059533055157954e+04 -1.625549646157715870e+04
-2.171737599086521186e+03 1.540644241837340633e+04 -1.635495834954022394e+04
-2.783783114640443728e+03 1.448334870980481537e+04 -1.718082963662215843e+04
-3.941549363129590802e+03 1.383891658001274845e+04 -2.004396648503197139e+04
-2.834640017658551642e+03 1.207886461242662881e+04 -1.565711000456630973e+04
-1.867536156697690785e+03 1.299585600337576761e+04 -1.762479213570582579e+04
-2.460633568730090246e+03 1.446148529297681307e+04 -1.682646119829565941e+04
-5.049581575034750131e+03 1.879850723284398919e+04 -1.934404277471590103e+04
-2.082569890574872261e+03 1.591540302150628486e+04 -1.602410191981549724e+04
-6.964229893586641538e+02 1.375005917579736524e+04 -1.727089964664953004e+04
-1.414318228987087878e+03 1.426688001435501792e+04 -1.531310922364709950e+04
6.030120251326023208e+03 8.348681278888212546e+03 -1.514196704206875438e+04
-1.001363371168452886e+03 1.370926682098421952e+04 -1.663286362198369170e+04
5.114705609157211438e+04 2.052746546755639065e+04 -4.238167480663547030e+04
-2.055970541761705135e+03 1.490925380739695538e+04 -1.643113887146445632e+04
-2.791982967987788470e+03 1.532197176346079505e+04 -1.708233564509895223e+04
4.435593832124609435e+03 1.400759351450287249e+04 -1.838132038210751489e+04
-1.151868539208726816e+03 1.443483443495096435e+04 -1.610425972355707199e+04
-2.983118238178728916e+03 1.502394038716276009e+04 -1.697851871787039272e+04
-1.082574558635760695e+02 1.392842791754861173e+04 -1.736210349804077850e+04
-7.965745042879175344e+02 1.357762818035163764e+04 -1.756648837806925076e+04
-2.417948233359693768e+04 1.008580167802196593e+04 -1.560073091338836275e+04
-1.318431900185192490e+03 1.376180594381958872e+04 -1.562280235911351156e+04
-3.648586728946388575e+03 1.359635843024658607e+04 -1.688648683711016201e+04
-1.764026213384699076e+03 1.373237982213765099e+04 -1.751800787916930494e+04
-2.396073412445485246e+03 1.527949970766975093e+04 -1.616481681855091665e+04
-1.010212922958197169e+03 1.927173072228399542e+04 -1.525183079664694378e+04
-4.631210967319006159e+03 1.832489332111037584e+04 -1.457271425337915207e+04
2.588038629011332432e+03 1.299586252688114109e+04 -1.719522495875718596e+04
-2.573706620490263958e+03 1.560559184192302382e+04 -1.617639057738030169e+04
-1.373672597100317034e+03 1.524849726065354298e+04 -1.596642342327197002e+04
2.257841908087128104e+03 1.196299680953212919e+04 -1.617791189742628012e+04
-5.453326864738088489e+02 1.445747908581003867e+04 -1.597093862783247096e+04
-1.335394403561269883e+03 1.410749549899305384e+04 -1.764938448750873431e+04
2.126463782147057486e+02 1.416350246279909879e+04 -1.567868401754653860e+04
-1.866807287940909873e+03 1.125102403853338546e+04 -1.568516292123158019e+04
3.709104680458888470e+04 1.690653533815242918e+04 -1.692941731357028038e+04
9.425897134130804261e+03 1.508795801738702721e+04 -1.952277875935782504e+04
4.525379699346611233e+03 2.324807300423585184e+04 -1.979089534891456060e+04
-7.425769880072465639e+03 8.302861486871395755e+03 -1.737213138090975553e+04
-2.658128430787422076e+03 1.386260120424816159e+04 -1.417958314949691885e+04
5.656723161938333533e+02 1.701848762552975313e+04 -1.627187779423583743e+04
-1.588601808126172159e+02 1.362420170773807877e+04 -1.643577149210363496e+04
-1.141498663634089098e+03 1.581425695686285871e+04 -1.557589362850480939e+04
-1.435579151096070746e+03 1.388366692787676402e+04 -1.701440533779379257e+04
-3.661682490375340876e+03 1.615779004434343551e+04 -1.615087835451247884e+04
-6.964377390897346231e+03 1.462780001433862708e+04 -1.793771235937618258e+04
-2.073588097858450965e+03 1.445474359696528882e+04 -1.681799899526579975e+04
-2.476309753289079254e+03 1.479705021479304378e+04 -1.689352431632148364e+04
-6.038772451123422798e+03 1.499748565047180091e+04 -1.589035075079654780e+04
-9.666121591291644108e+02 1.399666438694334283e+04 -1.701202964433622401e+04
-1.703727457104571158e+03 1.390784378953568194e+04 -1.579644020095414453e+04
-2.432100694124093479e+03 1.413604121196317465e+04 -1.382303263857286765e+04
8.137726422135835946e+01 1.422823250565632952e+04 -1.629446162228366484e+04
-1.774751350165445047e+03 1.117614949760479794e+04 -1.657085712773729392e+04
-1.073897072150798704e+04 1.968113346864779669e+04 -7.541318637664326161e+03
-7.783873491366534836e+02 1.269707356810687634e+04 -1.826545386805706949e+04
-5.450785097423660773e+03 1.559851923850681123e+04 -1.192923456678954790e+04
-3.642484733443596724e+03 1.335371997881141033e+04 -1.735580089310579206e+04
-5.792708748493191706e+02 1.184550595780029471e+04 -1.683740445564751280e+04
-1.458886646680073227e+03 1.410976944482204271e+04 -1.617426302227708948e+04
-2.225528393769067861e+03 1.444848779804119658e+04 -1.709395157836532235e+04
3.687203500919712837e+02 1.680885971855727257e+04 -1.651513035763533117e+04
-4.103740466488296079e+03 1.574655625246348609e+04 -1.581232770075850931e+04
-8.178220677912473491e+01 1.217464301320434970e+04 -1.759929199293154670e+04
-1.726137014904542639e+03 1.179767528813208446e+04 -1.832636354642972583e+04
-9.913063692309154931e+02 1.199616130075394176e+04 -1.802687768494636839e+04
-2.411502457537411829e+03 1.408019773654283745e+04 -1.493438437359687487e+04
-1.478348898419882289e+03 1.406026035030990352e+04 -1.717277353872776803e+04
-8.135583048036449327e+03 9.937774832741486534e+03 -1.604748746353489150e+04
-1.816668907650119763e+03 1.330510652792373912e+04 -1.680097000677952747e+04
-3.738051127073581483e+03 1.650568382261300940e+04 -1.716356736765115056e+04
-1.134397990513729383e+03 1.360541559545440032e+04 -1.623796301110913009e+04
-5.545462284407612060e+03 8.850210518121504720e+03 -1.811830514298134221e+04
-2.109934947785222448e+03 1.465344973979718270e+04 -1.672195624294975278e+04
-2.062972026204386111e+03 1.571985873867866212e+04 -1.594110612360714185e+04
-1.834212773283416027e+03 1.302991777674902369e+04 -1.740110971785487345e+04
-1.432680581115751011e+03 1.385449346493005396e+04 -1.714715687849173264e+04
-1.408602619478557699e+03 1.497910297000550963e+04 -1.597968295306952496e+04
-3.028065171461031696e+03 1.539129110806570316e+04 -1.637421075043003111e+04
-2.825108075759025724e+03 1.628296781096195991e+04 -1.618420752057875507e+04
-1.338160942714424209e+03 1.446641123721373879e+04 -1.648487893741644075e+04
-4.222712684057912156e+03 1.068137685944757686e+04 -2.218809785735024343e+04
2.967841214139899876e+03 2.164597742689714869e+04 -1.501290192049027064e+04
-6.620408751652748833e+02 1.389486534305787791e+04 -1.649219293758130880e+04
-1.042748221072170600e+04 1.854815618994641773e+04 -1.126108197595593083e+04
5.187854399912501322e+03 1.443419129293021251e+04 -1.784968711075633473e+04
-2.967242157924801631e+03 1.216066145631117070e+04 -1.870031305494441767e+04
-2.002079765427896291e+03 1.563478601432183859e+04 -1.625372886420834948e+04
-1.359979651236227483e+03 1.388517796843747965e+04 -1.716102483657657285e+04
-1.209508462730189649e+03 1.600346000961928621e+04 -1.604934463264595979e+04
8.129114664363872180e+03 6.671936155221257650e+04 1.893134302784741158e+04
-1.751941169480808185e+03 1.430518396559080429e+04 -1.681071402272152045e+04
-1.524018494915872566e+02 1.297104548924937262e+04 -1.628305795690108789e+04
-1.139598711287239894e+03 1.159083168234926234e+04 -1.750801597150469024e+04
1.605844238409725904e+02 1.389215439604038147e+04 -1.614702195501113056e+04
-3.389944564762450227e+03 1.389995566785636220e+04 -1.714443791503404282e+04
-2.081940190982831155e+03 1.522628084560983552e+04 -1.621278643898415976e+04
-3.038161412854053651e+03 1.544542425808280132e+04 -1.684957867857311430e+04
-2.729009756569524143e+03 6.678603116543185024e+03 -1.868459530544454174e+04
-2.030080612614279516e+03 1.468945844819676495e+04 -1.650930553778795729e+04
-1.025974768367324486e+03 1.460936344277782518e+04 -1.588915162277538730e+04
-1.623285426258944653e+03 1.505196102461571718e+04 -1.718984431784262051e+04
-1.008713523528917722e+04 4.716571744195231986e+03 -1.769735812153267034e+04
-2.275812562079874624e+03 1.489137166671520390e+04 -1.642258123222140057e+04
6.936219534337061532e+02 1.377473503090335362e+04 -1.633471116789641565e+04
-4.732377119107070939e+03 1.583575922261887354e+04 -1.552714081109543986e+04
5.465581783638731395e+02 1.407102016882623684e+04 -1.704595449423052924e+04
-2.228886023976963770e+03 1.426287736289257737e+04 -1.810719314744776420e+04
1.369804989435575635e+02 1.254370883468342618e+04 -1.597927383107667447e+04
-1.139869307015760342e+03 1.521896926453124979e+04 -1.569604810536574769e+04
-3.196109701330418829e+03 6.835613836763971449e+03 -2.104450992421239425e+04
-1.173032766597701084e+03 1.430110457031997612e+04 -1.585409477153622174e+04
2.787117888667106308e+04 2.918289713727559138e+04 -8.963116403809321127e+03
-1.467633677904268779e+03 1.381063937311144400e+04 -1.708095567461027895e+04
-2.934909359181549917e+03 1.497585833349780660e+04 -1.654929835678536983e+04
-2.522173921773111033e+03 1.489763877691496600e+04 -1.520675899797880265e+04
-4.712514666453508653e+03 1.504859034905311819e+04 -1.786227986534441152e+04
6.627759362742549456e+02 1.220424455893330014e+04 -1.694456238221147214e+04
-2.576402278588805530e+03 1.569394180747686005e+04 -1.667980424856135141e+04
-2.158367863258559737e+03 1.454604396658529731e+04 -1.678606744900887497e+04
3.600088473708853485e+02 1.236748956606980391e+04 -1.687314671320502748e+04
-9.122160171296686713e+02 1.435147861143080263e+04 -1.620533098778588464e+04
-2.739423756438006421e+03 1.506595327640213691e+04 -1.728359272782394692e+04
-7.755566538086029595e+02 1.439306345354065343e+04 -1.661771255526438108e+04
-1.519824889932673159e+03 1.498564118225332277e+04 -1.646661855169000410e+04
6.096162777136396471e+02 1.540386446191585128e+04 -1.668475439420677867e+04
-1.063973766507037226e+03 1.288740641997710554e+04 -1.594294531384333095e+04
-1.054193845481897256e+02 1.276847750116766838e+04 -1.659268799643392049e+04
-4.199119245262188088e+03 1.608739693807886579e+04 -1.845614236183642788e+04
-5.002720377966492379e+03 1.544728250672275317e+04 -2.059584120780144076e+04
-2.101432568445819470e+03 1.419261360335152312e+04 -1.518414812901701407e+04
3.684683498949919795e+03 1.513932790234651657e+04 -1.755355661193667765e+04
-1.177866011998630711e+03 1.481292276760413188e+04 -1.597607997749734568e+04
-7.622694019836233110e+02 1.349711900745333514e+04 -1.702408949561434201e+04
-2.806090264010108513e+03 1.553474270443468595e+04 -1.479134906520730328e+04
-1.096055333598072139e+03 1.268332797372715140e+04 -1.694711385184059327e+04
-2.441961960276727041e+03 1.489762066938165481e+04 -1.817383405641070567e+04
-1.072660803494205538e+03 1.482244334566827638e+04 -1.591165770628604514e+04
-9.790354731905848666e+02 1.389707708328726039e+04 -1.719896490136002103e+04
-1.150912034382318780e+03 1.427718687062004574e+04 -1.647399339887131282e+04
-1.035028678678266260e+03 1.381588297154704196e+04 -1.664899939472850383e+04
-3.272957936211743800e+03 1.517752549801357600e+04 -1.633602092352895852e+04
-3.077915245702239190e+03 1.494515205151360897e+04 -1.652680392534657585e+04
1.375364128155202252e+03 1.242359410459691026e+04 -1.681537451311598852e+04
-2.007420157529657899e+03 1.487691192217890602e+04 -1.623596969763884772e+04
-1.496314065573337757e+03 1.372070994589387192e+04 -1.693510340398209155e+04
-1.726976270820133777e+03 1.559880031022628827e+04 -1.736463142104567305e+04
-1.313694823300328153e+03 1.351453999353316794e+04 -1.717296717903777608e+04
-2.306402812793496196e+03 1.491230044116017416e+04 -1.688214395383284864e+04
3.695335231014591500e+03 1.323131787659813563e+04 1.107594621039720914e+04
-2.173981047738140660e+03 1.516758369989210405e+04 -1.613811415582088011e+04
-4.090638520401381584e+01 1.598666671241363292e+04 -1.821005228647941840e+04
-5.306499580349766347e+02 1.428178502806997130e+04 -1.674104678966215943e+04
-5.127366601502363892e+02 1.581878451858371409e+04 -1.788502713583687364e+04
-4.563701549427318241e+04 4.138473343623166147e+04 -8.354030516095354687e+04
-1.232410568934599723e+03 1.379286042063631248e+04 -1.679583999415098515e+04
-1.837132687614810266e+03 1.525521945018107181e+04 -1.612608203735413736e+04
-1.093976375539262335e+03 1.377665359884207101e+04 -1.673650935129462232e+04
-1.102873310595659632e+03 1.359830195012475451e+04 -1.742658812202320769e+04
-1.502619325586791319e+03 1.466166029171118498e+04 -1.605396891644773859e+04
9.472935570935788974e+01 1.277955860152154673e+04 -1.709902616132586991e+04
-8.342882064732319805e+02 1.531559639006805446e+04 -1.665837677130861630e+04
-2.386988787413734372e+03 1.551051044253074360e+04 -1.579736789592428613e+04
-1.323156008271958171e+03 1.236659427162934116e+04 -1.627804865880280704e+04
-3.661321388837661743e+02 1.385687987438677374e+04 -1.708473292088412563e+04
-1.582392628110885198e+03 1.451545920019043660e+04 -1.703114434113651077e+04
-6.324219203025241768e+03 1.906498862337840910e+04 -1.904968776315158902e+04
-1.765939402580408341e+03 1.449084775811620784e+04 -1.669181541837752957e+04
6.390712774118901507e+03 1.325198118930151213e+04 -2.365798085573644858e+04
-2.348751031748146943e+03 1.503039100958050039e+04 -1.672011413110388457e+04
-1.491520444776536806e+03 1.442624544405282177e+04 -1.641965445096553594e+04
-1.897455533015095352e+04 2.249304435773737714e+04 -1.934571410819760422e+04
3.189979929077182078e+03 2.194934174262990200e+04 -1.178858734529749927e+04
3.244924839374330986e+03 9.318182932638417697e+03 -1.502672814016600387e+04
-8.213142862073214019e+02 1.345261335519945715e+04 -1.771058055589226205e+04
-2.876532342245198379e+03 1.498399402471920803e+04 -1.677471265976324139e+04
-8.560243464743005006e+02 1.514630092092881932e+04 -1.547987034386248706e+04
-7.323835840199764107e+02 1.436598639388158881e+04 -1.717656266165371198e+04
-1.213814528009605510e+03 1.424498750204055250e+04 -1.646974743770631540e+04
-1.221014586478034062e+03 1.362445126317116592e+04 -1.575017853392193138e+04
-1.463172737141798052e+03 1.429462691131324391e+04 -1.674783492096916598e+04
-3.048419857187217076e+03 1.594647765578636245e+04 -1.694652198661878356e+04
-1.628016522626561709e+03 1.486242038298835723e+04 -1.627423023407929759e+04
-2.372920067661662870e+03 1.578696814019528756e+04 -1.572605612424406354e+04
-1.887629583235154769e+03 1.497464260179652774e+04 -1.672748261365879443e+04
-4.850655780013563344e+03 1.308935919364736037e+04 -1.869324251166709291e+04
-6.839347429964484945e+03 1.673855155762394861e+04 -1.619922440922780152e+04
-1.119119950839397461e+03 1.426400728490274014e+04 -1.692790085231134071e+04
-1.038684768913088305e+02 1.554873698664674339e+04 -1.589031491859367998e+04
-1.807714763395456885e+03 1.471832779511585795e+04 -1.670681307317228493e+04
4.453077412425859620e+03 1.288325984173321194e+04 -1.895362288095772965e+04
-9.710517869640202662e+02 1.434420502766849495e+04 -1.694724124397332707e+04
-6.185494898816157274e+02 1.689931200610995074e+04 -9.710547655857331847e+03
-3.297577468096476878e+03 1.488758475692503453e+04 -1.690545802498267585e+04
-1.985641308051980332e+03 1.589307983317241997e+04 -1.638984896980964913e+04
-2.104849553439176361e+03 1.482723265559332867e+04 -1.648031208955226975e+04
-1.527590936003387924e+03 1.446063767052453659e+04 -1.645348348336754862e+04
-9.798727953149223140e+02 1.415545319067893615e+04 -1.645833199077055178e+04
-2.166892719681943618e+03 1.450339540752252105e+04 -1.670395471730089776e+04
-1.420645964885846979e+03 1.474477561565521864e+04 -1.595484947803003888e+04
-1.160278676957042080e+04 1.515079662621035641e+04 -1.854870844615815076e+04
-1.941031291775491809e+03 1.682538465974127030e+04 -1.471270258359514082e+04
-2.075311809704048301e+03 1.509529418548541980e+04 -1.642124210538835541e+04
-2.304751924383082496e+03 1.530487228716365098e+04 -1.633450658078325250e+04
-9.672818072128247877e+02 1.456673886478305030e+04 -1.610936052535560884e+04
-1.163663885321606358e+03 1.381891713226120555e+04 -1.667482000738905481e+04
4.355270443930628062e+03 1.241376514618970214e+04 -1.523262781632477891e+04
-2.191213375410779918e+03 1.457431203153659408e+04 -1.672012864470710338e+04
-1.913803415474032477e+02 1.218606196730204647e+04 -1.691635421837117610e+04
-1.949530706653487641e+03 1.449751668657204755e+04 -1.692874570588074857e+04
-1.399610308543060000e+03 1.391669282798883432e+04 -1.716416537450048054e+04
-2.030180760393242508e+03 1.485721376944447547e+04 -1.667791104820766122e+04
1.072691664626039710e+04 1.213212575079643648e+04 -3.870515127043017401e+03
-1.835658715015803864e+03 1.384587948905880330e+04 -1.719783183093109619e+04
-1.162662970120126147e+03 1.401987654494462367e+04 -1.660716132403665688e+04
1.356818613868256080e+03 1.550807500263045586e+04 -1.451903826334549740e+04
-8.767968693800460187e+02 1.479020303589710056e+04 -1.591615431285819250e+04
-2.040820353247546564e+03 1.481491624929398495e+04 -1.632065691538529063e+04
-1.421227603932017701e+03 1.448883744762724382e+04 -1.641278554531326517e+04
-8.300490491997011304e+02 1.328345036852441990e+04 -1.654028320229464225e+04
1.711462304239600780e+04 -7.487561846336549934e+03 -9.607712793858413352e+04
-2.166269985004777482e+03 1.472189166698968620e+04 -1.639292589522418712e+04
-1.464201901930305212e+03 1.457858448028727616e+04 -1.617841158856419679e+04
-1.087138286279074691e+03 1.493210922446285076e+04 -1.616576280632332600e+04
-5.506565629927521854e+01 1.311943170856659344e+04 -1.743413900594227016e+04
2.901223263514693826e+03 1.422552088985270166e+04 -1.547006463803726365e+04
-1.760002765206162621e+03 1.480863702941123302e+04 -1.711486961201558370e+04
-2.303896858083138795e+03 1.580063770395781103e+04 -1.806914842419701381e+04
-2.631028694925284526e+03 1.571111382709885402e+04 -1.746417669266136727e+04
-2.663293063426581284e+03 1.498385729259691107e+04 -1.612667001792610790e+04
-1.659092680266637444e+03 1.430369572922585394e+04 -1.693663428441088035e+04
-1.653095080961358235e+03 1.431694867323066501e+04 -1.619395719134651881e+04
-1.317954188714170641e+03 1.302617710573185286e+04 -1.822275240595517971e+04
-6.167869574137371274e+02 1.358056819086498035e+04 -1.681490023464204569e+04
