-8.181436316883137624e+04 4.122758726642324291e+03 -1.530579355237060008e+04
4.946324835328231529e+03 9.285373873536886094e+03 -1.725052215292934488e+04
-2.504101893160925101e+03 1.454636934722510341e+04 -1.784987874809933419e+04
8.500135713063729781e+03 9.074616675273702640e+03 -1.658039543205506561e+04
-2.608554771083823653e+03 1.439488315800190321e+04 -1.715445884900878809e+04
9.363022320903386571e+03 3.826683943409764197e+03 -1.766642437039819197e+04
-6.813953745895235625e+04 2.267525082371474491e+04 -1.845080093685328029e+04
8.681699766343986994e+03 -1.256006604347213215e+04 -1.390602283001465184e+04
-2.731119960290079234e+03 1.773985686033991078e+04 -1.577165676679424178e+04
-4.560376497235351962e+03 7.246849345096284196e+03 -1.992936276995069420e+04
-5.426759174945217819e+04 4.453594043366852020e+03 -1.759422324559574554e+04
-5.718149291408446516e+03 7.221761101003107797e+03 -1.847570330478242977e+04
-3.675941647503486365e+03 1.621810293015620300e+04 -1.602531769752863875e+04
-1.208259838312691318e+04 9.384200248007484333e+03 -1.672178071785965585e+04
-1.716319963760238807e+03 1.509480530008226560e+04 -1.630378663670906644e+04
2.034080293828990307e+03 1.643368337217528824e+04 -1.745946695981164885e+04
-5.957323320617535956e+01 3.667253522225754750e+03 -1.637921017517010296e+04
-3.617882725114353889e+03 1.777565294414508026e+04 -1.612569312162036113e+04
6.470643842664362637e+02 1.507952907118649273e+04 -1.502046020254409450e+04
2.216208492598178964e+03 7.208321698725727401e+03 -1.702842986362317606e+04
-2.438869643542267568e+03 1.456720942818669391e+04 -1.685867973209056436e+04
-1.389000636217843521e+03 1.315961904876461085e+04 -1.693337009511420547e+04
3.217824528186896714e+03 9.119903286657521676e+03 -1.806486600976995760e+04
-1.332326471569260320e+03 1.586637260685032197e+04 -1.610050084539434829e+04
-2.909532846892792077e+04 2.875419842585871811e+04 -1.452146305928681431e+04
4.926446241885664108e+02 1.227394216404103281e+04 -1.715092993800632757e+04
-1.357459799545400756e+03 1.446720951675397373e+04 -1.624210857213425516e+04
-7.906024895308700798e+04 6.802678204240123705e+03 -1.297615934009051489e+04
1.216446902286701970e+03 8.453540438196207106e+03 -1.877130876955237181e+04
-4.825511333812846715e+04 5.395548300000132258e+03 -1.580563282033934411e+04
-7.776865189841856773e+04 5.554044400674169083e+03 -1.357271373751606734e+04
-1.108531190441609397e+04 1.383168357292134715e+04 -1.694809300505742794e+04
3.195384201338465573e+03 1.814106511310637507e+04 -1.895821785824543258e+04
-9.067736450330257867e+03 2.607399329483275869e+04 -2.295146126616018228e+04
-1.724398163428288626e+03 1.125280675360310670e+04 -1.694621452357305679e+04
-3.260365062521792424e+03 1.368207880642627242e+04 -1.797758931711897458e+04
-5.435203969074152155e+03 1.945420491600693640e+04 -1.469543038457475086e+04
-1.660044400544621567e+03 1.423064679986000192e+04 -1.932280327328058047e+04
-2.998857478607725716e+04 -4.652006084070833458e+04 -1.806079963439143103e+04
-1.900626341996535302e+03 1.477278870863481643e+04 -1.770931206992816078e+04
-2.694514027406175046e+03 1.542310714155006281e+04 -1.657692306076717432e+04
3.511744628548113269e+03 1.185276452939562296e+04 -1.726481379655751880e+04
2.902089173831902008e+04 -1.926249384425708558e+05 -6.090306254213932107e+02
1.262246083714569795e+04 5.187949945605034827e+02 -1.598085617320557139e+04
-4.887810159995686263e+03 2.139944063892239137e+04 -1.312351939067511012e+04
-4.678358576709649697e+01 7.922046519585503120e+03 -1.408036393154638608e+04
-7.940859049609077920e+04 7.305632763182215967e+03 -1.310957493804104524e+04
-1.224714743295475955e+03 1.512611555877064529e+04 -1.699647444337275738e+04
-1.697555120360685123e+03 1.079738560579792647e+04 -1.683402296286721685e+04
-3.579155421567440385e+02 1.185487656385109767e+04 -1.748636591880704509e+04
3.106114807471334061e+01 2.311068987035317332e+04 -2.195872603469951719e+04
-1.404144876670405893e+02 1.830092922548680508e+04 -1.614119042670831004e+04
9.586061700162559873e+02 1.654523365215397280e+04 -1.731795853578385868e+04
-2.575361125233662278e+03 1.396764096555124524e+04 -8.671427270586564191e+03
-5.737354859517826299e+03 3.634851355936922118e+03 -1.927560299723955177e+04
-2.605742295130968159e+03 1.535957797271656091e+04 -1.674766419086685710e+04
-1.495266055783183838e+05 -9.194096019931737828e+03 -1.789332662210073249e+04
2.320026524988669735e+03 1.528179044847141449e+04 -1.643693111629128180e+04
-5.602240129855893429e+03 1.374454506066978320e+04 -1.674777284118529860e+04
-1.345743013567642947e+03 1.524090334667987918e+04 -1.608240533801989841e+04
-1.956760459683015597e+03 1.657414758181113211e+04 -1.643158921743459723e+04
7.291368745644092087e+03 1.522454852999596005e+04 -1.677437047635977797e+04
-2.727135267454719724e+03 1.695587895687896162e+04 -1.590570129737218303e+04
-1.599040100580616809e+03 1.328496241577157161e+04 -1.504973441272537639e+04
8.566346314515919858e+02 1.601470309276228545e+04 -1.662878908149920971e+04
5.172479843643961431e+03 1.264700702730432931e+04 -1.443007047681098993e+04
-1.211499201207577244e+03 1.325184059034207530e+04 -1.786059518270437184e+04
-2.409271521797705191e+03 1.515840954184812836e+04 -1.702901094130713318e+04
4.791253258404288999e+02 1.444105542750197674e+04 -1.627869453524854725e+04
-3.338682785749520554e+04 -3.794176408870403247e+04 -2.302020546961589207e+04
-3.358409994344773622e+03 1.278653885154236923e+04 -1.781004360842033202e+04
4.976733923229309084e+02 1.333288191933408962e+04 -1.548208373843274603e+04
-7.911418519989954075e+04 5.737210494345651568e+03 -1.295345419573146319e+04
-1.328432077001865309e+03 1.436398747558516152e+04 -1.717376777579584814e+04
2.173023982454531506e+03 2.040605012100821114e+04 -1.418566156582438089e+04
-2.104136940554715693e+03 1.239593755930226507e+04 -1.750203257469669552e+04
-9.804229266618118572e+02 3.980802478883225376e+03 -1.779690330071895733e+04
-5.610461420258670842e+04 9.301503617841002779e+03 -1.807551491820563024e+04
-1.513198200057388760e+02 1.380612511505571092e+04 -1.657237164748600844e+04
-1.653213661360529613e+03 1.564495768119808599e+04 -1.608175878644120166e+04
-1.930648110541025062e+02 9.183692357261666984e+03 -2.076605324536257103e+04
-6.118473455441896931e+02 1.473631096659341893e+04 -1.721967509775478902e+04
-2.922167672647067775e+03 1.928259445643729850e+04 -1.860141487480582146e+04
9.049517698279154274e+02 1.489800736053669971e+04 -1.761333773566862146e+04
1.422257034634490083e+03 1.265200706790056938e+04 -1.756794104580203930e+04
5.789174317195931962e+01 2.146345519688330751e+04 -1.734504272488173228e+04
-2.696151122112127268e+03 1.543990754190510961e+04 -1.705668149943098615e+04
1.178143555272440381e+03 1.405174259330346285e+04 -1.565219847896339161e+04
2.605886931340700357e+03 1.573231537449110510e+04 -1.375645684289046585e+04
-2.871052968499744793e+02 1.390342971757572559e+04 -1.687631578859566434e+04
-2.850954454147663455e+03 1.255744012489226225e+04 -1.223835319052857631e+04
-2.975553290254570311e+04 -6.909371036929875845e+04 -2.298511725678354560e+04
-1.743180269398031214e+03 1.335639604562918794e+04 -1.730038854028634523e+04
-2.806749331846194764e+03 1.419296204615461465e+04 -1.757189482552730988e+04
-7.108642547508570715e+02 1.395843329936297960e+04 -1.642012608967210326e+04
5.319181417669444272e+03 1.369016074001000015e+04 -2.039160646349726812e+04
-1.685884761790192215e+03 1.762262824911032658e+04 -1.516006415886763534e+04
-4.975347744482360213e+03 1.673835044834984365e+04 -1.687332791377353351e+04
-1.810030956817087599e+03 1.818962511783750233e+04 -1.450728405776556974e+04
-2.537077758184152117e+03 1.030070740403267882e+04 -1.892886468301825516e+04
8.743411141630544989e+02 1.475657828456699463e+04 -1.741269867819367209e+04
-9.810070379536630298e+02 2.497781554135626357e+04 -1.507936757032337846e+04
-3.763541821953191970e+02 1.364874671869638587e+04 -1.676136535123893555e+04
2.516761751726670354e+03 1.367330385671088152e+04 -1.535560001242557155e+04
1.019766094542142855e+04 9.166909094592539986e+03 -1.828818587610629038e+04
1.265222881251867193e+02 1.154948533696212144e+04 -1.725565006026486299e+04
-6.505515799202230482e+02 1.171506990875421252e+04 -2.120322355681612316e+04
-5.943685800666313298e+03 1.279168261785761024e+04 -1.773604444385099487e+04
-1.289995578519916307e+03 1.426062168535576347e+04 -1.673194107158244151e+04
-3.731959623429110798e+04 -1.992514206931699300e+04 -3.350505327492907963e+04
1.628398059054814894e+03 1.541308803751210871e+04 -1.534173235806572302e+04
-3.301350250984319246e+02 1.339572130881259909e+04 -1.629427093455685099e+04
-5.065583804861655153e+03 1.556966967929226303e+04 -1.653625244303239742e+04
-2.293340077303682847e+03 1.524764431691301797e+04 -1.696669243714196637e+04
7.444106015633150264e+02 1.379493713035057954e+04 -1.740117107300065254e+04
-1.866755575106933975e+03 1.039138907378248223e+04 -1.390578344956019646e+04
-1.057947726500162617e+03 1.422952408523711529e+04 -1.494247317481902428e+04
1.162663113024747327e+04 -7.068793762464667088e+04 -3.374587039571105561e+04
1.754206565405143010e+02 1.423730626654956541e+04 -1.779295656621008675e+04
-3.916008627990895548e+03 1.657970580511570006e+04 -1.783873692834665781e+04
7.458218853512645410e+02 1.394379442736692363e+04 -2.037411651813437857e+04
-9.784568095057561550e+02 1.458291093425523832e+04 -1.513479304676480024e+04
-1.568524260298502213e+03 1.496776467665636665e+04 -1.708134071057534311e+04
-3.294171099108129965e+03 1.334886814663818404e+04 -1.666527260615265914e+04
-1.435573637140759274e+03 1.272332510709196504e+04 -1.471674081208326061e+04
-7.262221888541922681e+02 1.675447089186660014e+04 -1.552656652876160115e+04
-1.154542534577217339e+04 1.352018812222583438e+04 -1.377952607106890900e+04
1.916132882496515776e+03 1.394453400522255470e+04 -1.572338236738253727e+04
-8.593300019199386952e+02 1.475848914743129353e+04 -1.616430030433000502e+04
-1.913422708796914321e+03 1.523555602917710166e+04 -1.869863929482033927e+04
-1.656242422308257574e+03 1.408880694425346155e+04 -1.553275488301567566e+04
-2.094673605544005113e+03 1.450907603490556176e+04 -1.326290868991333264e+04
-9.337842311050204444e+03 1.454565565008815065e+04 -1.589138987828703102e+04
-4.204193943384334489e+03 1.892851227222804300e+04 -1.687102581145321892e+04
-3.008380085870663152e+03 2.810709589934589303e+02 -1.855054161017947263e+04
9.408813129248093901e+03 9.074195188971354582e+03 -3.747286283624137286e+04
-3.041883425812774931e+03 7.840249773323756926e+03 -1.847551650553068612e+04
-1.573055245477180506e+04 1.735689578923767840e+04 -1.922670892728469335e+04
-1.104387632435619025e+03 1.163217517991327804e+04 -1.714380947776522225e+04
-6.735452735367243804e+01 1.532769652245998986e+04 -1.779454545452699676e+04
-1.761461013093571637e+03 1.504716694012246990e+04 -1.652229044225949110e+04
-2.995277328066811970e+04 -2.807865197434809670e+04 -2.066606844997195367e+04
-1.042569475038088285e+03 1.525697271199104944e+04 -1.556442323044594377e+04
-3.039884914030122218e+03 1.576509657321795748e+04 -1.477765239003218812e+04
2.388762656056333981e+03 7.258452697860729131e+03 -1.681274127272896658e+04
4.317964170996280700e+03 1.242695089736313457e+04 -1.862113795873216441e+04
-2.946425488627967752e+03 1.578177333621112666e+04 -1.511454036058757447e+04
5.196528066317230696e+03 1.462211578911314427e+04 -1.575327111225335466e+04
-2.900904259609274595e+04 -4.833037481631150877e+04 -1.974748903972881089e+04
-2.778745388049214853e+03 1.565831299018669597e+04 -1.709295022843319748e+04
-2.146988018952397397e+03 1.575031999039630500e+04 -1.538725631090634852e+04
-3.537164192511849251e+03 1.724958377005324292e+04 -1.383289699523808304e+04
-3.996268517813334711e+03 6.316399875200558199e+03 -1.546182024345664649e+04
4.074295879365087785e+03 2.012552782970816406e+04 -1.680107521638229446e+04
9.123726491131851617e+02 2.835046369389340180e+04 -1.603643343773556626e+04
-2.591517347751345824e+03 -8.362432431135405204e+04 -3.086930837425159189e+04
-1.065276061155546358e+03 1.265695577350520762e+04 -1.914141295177428037e+04
3.176986619648215537e+01 1.404978506085648041e+04 -1.702924857685062670e+04
-1.198494070819608169e+03 1.422936260655088699e+04 -1.621054751512533767e+04
-2.591471495295016666e+03 1.536048949977814300e+04 -1.632410891901326067e+04
4.778424371789121778e+02 1.255997265518188215e+04 -1.748496400597325555e+04
-2.851853176509603145e+03 2.008094714980292338e+03 -1.942558691204290517e+04
-2.260624546149832440e+03 1.313658686721373851e+04 -1.912534132119260903e+04
-2.715690756621464971e+03 1.291218919809034014e+04 -1.755477455745653060e+04
-4.618749334307504796e+03 1.596088208377060982e+04 -1.874360797648569132e+04
-1.723732516831405519e+04 5.755341759960770105e+03 -1.787453160693607060e+04
-9.703516170533830518e+03 1.425543366232234257e+04 -1.600197952349976549e+04
6.859121512605186581e+03 1.427043615633913760e+03 -2.201169781891093953e+04
2.634178987626326489e+03 1.164433260378970226e+04 -1.811429285086244272e+04
-3.731149022062651056e+03 1.545608630532481948e+04 -1.705222119206482967e+04
4.558130740928383602e+03 1.352603367267281646e+04 -1.858408363667949743e+04
4.207143093480292919e+03 1.385357547294689903e+04 -1.601713647071113337e+04
-8.426104779354725451e+02 1.048798017584576155e+04 -1.509286690350284880e+04
-1.162757023682712088e+03 1.466282273260830516e+04 -1.664363623409424326e+04
2.192932797954927651e+02 1.400370676460526010e+04 -1.599206222005832933e+04
5.498111470623337027e+02 1.661848193784700197e+04 -1.436537753382708433e+04
-6.717800754650309045e+02 1.318607916663719334e+04 -1.749155577702203664e+04
-2.455859219156292238e+04 1.096788766851061519e+04 -1.862825785046250166e+04
-4.042694773859922179e+02 1.657388149366711878e+04 -1.477559564555900579e+04
8.403582410395891202e+03 1.998630509680304385e+04 -1.428007678853805191e+04
-2.837032491069008302e+03 6.379902955325386756e+03 -1.840331725521315093e+04
-1.680158787132878388e+03 1.499873363813245487e+04 -1.658358169134158015e+04
7.275582814544289931e+02 1.114377138198871216e+04 -1.766065542412867217e+04
-1.857099786556569597e+03 1.414314556911905493e+04 -1.487215814147908168e+04
-1.912454507069885949e+03 1.474139904307306460e+04 -1.745923293151776670e+04
-1.190165747828333906e+03 8.263314302342270821e+03 -1.768740586286125108e+04
-1.430470789644728211e+04 2.316371666290144640e+04 -2.024158314273964425e+04
-1.777917377497472444e+03 1.524672912630841165e+04 -1.730535212160999436e+04
-2.141723318746757286e+03 1.444986805332486801e+04 -1.693223176801167574e+04
-2.110821487862155209e+03 1.819798838281294229e+04 -1.778201398101718587e+04
-5.729631323046698981e+02 2.575520927239715456e+04 -1.994364161531839272e+04
-2.535907139468857167e+03 1.110052755316957519e+04 -1.919242783832976056e+04
-7.420743928244353356e+02 1.374093296670903510e+04 -1.761405358002262074e+04
-2.655691586784697392e+03 1.595054305922779713e+04 -1.682956757620412463e+04
-1.375314597886395859e+03 1.553427649563657178e+04 -1.666295029062310277e+04
-2.181503821053470347e+03 1.375308303593407982e+04 -2.102203387991935961e+04
2.631946434894061895e+02 1.432477127557710446e+04 -1.709390808975735490e+04
1.083706692849836600e+03 -2.674368629333762328e+03 -1.893473339840451808e+04
-2.281111210137654780e+03 1.618961754301043948e+04 -1.648911668057301722e+04
-3.601803332766690801e+03 1.653466752094261028e+04 -1.903811521730144887e+04
-7.096038471021977330e+02 1.515789631720406760e+04 -1.638271595388421338e+04
-2.430862621315827710e+01 1.492752908896238478e+04 -1.559535879128690067e+04
-2.026274117252472024e+03 1.670742108238085711e+04 -1.595521691311118411e+04
-1.289632895862190253e+03 1.424752166546155058e+04 -1.636280486093132458e+04
1.970957815417659049e+03 1.420339115224968737e+04 -1.548350607586989645e+04
-2.039716704541589479e+03 1.469026806414560087e+04 -2.081423108124337523e+04
-3.196715531787453074e+03 1.549619632826564157e+04 -2.189752830911982164e+04
-1.004323411174745502e+03 1.370255286175361834e+04 -1.710897964035934274e+04
-3.001380261487788630e+03 1.612749648825765689e+04 -1.602695749101123329e+04
-3.498559598660425763e+03 1.704293938899553541e+04 -1.510348335596923607e+04
-1.290081676135548150e+03 1.388850135250065614e+04 -1.636477296945614216e+04
-1.658720056307120331e+03 1.402738657626259737e+04 -1.701839556915965659e+04
-1.158604534765396011e+03 1.601148963892187567e+04 -1.694728801580807340e+04
-1.571811525822178965e+03 1.407096045382203010e+04 -1.799412277534838358e+04
-3.403483918611131230e+03 1.456691407007381349e+04 -1.747700757910433094e+04
-5.552583124483229540e+02 1.188621868499049015e+04 -1.851227800540638418e+04
1.982151360542252405e+01 1.501322697467373837e+04 -1.902595023225658224e+04
-1.402266622609172828e+03 1.394414138647099207e+04 -1.652751691277182908e+04
-7.669451440493011205e+02 1.462590633309991063e+04 -1.615469776165724033e+04
2.604350025825331159e+02 1.134731044735789874e+04 -1.633201800788332184e+04
-2.352191007162158712e+03 1.432835370333195533e+04 -1.338850994243733294e+04
-1.507068406080550403e+03 1.466001750652690680e+04 -1.526719164094763255e+04
-1.450206637539550456e+03 1.547669872905355442e+04 -1.622052094979868707e+04
-2.911269331776185936e+03 1.352439769351941322e+04 -1.481221371641756014e+04
-1.266207643263168848e+03 1.901586635327567637e+04 -1.993074802557942894e+04
-1.658647617681751171e+03 1.570962576398323472e+04 -1.636929205045039453e+04
-8.457154309652632946e+02 1.431028644951111710e+04 -1.649482959922749069e+04
-8.656986182728403492e+02 1.503020495901645700e+04 -1.569370548101349596e+04
-1.216465856278726278e+05 1.079186560615338567e+04 -1.416979388525368086e+04
-1.280034877355703884e+03 1.476563550869726714e+04 -1.654944099930414086e+04
-4.994255331696459507e+03 1.602270969553279792e+04 -1.384078426166261306e+04
-3.432067555413127593e+03 1.874485694368585609e+04 -1.396018201728295207e+04
-1.860294704395927965e+03 1.495258552652241815e+04 -1.723539760414342163e+04
-9.813326591405225372e+02 1.123116352767650642e+04 -1.372357375358240643e+04
2.724022801292852364e+03 1.159251173809291140e+04 -1.948424823151499004e+04
-5.302482998837772357e+02 1.414012437473220962e+04 -1.641176743897877168e+04
-2.234446644702759386e+03 1.488920584879824855e+04 -1.624398775406734421e+04
-1.287505332672410077e+03 1.448492330445582229e+04 -1.684625244447684236e+04
-2.186234827962030067e+03 1.462708843016803075e+04 -1.959947041382753741e+04
-2.862944131437367560e+03 1.292102766926978802e+04 -1.783044481265650029e+04
-1.012249803439015068e+03 1.502121771662593528e+04 -2.045256655059920377e+04
-1.502968874507644159e+03 1.371543971614096336e+04 -1.573657013827278570e+04
-2.052180599260325380e+03 1.215698970360200838e+04 -1.792252374037949994e+04
-1.601126313035764542e+04 2.595984533003627439e+04 -1.382425775883876122e+04
1.073818625517627083e+02 1.404097698855565250e+04 -1.664590182848064796e+04
-3.070805939565672134e+02 1.428307841006117997e+04 -1.681185287194024568e+04
-3.153552607933285344e+03 1.422641083967129816e+04 -2.000831821578734889e+04
-1.181933112271969094e+03 1.540916302984145841e+04 -1.707847335418740840e+04
-2.954527910039601920e+03 1.072690505380063769e+04 -1.611921396273390201e+04
-1.943893387515332279e+03 1.441503203137733362e+04 -1.629220386851701915e+04
-1.571248627925305072e+03 1.529925955822738433e+04 -1.954878538642540661e+04
-3.240834978249138203e+03 1.517373826011086749e+04 -1.910558499328918333e+04
-4.080687273944807885e+02 1.481851135562492163e+04 -1.652344381216926922e+04
-1.319458203168309183e+03 1.315505821447273593e+04 -1.894021706278181227e+04
-2.832668564893999701e+03 1.533032126917559617e+04 -1.572580513867163427e+04
4.300079008996410266e+03 2.551918544235907393e+04 -1.320058941539526677e+04
3.790629394768875500e+03 7.397843796229018153e+03 -1.437408517495931665e+04
-1.959381121358438804e+03 1.469464082125441928e+04 -1.747469883188274252e+04
-1.442214251316622949e+03 1.345864111952525855e+04 -1.748890964107777108e+04
-1.417106666919895133e+03 1.512345437195661725e+04 -1.689341503144953822e+04
-2.117464870380860702e+03 1.691739955243727309e+04 -1.626669592025125530e+04
-5.644541081889330599e+03 1.285603676082994571e+04 -1.633807197820716283e+04
-3.727766677399873743e+02 1.465603496992136206e+04 -1.656104338883798482e+04
-3.070677208772921949e+04 -2.094659944969034768e+04 -2.054950710608897134e+04
1.605009120768903301e+02 1.639865511515418621e+04 -1.591980773698180201e+04
-3.232926183224582473e+03 9.812238231119323245e+03 -2.013524384020183425e+04
1.198699199610598271e+03 1.211070187917924886e+04 -1.891567967087077704e+04
-1.186503122929986830e+03 1.439725684721160724e+04 -1.795989376753862598e+04
-5.379154427227439555e+03 1.592695648294128296e+04 -1.656859248127234969e+04
-1.967579456621857844e+03 1.463889775901237408e+04 -1.696349634594579038e+04
4.651478431020481366e+03 6.651164703320813715e+03 -1.600718764988787734e+04
8.763330545219396299e+03 7.365275493466824628e+02 -1.416094837471249048e+04
-1.004046244042063904e+03 1.475530037666647513e+04 -1.657352089722751407e+04
-7.904337621893930645e+02 1.305279448056387446e+04 -1.592856539713189159e+04
-3.892737955773825888e+03 1.501467868587074918e+04 -1.494048282750601538e+04
-7.006270576027657626e+03 1.426535440059116263e+04 -1.855921566572210941e+04
-1.989940163026021992e+03 1.669697231507608376e+04 -1.758538338499894962e+04
-2.960217479412581270e+03 1.537730783404220529e+04 -1.627115861001331177e+04
1.408313715803136574e+03 1.443753031337677930e+04 -1.556474629638668557e+04
-8.374478311236543959e+02 1.562183696330052044e+04 -1.617504729772260180e+04
8.756724679023258204e+02 1.476343985321526816e+04 -1.776740648953571872e+04
-2.786810782046441545e+03 1.647213924282977314e+04 -1.622794692728488553e+04
-1.770549427019604627e+04 7.176538466854819490e+03 -1.579511032634988260e+04
-9.698355385208859616e+02 1.702757162837913711e+04 -1.587636158691521996e+04
-1.518827383586456790e+03 1.469028244795497085e+04 -1.585948358171516884e+04
-1.665531090934796566e+03 1.530711630585350576e+04 -1.738069304695867322e+04
2.745574256045536572e+02 1.063106117392661145e+04 -1.854770988287864020e+04
-1.462273099058283606e+03 -1.368518340274312504e+04 -4.866103561210336011e+03
-5.335182693757175230e+02 1.472725462647477434e+04 -1.556778265290566560e+04
1.717079260423959795e+03 1.555083070485707321e+04 -1.547188393789697875e+04
-1.342822463174388304e+03 1.704921458539355081e+04 -1.422698043441693517e+04
-8.937967490496245091e+02 1.479915660565448889e+04 -1.625734082398375722e+04
-8.611804399700278054e+02 1.497403030492132166e+04 -1.664038257177011474e+04
-1.503781472939543164e+03 1.415684861794347307e+04 -1.651769831991992760e+04
-5.107266977742761810e+03 1.431618907976734772e+04 -1.464324565391277247e+04
-1.847901785211010520e+03 1.661367352188474979e+04 -1.536628077443905386e+04
1.129124339098031669e+03 1.433374703510328072e+04 -1.730965065845043500e+04
-1.416904954990708347e+03 1.514641114043517882e+04 -1.784963185550451453e+04
-2.380824166686056287e+03 1.459645825512523515e+04 -1.661311098303658582e+04
-2.040832287320254181e+03 1.406141656951104051e+04 -1.709922512235780232e+04
3.316907142620107152e+03 1.086733262437885605e+04 -2.048751414603701778e+04
-1.008868856473786309e+03 1.384706629139083816e+04 -1.710990693725475649e+04
-2.537563362600129494e+03 1.589608567400459287e+04 -1.711990949977772834e+04
-1.892614275515188638e+03 1.731835353633585692e+04 -1.069667365426915057e+04
-5.760788515350132002e+02 1.342634095542248542e+04 -1.737190136733025793e+04
-1.495242242083756310e+03 1.459650579490856762e+04 -1.677571466712829351e+04
-5.310052459788791566e+03 1.284049723703842028e+04 -1.899996034609197159e+04
1.430164525671269757e+03 1.658576357657003973e+04 -1.362153294566582372e+04
-2.347047197134102589e+03 1.405636894726844730e+04 -1.793460871985268386e+04
-6.944848539896843249e+02 1.321502139910368714e+04 -1.694986224015920016e+04
-2.578504335954817179e+03 1.247688821135302896e+04 -1.626838815414821329e+04
-1.245610695786333054e+03 1.485090761843925429e+04 -1.583670512414608311e+04
-3.436900060420520276e+03 1.641649390093733746e+04 -1.619569954116498593e+04
-2.703573209595577282e+03 1.383145057028624433e+04 -1.612543281314449632e+04
-1.477755212899784965e+03 1.538043127400187041e+04 -1.621496474591780316e+04
5.017875690729933012e+03 1.338964348455026629e+04 -1.454371960319729260e+04
-2.881999284461834122e+03 1.601717915768969760e+04 -1.565133373823589136e+04
-2.412835431857559797e+03 1.315563422504186019e+04 -1.774111558262994731e+04
-2.602804186850267342e+03 1.572948993411975607e+04 -1.690699305967194960e+04
-2.806677507041624722e+03 1.546424117076717084e+04 -1.645303949159660988e+04
-7.172411331694445835e+03 1.761942512244415775e+04 -1.656838949232824962e+04
-1.595114857796332217e+03 1.425310227842166387e+04 -1.692598178024280423e+04
-3.051403806443476242e+03 1.694006467140896711e+04 -1.623259564032477465e+04
-8.568551796649197058e+03 1.507206590268735818e+04 -1.564743745150231371e+04
-1.400300501926920106e+03 1.384119615802843146e+04 -1.807567578216637776e+04
-3.195269976131929070e+03 1.303110355134281781e+04 -1.815299695855261962e+04
-1.840534837678924305e+03 1.558677174193994142e+04 -1.575537903685363017e+04
-3.048801273968471833e+03 1.485223937291578841e+04 -1.737010196812170034e+04
-2.717493676915135438e+03 1.241861294950550291e+04 -1.781929412682995462e+04
-1.870937398286569305e+03 1.334286780792182799e+04 -1.702927156846485377e+04
-3.325626522805026752e+01 1.693933442551624103e+04 -1.161758413878827378e+04
-4.189619424664061626e+03 1.253972321908609774e+04 -1.769715110065745466e+04
-1.462459121873419917e+03 1.298429222260491042e+04 -1.967757418257570316e+04
2.766125658850523905e+03 1.471255474765004510e+04 -1.519191368249219886e+04
-1.813508050491395579e+03 1.795393822344231012e+04 -1.728671443085965439e+04
-1.308087729293455050e+04 1.183733975834680859e+04 -1.374138208533084435e+04
-4.710563034589039489e+03 1.599609409121164572e+04 -1.553230188733911928e+04
-8.992659553646319637e+02 1.497877248907106332e+04 -1.750062350310820693e+04
-1.880058069008899793e+03 1.619448100927885025e+04 -1.620697371421786193e+04
2.102806703862803772e+02 1.751947114698915902e+04 -1.283900489630488846e+04
-3.200763100048538945e+03 1.721175458160690687e+04 -1.706583770782740612e+04
-2.699501810360229229e+03 1.587645531175411998e+04 -1.729983021140735218e+04
-1.161440000071414715e+03 1.472388055262959278e+04 -1.836670254230383944e+04
-3.632535822059563088e+03 7.291407109284451508e+03 -1.699395065259358307e+04
-6.035523839423609616e+02 1.414361638734930420e+04 -1.485996596986879376e+04
-5.196217250184251498e+03 1.475928435108781923e+04 -1.839084045972133390e+04
-2.017854663082320940e+03 1.449688260581283794e+04 -1.773684730126614159e+04
-9.043974145798312065e+02 1.366137062481108296e+04 -1.742253918797834558e+04
-7.371938508660731486e+02 1.501106212702322955e+04 -1.574746199519078618e+04
-2.840539619203834718e+03 1.717064507012170361e+04 -1.648134048526520201e+04
-7.528286659772894609e+02 1.654440485910786083e+04 -1.624387378207756592e+04
3.796604568659174674e+02 1.385382254910084157e+04 -1.883228134937497816e+04
-7.936601242856256249e+03 1.451705626787877554e+04 -1.910816099470328845e+04
-1.483992752185029967e+05 -6.060856748389150016e+04 -2.589899456441467191e+04
-1.929012438441883205e+03 1.305483451322285146e+04 -1.582387618451480193e+04
-5.529888901423952348e+02 1.492587379109688845e+04 -1.563585761701140291e+04
-2.034937826487199345e+03 1.460480106866815913e+04 -1.908917642544177943e+04
-6.667134362270597876e+02 1.481146342037101022e+04 -1.672007650970709801e+04
-2.145336318270793527e+03 1.203192852044475330e+04 -1.770565688370965654e+04
-1.545365098240650241e+03 1.202066483874217010e+04 -1.692587881811496845e+04
-8.968952723549728034e+02 1.498426793403292322e+04 -1.616947804229655958e+04
-7.241580057544303600e+03 1.411751085925317057e+04 -2.127827395249638357e+04
-8.805349823845795072e+02 1.488543575652573054e+04 -1.603457994306918954e+04
-6.390026205120315353e+03 1.340234630892033420e+04 -1.722639892349510046e+04
-6.296143255396057157e+02 1.322177327411476836e+04 -1.630798975930288361e+04
-9.884761207153684381e+01 8.996477918826176392e+03 -1.645617162026789447e+04
-9.926656177267747125e+02 1.439271937362268545e+04 -1.707031446402809888e+04
2.292870604588819333e+03 9.435613230696637402e+03 -1.282580482616054724e+04
-1.824818613289980476e+03 1.365804628303149366e+04 -1.646762494174943640e+04
-1.945047064446476952e+02 1.164837747021246105e+04 -1.657958125121330886e+04
5.071755518297202798e+03 7.508114093981654150e+03 -1.744316999447429771e+04
-2.564488341928264617e+03 1.467507322832254977e+04 -1.685933880255710756e+04
-6.795030047155554485e+02 1.314626286665336193e+04 -1.612744985260276189e+04
-2.829562645496320783e+03 1.533822717452779943e+04 -1.711075387328183569e+04
-9.546413669237414297e+02 1.928929950512824507e+04 -1.401825767657542929e+04
1.651652183807866550e+02 1.483069780639344390e+04 -1.656380774835979537e+04
-1.208412727899232323e+03 1.526831645135059989e+04 -1.671838731361568716e+04
-3.906082241836624235e+03 1.706630965592792199e+04 -1.742617282258964406e+04
-3.853502955940605261e+03 1.391363255707911594e+04 -1.418996105862224613e+04
-6.369907742887298809e+03 1.408265816678950432e+04 -2.079310161079237150e+04
-2.922176670577907316e+03 1.535162493306088436e+04 -1.670503632351246415e+04
-1.027281797757117602e+03 1.422689516024221666e+04 -1.765358299991276726e+04
-1.865458166849199188e+03 1.467041185134818079e+04 -1.740498749964853050e+04
-3.581142641473066305e+03 1.243648075361401789e+04 -1.662418319770564631e+04
-3.018888629439079523e+03 1.197136337992680819e+04 -1.745217123265138071e+04
-9.620897667616980016e+02 1.337279047256700142e+04 -1.775917952153931765e+04
-2.114448579100999268e+03 1.718225851965598122e+04 -1.703481571894309309e+04
-1.781571899290404986e+02 1.452782332466404841e+04 -1.702502640890429757e+04
-1.407114983977640350e+03 1.453370016303436751e+04 -1.623825507931209177e+04
-1.680121824476362463e+03 1.444434089629416485e+04 -1.640563497643610026e+04
-8.903935496199534327e+02 1.212146529130324598e+04 -1.445855212181337265e+04
-1.625391359725465463e+02 1.490414986322598270e+04 -1.627179282596946359e+04
-5.084889854670773275e+02 1.352433208752211794e+04 -1.805661804698150809e+04
-4.292962929927356527e+03 1.593040549619021476e+04 -1.567889321370033031e+04
-2.754936617030691650e+02 1.319979606344531021e+04 -1.702883065454932148e+04
-1.982264111744705224e+04 1.077112106859796768e+04 -1.306080457776526418e+04
-2.332344644478319879e+03 1.683279094566365893e+04 -1.685590796159129604e+04
-2.855735324308270719e+03 1.204944970377417849e+04 -1.879935630552649309e+04
-3.997904080517245120e+02 1.317242190526382910e+04 -1.720051585855797384e+04
-3.081687865370575309e+03 4.526330221600660298e+04 -1.387011319802195248e+04
-4.349293827088891703e+03 1.375230813810124164e+04 -1.754684347856960449e+04
2.910194300890988416e+03 1.427828772108504018e+04 -1.541838270381987786e+04
-1.281168096137486373e+03 1.588253838842229015e+04 -1.666225662724551876e+04
-1.499237271028393479e+03 6.158536399093369255e+03 -1.488325181654166045e+04
-6.361252714007379154e+02 1.438270269783043841e+04 -1.558642989183831014e+04
-8.474667267053744126e+02 1.355849099157324235e+04 -1.762268633885120653e+04
-3.311140516890642903e+04 1.256929823758595921e+04 -1.453483302574418303e+04
3.826103018395745949e+03 1.734217410006186037e+04 -1.711021243726792454e+04
-3.686609075630576626e+03 1.118440593215891749e+04 -1.978221229475257132e+04
-1.711370926829695918e+03 1.546696523536081986e+04 -1.578707348271773117e+04
-1.670294415239975024e+03 1.387401412098976834e+04 -1.794163171287726072e+04
-4.578438058152449344e+02 1.426720806952880412e+04 -1.692172515424097583e+04
1.077088801732156753e+03 1.297979323537183518e+04 -1.713885779738746714e+04
-6.519124114709925379e+02 1.369252827671511477e+04 -1.752733928545445087e+04
-3.844004310151099162e+02 1.237322874070739090e+04 -1.541106495650186844e+04
-8.166922020845868974e+04 -6.614764003424659313e+04 -4.132256025168792257e+04
-1.137802416747992083e+03 3.992726870007081288e+03 -1.450855017069999485e+04
2.584835371012178257e+03 1.183064530081386874e+04 -1.770210773191575208e+04
-6.068794555304978076e+02 1.714544712562917994e+04 -1.616037365404802949e+04
-5.108409608540089721e+03 1.343600504488777187e+04 -1.614744323171457654e+04
4.501435779063528571e+03 2.275548367866813351e+04 -1.767893117935273403e+04
8.941103598366335063e+02 1.867610704524982430e+04 -1.760934207408137809e+04
-1.353222092181969629e+03 1.494550159458295093e+04 -1.535664444678917062e+04
-6.862565843179394506e+03 1.994041054162375985e+03 -2.121725871817142252e+04
-6.421528295576555365e+02 1.405418605236850999e+04 -1.693558285308162522e+04
-2.681492587899730097e+03 1.418134046178984136e+04 -1.861806061233035871e+04
-3.957451544595297150e+02 1.340030396489887971e+04 -1.882998726396216080e+04
1.208741784358953009e+04 1.836522036596930047e+04 -1.135493944969541735e+04
-2.673544931536625882e+03 1.231735363900811171e+04 -1.648275848688812766e+04
-1.074736199291402045e+03 1.456031075325327402e+04 -1.788186868387299546e+04
-1.387370732913584106e+03 1.380229334226143874e+04 -1.658692195286816786e+04
-5.088005550879766815e+03 2.800498692561920393e+02 -1.854046943240984911e+04
-2.117857739489852975e+03 1.584250634593020732e+04 -1.544126183074289656e+04
8.199208147428376833e+03 1.963600042457282325e+04 -1.791383929205200184e+04
-2.182007037920649509e+03 1.548266235551143654e+04 -1.633753560770714284e+04
-6.959746531668663374e+04 -3.654544392557287938e+04 -3.056237532539793392e+04
-1.254438502527286573e+03 1.372117493790975095e+04 -1.690002210048436609e+04
-1.865455013553129220e+03 1.760556299685763224e+04 -1.340808982272104004e+04
3.328967444932993658e+03 1.209050659349417765e+04 -1.713562332365221664e+04
8.050600173700140658e+02 1.561530721482847548e+04 -1.617032863523773631e+04
-3.647555142008651728e+03 1.634230366853021224e+04 -1.676778438841018942e+04
-8.573021923365737393e+02 1.338040043249391420e+04 -1.671466336859396688e+04
-3.417544508594734793e+02 1.117245673618828550e+04 -1.802455549141754454e+04
-2.574320358761934767e+04 6.817946885428557289e+04 -5.684008261578911515e+03
6.776612011635488670e+03 2.126931222750002053e+04 -2.000611187688970313e+04
-1.101917691929967532e+03 1.445106735662160827e+04 -1.525116114899890817e+04
-6.156046636804057925e+02 1.437345309355414247e+04 -1.817557872163168213e+04
-1.217480615767764903e+03 1.624510991951075084e+04 -1.572721948884296580e+04
-2.666705992471964692e+03 1.325334710729989456e+04 -1.663897376060092211e+04
-2.710083088118450178e+03 1.628357103489809742e+04 -1.609917523592392536e+04
-2.899336362166490289e+03 1.418671522427308082e+04 -1.867104821890070889e+04
-7.713673424575293211e+03 1.085559813532636326e+04 -1.540131083005139772e+04
-5.149603361771694836e+03 1.563143891516592703e+04 -2.093511897250442780e+04
-1.639207706140874961e+03 1.348884274608976739e+04 -1.536008908506549415e+04
-3.335844183650353443e+03 1.462107597769436870e+04 -1.750829281093593818e+04
-3.189254657909199295e+02 1.394691808061289885e+04 -1.711589439755325293e+04
-7.213103274982661787e+03 2.396556037554619616e+04 -1.785159729028413858e+04
-1.783671676900000193e+03 1.497395084881078037e+04 -1.705959465111008467e+04
-4.241720711360611062e+02 1.416964940915838633e+04 -1.708425526319907294e+04
-1.269012014681311939e+03 1.444376269425643477e+04 -1.726860879091688548e+04
-1.710256614120269205e+03 1.503502786958790966e+04 -1.618658931450770251e+04
-4.750373061214101654e+03 1.218413846814409953e+04 -1.840498378694188796e+04
2.615226487735119463e+03 1.518099720800355499e+04 -1.882713954696131259e+04
-5.770334286636092713e+00 1.401851895730182514e+04 -1.477265878308593165e+04
3.301676081079447613e+03 1.607199188727725050e+04 -1.576830051160692528e+04
-2.998109507203296289e+02 1.707175872492081180e+04 -1.772984759994470733e+04
9.647832298564144367e+03 1.203234515114720671e+04 -1.653463892821563059e+04
-9.900810665928052003e+02 1.544489690519223586e+04 -1.760243621231343786e+04
8.918471790335248670e+02 2.724323098606654094e+04 -1.362084809288770884e+04
-3.795369270760946620e+03 1.424481512731226212e+04 -1.421034105736390484e+04
2.534020076031125882e+03 1.279804346136706226e+04 -1.853332034596995436e+04
-1.845252881516628349e+03 1.558642563330204575e+04 -1.590190304565109909e+04
-2.222941500888424343e+03 1.149548137038976893e+04 -7.021112373583223416e+03
5.499299567885575925e+03 1.337878965845616767e+04 -1.703360936175244206e+04
-1.123148918419651818e+04 1.619651995947821524e+04 -1.696745341060494320e+04
-1.968262997227920278e+04 1.267200535626747114e+04 -1.788567992683814373e+04
-1.977824431543684113e+03 1.526469703087692324e+04 -1.532363113571160102e+04
4.205340382071736713e+03 1.976941140315911252e+04 -1.847322235493345943e+04
-1.190837109558566954e+04 1.708630709808568645e+04 -1.404565785404236158e+04
-2.121881490342505458e+03 1.457281299064055202e+04 -1.715862430229673191e+04
-9.164557503095148832e+02 1.490242214395284282e+04 -1.627345722154786927e+04
-1.999181812957250713e+03 1.531601873463411903e+04 -1.697362918259283470e+04
2.136020207484057778e+02 1.138264027066568269e+04 -1.499008724200265169e+04
5.036369160267785446e+03 1.424250292333534890e+04 -1.757716322790837148e+04
-2.543415530415061767e+03 1.395365842307143976e+04 -1.651569623601633066e+04
-2.676607695296047496e+03 1.672437812014572046e+04 -1.563358680634158736e+04
-9.008340808564902545e+03 9.597567318704965146e+03 -1.991181766960118694e+04
2.620670749531828960e+02 1.644953477874865348e+04 -1.629666240383492186e+04
-6.436063648429311570e+02 1.377405410509673311e+04 -1.615547544527072932e+04
-5.439774429360055365e+03 1.277644275129476591e+04 -1.871706346306721753e+04
-5.799146591946204353e+03 1.646848952061978343e+04 -1.681746148465181977e+04
-1.022771178160115142e+03 1.869679690312816456e+04 -1.562401126024063888e+04
-4.222729096456341153e+02 1.387477522290823254e+04 -1.733865889945692834e+04
3.368356266994953216e+02 1.914829599948204486e+04 -1.500422904067634227e+04
5.074274736222080264e+02 1.574814324444990598e+04 -1.827299070788519384e+04
-4.562946456103744822e+03 9.126765746925806525e+03 -1.841665894123649196e+04
-2.041608089654881496e+03 1.438517581355461516e+04 -1.710151546506892191e+04
2.255508425781719325e+03 1.292184162467490933e+04 -1.926021537485586668e+04
-1.471356077663683209e+03 1.406993782957564690e+04 -1.807805395866830440e+04
-1.084900784846812712e+03 1.242003462393851805e+04 -1.855769959835915506e+04
6.948296269882687739e+03 1.599253036411623179e+04 -1.865863884965707257e+04
-3.031663517867081055e+02 1.453388089507748555e+04 -1.614420332501299345e+04
-1.747138868214611193e+03 1.471343250798982808e+04 -1.691217691898109842e+04
1.533110160091723628e+03 1.236359918467540410e+04 -1.721732143323977652e+04
-1.307838959265548510e+03 1.475631151005685570e+04 -1.645228491992748968e+04
-1.867401435455872161e+01 1.408107984995064544e+04 -1.641049933611070810e+04
7.655385294159193563e+02 1.301652439940798467e+04 -1.804144794029076729e+04
-1.106833052389129989e+03 1.475907103498203287e+04 -1.636958952698898065e+04
-1.098264005765378215e+03 1.445733970432247770e+04 -1.722692002354414217e+04
-3.046728141254519414e+03 1.932725749833151713e+04 -1.100215304872829256e+04
-6.661933286755185009e+02 1.517342421865676806e+04 -1.632553964196131528e+04
-8.464411761011899671e+02 1.405062391110536555e+04 -1.643745729836762621e+04
-2.162955800308542621e+03 1.496279168556109471e+04 -1.631916161658491001e+04
1.474688012811243425e+02 1.328462152226954640e+04 -1.611870772966507320e+04
-1.459617791815796181e+03 1.523168263575350102e+04 -1.610004471821346124e+04
-6.478121126977592212e+03 1.332431190350654470e+04 -1.320742533862455639e+04
-1.894747510651864786e+03 1.499326724687910610e+04 -1.663138391004128789e+04
-1.829836041878399556e+03 1.837370510971986005e+04 -1.684221447247436299e+04
-2.195227785593680437e+03 1.499683938855944325e+04 -1.651787704243979169e+04
-1.211175043922033296e+02 1.331751505341462143e+04 -1.648663572299104999e+04
-1.633080164237604777e+02 1.762606129654720280e+04 -2.346986003645357414e+04
-1.825174920000151360e+03 1.427752575483666806e+04 -1.691971541866430925e+04
-1.158726860936005323e+03 1.369374937295893869e+04 -1.711102700661828931e+04
-1.181514635585208907e+03 1.420661837421575183e+04 -1.688023988282082792e+04
-5.132680839099698460e+02 1.363089135787347186e+04 -1.671536173378011881e+04
-1.046599078903744612e+03 1.414224471734863437e+04 -1.669649573550615969e+04
5.391666708315314054e+02 1.412062986570590328e+04 -1.522768238621443015e+04
9.314273684063718974e+03 2.074730317513844784e+04 -1.483241601926721523e+04
-2.280640680203422107e+03 1.532168265643847189e+04 -1.741686821981256071e+04
-1.947710823208573629e+03 1.365516319769332404e+04 -1.658828955437498735e+04
1.204266013957594396e+03 1.124791243899318761e+04 -1.976728524926369937e+04
-2.168371292340309992e+03 1.535465578139995705e+04 -1.680521400163037833e+04
-1.837184974461784577e+03 1.099434894838989931e+04 -1.881956087204030700e+04
-1.594643635593899489e+03 1.303688414626257509e+04 -1.783941369286430199e+04
3.301050553559986383e+03 9.491227109872448636e+03 1.055239063039093162e+04
-1.315390036212718996e+03 1.436087805838292115e+04 -1.690866533840593547e+04
-1.425004937400838116e+03 1.478781500895298086e+04 -1.639220342626990896e+04
4.177890477293782965e+02 1.170969804338409631e+04 -1.771222410568778650e+04
-4.509780975351084635e+03 1.162004135554326240e+04 -1.532687921972284676e+04
-7.520834333263640019e+02 1.404078627126860374e+04 -1.852717352724330703e+04
-1.263056962222207176e+03 1.426583865226475064e+04 -1.685706572752204011e+04
-1.094778597461928939e+03 1.414836321867169499e+04 -1.651271800137248647e+04
-2.149202079651465283e+03 1.544072266769145790e+04 -1.706512260620759844e+04
-2.184180599918903681e+03 1.567034693802054790e+04 -1.647827054009549465e+04
-2.369681104871376647e+02 1.399391144945094675e+04 -1.661657713200928265e+04
-2.790919458562723776e+03 1.488205147437543746e+04 -1.788507360295086255e+04
-2.154117612646613452e+03 1.559404902279132330e+04 -1.682452669514318040e+04
-1.672624432469848216e+03 1.976861563912156635e+04 -9.601995519625454108e+03
-1.375284185890985100e+03 1.471049145919539660e+04 -1.632605743424021603e+04
-1.998774876246240183e+03 1.475654049182598646e+04 -1.716178980436897109e+04
-1.727835484215999713e+03 1.480475432343828106e+04 -1.665520983724097096e+04
-8.006611593492434622e+03 1.850390061547934238e+04 -1.829564741444544052e+04
-3.178423581003659365e+03 1.610062307046132810e+04 -1.553842099829998006e+04
-2.748116038674682841e+03 1.565075156491775851e+04 -1.589145693477852365e+04
-1.166262078925656169e+03 1.463001892153812696e+04 -1.621749959023165684e+04
-4.786979390158505339e+03 1.523623239111206021e+04 -1.775758396658100173e+04
1.236812601472973984e+04 4.156250900195366557e+04 -9.776272183726003277e+04
-6.512542783437120306e+02 1.450091919669490562e+04 -1.648021346420646296e+04
-4.187876700457883317e+02 1.331188899585789659e+04 -1.664028499750239644e+04
-3.453822860737472183e+03 1.603306809957999940e+04 -1.741004316066378669e+04
-1.499208437520880807e+03 1.508933044879908084e+04 -1.654367025083305998e+04
-4.507136970054625635e+02 1.300111293038760778e+04 -1.785917013415064139e+04
-2.044876351520034405e+03 1.436090413032418292e+04 -1.715515561756559327e+04
-1.826751018598392648e+03 1.303551367644158199e+04 -1.798863106211687409e+04
-4.893611733290362281e+03 1.603397413279750435e+04 -1.688977019909951196e+04
-1.172674963006307053e+03 1.420185257961080606e+04 -1.684725461157734026e+04
-1.473880399429548561e+03 1.481563417780367672e+04 -1.657486526037022486e+04
1.701106912987510441e+03 1.915866576959148733e+04 -1.784130135390484065e+04
-1.924014332642635509e+03 1.519573671137147721e+04 -1.675145427728441064e+04
5.979962484228358477e+01 1.388948447503532589e+04 -1.683648746703987854e+04
-1.364049683841036540e+03 1.477209421914090308e+04 -1.666537473893803326e+04
-3.776523356734431900e+02 1.355192537925099168e+04 -1.734183308271074930e+04
-2.595306434420527239e+03 1.445923993717791927e+04 -1.824790867021805025e+04
-1.030491826788775143e+03 1.609549663951303228e+04 -1.594889380504989822e+04
-1.154106135604993824e+03 1.598021193675674658e+04 -1.659436900127121407e+04
-2.487078842599861218e+03 1.490982797115240101e+04 -1.701303393466501802e+04
-1.988246610109103813e+03 1.481673747445058689e+04 -1.786213341252402097e+04
-1.656988448006125964e+03 1.426891104524908405e+04 -1.672829712506473152e+04
2.395166603563291210e+04 7.642681007496436359e+04 -1.406755345217733993e+05
-1.120652757545302165e+03 1.537066486259741214e+04 -1.623659177032371372e+04
-2.290005502618987521e+03 1.590316368094158679e+04 -1.549733037592187429e+04
-3.324267635339559092e+03 1.627292323401533758e+04 -1.536316058314230213e+04
-1.277122909446606718e+04 1.609394162449817304e+04 -2.223703931777324033e+04
-1.084506939995753100e+03 1.467470240069682040e+04 -1.635671559343360241e+04
-1.557648916775959378e+03 1.533059272628739382e+04 -1.680257729838920204e+04
-3.583582172588348385e+03 1.532774915123030405e+04 -1.714044988246266075e+04
-2.411544321003200821e+03 1.547118675042791983e+04 -1.649573129843171773e+04
-1.189622661715473214e+03 1.438226097432195820e+04 -1.673957505574209426e+04
-1.191859681395404095e+03 1.493647432289422068e+04 -1.665526019082909625e+04
-2.106089647928188242e+03 1.572355515658623699e+04 -1.607634319226530715e+04
-1.660454220722981972e+03 1.427013235035762045e+04 -1.722501573579025353e+04
1.027944238545002736e+04 1.776098074980763704e+04 -7.222364439228454103e+03
-3.279307492720260598e+03 1.574864095421449383e+04 -1.566596519344359513e+04
-1.134690774567294056e+03 1.433846920509219854e+04 -1.824902284347024033e+04
-1.193674938875369207e+03 1.461367243564844284e+04 -1.662929730598726019e+04
-1.743510836408237765e+03 1.384415125094542418e+04 -1.700019396733428584e+04
-7.907649888012597330e+02 1.377201366153762683e+04 -1.660813427401852095e+04
-1.568626058940210669e+03 1.437575820543120426e+04 -1.691960485766181591e+04
-2.937997378746586946e+03 1.177751357967677359e+04 -1.717387492520577507e+04
-1.271408171463225699e+03 1.494899999783923886e+04 -1.655313081786268231e+04
1.133958600564570361e+03 1.523091476283985139e+04 -1.672594427452266245e+04
4.825018097347297589e+04 3.969245844589769695e+04 -1.960018177091917314e+05
-1.438450600244209454e+03 1.565093340113015074e+04 -1.758893807354902310e+04
-2.748256380730647379e+03 1.626893702664366720e+04 -1.707949265760963317e+04
-2.804637691678506599e+03 1.427913992513322410e+04 -1.758422165013997437e+04
-2.971603358293836209e+03 1.603416697405803825e+04 -1.502063275193836489e+04
-2.080136236195771744e+03 1.475963767875022131e+04 -1.596015302508053355e+04
1.327996617416073150e+03 1.409151254457072355e+04 -1.726981364177618889e+04
-1.871492832553539756e+03 1.418488032013724478e+04 -1.705928645842928017e+04
-1.872887300818725862e+03 1.010543920731695107e+04 -2.294007270670653452e+04
-2.318936557928738239e+03 1.483825103289053004e+04 -1.777614105637991815e+04
-8.177157157761826056e+02 1.302415406052379512e+04 -2.138795503970361460e+04
-2.707329683751293487e+03 1.257114956596897900e+04 -1.685193452859664467e+04
-2.774354465461507971e+03 1.551854861131068719e+04 -1.663262395302794539e+04
-1.187202200305613587e+03 1.453042582670953198e+04 -1.764378908212237366e+04
-7.147379209295966120e+02 1.307236634819715800e+04 -1.705528064012588948e+04
-1.805328975155014632e+03 1.416164561984992724e+04 -1.706149114302156886e+04
-8.779583060659309922e+03 1.434703572419697048e+04 -1.786210179677395354e+04
-9.406808808452778976e+02 1.479612121921427388e+04 -2.046926452682849049e+04
-2.403400078854582716e+03 1.231226498956391333e+04 -1.697724372074805069e+04
1.885872886381628859e+03 -9.783875641057969915e+03 -1.600796931569258777e+04
-1.368124798285849010e+03 1.652307781572680324e+04 -1.476438582973510529e+04
-1.752142348459296500e+03 1.439100933700381029e+04 -1.722133351953245074e+04
-1.175443946910846307e+03 1.640043900718781515e+04 -1.362521893333043772e+04
-2.516080505096582328e+03 1.569312604772061059e+04 -1.623218338962112830e+04
-1.974890818037400550e+03 1.410172642632714269e+04 -1.540322901784057103e+04
-1.550850095008425342e+03 1.439222811668129179e+04 -1.640156108699488323e+04
7.462768968872958794e+04 4.206344474659247680e+03 -8.948735935924021760e+03
1.161453956834297742e+03 1.403554978679190208e+04 -1.473649606066303022e+04
-1.034468084203322178e+03 1.383783980288024941e+04 -1.757204148151983100e+04
-2.383680101959623244e+03 1.389673078642108339e+04 -1.645350980243815866e+04
-6.961168755766249205e+01 1.673626997853983630e+04 -1.857333413767087768e+04
-2.165359374796385509e+03 1.191664999614711996e+04 -1.418613537906575220e+04
3.794867699304460984e+03 1.335503350558645980e+04 -1.384388260575511777e+04
-3.294445126084298863e+03 1.387287429838250864e+04 -9.123113893029578321e+03
-2.038789865269897518e+03 1.492784905151154817e+04 -1.557091141391879319e+04
2.144458400226726553e+03 1.391244261902883227e+04 -1.704879622101752830e+04
-3.712880376557539876e+03 1.799413316764725823e+04 -1.723700086585517056e+04
2.514648309445011364e+03 1.356437518677334447e+04 -8.247470878943671778e+03
-1.611991626971504502e+03 1.583685396717116600e+04 -1.631273629754641115e+04
-1.928799558550424990e+03 1.548016370171796189e+04 -1.630722352146070989e+04
1.147250108660180558e+03 1.782738500168019164e+04 -1.964261751523343628e+04
-1.112323045639914653e+03 1.431571145479722327e+04 -1.672961323822299892e+04
-1.579013159907487989e+03 1.668418491468393404e+04 -2.030952529610535566e+04
-3.572836798342709244e+03 1.900367223633323010e+04 -1.767679202338927280e+04
-1.302503308282943181e+03 1.380613396470451698e+04 -1.794337976543054901e+04
-2.011514359443855938e+03 1.561314145618131079e+04 -1.632684128255768519e+04
-9.530468704907470965e+03 1.735014283550458640e+04 -1.509638407127765458e+04
-3.230631240657514354e+03 1.612630320569519972e+04 -1.506510028651152970e+04
-2.309060689904379160e+03 1.535205571477500598e+04 -1.726774305960557467e+04
-1.234715442040381276e+03 1.382781473792821816e+04 -1.707141001699510889e+04
-3.182669376962527963e+02 1.440584830921706816e+04 -1.705741391348231991e+04
-2.611832394373608167e+03 1.225590503759489911e+04 -1.008002253722231399e+04
-2.794859973454808824e+03 1.474780369018726742e+04 -1.689515203895395462e+04
-1.370640905082865629e+03 1.435401184263888354e+04 -1.672632844607280276e+04
-1.537203197009973792e+03 1.658121969709737823e+04 -1.520540950665820856e+04
1.192176337236658810e+03 -4.517802149828860820e+03 -1.533946497557005205e+04
-5.209151231913730271e+02 1.467664921517098264e+04 -1.621941323808758534e+04
-6.018048119480527021e+02 1.474380655919921446e+04 -1.557240674423734163e+04
-9.470925894381065518e+03 1.593814582917696498e+04 -1.149263533120152897e+04
-9.250719801010101264e+02 1.372375204421648777e+04 -1.697241598363605226e+04
-3.497597185963447373e+03 1.589762450545242064e+04 -1.719696588627661913e+04
-2.222150993857946105e+03 1.697765382687559395e+04 -1.683383702566231295e+04
-1.089092941373853364e+03 1.397275847098789927e+04 -1.730201571728644922e+04
1.619986134936764586e+02 1.524707989757396172e+04 -1.626223765176633060e+04
-1.997299160940573074e+03 1.446107215509778325e+04 -1.730862867453978834e+04
-3.579797978756899101e+04 4.895221813027939061e+04 -7.380049995466271866e+03
-2.645081247034482658e+03 1.506542164482793669e+04 -1.680352398956611796e+04
-3.188511074578967737e+02 1.603928725701063740e+04 -1.477384534362083468e+04
-1.178070213541509929e+03 1.453575109832000817e+04 -1.661038889397478852e+04
-9.302965340050996019e+02 1.520062177188211717e+04 -1.575629821812429327e+04
-3.434042023445633276e+03 1.538516013826876042e+04 -1.595211826652135642e+04
-2.195673758449625439e+03 1.488512449757468858e+04 -1.749977932602164583e+04
-1.623168637635380037e+03 1.539026072811526865e+04 -1.655389588931377511e+04
-2.169430429446502785e+03 1.527483938416512137e+04 -1.643897066629937035e+04
-1.141470600855227531e+03 1.390590313470082765e+04 -1.714873815002623815e+04
-4.120091574414379465e+03 1.601055554661282622e+04 -1.445800836044393691e+04
-2.200521955460852041e+03 1.495850521414340983e+04 -1.646244625350730348e+04
4.396071716718628159e+04 1.640889572469053019e+04 -5.850570773773179826e+04
-2.808674358110333287e+03 1.385096556736756429e+04 -1.704656695122387828e+04
-1.205374499433671190e+03 1.263469413955679192e+04 -1.892123097802563279e+04
-1.189052715669941335e+03 1.509182620954542472e+04 -1.452622232987545976e+04
-7.848954196480169685e+02 1.734834187679267052e+04 -1.552810722009650453e+04
-1.314041578408382065e+03 1.479609660293277375e+04 -1.670147936415478762e+04
-1.578784229764311931e+03 1.478406290839099165e+04 -1.600885035783473359e+04
4.001303234896663525e+03 1.231055189691951091e+04 -1.682063470689631140e+04
-4.437913357780375009e+03 1.559733139330452832e+04 -1.522719647027466635e+04
-2.270275135460053207e+03 1.404795787120680689e+04 -1.780012433518635953e+04
-1.868236709770655352e+03 1.383238598759624620e+04 -1.907008381005025876e+04
-1.103328886364910204e+03 1.509861890416087044e+04 -1.679732489032439480e+04
-1.957178438248058683e+03 1.564750140523445407e+04 -1.596785343254907457e+04
-2.113224633827407217e+02 1.734340251374244690e+04 -1.759910775839316557e+04
-1.103427280233695683e+03 1.524246874284977275e+04 -1.759571349156547512e+04
-1.822350059433348179e+03 1.568820900429702851e+04 -1.701133713677021660e+04
-8.950371331623882725e+02 1.544841740957326510e+04 -2.080947526687226127e+04
-2.124845047769736993e+03 1.427859528092438813e+04 -1.896364141032657790e+04
4.788545945729725645e+03 2.535583306508749592e+04 -1.717152954689275793e+04
-1.663773508330005370e+03 1.441189356885008237e+04 -1.510421916179965774e+04
-1.268221218780617619e+03 1.436474872982442139e+04 -1.726036842581231758e+04
-2.875260975014129144e+03 1.538877218920991800e+04 -1.647869463769489812e+04
2.442905160088464527e+03 1.510377491291557999e+04 -1.183166926796517328e+04
8.223595085727405603e+03 2.782705349559558454e+04 -2.433687128808061971e+04
1.183901391579679330e+04 1.501560089835963299e+04 -1.842266518674003964e+04
4.138385637371835401e+03 4.911462039014561014e+03 -1.642803140080637604e+04
-1.856916354694458050e+03 1.610362607898921306e+04 -1.569398536527189208e+04
4.762359209556135283e+03 1.111708965451508448e+04 -1.680573548425285844e+04
-1.778728669943206842e+04 1.808199340292402485e+04 -1.725325375329111557e+04
-3.224539466113590606e+03 1.545250274730610909e+04 -1.671274066660766402e+04
-3.746901722237947524e+03 1.406478743777229829e+04 -1.810196112939863815e+04
-2.899624002888198902e+03 1.439929726666108400e+04 -1.789507136851452742e+04
-3.304549380967035177e+03 1.532062409681556710e+04 -1.683638059743630583e+04
-1.541394180926848776e+03 1.254013160111513389e+04 -1.814549846757357591e+04
-1.568251759767528256e+03 1.460616901332302405e+04 -1.703306809520879688e+04
-3.025450025517973700e+03 1.525052539341655574e+04 -1.726188896149219727e+04
-1.371999791997677221e+03 1.397212214462767406e+04 -1.711150145535121555e+04
-8.977026081140606095e+01 1.454482928490171616e+04 -1.669071071441519234e+04
-1.670055207094554589e+03 1.429348015533872967e+04 -1.730732906205968902e+04
-9.810878642718188303e+02 1.501486552529309301e+04 -1.756792600924185172e+04
1.043136772958493202e+04 -9.905926833291085131e+03 -2.648283195175823494e+04
5.911489647885578052e+02 1.648568970659423212e+04 -1.655499609839505865e+04
-5.223677682863984046e+03 1.745929467957495581e+04 -1.644108059224637691e+04
-1.532208570214662132e+03 1.507430102954100767e+04 -1.509385835975320697e+04
-3.015524007749208522e+03 1.580046057663911051e+04 -1.643433077514181059e+04
-2.106574562959264313e+03 1.400981298993321434e+04 -1.737550885617423410e+04
-3.109350320927335929e+02 1.390017036474918677e+04 -1.522896075635813577e+04
-3.854540873430828924e+03 1.371270098815241181e+04 -1.659790681891399436e+04
1.604731421176304138e+04 -6.049000127945248096e+03 -1.887747613587673186e+04
-2.080909952341055032e+03 1.750053073102502822e+04 -1.684392787693645732e+04
-7.714817970629519550e+03 1.656951519385039865e+04 -1.675209745491888680e+04
-2.513716715414590453e+03 1.535669297216647465e+04 -1.709311827191887642e+04
-2.780613060654779474e+03 1.459070432694961528e+04 -1.679600002002033580e+04
-2.484505569589558490e+03 1.419828598412913561e+04 -1.715951540713203940e+04
-2.463739384422860894e+03 1.584537844094154025e+04 -1.147363358708736450e+04
-3.630596661713979643e+02 1.392717128010566194e+04 -1.713148670718090216e+04
1.035138790690355381e+04 -1.422052859957294640e+04 -4.361012163518377201e+04
-2.093577124720449774e+03 1.488829400621943751e+04 -1.591426084174408788e+04
-2.708924366023417861e+03 1.485430332426260065e+04 -1.726974828552459439e+04
-2.186988445071619935e+03 1.419728961939089822e+04 -1.637274240002107763e+04
-8.474843077710820580e+03 1.831629753068710124e+04 -1.242857420550420829e+04
-1.749172938496299594e+03 1.395931970912783800e+04 -1.793230416890043489e+04
-3.610156131980698774e+03 1.357040041421522801e+04 -1.557727556651868326e+04
-1.942018025234649485e+03 1.406571667013096885e+04 -1.659013912328414517e+04
-7.118391692173802312e+02 1.630825262565622324e+04 -1.668732899922400247e+04
-1.036837265318627033e+03 1.376721914201513209e+04 -1.758866186723546343e+04
-2.510857081336006104e+03 1.475957488056735565e+04 -1.745901526268332236e+04
-1.585159707858625325e+03 1.450614006549891747e+04 -1.710919594718480948e+04
-7.146141716438967251e+02 1.510567752674188341e+04 -1.669811250290805037e+04
-3.708167364383518361e+03 1.899335617688565617e+04 -1.894137589325495719e+04
2.007347154474873378e+03 3.460521364674519646e+03 -1.657789236782014268e+04
-2.744956741047942160e+03 1.452098232817997086e+04 -1.735972309168608263e+04
-3.094988685849781632e+03 1.440111726120202184e+04 -1.808350829882407561e+04
-4.825827332446926334e+02 2.424211630032299217e+04 -2.523513781427969298e+04
-3.212088038561048961e+03 1.659552278396913607e+04 -1.351189049211706151e+04
-6.563805918638392995e+02 1.522458493413993710e+04 -1.716264116077125800e+04
-2.495071713687374540e+03 1.423450431940760791e+04 -1.713594484285352519e+04
-3.540329869967087689e+03 1.597636412884644051e+04 -1.832551972514828230e+04
8.820187380775844213e+04 4.044344904418075748e+04 -4.819210769983942009e+04
-1.219489849732357243e+03 1.280010872990444295e+04 -1.690178855110130098e+04
-6.470641801095922574e+02 1.361944986774416429e+04 -1.710359255527463029e+04
3.914309930507173704e+03 1.420415229491260834e+04 -1.515742062613946291e+04
-1.639606631947588994e+03 1.498522772687714496e+04 -1.622882484921321884e+04
1.559466348566934926e+02 1.455010294063506262e+04 -1.686849166992889877e+04
-2.999653450329680254e+03 1.649437422404861354e+04 -1.642414649258477584e+04
-2.676994075371344934e+03 1.634215970098564685e+04 -1.811258291345476391e+04
-2.206949695977669398e+04 -8.495838522711948826e+03 -1.814864009940604956e+04
-2.228478369818428291e+03 1.312505875766784084e+04 -1.708671554839889359e+04
-1.166761659861678027e+03 1.402055671875912776e+04 -1.690034481230875099e+04
-1.123004622267933883e+03 1.479169395114834515e+04 -1.674963663339358754e+04
-4.104342543935728827e+03 1.424355551022557847e+04 -1.955011929727485403e+04
-2.553529341495518111e+03 1.351181596142793933e+04 -1.571346057736894363e+04
-2.321494929900239185e+03 1.417333416248691537e+04 -1.724752327103302378e+04
-1.751319967923815057e+03 1.429776380782125671e+04 -1.720317910534183102e+04
-5.045606678526807627e+03 2.019391659970878754e+04 -1.995770940727935158e+04
-2.839587437247078469e+03 1.670943614017950676e+04 -1.511777212682533536e+04
-2.557054965494357930e+03 1.398743817547786057e+04 -1.706061427550479857e+04
-2.507094122953309125e+03 1.568607007700064969e+04 -1.560641906393114004e+04
6.065855677116654078e+03 7.661806873648280998e+03 -1.576586715600802927e+04
-2.592873129286062976e+03 1.550535630297295756e+04 -1.660566586693142017e+04
5.145995076692920702e+04 2.063243686985581371e+04 -4.274639115758937260e+04
-1.399195092702937927e+03 1.520627886803264846e+04 -1.634577932623414017e+04
-2.034225851606659717e+03 1.547147946970734665e+04 -1.639046753866666768e+04
4.709134581385750607e+03 1.379177576550465528e+04 -1.830079189201527697e+04
-1.337228182473105562e+03 1.508336029130946918e+04 -1.650091109727282674e+04
-1.483100934410530272e+03 1.510767381156558440e+04 -1.693058837657015465e+04
-1.838418905427373375e+03 1.479026540716589989e+04 -1.672538644289148942e+04
4.391568037532388189e+02 1.230011056895572983e+04 -1.780964996486466771e+04
-2.423117946707658484e+04 1.044957112714558025e+04 -1.576619464804056952e+04
-5.695179871114514754e+02 1.331819130559153564e+04 -1.597662080838569091e+04
-1.881651576420798165e+03 1.554681301078673278e+04 -1.719543309728919121e+04
-2.858214248963917726e+03 1.519054323968323297e+04 -1.750910274574572759e+04
-2.958107239831052993e+03 1.496630034554018494e+04 -1.727412925011032712e+04
-4.961040414518320176e+02 1.956280223918192860e+04 -1.688639968284119459e+04
-4.176370870987516355e+03 1.849129906329895675e+04 -1.446200152962544780e+04
2.886636640954206996e+03 1.262799723169971185e+04 -1.774800886687629827e+04
-1.133386380784116454e+03 1.479066858779245558e+04 -1.606886952264856518e+04
-2.213351235562132842e+03 1.458648385254614732e+04 -1.732724273430374160e+04
6.063637530116144490e+02 1.235989566958487740e+04 -1.682971059339754356e+04
-1.265806248573265520e+03 1.471812315319310255e+04 -1.583993315225887636e+04
-1.347183050662113828e+03 1.444523261880942664e+04 -1.516253499596215079e+04
-1.903261554657781517e+03 1.499605583819469030e+04 -1.682941348668063074e+04
-3.664323798537107905e+03 1.178235197536637497e+04 -1.688606464803381823e+04
3.702683549482042872e+04 1.686704066877878722e+04 -1.709103139395012840e+04
1.006198224755014598e+04 1.480809719847021915e+04 -2.011224901954867528e+04
4.846008816899258818e+03 2.314309089396667696e+04 -2.022819122876332403e+04
-8.743859463991038865e+03 8.151905134773416648e+03 -1.741990469242250765e+04
-2.665387810994779102e+03 1.584538815261657692e+04 -1.414165132201225970e+04
1.637271903333982209e+03 1.693429893812851878e+04 -1.804098736972392726e+04
-1.091526064024835705e+03 1.387765290716172785e+04 -1.775064900716452030e+04
-1.714832163512849547e+03 1.501859014868216946e+04 -1.628082199180547832e+04
-2.271457016026397923e+03 1.630753005093437787e+04 -1.645924217104071067e+04
-3.776332494187754946e+03 1.631501140288299030e+04 -1.627038645747176452e+04
-6.706998877600941341e+03 1.498688840820717451e+04 -1.760004680199207360e+04
-2.360312340433721147e+03 1.583148935632770554e+04 -1.654419165086952125e+04
-9.326768037653421288e+02 1.484220495051311082e+04 -1.635317350815067584e+04
-4.431152592368199294e+03 1.570243594481414220e+04 -1.585804334162316263e+04
-5.785797758448916284e+01 1.368946575233203293e+04 -1.752646815461897859e+04
-9.384816711811404275e+02 1.444226196916310255e+04 -1.634206833161241229e+04
-1.674181066514981239e+03 1.581229759386041405e+04 -1.244255857691466372e+04
-4.223952516124135741e+02 1.393868159625957924e+04 -1.726571757777630773e+04
-2.248648377762387554e+03 1.204290874459161023e+04 -1.548930401483638525e+04
-1.003279268231452625e+04 1.932591614914011370e+04 -8.418518674536850085e+03
-2.801259613272029583e+02 1.319373518454294390e+04 -1.825303462670831141e+04
-5.774510879807745368e+03 1.631359591136884046e+04 -1.198183209840237032e+04
-4.887736733374085816e+03 1.305631578826989244e+04 -1.730525563001303817e+04
-1.078722157483842466e+03 1.308805217604716563e+04 -1.675747741526882237e+04
-1.203175016420288785e+03 1.436358903884214305e+04 -1.703900145093661922e+04
-2.125957463888249094e+03 1.498161628948335238e+04 -1.687767264418663763e+04
-3.745115053074027855e+02 1.540384212790758829e+04 -1.665407902339059001e+04
-4.597019589330446252e+03 1.642568466971356611e+04 -1.537968313360639331e+04
-8.729261777221749981e+02 1.175359600432556181e+04 -1.780711391339142574e+04
-1.979610647778825296e+03 1.131809191599460792e+04 -1.887233392491190534e+04
-3.346538915973391795e+03 1.132350110776768997e+04 -1.826580154107654380e+04
-1.188281631136192118e+02 1.431124616287978824e+04 -1.511340337877038291e+04
-2.272682760693711771e+03 1.463479688002541661e+04 -1.664760511708709964e+04
-8.930633076512671323e+03 1.064800832555794477e+04 -1.654039827770048214e+04
-6.378562078838446041e+02 1.347004177279785290e+04 -1.694405834313589367e+04
-3.642459302266679515e+03 1.793691174335941832e+04 -1.650565007347129722e+04
-9.907766914208177695e+02 1.474267281451591589e+04 -1.700489711681965491e+04
-6.548015438649890712e+03 9.344183265164389013e+03 -1.865152228205827487e+04
-5.103445473228002811e+02 1.436886024226460722e+04 -1.638269373761835777e+04
-1.612419405868657805e+03 1.400766900041864210e+04 -1.557591587373706352e+04
-1.390762514478113644e+03 1.543899947904806868e+04 -1.606348911618119200e+04
-1.309921048190802367e+03 1.492589663872025267e+04 -1.649925931459289131e+04
-1.199404348587247796e+03 1.491252678783383089e+04 -1.655840698400887050e+04
-2.843652811285605367e+03 1.582876427548132597e+04 -1.632329129317731349e+04
-2.425177157028380407e+03 1.596132016119075706e+04 -1.642858661705730628e+04
-1.838001538880557518e+03 1.517653584598322232e+04 -1.642393207833107226e+04
-4.535217659605406880e+03 1.106183499436281636e+04 -2.096236129633744713e+04
2.796832752942062598e+03 2.126111764071142170e+04 -1.499569084419785213e+04
-2.104089783896934932e+03 1.478537359526361251e+04 -1.686144657246820861e+04
-1.032545553422808007e+04 1.939217815724935281e+04 -1.110889461379559543e+04
4.615616162839017306e+03 1.323107898896281768e+04 -1.764563057035341262e+04
-3.501801662013927853e+03 1.200071146740442236e+04 -1.944365034111069690e+04
-6.036080773016727790e+02 1.656021814619938232e+04 -1.605256302875129950e+04
-1.522904398910216514e+03 1.470812898568091259e+04 -1.646396808063251228e+04
-1.987656011815601460e+03 1.597586690169331087e+04 -1.617203721185336326e+04
8.245134650715277530e+03 6.723046391552574642e+04 1.900775633166189436e+04
-1.090720927562147153e+03 1.541305911350742099e+04 -1.594021684332860241e+04
-1.148004853115613059e+03 1.429435599984049441e+04 -1.763261876741749802e+04
-1.593179401864841111e+03 1.361117077100040660e+04 -1.709132191930997578e+04
-2.144130618375748782e+03 1.442374888987566192e+04 -1.673039899874510957e+04
-1.803803048392933079e+03 1.574338180794440632e+04 -1.573583723702546195e+04
-2.016347104371319119e+03 1.547202434286058633e+04 -1.630088619430015206e+04
-1.571528345363087055e+03 1.494068168954535395e+04 -1.677391016278186362e+04
-3.080195634370593780e+03 7.152025324128887405e+03 -1.831509553706989391e+04
-1.512264860997875076e+03 1.559199661277913037e+04 -1.643262835034549789e+04
-1.340248640743477608e+03 1.433326587404916427e+04 -1.720282862346538604e+04
-1.278906516939032372e+03 1.358183630753981561e+04 -1.651803251378555069e+04
-1.071268135262313263e+04 4.867133535452039723e+03 -1.772055956119759139e+04
-2.177109618101370415e+03 1.642825138179929854e+04 -1.480899662423393966e+04
3.527239349615327342e+02 1.288139750504706899e+04 -1.685883931839728029e+04
-3.975848354139272942e+03 1.763919330488879859e+04 -1.415612029860996518e+04
-5.132631802734749726e+00 1.451952148021593712e+04 -1.688221623178260415e+04
-9.459051127506077137e+02 1.563044156598828886e+04 -1.622076872156067475e+04
-1.667301542085893743e+03 1.420249087850463002e+04 -1.678693372788681882e+04
-1.293337644572393856e+03 1.452495256426394553e+04 -1.713609977546167647e+04
-3.763502277550157487e+03 6.786516102818848594e+03 -2.083148160964531780e+04
-5.204065182739830107e+02 1.355410922901614322e+04 -1.719513257835805416e+04
2.776734356050680435e+04 2.909879129813684631e+04 -9.205916940690465708e+03
-2.073911798392996843e+03 1.347769629185273334e+04 -1.760360768081633796e+04
-8.284101843641149117e+02 1.587184106240556139e+04 -1.594502168999686546e+04
-1.261404902183176546e+03 1.458569887061022200e+04 -1.549683283004377336e+04
-3.547009602197055756e+03 1.540780403527938870e+04 -1.731481444744117107e+04
-4.358419582978499989e+02 1.243608424921465121e+04 -1.699149038249223668e+04
-1.700523742467218653e+03 1.487600358548213262e+04 -1.584900300004344172e+04
-1.045776777693495205e+03 1.452738263674458358e+04 -1.665933837209212652e+04
-4.087939951325464563e+02 1.359347318546633142e+04 -1.704773272290374734e+04
-1.519159983599778343e+03 1.431620496225729767e+04 -1.709086132666041522e+04
-2.369306455339319200e+03 1.522682540248259647e+04 -1.700118780895283999e+04
-1.662127597070005322e+03 1.503944210136256333e+04 -1.603129220588733915e+04
-6.536844219289523608e+02 1.372653801451522304e+04 -1.706634028598097939e+04
-1.089270193067889750e+03 1.569212519403225633e+04 -1.631281884507323230e+04
-9.943431923379171167e+02 1.335401724283033036e+04 -1.552614595191194712e+04
-1.246962584406893484e+03 1.471903277208163854e+04 -1.781723346194943588e+04
-2.367452655618814788e+03 1.595528586831297616e+04 -1.815309806144280810e+04
-4.635036644311569944e+03 1.559193228002115393e+04 -1.992206702868919820e+04
-2.179853490337831317e+03 1.558989273062667053e+04 -1.614425836618899848e+04
2.806998238634376776e+03 1.500664784015906844e+04 -1.815373647826606248e+04
-2.383709786677157808e+03 1.531535333414221350e+04 -1.607008142699465498e+04
-1.224490662119441140e+03 1.485332743177587690e+04 -1.588042084491164314e+04
-2.321157238080528259e+03 1.612803597677714060e+04 -1.354866950033759531e+04
-1.044091437245523139e+03 1.485129028524912792e+04 -1.614005447848127369e+04
-3.359520220206909471e+03 1.543579401124001015e+04 -1.711051675409595555e+04
-1.227196550811394900e+03 1.465332185069273510e+04 -1.616544023691605071e+04
-1.913845540614530364e+03 1.471609128513804171e+04 -1.724637045207968549e+04
-1.660885813119614795e+03 1.547644634551748823e+04 -1.660342058490106865e+04
-1.914721596758124861e+03 1.456326044052137331e+04 -1.714327711421724962e+04
-1.410258261192383998e+03 1.592312793506377784e+04 -1.681320283729258517e+04
-2.638559166948486563e+03 1.522384719808869158e+04 -1.701420850683356548e+04
-4.368234835110035874e+01 1.223978719625159283e+04 -1.826802130117785782e+04
-1.001318703260393022e+03 1.446079334880730858e+04 -1.645202682388090761e+04
-1.017564053435090386e+03 1.450082034166160520e+04 -1.661904576929797258e+04
-1.596810529575069040e+03 1.488357993451246330e+04 -1.924953128656703848e+04
-1.003256776545467801e+03 1.450661109082708754e+04 -1.664749466521951399e+04
-2.160517016483090174e+03 1.477511703300205772e+04 -1.649500228914185573e+04
3.872673674911791295e+03 1.331116585700094038e+04 1.200635583287042027e+04
-2.516696511537986680e+03 1.515733636517747800e+04 -1.535475100611652306e+04
8.046497342936163477e+01 1.426969582931564946e+04 -1.775511174897084493e+04
-9.041162983733973988e+02 1.385333916700105328e+04 -1.798630292705766988e+04
-9.590726483351882052e+02 1.399101742773378282e+04 -1.725823306158983905e+04
-4.604632182315242244e+04 4.186250462450886698e+04 -8.428918930121284211e+04
-9.694798247219584937e+02 1.455579566643065300e+04 -1.635034917821558702e+04
-2.956516826969600061e+03 1.643601371598528567e+04 -1.545256047852632582e+04
-1.510496064618627770e+03 1.498044806184765548e+04 -1.663289095978148907e+04
-1.529721548158449195e+03 1.507315346664477147e+04 -1.633688358028296352e+04
-1.274919827151661593e+03 1.448499203928868883e+04 -1.704162512129337847e+04
-1.241053597169455315e+03 1.360635810094446606e+04 -1.693687030325628075e+04
-2.588277365163896775e+02 1.257018554621513249e+04 -1.692995931645049495e+04
-1.432287655987205198e+03 1.518622158694327300e+04 -1.627783732225497079e+04
-1.164705312594269799e+03 1.331689219818081801e+04 -1.677472211333660380e+04
-1.689950814085905677e+03 1.320795046440205442e+04 -1.661684649980716858e+04
-1.731993671596174181e+03 1.601356626939262424e+04 -1.551393755789390707e+04
-5.283916333253589983e+03 1.960752268614906643e+04 -1.900389898920561245e+04
-1.636886652761192636e+03 1.498858179285371079e+04 -1.636476927593018627e+04
6.514108751099556684e+03 1.328646907646150248e+04 -2.363191201600706700e+04
-1.381029960968916384e+03 1.454412524105528428e+04 -1.701662423138600207e+04
-1.789110372861280212e+03 1.449761695898073958e+04 -1.722129331378571442e+04
-1.948493859282488484e+04 2.288241600847470545e+04 -1.974016968618704777e+04
3.195584606361217539e+03 2.185601345220714575e+04 -1.212938404889125013e+04
3.746881814409956860e+03 8.922591018161290776e+03 -1.461558313356440704e+04
-1.472288245556310812e+03 1.458436640111182533e+04 -1.705661276416510736e+04
-2.840965517003131026e+03 1.508397630656407273e+04 -1.711802637399697778e+04
-1.747720656795120249e+03 1.470348987579606910e+04 -1.698440007067241095e+04
-1.330986165632934444e+03 1.506653091929766379e+04 -1.642439584438244492e+04
-2.187550718108858291e+03 1.538923763075163515e+04 -1.623467343524741955e+04
-2.157012357072325358e+03 1.516302963461926083e+04 -1.772973344312713016e+04
-1.320141511919677555e+02 1.370883645711532699e+04 -1.609798187228546885e+04
-3.625173043395520381e+03 1.633344001990144534e+04 -1.814116108173276734e+04
-1.449289802059314752e+03 1.448261992580316291e+04 -1.679159264817190342e+04
-8.391828816657767902e+02 1.659994935509751303e+04 -1.605882777664715286e+04
-2.592506910163198881e+03 1.620370937994396081e+04 -1.642188430529396646e+04
-5.829345441368311185e+03 1.449708861322424673e+04 -1.981540940670615964e+04
-5.131353592932068750e+03 1.605583778755259482e+04 -1.670027363115023763e+04
-2.024735269367333558e+03 1.554533754767561186e+04 -1.544883931130584460e+04
-1.238564529060021869e+03 1.362655748666554064e+04 -1.703662164469821801e+04
-1.270137590551744097e+03 1.395321542751140259e+04 -1.689976544501323951e+04
2.920107099846444726e+03 1.322452749046142526e+04 -1.900487240360177384e+04
-7.737420039764976991e+02 1.365845207236095848e+04 -1.699082903512207486e+04
-1.124557861319638505e+03 1.693036495671065859e+04 -1.091283133932737474e+04
-2.821649768149685315e+03 1.480356193076685304e+04 -1.659928877571960766e+04
-1.075777131573364613e+03 1.429287665681193357e+04 -1.670946891473021606e+04
-1.695088928175704950e+03 1.513856399164936556e+04 -1.649192856259912514e+04
-2.573620273564175022e+03 1.543183310604439976e+04 -1.648199999364389805e+04
-2.120433305683273375e+03 1.489149585697464681e+04 -1.712870854303479064e+04
-1.399391546780702356e+03 1.447381049137493756e+04 -1.689134326123202482e+04
-1.345845986174648260e+03 1.454619305322686341e+04 -1.697549787729270975e+04
-1.230150149743807015e+04 1.530546881625691640e+04 -1.928130871064450912e+04
-2.640537926051244085e+03 1.731782621535265571e+04 -1.481786255939035618e+04
-1.662091461363544795e+03 1.485613387751152732e+04 -1.662209832266439844e+04
-1.571820313665246204e+03 1.446570552651059916e+04 -1.693857902189191736e+04
-1.467832331163531023e+02 1.364433534956718904e+04 -1.640699059185787337e+04
-2.060169399008907931e+03 1.435386185131414459e+04 -1.707007749598661758e+04
4.826330720293839477e+03 1.214353852661396741e+04 -1.575716322916071294e+04
-1.816272838729046271e+03 1.514288133611887497e+04 -1.650455258376431084e+04
-7.980886281803013844e+02 1.244117535235012292e+04 -1.767212604721353637e+04
-1.682474499760183562e+03 1.487787483618346050e+04 -1.671878560215084144e+04
-1.206153414933224440e+03 1.406455933766260569e+04 -1.656297773445181519e+04
-2.494691738745877501e+03 1.609682176722477561e+04 -1.625632835142574913e+04
1.189940298451059425e+04 1.206086815472684975e+04 -3.068124894965269959e+03
-1.735114301384874807e+03 1.479683582861818468e+04 -1.667906736356224792e+04
-2.259105903011038208e+03 1.442932097933391378e+04 -1.691213751186172158e+04
1.234893043330604996e+03 1.546984169729443965e+04 -1.574338008172420450e+04
-2.330677110969397290e+03 1.492719986058364702e+04 -1.686972861769246083e+04
-1.008241990855823929e+03 1.422105123557165098e+04 -1.700838284607599780e+04
-1.729045113289917026e+03 1.472087547413483480e+04 -1.680040661059406921e+04
-2.735792055520166286e+03 1.365384749581574215e+04 -1.721837761195867279e+04
1.727340111446438095e+04 -7.493051820875172780e+03 -9.694030283169403265e+04
-8.776861623601946576e+02 1.444307594886346305e+04 -1.647735004296620536e+04
-1.368893286653134282e+03 1.430989786522317627e+04 -1.707761899882666330e+04
-2.721306211229708879e+03 1.490018239320093562e+04 -1.679460553293516568e+04
-1.229270235871304294e+03 1.404521903930350891e+04 -1.712055955196255672e+04
2.722801403302139533e+03 1.404988867152350031e+04 -1.631400731696347066e+04
-9.660600958245285028e+02 1.400471858655207325e+04 -1.666275041636803508e+04
-2.097345701203708359e+03 1.488112706416935907e+04 -1.635028738834260366e+04
-1.785681995086391453e+03 1.554582152209942251e+04 -1.672420371672610418e+04
-2.910826877805048753e+03 1.566566748022007778e+04 -1.627353499129642660e+04
-6.279804844173210086e+02 1.483304548160010745e+04 -1.626938187764097893e+04
-1.196760939701312964e+03 1.483603036395959862e+04 -1.679150104958863812e+04
-1.668796026568414618e+03 1.532652502246684162e+04 -1.516258492481617759e+04
-8.781566424877287318e+02 1.435927488237097714e+04 -1.669685111774389952e+04
