-8.281125715022670920e+04 4.542278953298013221e+03 -1.549580285270945024e+04
4.216697789468666087e+03 8.310048268523541992e+03 -1.804907849572701161e+04
-1.963571410291901429e+03 1.630935645151838617e+04 -1.880255715290713488e+04
9.090250419758271164e+03 8.117057311921911605e+03 -1.714287423746223430e+04
-5.175913385258245398e+02 1.539535559517956972e+04 -1.653920359586558698e+04
8.657008629695783384e+03 3.252821579772759378e+03 -1.818276429894577814e+04
-6.883957492520999222e+04 2.320805353520411518e+04 -1.871372159366463893e+04
8.823165744735522821e+03 -1.341936720570091165e+04 -1.409986487182394194e+04
-1.711721031778238512e+03 1.865240028848049769e+04 -1.551540640367805281e+04
-5.013176164682065973e+03 7.851722540617095547e+03 -1.992273690254464964e+04
-5.457373552668192860e+04 4.808268324856901927e+03 -1.787131059822443422e+04
-6.916428578020667373e+03 8.145185827895620605e+03 -1.898723729296446982e+04
-3.841762649276606680e+03 1.636717720687673500e+04 -1.724950441572918862e+04
-1.191688712631937233e+04 1.124943298759400568e+04 -1.696009967937154579e+04
7.557626429457229733e+00 1.212510146783092750e+04 -1.831393628714306033e+04
2.346306424848071401e+03 1.636890654389478368e+04 -1.801037647607059989e+04
-1.092993579570912516e+03 2.258261232749977353e+03 -1.660988829774615078e+04
-1.747473387484234081e+03 1.575397929754635152e+04 -1.703261337168278624e+04
-2.258130843679879945e+03 1.488141595427221910e+04 -1.722723226292541585e+04
7.588356844074785386e+02 6.558171838083391776e+03 -1.778209729892145333e+04
-3.785757186010269834e+03 1.460784377254846004e+04 -1.651691484187320748e+04
-2.357889234050515370e+03 1.231120562718532892e+04 -1.622413003428665797e+04
2.704427287451277152e+03 8.681410643761590109e+03 -1.831755436915632163e+04
-1.537727427713946781e+03 1.417920564784964336e+04 -1.714168651135304390e+04
-2.941428214858623687e+04 2.933676937742737573e+04 -1.476837003593869485e+04
-1.754843672812644172e+03 1.115062025685980916e+04 -1.806551612103612206e+04
-2.131104735586312017e+03 1.584361454663081531e+04 -1.737538763717628535e+04
-8.003106934153987095e+04 7.169790802675408486e+03 -1.315469283949203054e+04
5.032923691207389538e+01 7.857407019809161284e+03 -1.932444079415701708e+04
-4.837191938708744419e+04 5.774672376115220686e+03 -1.604004125073358045e+04
-7.880702548616804415e+04 5.856334211317268455e+03 -1.371726118863358897e+04
-1.076106321269828732e+04 1.578979519967761735e+04 -1.705818244718192727e+04
3.247662142542043966e+03 1.741729796589846592e+04 -1.891557139611195453e+04
-7.705905031284523830e+03 2.560444616179627337e+04 -2.277686670728021636e+04
-3.376915977049044159e+03 1.058955747784656342e+04 -1.780583309127005850e+04
-1.511767716978852150e+03 1.544941451157410484e+04 -1.669320559874335231e+04
-4.924214825732316967e+03 2.057060292540432783e+04 -1.493059405234202313e+04
-4.127705158125187154e+03 1.564264649584043036e+04 -1.963751357115553765e+04
-3.059888363610010128e+04 -4.701591175264364574e+04 -1.828431120485157589e+04
-1.765093932371870324e+03 1.573742786984842314e+04 -1.506989966846923562e+04
1.236139632998080060e+02 1.489127100045359475e+04 -1.719929662139835636e+04
2.046168381979358173e+03 1.199778201231384082e+04 -1.773160116615333754e+04
2.956085191036263495e+04 -1.959873332018760848e+05 -5.866951410540942788e+02
1.230642306666515833e+04 1.115547160409585103e+03 -1.619293209926878080e+04
-4.395862769868527721e+03 2.170955403930896864e+04 -1.303987643156033482e+04
-1.118227499971375892e+03 8.316945311963096174e+03 -1.521779135019629575e+04
-8.034471662647620542e+04 7.712875859761731590e+03 -1.331897275926204020e+04
1.449197407332051171e+03 1.423093959260070733e+04 -1.743610796412891796e+04
-1.923817660122179177e+03 1.218078527575004955e+04 -1.700662961328655365e+04
-1.988008529308586503e+03 1.305534991142626313e+04 -1.842593326502919081e+04
1.220370885320926746e+00 2.537816375430189873e+04 -2.352811334263093522e+04
1.786538991290042304e+03 1.592279048309046993e+04 -1.639203290115621348e+04
-7.194704724902087492e+02 1.335302285939538706e+04 -1.682986161115398136e+04
-2.127447001580771484e+03 1.409675471063950317e+04 -9.209809688141580409e+03
-6.598963351804953163e+03 4.613751232545039784e+03 -1.952629087516628351e+04
-3.160856455295761862e+03 1.866620770981203532e+04 -1.630406713632038191e+04
-1.520641482918803231e+05 -9.183476945192851417e+03 -1.816166108544209419e+04
2.180242826728635009e+03 1.304806157746223653e+04 -1.749590995465515152e+04
-4.609978990676266221e+03 1.621087904101054301e+04 -1.653778192624566145e+04
-1.763778908338424117e+03 1.597766316799053857e+04 -1.628572470950982097e+04
-1.963285062272194637e+02 1.394090679394045765e+04 -1.562217676511395985e+04
8.121105319590845284e+03 1.420926179992642028e+04 -1.683955438963607594e+04
-2.253493973850713701e+03 1.616644255645151134e+04 -1.652238216062692300e+04
-1.714896043949877594e+03 1.471691595277579472e+04 -1.725083276694540473e+04
-3.525870794311931604e+02 1.374755453805178513e+04 -1.737448434076422927e+04
5.165505761007222645e+03 1.158578682936712539e+04 -1.377594156153338190e+04
-2.299497906852752749e+01 1.254274041676574961e+04 -1.975827926301325715e+04
-2.073576667099424412e+03 1.728854034694578513e+04 -1.636149392091614209e+04
-6.181724551135116599e+02 1.508189700363430165e+04 -1.693272164949323269e+04
-3.413324158650431491e+04 -3.824659121776629763e+04 -2.331269014691472694e+04
-2.214420108503080883e+03 1.591143719363968557e+04 -1.859697178260104556e+04
1.145582613852954637e+03 1.173561141637656146e+04 -1.604936746947193751e+04
-8.005812009409209713e+04 6.129290928414468908e+03 -1.319050878530726914e+04
-1.274738636068862434e+03 1.526349777674524921e+04 -1.614420922278056241e+04
3.214072715315686764e+03 2.106351927324265125e+04 -1.423547602012694188e+04
-3.730940042900115714e+03 1.502384690120522646e+04 -1.748420845910009666e+04
-2.218573451382239909e+03 3.009171348778465472e+03 -1.819325594868629923e+04
-5.645919256359477004e+04 9.707017964963681152e+03 -1.835178055951879651e+04
-2.454700275451151356e+03 1.542736236963507326e+04 -1.677086399217383223e+04
-6.875772287935863858e+01 1.304054676672700589e+04 -1.775123596215515136e+04
-1.112113381965270946e+03 1.033077247430355601e+04 -2.073574372981187844e+04
-1.816115270886946007e+02 1.283646652951160286e+04 -1.842817618319557005e+04
-2.429557165669795722e+03 1.926853131093481352e+04 -1.821903321809376575e+04
-1.336455502473601427e+03 1.280159895057678659e+04 -1.730134797045759115e+04
2.432367808128494744e+03 1.150931210463552634e+04 -1.832297024937843162e+04
1.874448830588422425e+03 2.236897656010514402e+04 -1.669610221958932379e+04
-1.313180876388411207e+02 1.485828825884573962e+04 -1.521447312235044956e+04
8.755561193262950610e+02 1.225108700081085590e+04 -1.645791910611686762e+04
1.837426504400517160e+03 1.469133005367182159e+04 -1.507449583612009519e+04
-2.771570089642007588e+03 1.545083967683305127e+04 -1.709663762611360289e+04
-2.715037073753709592e+03 1.473171045372831941e+04 -1.447438253138373693e+04
-3.043506827539783990e+04 -7.021617505017157237e+04 -2.331343408610975166e+04
-1.917108739478821690e+03 1.141168901020911653e+04 -1.743116984262638653e+04
-2.214001209813378409e+03 1.608540240189046017e+04 -1.662718955413856747e+04
-1.062565488457660194e+03 1.441547167981910388e+04 -1.710311939315240306e+04
5.766801722477790463e+03 1.301674049628097600e+04 -2.107042106510056328e+04
4.820385881316434507e+02 1.785587695973218797e+04 -1.514200816842284439e+04
-1.905794763650840423e+03 1.779426024297179174e+04 -1.678466920077299073e+04
-1.401468831363290974e+03 1.760033638712874381e+04 -1.614450783258927549e+04
-3.963522860458245759e+03 1.234397169870749167e+04 -1.885958353242609155e+04
3.101775277517360223e+02 1.499706353301176932e+04 -1.820744041635503891e+04
6.940969327379723381e+02 2.598381972367940762e+04 -1.541470826106408276e+04
-2.848145129330192503e+03 1.596854922031727983e+04 -1.702252647412065926e+04
1.800677279543648638e+03 1.517285725834315963e+04 -1.537633005378875532e+04
9.880018963536138472e+03 9.008477923683891277e+03 -1.881585107798893659e+04
-1.821368650138611201e+03 1.186275979034797274e+04 -1.824031476798141011e+04
-2.474763813762517657e+03 1.162299572384256680e+04 -2.156261933750932440e+04
-5.336632529318384513e+03 1.541301186267973208e+04 -1.778860759751517980e+04
-5.707955260939478421e+02 1.387870193771201775e+04 -1.752970015187873287e+04
-3.756605735076734709e+04 -1.972228683228946102e+04 -3.382469248785151285e+04
1.227229368371537021e+03 1.378863140696955634e+04 -1.678161006845927113e+04
-2.553108707608168515e+03 1.591681843942584237e+04 -1.756996676099153410e+04
-4.461641274641178825e+03 1.627942064347684391e+04 -1.456381141598849172e+04
6.767312303305175192e+00 1.308132581334608039e+04 -1.804362618226993072e+04
-5.831478684027119925e+02 1.358860851479465418e+04 -1.776962173925888783e+04
-1.236954561954974679e+03 1.253484817042129180e+04 -1.489907406449238442e+04
8.994395908534537512e+02 1.365555523642623666e+04 -1.631331756537008550e+04
1.163578736889797437e+04 -7.194665310000200407e+04 -3.429876618441967003e+04
6.077824297672128750e+02 1.338868258617419269e+04 -1.746147208697039969e+04
-3.541505524258899641e+03 1.601309593263600982e+04 -1.655138186653937009e+04
1.640165790297476860e+03 1.405031022153769482e+04 -1.982331981905700741e+04
-2.250173598095745547e+03 1.510201565417634265e+04 -1.895517445395183313e+04
-2.095052382290665264e+03 1.573085321240116537e+04 -1.622967368406666719e+04
-4.966519158236752446e+03 1.457738480311126114e+04 -1.773900789360639101e+04
-3.494617207889193196e+03 1.440427454043171929e+04 -1.823158066691426575e+04
2.677156862646301647e+02 1.728029208863561871e+04 -1.762566306508228809e+04
-1.026198291484274523e+04 1.394610843381926497e+04 -1.460217601407128313e+04
2.002519074780644814e+03 1.222044181138436215e+04 -1.596340536844929920e+04
-3.718017431830131500e+03 1.665941871678454845e+04 -1.722076803144245787e+04
-1.641549878046190315e+03 1.605026233577606763e+04 -1.937972425389094496e+04
-3.173717742121488300e+03 1.256938347427895133e+04 -1.519673836541816854e+04
-3.655386634980629424e+03 1.544457484945817123e+04 -1.399264370551611319e+04
-8.441599246964529812e+03 1.671330022621220269e+04 -1.590677925975483231e+04
-2.057889706152951476e+03 2.022017154195997864e+04 -1.617494470628161434e+04
-3.944988602766241002e+03 -7.569753707900038364e+01 -1.889913977075733783e+04
9.444507305851795536e+03 9.366755086000412120e+03 -3.777072792654203658e+04
-4.467868484716056628e+03 9.040870153170919366e+03 -1.878968650859832997e+04
-1.616768076893792386e+04 1.890820399515892132e+04 -1.982072959234556038e+04
-3.696294499754113076e+03 1.245180732121342953e+04 -1.812819880076086702e+04
3.092217551916336902e+02 1.551034589451036118e+04 -1.780498358742477649e+04
-1.219188824242973396e+03 1.469509288674374329e+04 -1.716741930764609788e+04
-3.053080891167819209e+04 -2.803887042623012167e+04 -2.093016984353717999e+04
-2.196940858203152857e+03 1.443264264485851891e+04 -1.837225745200954407e+04
-2.384269937742547881e+03 1.583386800015414519e+04 -1.414971158440354702e+04
9.354996110458677094e+02 6.632523925468094603e+03 -1.728273502439757067e+04
1.872074504360120955e+03 1.216234981942230661e+04 -1.787205942553174100e+04
-1.740122683905371105e+03 1.543510471345746555e+04 -1.837573188225958074e+04
7.325563575137232874e+03 1.323370389879336108e+04 -1.632253639380508503e+04
-2.967825881856749038e+04 -4.890308851514171693e+04 -2.000356790093654854e+04
-2.199717588107234860e+03 1.577090653355888753e+04 -1.727778172656552124e+04
-1.619235836991791302e+03 1.522819930195377674e+04 -1.700711864298164801e+04
-2.127826579982239764e+03 1.905820138524397771e+04 -1.345187206938356758e+04
-5.672500443238472144e+03 6.578925451107195840e+03 -1.617581780912293652e+04
5.689591103860466319e+03 2.127242808160982167e+04 -1.739166824354984055e+04
2.240320875463441553e+03 2.878185510524917481e+04 -1.651763673136261787e+04
-2.808895799140235340e+03 -8.515492416406406846e+04 -3.137139322030308176e+04
-2.300710940411058800e+03 1.359731795630043052e+04 -2.068318900568779645e+04
-2.143477201251357656e+03 1.493193235973221817e+04 -1.685602419218626528e+04
-1.530294974266238114e+03 1.530838410991600540e+04 -1.665114558004125502e+04
-4.548667212336374632e+02 1.777819217684090108e+04 -1.625211523775113164e+04
-2.016011825187081740e+03 1.365831220539076457e+04 -1.837369411970244983e+04
-4.151235211781324324e+03 2.491075521206544181e+03 -1.976630057404176478e+04
-3.107642415921078737e+03 1.495285308611982691e+04 -1.697280974738333680e+04
-3.891853986405897558e+03 1.556604059500675794e+04 -1.685252795194304417e+04
-3.029032572714458183e+03 1.617210921707322086e+04 -1.840213170419638482e+04
-1.815040686112913681e+04 6.641771467812415722e+03 -1.841144726178226847e+04
-9.531108499620844668e+03 1.641458840786246947e+04 -1.620518104259707798e+04
6.285671642240501569e+03 1.217088612386366776e+03 -2.230730630979720081e+04
2.096238491975047964e+03 1.173409505107912992e+04 -1.856943871207783741e+04
-4.184614013986650207e+03 1.562741986489209921e+04 -1.457569331734204025e+04
2.235153337785889107e+03 1.259844718973274576e+04 -1.824297241753491471e+04
4.191095343601962668e+03 1.200027675069347970e+04 -1.670254859972340273e+04
-1.352755432502922304e+03 1.230886782885074899e+04 -1.551652362662906853e+04
-3.932150041114315627e+03 1.430454594444996837e+04 -1.792773761193745668e+04
-2.662017595033604721e+03 1.657254159822293514e+04 -1.772547660560685472e+04
-3.187200683222102953e+02 1.661545707389481686e+04 -1.585521084627916935e+04
-1.751385170171408845e+03 1.541458121702947392e+04 -1.648123194664533366e+04
-2.375064245573506923e+04 1.183494327481403161e+04 -1.872908044524436627e+04
9.766199532721329888e+02 1.647665325379194110e+04 -1.743692077986650474e+04
9.132246269794270120e+03 1.987400864139898476e+04 -1.478980613158625965e+04
-3.935267350690885451e+03 8.158335274028196181e+03 -1.830827898798646856e+04
-6.967512568175363867e+02 1.293524496843627276e+04 -1.776633332813479865e+04
-5.155639490911446501e+02 1.162184482887666127e+04 -1.670878073721135297e+04
-3.032330019178621114e+02 1.270341728133644574e+04 -1.548033474656831822e+04
-3.061904930669526948e+03 1.430596106896110905e+04 -1.940399459940834276e+04
-3.758661275920174830e+03 8.959797235053019904e+03 -1.794835354085001018e+04
-1.401634269142477388e+04 2.453364798422760214e+04 -2.079330773408133973e+04
-1.753842797784263439e+03 1.448442449641861822e+04 -1.541750044125955719e+04
-3.250150476386279479e+02 1.683775488828323796e+04 -1.522788977822161360e+04
-2.183031223136302287e+03 2.057212125742019271e+04 -1.894954398547044548e+04
7.609585699775083185e+02 2.542213524598272124e+04 -1.996173120966012357e+04
-3.260671662121600093e+03 1.119458306841092781e+04 -1.995639496684096957e+04
-1.247241170246973297e+03 1.398187190694958917e+04 -1.669298846539215083e+04
-3.294320450360703489e+02 1.365467715952683830e+04 -1.688046098699409049e+04
-1.274995309723145965e+03 1.330920981775919972e+04 -1.735286144014304955e+04
-2.693624383908156233e+03 1.283095938952872166e+04 -2.247702563750482295e+04
-8.174711289324454810e+02 1.205212406181552069e+04 -1.714408697352483432e+04
4.907796889592119669e+02 -2.121452237789224455e+03 -1.915449355319416645e+04
-1.303701411765042394e+03 1.633300900567148710e+04 -1.581724919230837986e+04
-3.474511313307777982e+03 1.666852476795351686e+04 -1.801339211363678260e+04
9.412423937726809982e+02 1.370428332328256874e+04 -1.647985668479519154e+04
-1.343365577630241205e+03 1.445180369601307575e+04 -1.743644613005187057e+04
-3.392945156589049475e+03 1.697560210847370763e+04 -1.746151751577386676e+04
-6.024190023669766560e+02 1.456109208122949713e+04 -1.858665229917993202e+04
6.803577627861958490e+02 1.457332127171397224e+04 -1.701749124937192028e+04
-2.214675906484564166e+03 1.527877298448199508e+04 -2.046559860371109971e+04
-3.194227543699870239e+03 1.441540203607001604e+04 -2.240319639502169593e+04
-1.567256798090921393e+03 1.471428108797819550e+04 -1.700203891981241395e+04
-1.214376354654126317e+03 1.648835332050321085e+04 -1.635718917015327861e+04
-4.248777406141843130e+03 1.785358140493433530e+04 -1.482182927256196490e+04
-1.891454110540549436e+03 1.578284126807047323e+04 -1.745983460510991063e+04
-1.434284296541758067e+03 1.499716231140681884e+04 -1.538329917136138647e+04
-2.022352073362816327e+03 1.464912411743386292e+04 -1.693203190936203828e+04
-1.658644777725080530e+03 1.592511794244058183e+04 -1.543362481047787514e+04
-5.079221731162508604e+02 1.465183254826783195e+04 -1.709187679783914064e+04
-1.240081162534356054e+03 1.317658497772151350e+04 -1.821150183835828648e+04
1.337761808824138257e+02 1.581584464726151782e+04 -1.857137553184539865e+04
-5.536520183113265148e+02 1.485811962032836709e+04 -1.702328818750924256e+04
-1.556158744824841506e+03 1.463504166008863467e+04 -1.795168303828561329e+04
-2.001855222669069008e+03 1.150176294044377573e+04 -1.748202369960253054e+04
-2.344989967377190169e+03 1.551573112091584517e+04 -1.127466328607072501e+04
-1.116914500634662090e+03 1.411982827210784308e+04 -1.555039961204526116e+04
-1.656488881892591962e+03 1.420618437001514394e+04 -1.686876827003863218e+04
-3.109131137825724636e+03 1.539134085509581018e+04 -1.530842963842993413e+04
-2.826494724174031035e+03 2.058077712034486831e+04 -1.946999778490813696e+04
-1.149355764937947242e+03 1.523136365510347969e+04 -1.580832102101385681e+04
-7.790040551390568453e+02 1.634567085343463623e+04 -1.655238191174435633e+04
2.648400150315256951e+02 1.531807185013640810e+04 -1.375928190931502832e+04
-1.235423196818082797e+05 1.106594313853389940e+04 -1.437659511623937215e+04
-8.879458713430547050e+02 1.593614331008282352e+04 -1.673551366422267529e+04
-2.768580909642979350e+03 1.614064792050819233e+04 -1.593015572634229102e+04
-2.401566675015974397e+03 1.775682222428619934e+04 -1.528858608480233670e+04
-1.104013497217062422e+03 1.457506590508021509e+04 -1.673559503770941956e+04
-2.255042100704607492e+03 1.000003615658766648e+04 -1.440852560345490019e+04
3.999558144009900843e+03 1.111610012686689879e+04 -1.990808772296485040e+04
-3.228151308491666896e+03 1.626011227382095421e+04 -1.727639993740656791e+04
-4.138922573819172612e+01 1.546449224925788440e+04 -1.800726870353147388e+04
1.042341721501921938e+02 1.211779361165843147e+04 -1.880861671411779389e+04
-2.599204666234172691e+03 1.437078901965839032e+04 -1.896755706097217262e+04
-1.841103287061297124e+03 1.513861219848569453e+04 -1.578282873628320704e+04
-8.892260618400243857e+02 1.572014923979109153e+04 -1.971598716274715844e+04
-1.401486384774876797e+03 1.452574228769771798e+04 -1.763023212498694920e+04
-3.539094973705320626e+03 1.247501366284476171e+04 -1.738260038145882936e+04
-1.536263776130428778e+04 2.625559938944214809e+04 -1.436885401000564889e+04
-2.616720604100900800e+03 1.531021802289938205e+04 -1.705364210948307664e+04
-2.894047173334021863e+03 1.547809274894567716e+04 -1.692273651389148654e+04
-2.563310575219376005e+03 1.501697416628736755e+04 -1.908800810078869836e+04
-1.600204473277998659e+03 1.227725803051598450e+04 -1.630104637653317877e+04
-4.137431734484830486e+03 1.073898798383615031e+04 -1.662036288742201577e+04
-6.257714240135708224e+02 1.484997122935436892e+04 -1.770566791814281896e+04
-2.798219380826782526e+03 1.632931828173484610e+04 -1.735011277931268705e+04
-5.491335009836043355e+03 1.544311071693457052e+04 -1.924947410127902913e+04
-2.494811079179074113e+03 1.342188798967212460e+04 -1.763777552951746475e+04
-1.170395436098089704e+03 1.341885369575345067e+04 -2.035824138598826903e+04
-7.997073504862860318e+02 1.457760863065342346e+04 -1.793484512318149064e+04
3.739777306126593430e+03 2.457206605007320832e+04 -1.404003395599183932e+04
2.294210848885716587e+03 8.518688385173294591e+03 -1.428130620059668581e+04
-9.955558262385960688e+02 1.509612168284538893e+04 -1.602396587899387487e+04
-3.118379013199033807e+02 1.411508508411420917e+04 -1.823764139369364420e+04
-1.728757804316542661e+03 1.210133852434611072e+04 -1.750076683893622976e+04
-2.306679727494557710e+02 1.641671433740391149e+04 -1.664902976350272729e+04
-4.018814855019237257e+03 1.433693582365822658e+04 -1.715409034984472237e+04
-1.399607244905549805e+03 1.459829013209801815e+04 -1.699207017289669238e+04
-3.124537735853669074e+04 -2.071315578607650968e+04 -2.074702903592471921e+04
-7.947548927064487998e+02 1.585676638012082003e+04 -1.569298524274661577e+04
-3.865493470947113565e+03 1.073020329199278603e+04 -2.133600542616573875e+04
8.634364678612123498e+02 1.335535269715477443e+04 -1.892649144252285987e+04
-1.641073413084379808e+03 1.539456643458640974e+04 -1.492920186883399219e+04
-3.754951316603459873e+03 1.724806244697647708e+04 -1.741567877695283096e+04
-5.442743094840869844e+02 1.493021663452415487e+04 -1.662024231890679584e+04
4.960645436152552975e+03 6.373961982109073688e+03 -1.664866917235337678e+04
8.619655250698160671e+03 1.254798811456230681e+02 -1.381546257425679141e+04
-2.501385296754267529e+03 1.229911878914266526e+04 -1.926835870177117249e+04
-2.181295685620919812e+03 1.530192138506968149e+04 -1.767665034149890198e+04
-3.215617062919031014e+03 1.553741839774893742e+04 -1.676598266705687638e+04
-5.585225679068291356e+03 1.516927662102262366e+04 -1.868601201320933978e+04
-1.560984435290933334e+03 1.896237402288423982e+04 -1.679527403945817059e+04
-1.474248045578574875e+03 1.552089504051436779e+04 -1.711232448077873778e+04
1.605984279896711087e+01 1.437471924754350948e+04 -1.592707182279720655e+04
-3.124769568034993881e+03 1.399793705989261980e+04 -1.738586981359406491e+04
-3.149526429944256506e+03 1.492455574947820423e+04 -1.640853031200100668e+04
1.088025332723537986e+02 1.483162073047759259e+04 -1.689926192772819195e+04
-1.787158553246034717e+04 8.244716501808865360e+03 -1.603013445240135479e+04
8.773238791420390044e+02 1.719164422856564488e+04 -1.481478572223472111e+04
-1.590937561192396515e+03 1.575560831756748485e+04 -1.634459420272279203e+04
-1.408335394746856764e+03 1.442396428612177988e+04 -1.613661801221676433e+04
-1.121076478063340346e+03 1.221365088323653254e+04 -1.889654624984848488e+04
-1.641321714479435741e+03 -1.343763409148510800e+04 -5.089320682039568055e+03
-2.303241379391457940e+03 1.541541473570479866e+04 -1.738882908334428794e+04
4.613719805978972772e+02 1.441273444322760952e+04 -1.716271319674880942e+04
-1.920300774853128019e+02 1.452694640081512262e+04 -1.616494387669920252e+04
-2.138889733411358975e+03 1.472952480622050643e+04 -1.757640485627721864e+04
-1.094747941949056440e+03 1.464109529549485160e+04 -1.628082060113970874e+04
-6.272589652453496001e+02 1.468858456482702786e+04 -1.718301839292121076e+04
-3.288566695184211767e+03 1.551114503260314450e+04 -1.615140665097831879e+04
-2.309565899670823455e+03 1.579649873458278307e+04 -1.795132179176323916e+04
1.075293912207125004e+03 1.405126554306095568e+04 -1.673381922878007026e+04
1.661534264228695065e+03 1.543144479716355272e+04 -1.849064382448629476e+04
-7.381683856816376874e+02 1.507954117815194695e+04 -1.727847463001937649e+04
-1.760762443824118236e+03 1.634095913225235745e+04 -1.623525977315396085e+04
2.429912780469345307e+03 1.108075861905954844e+04 -2.149116637705806716e+04
-1.243508834346318508e+03 1.535285849432336727e+04 -1.644412206033314578e+04
-1.463266537529592370e+03 1.472606851546551661e+04 -1.680260911394256254e+04
-1.874067771689295796e+03 1.638480505491817530e+04 -1.122659141718108003e+04
-2.007764403282397325e+03 1.423330655683822624e+04 -1.708574687374891801e+04
-2.714109043147858756e+03 1.816370523242571653e+04 -1.721784513945808794e+04
-2.112586987290575053e+03 1.339784775770629312e+04 -1.793651713440776439e+04
1.961668702865327759e+03 1.715687096425216441e+04 -1.335600992488942575e+04
-3.361391273612761779e+03 1.408328580423805397e+04 -1.752443287446253817e+04
-2.311724428090564743e+03 1.362056704105812241e+04 -1.686937530156967114e+04
-9.647055424611327226e+02 1.637713304633174630e+04 -1.747936681565600156e+04
-6.785015107440799511e+02 1.378569777086082468e+04 -1.898678802868638013e+04
-4.309622393453321820e+03 1.579999583402704229e+04 -1.623947654950974174e+04
7.574052726295991533e+02 1.612651514939897788e+04 -1.666719714345840111e+04
-1.409836331588445319e+03 1.431320430138328993e+04 -1.739376204941765536e+04
5.003431333807156989e+03 1.183887842825076223e+04 -1.496057717607514314e+04
-1.958015209849118946e+03 1.925621266772483432e+04 -1.521503941381266486e+04
-2.912751788684447547e+03 1.387673027517530500e+04 -1.794548897985833537e+04
-1.885738747898706379e+03 1.634417830968351154e+04 -1.604372840146085582e+04
-2.490600057902914841e+02 1.412187622284063218e+04 -1.730231489537558809e+04
-7.540153394567219948e+03 1.835305682691763286e+04 -1.750637620014975255e+04
-3.266835656203023518e+03 1.614510498164009186e+04 -1.729989901590820591e+04
-2.491139675918715511e+03 1.770336460036024437e+04 -1.635819270528789821e+04
-1.026653616361236891e+04 1.579390397911655600e+04 -1.607322919746512162e+04
-1.900944186412445788e+03 1.630748805342514788e+04 -1.529611923951112840e+04
-4.589655248963433223e+03 1.359919328877567568e+04 -1.771793367587036846e+04
-9.280258917777566694e+02 1.454289177242892583e+04 -1.789012224968106966e+04
-4.267317788216949339e+03 1.495429841443716396e+04 -1.824364113004761020e+04
-3.438763472421135248e+03 1.216083551705242462e+04 -1.874231374993196732e+04
-1.353385935979993519e+03 1.602930208717524874e+04 -1.688876004661244588e+04
7.467126692019398888e+02 1.693606477088520114e+04 -1.249944055796525208e+04
-6.166340878520599290e+03 1.237479373110406596e+04 -1.746683175460538405e+04
-3.009502244394179343e+03 1.493214406930187033e+04 -1.867717881993879564e+04
1.315048649950340405e+03 1.448056056910570260e+04 -1.387211262669884854e+04
-1.426690621039306961e+03 1.942720883961877917e+04 -1.828085760951532211e+04
-1.326853361424772447e+04 1.323536197913921569e+04 -1.368108102814174708e+04
-4.064549930747874896e+03 1.584015805422491758e+04 -1.641952688680226129e+04
-2.020004435536729034e+03 1.541656978631946913e+04 -1.977583645132097081e+04
-1.147209402091422135e+03 1.335674630214504214e+04 -1.753855056460703781e+04
6.100732647674392410e+02 1.693625454505191010e+04 -1.468730389761294100e+04
-1.580132719120927504e+03 1.962077257324600214e+04 -1.772390229098062628e+04
-8.096013953121916984e+02 1.447902237013993363e+04 -1.639907474168131739e+04
-1.390518573513409365e+03 1.447164380370389517e+04 -1.628834354093766706e+04
-3.780306556166470727e+03 5.662299621360503806e+03 -1.748077753509228569e+04
-1.906658794391921674e+03 1.461872481700345088e+04 -1.862135314722085968e+04
-5.090872711543662263e+03 1.695599720541164425e+04 -1.901226314792878838e+04
-3.102191852462789029e+03 1.678709215297712217e+04 -1.532370073448199400e+04
2.117566250649380208e+02 1.322361780992402782e+04 -1.803270645556812451e+04
-1.907390225765471996e+03 1.479336000785154101e+04 -1.749368052551199798e+04
-2.648198317438881077e+03 1.744073076659458457e+04 -1.684708954112793072e+04
-5.674672718071958570e+02 1.465373028719091599e+04 -1.704181264059389287e+04
2.657657621710908643e+03 1.254572481312017408e+04 -1.883698654142133455e+04
-6.785343027215523762e+03 1.363534932358605147e+04 -1.953537088333264910e+04
-1.509388939562593587e+05 -6.152329587595047633e+04 -2.630878522212729877e+04
-9.070787078004991599e+02 1.253088169590627149e+04 -1.679774178474842120e+04
-1.910053403001300467e+03 1.396583230924504824e+04 -1.822349021653736418e+04
-1.116624826601360610e+03 1.523096320615134391e+04 -1.404736329099668546e+04
-1.763945732766051378e+03 1.449666930727646832e+04 -1.701516469736759245e+04
-2.535123638679907344e+03 1.323207102274573117e+04 -1.771693585035655997e+04
-3.338964689320168418e+03 1.307896278928507127e+04 -1.712768972282082541e+04
-2.057688752227280020e+03 1.501772958787445896e+04 -1.713389540313764519e+04
-6.527565894337586542e+03 1.557990534677183132e+04 -2.035135927310457191e+04
-1.682934040328891570e+03 1.439750305633248172e+04 -1.763742948137444182e+04
-4.090003491123487038e+03 1.440396860118630684e+04 -1.676381297670693311e+04
-2.317236584375588791e+03 1.585092528032489645e+04 -1.767288447562290094e+04
8.455587800732122332e+02 1.040797015066145286e+04 -1.661257148025840070e+04
-1.760938528708510830e+03 1.337719012783359904e+04 -1.797992753745954542e+04
2.033967604926339618e+03 8.888835417269408936e+03 -1.255566777377292783e+04
-1.652771059118192852e+03 1.730134110680568483e+04 -1.703451572223881158e+04
-1.406818910396719502e+03 1.402156825808584836e+04 -1.776597824535371910e+04
4.048984445311265972e+03 6.825059518447316805e+03 -1.807172358881628679e+04
-1.920595014115271624e+03 1.598688816726639925e+04 -1.573521641747751710e+04
4.251096355646498068e+02 1.291665467898500538e+04 -1.567259948283507219e+04
-1.205381195666220265e+03 1.514798401220105006e+04 -1.660650913306560687e+04
-8.967871030751816761e+02 1.655388173921549605e+04 -1.573086711295048735e+04
1.393946883294173631e+03 1.313950888953589310e+04 -1.794849872462958956e+04
-2.080091615712679413e+03 1.377295793688342928e+04 -1.507528355513134920e+04
-1.879760431811433136e+03 1.810998188831967491e+04 -1.709854259735407322e+04
-3.072579548548356343e+03 1.476344131004956398e+04 -1.547191859811055474e+04
-6.309922082952263736e+03 1.485645102210541882e+04 -2.079148071613938009e+04
-6.823675555346313786e+02 1.566067556062125914e+04 -1.697356091369883507e+04
-1.240398698109816223e+03 1.427371649756692204e+04 -1.651211384240316329e+04
-6.737465264757834120e+02 1.490221863459351152e+04 -1.603352318362465667e+04
-5.402411130071347543e+03 1.357058605999007887e+04 -1.727433251225183631e+04
-3.473576853707397731e+03 1.177614329958536109e+04 -1.811282146981313781e+04
-7.663934290288576676e+02 1.344245718992420370e+04 -1.748901150506640261e+04
-4.454022836487337372e+03 1.787972576904181551e+04 -1.855192440418928163e+04
-1.863099535629006823e+03 1.235143095756885123e+04 -1.721814353489391215e+04
-2.768854633899256442e+03 1.603769741473498652e+04 -1.757983643184596804e+04
9.894787025441909236e+02 1.294679602364766652e+04 -1.722485863043282370e+04
-1.461581726788022024e+03 1.161428192843655415e+04 -1.511940687683618671e+04
-2.348002772334995825e+03 1.347211518005993094e+04 -1.794197281164065134e+04
-1.508301993379988744e+03 1.462336116570924969e+04 -1.642739522278642471e+04
-3.461586310643263459e+03 1.578592161667829532e+04 -1.653188112540975271e+04
-2.154490836752465839e+03 1.578421125323036176e+04 -1.681183596529424540e+04
-1.963348766844390047e+04 1.169273688149097870e+04 -1.331304042125880005e+04
-2.164177190920355542e+02 1.891877143042071111e+04 -1.775324242419009533e+04
-3.399572395647284338e+03 1.402730081128649181e+04 -1.874493422688718420e+04
-1.731111309321341423e+03 1.546367348970485000e+04 -1.686518880244183674e+04
-2.978986041844850661e+03 4.663961181515304634e+04 -1.403601345031783967e+04
-5.033961475288007023e+03 1.718749493060890018e+04 -1.841896187632949295e+04
1.886736273686393815e+03 1.443899537986837277e+04 -1.597193131574524523e+04
8.266159512872755499e+01 1.354317708701211632e+04 -1.694062539807021676e+04
-2.719202735309017044e+03 7.979476198921977812e+03 -1.539190353922529175e+04
6.915366283054036955e+01 1.304108319117460815e+04 -1.528732955832748485e+04
3.245135209123825462e+02 1.435601337509622499e+04 -1.617774993038752837e+04
-3.260663203797529422e+04 1.290822120218370765e+04 -1.485973430145859311e+04
4.464632537087665696e+03 1.780073681889844374e+04 -1.741536838299162628e+04
-4.302320341589211239e+03 1.259499875230400539e+04 -1.863035867817830876e+04
-1.729523735366269875e+03 1.415170958948737643e+04 -1.845049348433959676e+04
-4.185515665676859498e+03 1.503686458174926338e+04 -1.708486457327281096e+04
-3.587890435376506048e+03 1.622779275708420573e+04 -1.637678411389905887e+04
-2.384224594137909662e+03 1.461535629465700549e+04 -1.720459324987262153e+04
-1.497472248959180433e+03 1.522940855694823767e+04 -1.628042906676131133e+04
-8.700603416076173744e+02 1.431833060387995465e+04 -1.638167294593212682e+04
-8.297936753086875251e+04 -6.704633071531236055e+04 -4.196290279577480396e+04
-2.110405501634777920e+03 5.372634518455102807e+03 -1.488753941274897807e+04
1.194362765878818664e+03 1.232767732258964315e+04 -1.898019099714693948e+04
-2.264855856666549130e+02 1.651680146350509676e+04 -1.538581915928109993e+04
-2.705952376030930736e+03 1.505791351888153258e+04 -1.717380828994932017e+04
5.807845798288567494e+03 2.312314562938691597e+04 -1.789972275707628432e+04
1.400428392954261881e+03 1.686251555489340171e+04 -1.764191104517661734e+04
-1.508387930565959550e+03 1.563102153017155615e+04 -1.691944588331805062e+04
-8.098444896672453069e+03 1.703500371762400619e+03 -2.182769480670124176e+04
-8.701742122066400498e+02 1.430750206190249082e+04 -1.704468848566610905e+04
4.680434756859824574e+01 1.558265550275761416e+04 -1.623344216506757039e+04
-2.260375297290429899e+03 1.519679607410051722e+04 -1.795873965521563514e+04
1.116436527630521414e+04 1.813933843062063897e+04 -1.163797574105091553e+04
-3.585746449006820512e+03 1.122716822725545535e+04 -1.796302788860795044e+04
-1.900111542697399045e+03 1.486403635684025539e+04 -1.621354993786044361e+04
-4.177242567896892979e+03 1.688948526838417820e+04 -1.716123911825010873e+04
-5.952220602342913480e+03 3.146683551183987220e+02 -1.864392185443167182e+04
-7.533124275147447406e+02 1.424105290793528184e+04 -1.781088073704515045e+04
9.145872117099286697e+03 1.931546213522267863e+04 -1.759711220352280725e+04
-8.988156590840205808e+02 1.406272262463201514e+04 -1.744849972336041537e+04
-7.057719118707539747e+04 -3.682338527072525903e+04 -3.098266538351027339e+04
-1.523139141642006280e+03 1.527868670889743589e+04 -1.741784649635894675e+04
-5.923622133625317474e+02 1.700752551091192072e+04 -1.321774383116512581e+04
2.981887044435552525e+03 1.138478843807784324e+04 -1.730367305928431233e+04
2.414425892469796963e+03 1.267311873067113811e+04 -1.690955577749526128e+04
-2.720860851105636357e+03 1.651882902118186757e+04 -1.624629370659595043e+04
-1.515876528808544890e+03 1.560068937617631855e+04 -1.709052487183738413e+04
-6.326064882133375704e+02 1.177383894355112352e+04 -1.946553285705447342e+04
-2.577307056531633498e+04 6.910230058148477110e+04 -5.786450455295138454e+03
7.466053788906318914e+03 2.080776524224100285e+04 -2.025845083096910093e+04
-1.778654963435304353e+03 1.522635928875850368e+04 -1.810010226651974881e+04
-1.128112286241298307e+03 1.359085243674406229e+04 -1.798439464055051940e+04
7.848838495821460128e+02 1.372996656167867150e+04 -1.776056191514756938e+04
-9.719877308776871132e+02 1.597400615267366811e+04 -1.753154556032764958e+04
2.605017755449399601e+02 1.499436088894673776e+04 -1.750190212225521464e+04
-3.109079760550467654e+03 1.676914125853326186e+04 -1.628269908831379689e+04
-7.194793831808153300e+03 1.325036910604239165e+04 -1.531298838158142644e+04
-4.544717300347694618e+03 1.621354863202821616e+04 -2.146319060558233832e+04
2.328341670608319873e+02 1.631406641798261990e+04 -1.653943786481560164e+04
-2.675430718922111737e+03 1.652858713450565847e+04 -1.564615213196960576e+04
-7.357199670929054491e+02 1.132433964104948245e+04 -1.743703116692867479e+04
-6.543492087112774243e+03 2.402206319034983244e+04 -1.796992482589341671e+04
-1.735206147943478072e+03 1.608644635924352588e+04 -1.529721001675565276e+04
-3.271779531106250033e+03 1.584017363592125730e+04 -1.650962381415145865e+04
-3.194874431632906635e+03 1.486916734772488053e+04 -1.660421924918580044e+04
-1.754666656000584908e+03 1.581963407783025286e+04 -1.645774509112169835e+04
-3.760759201258265421e+03 1.389560964885389876e+04 -1.852270348480568282e+04
1.504584362744032433e+03 1.359557623208310906e+04 -1.876131089388110195e+04
-8.973334183215999929e+02 1.426813698219920298e+04 -1.552242441037133904e+04
1.960448826105729268e+03 1.483957997049916594e+04 -1.763626212907462468e+04
2.150951896147712432e+03 1.795822826798287497e+04 -1.913833924933638264e+04
9.122039196793699375e+03 1.135186578229611405e+04 -1.668882593019650812e+04
-1.223543054790760152e+03 1.253806270817666518e+04 -1.712319255832134513e+04
9.028388852331077032e+02 2.645704083146711855e+04 -1.368041991801554468e+04
-3.623465090184392920e+03 1.472579238412840823e+04 -1.680313291383697651e+04
4.231557257042891251e+03 1.434058607207470595e+04 -1.755462465048837112e+04
-1.276550042865458408e+03 1.601812969383790369e+04 -1.646041579038674899e+04
-1.800906869569773789e+03 1.184850766499405654e+04 -7.343434558330905020e+03
3.813962410350958180e+03 1.378277927661626745e+04 -1.699755671341277048e+04
-9.723753498502093862e+03 1.759851753647390069e+04 -1.694693388382214835e+04
-1.911084480416759834e+04 1.363570334440121405e+04 -1.800421613298921147e+04
-2.606699726229860516e+03 1.653541163869275624e+04 -1.443986520504742657e+04
2.738177651907365544e+03 1.963030835620925063e+04 -1.849388026438360248e+04
-1.008233812554477117e+04 1.802741517763817319e+04 -1.432648661267677016e+04
-1.752113717290903651e+03 1.583234834120256892e+04 -1.677623663077453239e+04
-2.360485796459908215e+03 1.555616467292448033e+04 -1.691595292878546024e+04
-7.433247305749061979e+02 1.415900433751542914e+04 -1.670937497157652615e+04
-1.020339145138605204e+03 1.278427108066675646e+04 -1.511500825707727199e+04
5.881117703825569151e+03 1.260315954582720587e+04 -1.772238521920611311e+04
-6.706014581675357249e+02 1.731689560895151590e+04 -1.693016877103028673e+04
-2.525668234479231614e+03 1.582264193710934342e+04 -1.717169371671015688e+04
-9.763882144053872253e+03 9.766581352169934689e+03 -2.045299931904264668e+04
1.471531302413803587e+03 1.336854243912129459e+04 -1.854392774546866713e+04
-3.271129624810682344e+03 1.659485182876345425e+04 -1.783510526927215324e+04
-4.593846008031989186e+03 1.551446963707350369e+04 -1.761242931397699795e+04
-6.645208156131329815e+03 1.548213347574513318e+04 -1.667992060493777171e+04
-5.710425559926098913e+02 1.875100077541949213e+04 -1.557788144729699343e+04
-2.711978537133294594e+03 1.595012907467419427e+04 -1.624512946052580082e+04
9.280866889437625105e+02 1.889687183245510823e+04 -1.524664320114690418e+04
2.138754323824498442e+03 1.709762464965995241e+04 -1.964929067266731363e+04
-3.849601749009962987e+03 8.457475959278795926e+03 -1.835326741109501381e+04
4.407535071644686013e+02 1.638641375181597323e+04 -1.895795640544224443e+04
1.900706572261859492e+03 1.123802492511765558e+04 -1.965488580393151642e+04
-1.364879648812894629e+03 1.506577024451973011e+04 -1.612167289189756411e+04
-1.657383975977925502e+03 1.238006179174717909e+04 -1.936871565099844156e+04
6.897968022576706971e+03 1.563465324239944857e+04 -1.966203184289951605e+04
-4.152474794271832252e+03 1.450502446331893771e+04 -1.430654542649495488e+04
-1.493316587220386964e+03 1.613301354877599988e+04 -1.615193992690479718e+04
1.138868160369499037e+03 1.269704344585523540e+04 -1.798584689398405681e+04
-1.925961600758375653e+03 1.561918589688216889e+04 -1.617455383588265249e+04
-1.217735384715040482e+03 1.446798798889502723e+04 -1.706849138267359376e+04
-2.517151311297290704e+03 1.467304467767457390e+04 -1.645840715625814482e+04
-2.202314334858959683e+03 1.520496325165338203e+04 -1.731520107365888543e+04
-1.852175401656149916e+03 1.502870781940394590e+04 -1.660613289866502600e+04
-1.808939171639943197e+03 1.877239703882016329e+04 -1.168678375102369137e+04
-2.447122993370565382e+03 1.372301021495319947e+04 -1.773068814263309832e+04
-1.231393789869903230e+03 1.461291714658822821e+04 -1.756544504199056973e+04
-7.548304381477171319e+02 1.446556370933668950e+04 -1.749822379256190470e+04
1.436033989451345860e+02 1.273469524116077446e+04 -1.647652953815786168e+04
-1.737018464897331114e+03 1.463933748946482046e+04 -1.756936365004551408e+04
-5.891184739984577391e+03 1.431668972147695058e+04 -1.446210385336689797e+04
-1.607850928988395481e+03 1.512584935111571394e+04 -1.702215365750313140e+04
-1.997077869284721032e+02 1.630324613654975838e+04 -1.576681589496817833e+04
-1.023002918700170312e+03 1.476370759381680182e+04 -1.716888361082863048e+04
-3.210840789502261714e+02 1.128118291567194865e+04 -1.661212920821271837e+04
8.108607271350719259e+01 1.768789085251808137e+04 -2.274647542459945907e+04
-7.800850494738241423e+02 1.517816410641924813e+04 -1.676800873375605079e+04
-1.580685801375018400e+03 1.591632826363179993e+04 -1.650284875624637061e+04
-1.652249117184018587e+03 1.529090923360623856e+04 -1.683811164405308591e+04
-2.953688381273476807e+03 1.624071270756612830e+04 -1.713513150534213491e+04
-1.797201152675502726e+03 1.531929162702008762e+04 -1.712338450440062661e+04
-8.427881799115439208e+02 1.438853318465944903e+04 -1.645145998078716366e+04
8.543255397187265771e+03 1.993750049783076247e+04 -1.564016098235801655e+04
-9.074807304820150193e+02 1.400842692041369082e+04 -1.687393034495327447e+04
-1.151715858564582959e+03 1.577182001369024510e+04 -1.734990679154382087e+04
8.595423763840900619e+02 1.157076832328862474e+04 -2.089677344212124444e+04
-3.410606901278824807e+03 1.782438210676664312e+04 -1.726617496937022952e+04
-2.893151306503071737e+03 1.099834042156801843e+04 -1.980905454072695647e+04
-1.080316137933317350e+03 1.567576132545979453e+04 -1.626565882815943951e+04
3.147474104283104225e+03 9.698650707171536851e+03 9.984812920333999500e+03
-1.729456884232077755e+03 1.533755418575364456e+04 -1.674692909521205002e+04
-1.909810799563774708e+03 1.513483161621055478e+04 -1.731958198360682582e+04
-1.411033610088833257e+03 1.479216393232984774e+04 -1.660027293710469894e+04
-5.937738003137829764e+03 1.178180719351676453e+04 -1.427593495323142270e+04
-1.884040707569215556e+03 1.506346272110091923e+04 -1.609910310949706763e+04
-1.214189500403183501e+03 1.491621330882188340e+04 -1.692315572769460414e+04
-1.854457733742473010e+03 1.601550258965631474e+04 -1.687933511299133534e+04
-1.620028795994933546e+02 1.375337482942962924e+04 -1.651808442555496003e+04
-7.282862125044721324e+02 1.380495868509163665e+04 -1.725196663006029121e+04
-1.706711873103447715e+03 1.471728569628826699e+04 -1.703788409364530162e+04
-1.217989693177788695e+03 1.499044852459229696e+04 -1.636735654883819370e+04
-6.586559315503507150e+02 1.385879296091262222e+04 -1.686480777206108542e+04
-1.563054964833067743e+03 1.975785798428295311e+04 -9.321421490767692376e+03
-1.773511427056802631e+03 1.536941366383496279e+04 -1.715062562124152828e+04
-1.300234830413671489e+03 1.540029315146426597e+04 -1.631179627840866488e+04
-1.897819163385352113e+03 1.606803217882825629e+04 -1.653979989880486391e+04
-8.449680837671961854e+03 1.983025478554409347e+04 -1.769691945092375681e+04
3.671255319930027099e+02 1.614838738367008409e+04 -1.758109395401101938e+04
-9.777176697802153740e+02 1.513379119822924622e+04 -1.754148220794890221e+04
-1.896159185026491741e+03 1.514332279486009975e+04 -1.739308494634029194e+04
-1.474325150687861424e+03 1.549696148494183035e+04 -1.690265521676882054e+04
1.255565691179166424e+04 4.227173700542194274e+04 -9.909125751182375825e+04
-2.485893799545382990e+03 1.484971925700524480e+04 -1.752296124128335578e+04
-4.321804862116431650e+03 1.521854808868576765e+04 -1.630681680221156421e+04
9.480086041072854641e+01 1.399946089343625317e+04 -1.628226130762739558e+04
-1.521476690390688191e+03 1.483365914657852227e+04 -1.696135928657799377e+04
-2.194845196656181372e+02 1.374118331592680079e+04 -1.751818460823457644e+04
-9.933916402629494087e+02 1.538779328199485280e+04 -1.656681860152335503e+04
-1.019024157599289879e+03 1.431834589911031799e+04 -1.712198810932332344e+04
-4.005383481920588110e+03 1.619786349540765877e+04 -1.737824640563883804e+04
-1.716210203397352871e+03 1.534355415872087542e+04 -1.685201342387945624e+04
-1.611313679035789846e+03 1.519393590826280888e+04 -1.689996408223520848e+04
2.641795102400123142e+03 2.022302218551374972e+04 -1.797959606601421183e+04
-9.735335124372445534e+02 1.338559015158190778e+04 -1.729436551893809883e+04
-2.424639343058409395e+03 1.472046290602496083e+04 -1.751796935840446167e+04
-1.736810389332017849e+03 1.497121233605489942e+04 -1.703501632913140202e+04
-2.443517972100554289e+03 1.556102984522864608e+04 -1.685813248762502189e+04
-6.851276591452614184e+02 1.557879102852676260e+04 -1.499389242621554331e+04
-1.849112524858480128e+03 1.341305475153798034e+04 -1.774027134735860818e+04
-1.975989725258516501e+03 1.333385355388113203e+04 -1.723057961098677333e+04
-2.316252457550515942e+02 1.483570690074576851e+04 -1.645433028085102706e+04
-1.887655692603932039e+03 1.516330320443503479e+04 -1.614297782925797765e+04
-1.893143401299906145e+03 1.576477189821918182e+04 -1.700934714300493943e+04
2.437908047978499962e+04 7.778584154634940205e+04 -1.429506110628820607e+05
-1.771900492170466350e+03 1.462866088471339208e+04 -1.721030585624855667e+04
-1.834928955534649504e+03 1.537300857613062180e+04 -1.767183624493977186e+04
-3.995044898696002065e+02 1.548771284340239981e+04 -1.642051330159372446e+04
-1.355799223006947796e+04 1.697979492613089315e+04 -2.278496461413624638e+04
-1.327843445213400400e+03 1.443921478609858423e+04 -1.749657554478211023e+04
-1.577022472383988315e+03 1.436836021204722601e+04 -1.693240101207634143e+04
-1.961057178589213663e+03 1.758991927468709764e+04 -1.518307555951697759e+04
-4.125901428417403622e+03 1.719602847976196426e+04 -1.414491577536787554e+04
-1.910394505053450757e+03 1.538654942639745605e+04 -1.694395016231502086e+04
-1.513530867936279719e+03 1.456289692089064010e+04 -1.701161268566926083e+04
-9.647421272153509335e+02 1.393442696267563042e+04 -1.768620266372180777e+04
-1.490917077583694436e+03 1.546510134625712453e+04 -1.654421679459469306e+04
1.051515083663665246e+04 1.731161664420335728e+04 -7.709445425720983621e+03
-6.520701348412702600e+02 1.504369235169609965e+04 -1.762973544066996692e+04
-1.913423331446207612e+03 1.518946846272202856e+04 -1.606821154621339520e+04
-7.749025965512279299e+02 1.406761834457458644e+04 -1.740187762393967205e+04
-1.144923130223277894e+03 1.562548307248649689e+04 -1.678691967578850745e+04
-2.590969532561089636e+03 1.613126427279616655e+04 -1.717863225294436415e+04
-1.446180483803568222e+03 1.526762662191525487e+04 -1.683085550556877934e+04
-2.890175386006799727e+03 1.315068173444156491e+04 -1.720532520649673097e+04
-1.763338122616778719e+03 1.468776584196051772e+04 -1.720392581201151552e+04
-7.307562937282987150e+02 1.322821424520208711e+04 -1.604650375390385307e+04
4.909903549311043025e+04 4.042488783245066588e+04 -1.993667432847674936e+05
9.956557989580164758e+02 1.331422553925517059e+04 -1.896800616196073679e+04
-9.100253842812304583e+02 1.382446188569290825e+04 -1.670949924455474320e+04
-5.731146942209894632e+02 1.609109724107566035e+04 -1.585828079812744181e+04
-1.387175934173147425e+03 1.639784543435933665e+04 -1.701626601934818609e+04
-4.254560932472004424e+02 1.530162745496772550e+04 -1.921655859807047091e+04
-1.824234706740333877e+03 1.463888188363730842e+04 -1.722820806381091825e+04
-7.684328678641631996e+02 1.389959491811884982e+04 -1.709169002101948354e+04
-3.156261990150899692e+03 9.801564511001495703e+03 -2.356289884381337833e+04
-6.200941928060675536e+02 1.490907162724587579e+04 -1.569300120290353880e+04
-1.601400176408158359e+03 1.318188510850676175e+04 -2.202493275222893863e+04
-1.581736033367281834e+03 1.651406636235292535e+04 -1.699164710417508832e+04
-2.619128947638000682e+03 1.497323779656890474e+04 -1.866438615353873683e+04
7.747522131911054544e+01 1.450735838615130706e+04 -1.649094837936682961e+04
-3.045664779218908734e+03 1.518617087762518167e+04 -1.713375306753519180e+04
-2.010403983199586037e+03 1.666958022913858076e+04 -1.616536281184551081e+04
-1.013881984365464450e+04 1.594391947824435920e+04 -1.735397011412461870e+04
-2.803125059074730530e+01 1.463238906413720906e+04 -1.788889487698446828e+04
-6.246165188676664002e+02 1.222489150213188987e+04 -1.795488860527994984e+04
1.336689465693198144e+03 -8.837586971524280671e+03 -1.598954712675829796e+04
-1.781767021935111643e+03 1.423601296940166139e+04 -1.825173657803614333e+04
-2.222430612939090679e+03 1.602269264140444830e+04 -1.659771913330587267e+04
8.505326966839047600e+02 1.773993724966310401e+04 -1.462648778015694006e+04
-9.248224095619243599e+02 1.483854283305863100e+04 -1.702810246433587236e+04
-1.480366422158542264e+03 1.559919138565856338e+04 -1.811484282126019752e+04
-1.729150184217192191e+03 1.551341415783388220e+04 -1.732831050568595310e+04
7.557303047270915704e+04 4.241772557726857485e+03 -9.189932231840130044e+03
3.992449399623034878e+03 1.418646157099165612e+04 -1.482499286445998587e+04
-2.835065086876882560e+03 1.602462894456019058e+04 -1.634360687387626604e+04
-4.652248280938580137e+03 1.512873041057471710e+04 -1.684398790393901436e+04
5.577330671396687194e+02 1.560461979766715376e+04 -1.927728530171970124e+04
-1.429712508519802668e+03 1.122667249205093685e+04 -1.571396893581008771e+04
3.659783422631999656e+03 1.283379220949241790e+04 -1.281844836716436112e+04
-3.835197559036779694e+03 1.439253274245004650e+04 -9.047792890530918157e+03
-1.834856514235609893e+03 1.492115182253237253e+04 -1.495713961235531679e+04
1.965355249721734708e+03 1.395931300907768855e+04 -1.823122472016591200e+04
-2.407606925203743685e+03 1.703060246540406661e+04 -1.576943992240056104e+04
3.226015049710872972e+03 1.401505827584634608e+04 -8.040880244830273114e+03
-1.550264104828530890e+03 1.410470107991094301e+04 -1.731099152282084106e+04
-5.401490765532433898e+02 1.372021966827585129e+04 -1.740051706877747711e+04
1.976018148308880427e+03 1.764118333658447955e+04 -2.137045365769773343e+04
-1.108335817113084886e+03 1.388383511774949511e+04 -1.757688885605948599e+04
-9.425535565907534874e+02 1.670060767155118810e+04 -1.983963428817858949e+04
-4.280423791196820275e+03 1.918606563064211878e+04 -1.780175927028470687e+04
-2.237888059185141628e+03 1.690016242256458645e+04 -1.527871361161079767e+04
-7.858941976982500819e+02 1.337008957232417924e+04 -1.776000891814586794e+04
-9.269072496385371778e+03 1.866369167981639112e+04 -1.445488282312654337e+04
-1.853526066092431847e+03 1.807154403028898378e+04 -1.734721291370310064e+04
-1.234246801330534709e+03 1.378897309351706826e+04 -1.638183361994751613e+04
-3.760758593797692356e+03 1.572343081042841732e+04 -1.689062840209477145e+04
-1.300011332795603721e+03 1.351474670752372731e+04 -2.011878798327747063e+04
-2.532819351539915260e+03 1.137792169405746063e+04 -1.041323449634570352e+04
-7.106061132361612636e+02 1.501812226112765893e+04 -1.693568340199972226e+04
-2.052500029066605748e+03 1.532106774172940641e+04 -1.722076186274127031e+04
-1.473546058144797144e+03 1.592546474217179457e+04 -1.646773459246705897e+04
5.331933655192990500e+02 -3.202352154994390730e+03 -1.530594916536101664e+04
-1.733769814304726879e+03 1.502671379072653508e+04 -1.685982127463449069e+04
-2.677920531404578014e+03 1.515103208343086044e+04 -1.807077648680025959e+04
-9.225079208446275516e+03 1.626623686787252518e+04 -1.179327334140471612e+04
-8.972592455662186239e+02 1.435734262101547392e+04 -1.723016922883962252e+04
-3.335211412568160995e+03 1.683245194405416260e+04 -1.557466620237950519e+04
-4.925750297735338563e+02 1.706818886311460301e+04 -1.732454854432437787e+04
-1.771933460404799007e+03 1.534231136118409995e+04 -1.661621096175635830e+04
-1.980646039638326101e+03 1.326441925836395421e+04 -1.777791987478330338e+04
8.736293495718715576e+02 1.476091256256719498e+04 -1.665118028337253782e+04
-3.661638347174639057e+04 5.001266936785337020e+04 -7.451891676361137797e+03
7.070697926221384932e+01 1.505167468337887476e+04 -1.662501277931909135e+04
6.201031083733759033e+02 1.486804768928698832e+04 -1.614696618353592748e+04
-2.024675921893705890e+03 1.526374864283255010e+04 -1.714790766525860454e+04
-1.994868577268906392e+03 1.498735165900870561e+04 -1.734461578024355913e+04
1.056144802070623427e+02 1.432311401621223195e+04 -1.773583474550277970e+04
-5.726176199850208377e+02 1.457398659887788745e+04 -1.616511971044426355e+04
-1.058513654365852062e+03 1.407883255117998669e+04 -1.706510515167798440e+04
-2.026347004216050664e+03 1.529333236173160549e+04 -1.748146827182107518e+04
-2.317172386619341523e+03 1.632740727155512286e+04 -1.638753842760780753e+04
-1.294751908127539537e+03 1.541861191022820276e+04 -1.558756817039662201e+04
-1.106782851311824970e+03 1.477461877214996639e+04 -1.734777727864765620e+04
4.436801364936470054e+04 1.666386586059301408e+04 -5.910640737493030610e+04
-1.190835812556192650e+03 1.616492663320059182e+04 -1.683117927208090987e+04
-3.063673598562895222e+03 1.072406103293576234e+04 -1.831045034463089178e+04
1.624506301153142545e+02 1.615917560018408039e+04 -1.350831104081811463e+04
-5.607530814393127230e+02 1.778581829774091239e+04 -1.589597963342546427e+04
-2.129810716150485405e+03 1.528772152957308390e+04 -1.749742264857758346e+04
-7.440119979711582232e+00 1.450034269276819214e+04 -1.663465660066911369e+04
3.288139972967705035e+03 1.221082626724581678e+04 -1.679690524890450251e+04
-4.433232510131083473e+03 1.569649065354031700e+04 -1.559819802975264429e+04
-6.021129568914758465e+02 1.522166943854747660e+04 -1.599959392983569887e+04
-1.441349151119499538e+03 1.584742633889294848e+04 -1.571206429336046313e+04
-2.185330213847372306e+03 1.610005222327443698e+04 -1.467887350194627106e+04
-6.666072048744148333e+02 1.360059452698124369e+04 -1.812990229067731707e+04
-4.978471347076986149e+02 1.630351107394936662e+04 -1.580081808177880521e+04
-2.814705577360758525e+03 1.472317556930063620e+04 -1.713656658755972603e+04
-9.835005015067739578e+02 1.419664152552205633e+04 -1.834482213419764594e+04
-2.617386691226626681e+03 1.609890512976725040e+04 -2.009919872225698782e+04
-2.908941060940555872e+03 1.598041976648551099e+04 -2.152992185320734279e+04
5.449443865358713083e+03 2.656746191865808942e+04 -1.779934385971989832e+04
-1.772439147890000868e+03 1.569924737894785358e+04 -1.898546337627050525e+04
-1.458394987337602061e+03 1.496539778566152381e+04 -1.653619960841231659e+04
-2.014667114582613976e+03 1.539560419258408001e+04 -1.739868575738978325e+04
3.605516184158022497e+03 1.603620631041957859e+04 -1.156037696119386965e+04
9.109373048109295269e+03 2.838727761490344346e+04 -2.504203654466464286e+04
1.178470544213518951e+04 1.460577491330142584e+04 -1.848576876469927447e+04
3.887702974514564175e+03 3.203618670247331920e+03 -1.685199280924095365e+04
-1.766102855123963536e+03 1.567898676881365827e+04 -1.427875436852074381e+04
5.470554944219619756e+03 1.080631934001581794e+04 -1.722772855151038675e+04
-1.714563097017490509e+04 1.865409884653720292e+04 -1.739805833265410911e+04
-5.942086763671118206e+02 1.759644109140770161e+04 -1.654024864891909965e+04
-1.513854817318597952e+03 1.615152343927644870e+04 -1.636114627441229823e+04
-2.069724149667652910e+03 1.411191016313399996e+04 -1.569892053123297046e+04
-2.590351914765272340e+03 1.622120623479551978e+04 -1.735509067744522690e+04
-2.201382511576415254e+03 1.572777587640886486e+04 -1.601894156560712872e+04
-2.935687620146281461e+03 1.505821031472186951e+04 -1.778673023117922276e+04
-1.382783079103975297e+03 1.552411917278725923e+04 -1.656438634764592280e+04
-2.113957984245490024e+03 1.607490935836446624e+04 -1.658585740352302309e+04
-2.856888092305722239e+03 1.490323421676124053e+04 -1.711421457726147128e+04
-1.109462914753391715e+03 1.509215058627797953e+04 -1.649173703873031991e+04
-2.593326002806712495e+03 1.541804862447279447e+04 -1.541276477519659420e+04
1.066715939757212618e+04 -1.037381030718623879e+04 -2.702793630132738690e+04
1.375930584122638720e+02 1.670934779325392446e+04 -1.993586762171303053e+04
-1.806085777199133418e+03 1.687495411518308174e+04 -1.756568795045521983e+04
-1.782713132226771449e+03 1.504510650950740455e+04 -1.847621377397075412e+04
-4.065502213360348378e+02 1.559373923295330133e+04 -1.652637135454366944e+04
-2.446114396657213547e+03 1.373309023243618321e+04 -1.725241298627297147e+04
-2.513619640224807881e+03 1.406754606822440292e+04 -1.859729689570940536e+04
-3.305167737014839986e+03 1.398377041414131781e+04 -1.867967079486954754e+04
1.694006337086159692e+04 -6.923413254021059402e+03 -1.939594427022673699e+04
-1.438846896269929630e+03 1.393025816988227052e+04 -1.683495249442029308e+04
-5.206230870090421377e+03 1.667623611329490450e+04 -1.735624122046769116e+04
-2.933099234394077939e+03 1.598313999934584899e+04 -1.681689406163515014e+04
-4.322120830856236353e+03 1.730802508660337844e+04 -1.905523477157470188e+04
-7.506181096912305293e+02 1.525581924357121352e+04 -1.674280476102876491e+04
-1.625898634897895363e+03 1.787958460442072465e+04 -1.276306919697267222e+04
-1.327995777676600028e+03 1.348991102588870854e+04 -1.703867682817699097e+04
1.018325750341921412e+04 -1.402151253175274542e+04 -4.367649984988255164e+04
-1.615217799782661814e+03 1.497206757864025349e+04 -1.894478244125595302e+04
-5.097523773152477133e+02 1.510889510099973813e+04 -1.632455875220955022e+04
-2.030861283748860615e+03 1.665978325345584744e+04 -1.737414315102235923e+04
-9.204845299661876197e+03 1.946064693273867670e+04 -1.321805423014895496e+04
-3.038493541673157324e+03 1.245217748094131093e+04 -1.611552831546324160e+04
-5.121288466852643978e+03 1.251960493536912691e+04 -1.422664823010546388e+04
-1.752897493625188872e+03 1.704778605282759236e+04 -1.483946223689488033e+04
-1.986191565405106758e+03 1.366703841516287503e+04 -1.740680232160366359e+04
1.056266800771637008e+03 1.244792048616441389e+04 -1.753910189675544825e+04
-6.479189185236322146e+02 1.518562527643338581e+04 -1.611778607306687263e+04
-8.260218588905886463e+02 1.457910559573415048e+04 -1.672344182395274765e+04
-2.450863508300622925e+03 1.372586775101606690e+04 -1.732586149479923915e+04
-2.108464266831926579e+03 1.911615666081250674e+04 -1.768573907386368592e+04
1.283455319399444079e+03 2.401104070342938030e+03 -1.706156417849341960e+04
-1.412162454345115293e+03 1.547525453201692471e+04 -1.668850841263165785e+04
-3.245336985368589922e+03 1.490175433195832557e+04 -1.780426295317768745e+04
-2.891041180658681924e+02 2.418812626972212092e+04 -2.572889673125605987e+04
-2.182074370007042944e+03 1.779265503511976567e+04 -1.611323946056011300e+04
-1.812379261118294835e+03 1.586341520558729280e+04 -1.497458968596616614e+04
-1.578948521624354726e+03 1.616734499373674225e+04 -1.642733511251547316e+04
-2.569349117780891447e+03 1.468550875004630871e+04 -1.758378424478268789e+04
8.956996517270052573e+04 4.101243426716116664e+04 -4.896661211373997503e+04
-2.007912385159700307e+03 1.670087501790135866e+04 -1.708800792242474563e+04
-3.760563736703000359e+03 1.549253364463807338e+04 -1.691153365078562274e+04
2.633194179081728635e+03 1.368875497533964699e+04 -1.564953288959172824e+04
-1.665230913273113174e+03 1.497080859702387897e+04 -1.746179081084659992e+04
-2.376338811636912396e+03 1.434862942913917686e+04 -1.690114928646832777e+04
-4.815388127227806763e+02 1.397472211095139755e+04 -1.713158611588160784e+04
-3.856308852509278040e+02 1.596284801227461321e+04 -1.704497530996540445e+04
-2.238193922207439755e+04 -7.666822986623464203e+03 -1.839517032631024995e+04
-4.002452014964042064e+03 1.437586142310311516e+04 -1.801988224236423412e+04
-9.070168651090402818e+02 1.440353209173648611e+04 -1.717201281170784205e+04
-7.382293327660161140e+02 1.462162251979775829e+04 -1.640336052507914064e+04
-3.244624895394009400e+03 1.499375224471801994e+04 -1.759262897226877612e+04
-6.042186633350187321e+02 1.681363167600125598e+04 -1.787028191426644116e+04
-8.791192009419170290e+02 1.644841135621464491e+04 -1.595021321486407578e+04
-6.986221998810528930e+02 1.519367377914090139e+04 -1.635883403497438121e+04
-4.823405910530746951e+03 2.191553523060882799e+04 -2.064695705692479532e+04
-2.920355907590965217e+03 1.617334115405534430e+04 -1.546608793294862880e+04
-1.857536085112127239e+03 1.634802074105574684e+04 -1.644853100459307097e+04
-2.232502973468913751e+03 1.596403208624857689e+04 -1.808357431577731040e+04
5.925178136064554565e+03 6.816746948987945871e+03 -1.673280189835379133e+04
-2.088920592646637488e+03 1.610615560016870404e+04 -1.685096957943125744e+04
5.192144014326660545e+04 2.078895192321822105e+04 -4.328963057905263850e+04
-1.468058888214691933e+03 1.422887987567269192e+04 -1.742763557982963175e+04
-5.188188636025143978e+02 1.397633396096679826e+04 -1.715103032977446128e+04
4.496994457297351801e+03 1.349890833553287302e+04 -1.800175080681481995e+04
-1.991807649685021943e+03 1.461042256414323310e+04 -1.731431261763666771e+04
-5.131904816211341540e+02 1.392887983981449906e+04 -1.642609495455323849e+04
-2.863562469649190461e+03 1.579751646299123786e+04 -1.620171398418120043e+04
1.067287451112846838e+03 1.185448562123901138e+04 -1.737807977408903389e+04
-2.425229024030207438e+04 1.100549503011465276e+04 -1.601713011666178318e+04
-1.476817243982695800e+03 1.532816876664876509e+04 -1.790744271197274065e+04
7.058780585585298013e+02 1.578631883600643960e+04 -1.601394142632475086e+04
-1.470290257027003008e+03 1.591332480087311342e+04 -1.579918384828529997e+04
-4.615920894920501496e+02 1.451887519293915284e+04 -1.677951155701064999e+04
3.316509029030387978e+01 1.910033471642157747e+04 -1.922693244660922574e+04
-2.998866546667477451e+03 1.795576668790486656e+04 -1.480203275570360529e+04
2.468704119786843421e+03 1.244045853005961544e+04 -1.832249007699600406e+04
-9.788054562302189652e+02 1.382575570131669519e+04 -1.800076732951631493e+04
-1.062671769510825015e+03 1.445067441391922694e+04 -1.689809782188455938e+04
-2.869260447422466314e+03 1.516495383856151602e+04 -1.754816536788926169e+04
-2.283003368673485966e+03 1.516982312093902328e+04 -1.814426032324966582e+04
-1.621463904858181650e+03 1.590767525520904019e+04 -1.512801793947388251e+04
-3.720505404696825281e+03 1.524207286622482388e+04 -1.794425158439924780e+04
-5.358025629364859924e+03 1.374072563766751227e+04 -1.867346716001676032e+04
3.690990098918024160e+04 1.680643003065504308e+04 -1.733334141733733486e+04
1.082583777892270518e+04 1.437941025147679466e+04 -2.093441503111669954e+04
5.201971900468619424e+03 2.281826946912182393e+04 -2.080935737840585716e+04
-1.050479263218759479e+04 8.113360574556495521e+03 -1.747730744028535264e+04
-2.073995042023986571e+03 1.809213080482910664e+04 -1.594051340490803159e+04
2.361080203162962789e+03 1.613281655739699272e+04 -2.024934991290027392e+04
-2.562182891273000678e+03 1.586540471900024568e+04 -1.634093261028173401e+04
-1.601693779928808453e+03 1.385407160996365928e+04 -1.811620715518870566e+04
-2.473933649531316860e+03 1.647920408558952840e+04 -1.580837683476992243e+04
-1.362541345729993509e+03 1.498845775503864388e+04 -1.699237851896271241e+04
-5.351999489941176762e+03 1.548240200067479964e+04 -1.694699246167119054e+04
-1.076667069568957231e+03 1.455806448245023603e+04 -1.684645462488888734e+04
-1.355881161453629829e+03 1.439467716879438012e+04 -1.724323125074743075e+04
-2.425098613185678005e+02 1.577980103614703330e+04 -1.681977784507223987e+04
-1.868682511675991464e+03 1.499919402506312690e+04 -1.656301622378400498e+04
-2.063698127565566665e+03 1.528011475364731268e+04 -1.758759114141673126e+04
-5.373984423193517159e+02 1.811264993607373253e+04 -1.143864435410464648e+04
-2.889312548354472710e+03 1.535136975663822705e+04 -1.681423201744530161e+04
-2.352562646924989167e+03 1.492949549697085786e+04 -1.505891699849289580e+04
-8.854585592660141629e+03 1.872619782034948730e+04 -9.858472351171654736e+03
-1.574410579979175509e+03 1.543065098638804193e+04 -1.612921891974934442e+04
-5.879924345371315212e+03 1.724956505209331954e+04 -1.251302865763893169e+04
-5.420286446680693189e+03 1.327556164319753771e+04 -1.708455914280278375e+04
-2.207858969971513943e+03 1.718696763558078237e+04 -1.685979770625235324e+04
-1.938495658633559060e+03 1.531873482037743997e+04 -1.664079154185187508e+04
-6.925564978513426695e+02 1.475734885085925998e+04 -1.662888960119055264e+04
-3.208767387232381225e+03 1.307110911457219845e+04 -1.715102238540498365e+04
-3.892544870634803374e+03 1.670402367709581449e+04 -1.551113311067197174e+04
-2.234066242687537851e+03 1.317154094720177636e+04 -1.744389278309109795e+04
-2.140170674749176214e+03 1.179565050909950696e+04 -1.887171464808281962e+04
-6.263694491302284405e+03 1.135945474172775721e+04 -1.815273000799021247e+04
1.446529836668529697e+03 1.505219917294082916e+04 -1.752163147180608212e+04
-9.580389195717153825e+02 1.556393668337016061e+04 -1.680391534971934016e+04
-9.791789605762045539e+03 1.189827804586493949e+04 -1.729463406854747154e+04
-1.610005672216943594e+03 1.588491920706058045e+04 -1.677573640591995718e+04
-2.708749772385359393e+03 1.862952771208678678e+04 -1.557114411806575299e+04
-2.440685414009764372e+03 1.526842749957104570e+04 -1.665510702049092652e+04
-7.730319004224142191e+03 1.040245797509641670e+04 -1.933946335923212973e+04
-1.817417061463198479e+03 1.478419275516051857e+04 -1.732716936199861448e+04
-6.361363670343672538e+02 1.410350037661184797e+04 -1.821256942666796385e+04
-1.280099019346486330e+03 1.721366393020086252e+04 -1.598398951876555111e+04
-1.983813744265151399e+03 1.521414696386300420e+04 -1.698792514369433411e+04
-1.871687399459550079e+03 1.446502797160026785e+04 -1.736217565554351677e+04
-4.507997152583839124e+02 1.420420259786533643e+04 -1.723682723057082694e+04
-4.788960783326133424e+02 1.350953468428289125e+04 -1.734343012704753710e+04
-1.363559454416052404e+03 1.463308050120037115e+04 -1.728363104852747347e+04
-4.641854661113281509e+03 1.202532282015781675e+04 -1.865497113420995083e+04
2.316271206455618085e+03 2.034573231349522393e+04 -1.506762696111135847e+04
-1.765822060634331137e+03 1.560091097539058137e+04 -1.681436731063667321e+04
-1.001011692647063137e+04 2.056460334766737651e+04 -1.099362224567358135e+04
3.099924330725920299e+03 1.157889317780374950e+04 -1.725984000403462051e+04
-3.713171709915176962e+03 1.249667361432013240e+04 -1.972043810587935150e+04
-2.736363371104847602e+02 1.529376573117282533e+04 -1.651204558634508794e+04
-1.778322713633466492e+03 1.542766344738528824e+04 -1.703461744368444124e+04
-1.583245690916736748e+03 1.378851411023572291e+04 -1.763037356903627733e+04
8.418011309590006931e+03 6.799100371391074441e+04 1.911823312089051979e+04
-1.936543155881883877e+03 1.457548758104540866e+04 -1.751228828668395727e+04
-2.962950373552267592e+03 1.623592397172970777e+04 -1.623371842590657980e+04
-1.839793706706667990e+03 1.766243247874217559e+04 -1.607081379785342506e+04
-3.084667624734454876e+03 1.624443613103676398e+04 -1.764574121346463289e+04
9.257909685368217652e+02 1.665151029981681131e+04 -1.590760491029070363e+04
-9.535682160205003584e+02 1.405962875731179338e+04 -1.745478090545591840e+04
-2.306793985168134782e+02 1.374630408649113269e+04 -1.673875055379318655e+04
-3.505101426084526338e+03 8.290254198704555165e+03 -1.768041805559074055e+04
-1.472504071437480206e+03 1.405289015692735848e+04 -1.726685711898854788e+04
-1.929138776130837641e+03 1.512518148215132533e+04 -1.681716953361114429e+04
-1.129572394309859874e+03 1.516278985896817721e+04 -1.703757713271002285e+04
-1.153955831575159027e+04 5.208116921511871624e+03 -1.774526459450023685e+04
-1.642655851655387323e+03 1.716596633148432011e+04 -1.458008195446022910e+04
-2.076090324575719933e+03 1.391436426664731334e+04 -1.756601432176028538e+04
-2.270370080557584060e+03 1.960603923319068781e+04 -1.279842117722523835e+04
-3.415500767480964896e+03 1.523321744731526451e+04 -1.676480394825193071e+04
-8.201090537115064762e+02 1.507045069914736996e+04 -1.432469259526266615e+04
-3.161924885772585185e+03 1.747738389363354145e+04 -1.747100937520865045e+04
-1.972096127257901799e+03 1.426648797656349598e+04 -1.722942309347082119e+04
-4.525861009256188481e+03 7.002030743273386179e+03 -2.034621092316460272e+04
-1.837035550740037252e+03 1.499082547813530073e+04 -1.746321814373955203e+04
2.758792704319728728e+04 2.896078770837058983e+04 -9.576297398734375747e+03
-1.188895843224148848e+03 1.587421303042804720e+04 -1.639621506662648244e+04
1.679353167997463174e+02 1.455201724755654686e+04 -1.673099079051576700e+04
-9.947120029057387001e+02 1.464352262477339718e+04 -1.858485861759420732e+04
4.297932706996095931e+02 1.468941599733079238e+04 -1.611394666668938044e+04
-2.361247868636577550e+03 1.590490875945242442e+04 -1.702950135302726267e+04
-5.631882283689811857e+02 1.410131886515721271e+04 -1.788502495114754856e+04
-1.676809445502235121e+03 1.492481247603556039e+04 -1.704789803300915810e+04
-3.186083248249598000e+03 1.664823395122980946e+04 -1.654763594872385147e+04
-1.797745298400592446e+03 1.549482341274093960e+04 -1.667564521493131178e+04
-2.774041780729454558e+02 1.433722588213248673e+04 -1.648477006808249644e+04
-1.890305676189848555e+03 1.501745432093605268e+04 -1.770621554590473534e+04
-1.701566772835134316e+03 1.478493242842171639e+04 -1.699149895280499186e+04
-3.662121793772113051e+03 1.409519337946098494e+04 -1.710613247426984162e+04
-1.717240380377584188e+03 1.601517497114531216e+04 -1.776328699557484288e+04
-3.341187687176241070e+03 1.648624833286170542e+04 -1.617201591641389314e+04
-6.587641341555433883e+01 1.379504967819975354e+04 -1.555963961274075155e+04
-3.226634388499292072e+03 1.552079733940960796e+04 -1.795414713667029719e+04
-1.226989535487716921e+03 1.498290138538819156e+04 -1.807360755371796040e+04
3.886726831067218200e+02 1.462211618127485599e+04 -1.854672734671461149e+04
-1.371960426810470381e+03 1.476628572565163449e+04 -1.774413912533062103e+04
-2.557621264739103026e+03 1.589647884726905431e+04 -1.745487490422921110e+04
-1.343726742576330253e+03 1.650394642188216312e+04 -1.324560777739139121e+04
-2.547636050420364882e+03 1.686537192058737855e+04 -1.701196608485582692e+04
-1.509389950333187244e+03 1.533471252670355716e+04 -1.544310618068322583e+04
-2.034260920229746944e+03 1.490615463477176854e+04 -1.779756447046468384e+04
-1.566061912067215417e+03 1.556686665119397730e+04 -1.611060139940802401e+04
-1.755163812390609110e+03 1.451525676468908023e+04 -1.709973808494660989e+04
-1.528045790838280027e+03 1.559897024688590682e+04 -1.641312465021487151e+04
-4.598144892723738621e+02 1.365547727585744360e+04 -1.678114259431583923e+04
-1.677650546725582217e+02 1.433723187383881850e+04 -1.661878071913779422e+04
-2.843681328656366986e+03 1.337935218990682733e+04 -1.920547359524613421e+04
-1.691041157545507758e+03 1.470194352967503801e+04 -1.742625156322309340e+04
-2.213134936746776475e+03 1.546653848867197121e+04 -1.694701983294526872e+04
-1.436652021351701705e+03 1.343580730557861534e+04 -1.960368000736971226e+04
-2.336217945683020844e+03 1.572196490318996257e+04 -1.679747467790804512e+04
-5.563065577507328499e+02 1.474637763809172247e+04 -1.718963910915106317e+04
4.132208950722440022e+03 1.343225992773897269e+04 1.336799983742462973e+04
-9.774973488773813415e+02 1.493638302582229153e+04 -1.780924849197042568e+04
-2.037897355616086770e+03 1.273667836144904322e+04 -1.582535656058214590e+04
-2.165228440097634120e+03 1.507176295697180103e+04 -1.637150798686896087e+04
-2.617349525523352440e+03 1.313735305116448944e+04 -1.537723199074096738e+04
-4.665807108569371485e+04 4.257775553052020405e+04 -8.540909751117455016e+04
-2.355171372730604617e+03 1.542613522826091139e+04 -1.727979250062536812e+04
-3.060895482149961026e+03 1.629676218869132026e+04 -1.622354777629650380e+04
-1.973845880411161943e+03 1.520105005819886537e+04 -1.694900889373850077e+04
-2.098537550220468347e+03 1.564394067704634108e+04 -1.669862936636957238e+04
-1.691266851076536113e+03 1.497571828673761047e+04 -1.677506539329422594e+04
-2.552733588659675206e+03 1.699240430879603809e+04 -1.661095648146962412e+04
-9.071245646637122491e+02 1.065025253921587137e+04 -1.729254093405903404e+04
-1.140651330082003597e+03 1.372947678974168593e+04 -1.779830488856074589e+04
-1.869214694950717103e+03 1.675053472961249281e+04 -1.698449675658516935e+04
-2.120430493325744010e+03 1.600150554372094120e+04 -1.701077651882147256e+04
-1.961385688711286548e+03 1.566381718961043589e+04 -1.612096560315641182e+04
-3.400756536642576975e+03 1.993214218130374502e+04 -1.869066360495574554e+04
-1.398846782905945702e+03 1.465658075474277393e+04 -1.730949828055741455e+04
6.515106984843750070e+03 1.336280733059183513e+04 -2.342265161405232357e+04
-9.920854165476195021e+02 1.455802091039792867e+04 -1.665664786708285101e+04
-1.285300800129882646e+03 1.519388108296515384e+04 -1.647631717200924686e+04
-2.018372152955879574e+04 2.343356850461160502e+04 -2.031993663660135644e+04
3.062948523917651983e+03 2.150241628107315773e+04 -1.278369282762258990e+04
4.244175903979157738e+03 8.621948341118053577e+03 -1.414079718379206315e+04
-2.214558396887387062e+03 1.612497799953189497e+04 -1.575657081484605442e+04
-1.178555585434257864e+02 1.457875560737897831e+04 -1.655904751514944292e+04
-2.026095208803751120e+03 1.429576488560319740e+04 -1.763287559138652068e+04
-2.295526421366773320e+03 1.496229756725193147e+04 -1.707045481911849129e+04
-1.453548038696477988e+03 1.486323724109122850e+04 -1.738313181315299153e+04
-2.194202686227771665e+03 1.622526582135803801e+04 -1.769647021412229151e+04
-1.327170671990693336e+03 1.490965061958367187e+04 -1.722136516271147411e+04
-3.084562744591728915e+03 1.567912051128441453e+04 -1.852580689831132986e+04
-1.436641149997933326e+03 1.494173216236847838e+04 -1.700844754322986410e+04
-2.425384325108129531e+02 1.496877686213331799e+04 -1.718281541905915583e+04
-1.582149702311442070e+03 1.487652815729505892e+04 -1.669318648665215369e+04
-6.627124386021041573e+03 1.662032621920943348e+04 -2.097957059892055622e+04
-4.622853816693907447e+02 1.457623938086596354e+04 -1.721150875086722226e+04
-2.315826406785038216e+03 1.579124010644065856e+04 -1.682251218792246436e+04
-3.359852555079101876e+03 1.341807488758153340e+04 -1.811509464522882627e+04
-1.491849426962142843e+03 1.541198886175368716e+04 -1.688294736029029445e+04
-2.332503911874314326e+02 1.397257639055553409e+04 -1.847363374459139595e+04
-2.057094725151594048e+03 1.577414553195870212e+04 -1.683436769605795780e+04
-1.931664206517418052e+03 1.673980775828793048e+04 -1.337672050686642069e+04
2.395680711947413783e+02 1.485218423940586217e+04 -1.703779881391597883e+04
-1.187792592800708235e+03 1.354224253937759568e+04 -1.736498995756607837e+04
-1.176292144763593342e+03 1.432427723632059497e+04 -1.725745218872343685e+04
-1.054690738189358399e+03 1.478268190579614202e+04 -1.713739178108065971e+04
-1.390487089756691148e+03 1.517701032199913425e+04 -1.656559160247082764e+04
-1.328804704902601543e+03 1.503503291010227622e+04 -1.676286444104258771e+04
-1.668938715109665964e+03 1.488322903692340515e+04 -1.688957080883061644e+04
-1.312265379041292545e+04 1.551962912761890220e+04 -2.031699836518793745e+04
-3.062773466925443699e+03 1.649813432458731404e+04 -1.620291275659050916e+04
-1.077555433112633636e+03 1.444842646262674316e+04 -1.718783166972730396e+04
-7.945519706988280859e+02 1.445902990412344661e+04 -1.695008484289811895e+04
-1.913141569704472886e+03 1.473776731430793370e+04 -1.765257572679215446e+04
-1.307644024891228810e+03 1.576568761984702178e+04 -1.649774533223619801e+04
5.006114048407246628e+03 1.194439886441811541e+04 -1.667205300162178173e+04
-1.067835179783149442e+03 1.442717005717709435e+04 -1.717270998170667735e+04
-1.977049436796969985e+03 1.551868503738462095e+04 -1.710657519868127565e+04
-1.225152673319273845e+03 1.477415218082188949e+04 -1.694394952476436447e+04
-1.938786186645459111e+03 1.587902018917626265e+04 -1.701020936509011881e+04
-1.321278830550920475e+03 1.475608491043518188e+04 -1.691830726423410306e+04
1.360483650984915948e+04 1.196342053075843978e+04 -1.920175442046334410e+03
-1.298859221813239401e+03 1.534003391436501988e+04 -1.667342324799589187e+04
-1.155716442314124379e+03 1.564873277098173094e+04 -1.670833184427236120e+04
-1.145272242547428050e+03 1.465942705667928567e+04 -1.791763860585433213e+04
-1.556626406959864426e+03 1.475709851247235383e+04 -1.728177759563101426e+04
-1.563652707814659607e+03 1.490793493627899079e+04 -1.687158295830219504e+04
-1.386700314885586977e+03 1.497381232947286480e+04 -1.691235169975474128e+04
-2.574499767541301026e+03 1.627876593380117265e+04 -1.726202845195083501e+04
1.751060728546639803e+04 -7.500177688974283228e+03 -9.823101025366378599e+04
-1.701969019162856512e+03 1.475387063695028701e+04 -1.732704548083882037e+04
-1.635722883709451253e+03 1.522286499489084235e+04 -1.667693562971559732e+04
-1.269169727756805514e+03 1.485544067709713818e+04 -1.725804330838843089e+04
-2.673187849382422883e+03 1.663954749839061333e+04 -1.616771543776977705e+04
1.160739868262674008e+03 1.393317915006808471e+04 -1.765081338991444863e+04
-1.621027515708132796e+03 1.525403003523155894e+04 -1.702388872070700745e+04
-2.822839156463477366e+02 1.367480893235147596e+04 -1.576925622096997904e+04
-6.951129928658690460e+02 1.358491902013144863e+04 -1.656261595463929916e+04
-6.166330295756904434e+02 1.451845471875375551e+04 -1.728141409885192115e+04
-2.251076046375417718e+03 1.489079184798220740e+04 -1.737162314340325247e+04
-1.877223685712702718e+03 1.477673642285386086e+04 -1.691661154047843957e+04
-1.974450107097270120e+03 1.873110299360853969e+04 -1.305624243621282403e+04
-2.675427294686800906e+03 1.581499794421790648e+04 -1.693115155392733504e+04
