-1.232556297838601859e+04 -6.018633593935257522e+03 -3.443601929661025679e+03
-6.406662654162067156e+03 -1.475842257222986063e+03 -4.421520245397075087e+03
-5.739646871950013519e+03 7.850060496570579289e+02 -3.127413321440149048e+03
-1.051944758925669703e+04 -5.642656035882658216e+03 -3.939939636613770745e+03
-3.350228905967352148e+03 -5.382777808032243172e+01 -4.327704414798351536e+03
-8.760917838541490710e+03 -2.730923012314377956e+03 -4.004081015404418849e+03
-8.491087218634769670e+03 -5.856654197653039773e+03 -3.997166338560847635e+03
-1.150843408880696006e+04 -6.149964841794551830e+03 -3.904759891721479562e+03
-6.058299973032703747e+03 1.308603453959819035e+03 -2.894674439393583270e+03
-3.673570958477429031e+03 -4.880451153640120765e+02 -4.498602357577925432e+03
-1.287261691781007539e+04 -6.014344184110291280e+03 -3.444942111200298314e+03
-6.480866657168974598e+03 -1.504616020095244949e+03 -4.101299998883075205e+03
-7.000578590470780910e+03 -1.463508255649989678e+03 -3.982118272670052647e+03
-5.542061411461511852e+03 -9.842947520044062912e+02 -3.968199085643217131e+03
-6.182629228020237861e+03 1.985700787881404267e+03 -2.714999301351719168e+03
1.689060067456589422e+03 -5.112673959221327209e+02 -6.742013601490632936e+03
-6.871853893142940251e+03 -1.262200321167179482e+03 -3.990322425904217198e+03
-6.288660654850709761e+03 1.613174196098905668e+03 -2.670059184798683418e+03
-6.170293508832706721e+03 1.349557574191907861e+03 -2.940445004782919568e+03
-8.578482768294730704e+03 -3.798254947091824306e+03 -4.166209605922463197e+03
-7.334317041022234662e+03 -1.615408303320824189e+03 -4.305332643862135228e+03
-6.353929715746119655e+03 -1.120562026061298411e+03 -3.851473895917408754e+03
-6.356128193259809450e+03 1.766889612429056342e+03 -2.709401938645840346e+03
-1.243087900532231515e+03 -1.392612947158073666e+01 -4.414516028072471272e+03
-1.034798443203090392e+04 -3.651471489742729318e+03 -3.929574074347083297e+03
-7.019236975535196507e+03 -1.137223980482514889e+03 -3.891314827312909529e+03
-7.718966779320445312e+03 -2.625092668064852660e+03 -4.251192919533357781e+03
-1.230272652241990181e+04 -7.534107934457104420e+03 -3.750274165529920083e+03
-2.013037156254401452e+03 -1.019253987358584027e+03 -3.860257797186422067e+03
-1.284523838139723921e+04 -5.934050311751249865e+03 -3.890320420388823095e+03
-1.182464387332217848e+04 -8.057348282919181656e+03 -3.986201978349034107e+03
-9.407798257137184919e+03 -4.558321521023985952e+03 -3.998845503044399720e+03
-6.717543769197110123e+03 1.835051246192530471e+03 -2.319369773784737845e+03
-1.283303941894996751e+04 -2.877336113653144821e+03 -2.749080911916734294e+03
-4.784431572695239993e+03 -5.375265441267617916e+01 -4.023782451670906539e+03
-1.597982839295568510e+03 -1.473710026349126110e+03 -3.588221579685525739e+03
-6.441635596516827718e+03 2.015496939715867939e+03 -2.706312564473984366e+03
-3.517143843809957161e+03 1.319561858189462100e+03 -4.919614503457585670e+03
-6.191840146855216517e+03 -1.879483180138052148e+03 -4.204760528991771935e+03
7.488884317977125420e+02 -1.382187069531616089e+03 -4.461754963450720425e+03
3.592443863547282490e+02 5.571642258095442912e+01 -4.360237477369385488e+03
-6.285207269554029153e+03 1.626402007339012926e+03 -2.442804418544111286e+03
8.332092243335879402e+02 -1.703509231042638930e+04 -2.123705688652592471e+03
3.105380307557113611e+02 -4.981724099686462978e+03 -4.061561826898683194e+03
-1.069219264657917302e+04 -5.465774524813909011e+03 -4.091620262535759593e+03
-1.581948772859081146e+03 2.608186007177933789e+03 -6.156241341518872105e+03
-1.208140141422668967e+04 -6.853866493883008843e+03 -3.696664464694755225e+03
-6.605339066091180939e+03 1.871460474756397616e+03 -2.407529448525216594e+03
-3.307722010973442593e+03 -5.220012394257756796e+02 -4.406538636787628093e+03
-5.663773675244044171e+03 2.703103025927084673e+02 -3.885620452039725023e+03
-6.557115528862390420e+03 1.742265831928535817e+03 -2.333807088129983185e+03
-8.736318946559669712e+03 -3.644171601120150171e+03 -3.627536787086453842e+03
-8.610463891352948849e+03 1.742014894214889864e+03 -2.645107258127801742e+03
2.182565641386469906e+03 -2.850235104780513211e+03 -5.325539056331791471e+03
-6.384139681813771858e+03 -1.531523215558524953e+03 -4.261008274855840682e+03
-6.078289179545698971e+03 1.433735027649920994e+03 -2.999546472914307742e+03
-1.200056369276448822e+04 -7.663188494527402327e+03 -4.051297279464130952e+03
-6.511402448013685898e+03 -1.542893764174279340e+03 -4.352273042220095704e+03
-6.758682250207484685e+03 -1.331527645500570998e+03 -4.043722788389054585e+03
9.533184590271362140e+02 3.181092394831671299e+01 -5.872348296568091428e+03
-3.537030529059004948e+03 -3.025323613695764493e+02 -4.421746867922681304e+03
-7.386372172297632460e+03 -2.644729902664916608e+03 -4.342147946517468881e+03
-2.105502316199068446e+03 -6.210434545574382810e+02 -4.541554805164113532e+03
-5.600230887648806856e+03 1.441139156375201992e+03 -3.698450944913291096e+03
-5.733917202653847198e+03 1.585873872416831091e+03 -3.022619648268539095e+03
-1.125154974148440851e+04 7.620995364936776468e+02 2.084044367532581887e+01
-7.156458228137846163e+03 -1.257262180190435402e+03 -3.927948501801464317e+03
-7.110522796461421422e+03 -1.305151573426622463e+03 -4.106032613291871712e+03
-2.226103228908331857e+03 -4.606977284628160305e+02 -4.233953083024103762e+03
-8.298422582952043740e+03 -2.849524344059050236e+03 -4.197293667897233718e+03
-3.042046175529241737e+03 1.637194114817863465e+03 -5.292198571852645728e+03
-5.930387432942383384e+03 1.154254292167460335e+03 -3.087357103654488583e+03
-1.231340937810274409e+04 -7.872593189670438733e+03 -3.826475127884330959e+03
-5.550716061227994942e+03 4.313721785221947016e+02 -3.787859284594245764e+03
2.273287966490090184e+03 -8.826655739050804641e+02 -7.144364412373319283e+03
-7.075167167004142357e+03 -1.190744160176036530e+03 -4.077834909678391341e+03
-6.515027343994359398e+03 -1.121528900659454848e+03 -4.186184242132303552e+03
-1.211195078453407405e+04 -6.694952545688389364e+03 -3.342394257403376287e+03
-1.169749389827667983e+03 -8.649439770129629323e+01 -3.852394181499550086e+03
-6.297076813130906885e+03 -1.804169795005667311e+03 -4.329711214675223346e+03
-1.047239801642971725e+04 -4.347126435338369447e+03 -4.062108317651660400e+03
-6.550736907428367886e+03 -5.763142061870155430e+02 -3.572777812848051781e+03
-4.129890274137008419e+03 2.114588586896330753e+02 -4.278019308979058223e+03
3.904523013151656414e+02 1.029778817165016562e+03 -6.228668151371618478e+03
-6.131160973053820271e+03 1.479530541849779866e+03 -3.039952895605423237e+03
-1.026788758603524548e+04 -2.946777405530771375e+03 -3.693096336416871509e+03
-2.171786071490724225e+03 1.290851679163994731e+03 -5.256218871033059258e+03
-3.626039843422034664e+03 3.564405404787563612e+02 -3.956899038754880166e+03
-5.965817978886818310e+03 -1.278753362726712794e+03 -4.116874272432706675e+03
-1.355242307614299762e+03 3.851071078258831903e+02 -4.240002853615183994e+03
-8.399969657467046318e+02 1.047328025404318851e+03 -5.742263538862190217e+03
-5.828501654466462242e+03 -1.411526455975337512e+03 -4.100833994803469068e+03
-6.720050714163032353e+03 -1.533894175066099478e+03 -4.226824104055253883e+03
-5.232851767366268177e+03 4.778230849971066050e+02 -3.794599069541754943e+03
-1.741380437243454026e+03 -8.279601310030076320e+02 -4.162861151182964932e+03
2.741009425254251255e+02 7.667993062860869031e+02 -6.572409657842435990e+03
-6.887068734525508262e+03 -1.162644187580154721e+03 -4.044427637289955328e+03
-6.553017563791697285e+03 -1.485180227060709512e+03 -4.272177062671769818e+03
-7.151042609519025063e+03 -1.326146593302533120e+03 -4.071898271558962279e+03
-6.715271302231764821e+03 -1.262083381265960497e+03 -4.344928196344848402e+03
-8.987079426164458482e+02 4.078738272565344687e+02 -5.031825629206095073e+03
-6.093715535878208357e+03 -2.946914958199766716e+03 -5.034363223574676340e+03
-7.329327818605373068e+03 -1.590453614291566282e+03 -4.080401423613808220e+03
-6.751356450489308827e+02 8.073294338294626868e+02 -4.485250708748045327e+03
-1.083719495362529051e+04 -5.870013190361547458e+03 -3.933495127930178569e+03
-3.711336900733725543e+03 -4.888788556126177355e+03 -6.061812477995769768e+03
-3.444354229557889084e+03 1.756671129596974197e+02 -5.229886925379758395e+03
-4.959151805957462784e+03 -5.047675673446327892e+03 -5.557585822466407080e+03
-7.280780157499839333e+03 -1.611925623099421955e+03 -4.024019420573526531e+03
-6.497913432712329268e+03 -9.459204595069886636e+03 -7.075149129618903316e+03
-7.404338767246789757e+03 -1.274321816451735003e+03 -4.049383120678767682e+03
-7.601328776428314086e+03 -1.254841602870716997e+03 -3.899086130917882656e+03
-1.099378467444274747e+03 1.417998556854163326e+02 -5.067950008048406744e+03
-7.205569712036441160e+03 -1.383722986562539518e+03 -3.976563760523122255e+03
-7.282590470621699751e+03 -1.571822666513781087e+03 -4.033609246614542371e+03
-4.195439807472095708e+03 1.851425142536224485e+03 -3.669237147458627533e+03
-5.865406134410943650e+02 1.202900678011835680e+03 -3.989683867092345281e+03
-6.176401259730777383e+03 -7.910643052034167795e+02 -3.758384328088397979e+03
-5.296590865941344418e+03 -5.418771564878580875e+02 -4.292868682700394857e+03
-2.626276741497467356e+03 -6.964117355462574324e+02 -4.176249107163431290e+03
-6.196067262528237052e+02 8.422505878757616529e+02 -3.286330480584641919e+03
-7.781029273687217028e+03 -1.502753584380257735e+03 -3.662983103020825183e+03
-7.543927294341689958e+03 -1.287027882562862487e+03 -3.931790285528460117e+03
6.442330931366491313e+02 -1.463298262113026794e+03 -5.239843995595580964e+03
-5.958748344277008073e+03 1.714579533121799614e+03 -3.011165469431404745e+03
-2.543837034954171486e+03 -1.624534348250650510e+03 -6.033298112863651113e+03
-3.162960906231798617e+03 -4.536307186440371879e+03 -5.960461580519936433e+03
-3.169054787839736946e+03 -2.235092043653843575e+03 -5.615545573824914754e+03
-2.912245289327166574e+03 3.019824255923701003e+03 -4.140400635901223723e+03
-8.236157019349078837e+03 -1.995804802643958965e+03 -3.791926353861205371e+03
-5.601327083810250542e+02 1.075256082725612487e+03 -3.934983548770719608e+03
-6.110641439488820197e+02 1.458282096300210242e+03 -3.568744933035979557e+03
-7.756028836696811595e+03 -6.032268599234439534e+03 -5.042207852508830911e+03
-2.615825343085592522e+03 -8.343240114554064348e+03 -3.206697221107314817e+03
-6.630051290682257786e+03 -1.129026656776526806e+03 -4.225874662148672542e+03
-2.550451201540118291e+03 3.372452192515046590e+03 -4.419871695768419158e+03
-7.080379783561516888e+03 -1.342995689046685129e+03 -4.095709672920696448e+03
-7.023747656213616210e+03 -5.499010732298074799e+03 -2.978952879513334210e+03
-7.054764700267063745e+03 -1.313266456452017792e+03 -3.990454167370542564e+03
-5.898399072128386251e+02 1.299202691216571566e+03 -3.279055585768710444e+03
-1.701190335652818248e+03 -6.695331415604209724e+02 -3.814848095400487637e+03
-6.254529308483368368e+03 -1.264139493710685201e+03 -4.153318908210442714e+03
-5.452065198593805690e+03 -1.054830639116798466e+03 -4.409875044524761506e+03
-3.179549255404190262e+03 -9.173862912147374118e+02 -7.184942963401157613e+03
-6.754010510645800423e+03 -6.077021468585914590e+03 -5.273975712651526010e+03
-8.261912556983685135e+03 -7.861948791272250219e+02 -4.335367307167697618e+03
-6.211615702263819685e+02 1.149715756074623187e+03 -3.661001702118525372e+03
-7.596258318131772285e+03 -8.377148900051624878e+03 -5.600092770369774371e+03
-5.988508863810073308e+03 -1.411868932658409221e+03 -4.359730951849437588e+03
-7.623606686254955093e+03 -1.373420447829080786e+03 -3.964370421242194425e+03
-7.674376091790993996e+03 -1.416983759425764902e+03 -3.741481557394003175e+03
-3.200735893901708550e+03 -3.074740217031424436e+03 -5.998552658346362477e+03
-4.762361074767390164e+03 -7.013598559277233107e+03 -2.303834267625382381e+03
-8.696388280247698276e+03 4.148985561242549920e+03 -2.922615515840122953e+03
-8.205521776463407150e+03 -2.084070435841873405e+03 -3.846239541269517758e+03
-5.924880439228716568e+03 -1.229681569029733737e+03 -3.998485645124601888e+03
-3.084521692589889881e+03 1.444037592172170662e+03 -2.968587297384551221e+03
-7.456399374804189392e+03 -1.248138260573354046e+03 -4.089552478344169231e+03
-7.393230897268295848e+03 -1.430827502619835514e+03 -3.884906133123120981e+03
-6.120692451080616593e+03 1.467693811541712876e+03 -2.608534800369540790e+03
-5.117005675088214048e+03 -1.253613363543938704e+02 -3.978906116740081416e+03
-7.097065641757373669e+03 -9.236784691339547635e+02 -3.683941500152714525e+03
-2.473381746313383701e+03 -3.811568535683506411e+02 -4.526202168855198579e+03
-7.075896019655196142e+03 -1.254272640118151685e+03 -3.935595709508793334e+03
-7.018693436800781456e+03 -1.230443238893953094e+03 -4.053387082823872788e+03
-5.713925235250378137e+03 -8.583600497991117663e+03 -2.641094262756924763e+03
-5.289639745393816156e+03 -4.073744645900982505e+03 -5.719903208527019160e+03
-7.159690825170190692e+03 -7.255187322564462193e+03 -5.865757292951837371e+03
-5.919415418226583824e+03 1.646969905655956381e+03 -2.764360195109152301e+03
-1.104481942549281257e+03 2.181339106396853822e+02 -5.149150626991950048e+03
-7.300559357832651585e+03 3.829156707812593140e+03 -4.145765580232563480e+03
-6.674911700807041598e+03 -1.394242860932747362e+03 -4.159370254251055485e+03
-3.422601118764674993e+03 -4.762917842810193179e+03 -6.019709833081580655e+03
-7.019181335654346185e+03 -1.481780289531254311e+03 -4.108944603457545782e+03
-5.504933508765852821e+02 2.988792833911775233e+02 -3.378552296430812930e+03
-2.323512225919295417e+02 1.241555879578674421e+03 -3.443379452746075913e+03
-7.636598642510366517e+03 -1.468657421314489056e+03 -3.890502131256539087e+03
-8.270571872756958328e+03 -9.853244396575159044e+03 -5.587370976326170421e+03
-2.228768095935539350e+03 -1.288942163900216201e+03 -5.668148205156761833e+03
-6.205637326677978308e+03 -9.413811389138361847e+03 -5.815629137960246226e+03
-7.965840590589967178e+03 -6.937367310111068036e+03 -5.033075743642664747e+03
-7.829101809510370913e+03 -1.591891999840247081e+03 -3.761535501768171798e+03
2.051926431570453815e+02 -4.974771178590577847e+02 -3.936923880946875215e+03
9.884621304474285353e+01 4.206122662783236592e+02 -2.805925290470004256e+03
-8.225674252416203672e+03 -1.794392280540950196e+03 -3.910722023992637332e+03
-8.746191347211299217e+03 -3.165273354568267678e+03 -4.098525589618951017e+03
-6.723397052805307794e+03 -5.259732141072619015e+03 -2.530991898317502546e+03
-1.151134043578462069e+03 -4.029830584187357090e+02 -4.708016237328657553e+03
-8.090983488423671588e+03 -1.150617895339484221e+03 -3.810991293049919477e+03
-1.389735032727389807e+01 -3.489089865626616302e+03 -5.903363537643128439e+03
-6.743207369131883752e+03 -5.052194555033491270e+03 -2.248099542285270218e+03
-7.069667047941001329e+03 -1.338624931901598757e+03 -3.962940040696239521e+03
-7.665053430280612702e+03 -1.391325007109413264e+03 -3.963417866339210377e+03
-7.132744073860421850e+03 -1.590227113422234424e+03 -4.181282218027752606e+03
-1.106244658247819189e+03 -3.961124419337767222e+02 -4.685096429237083612e+03
-1.048661471239090019e+02 -3.217732103467050138e+02 -3.912879341002554156e+03
-4.054836712522137987e+03 -5.921474588605587996e+03 -5.882543670907769410e+03
-7.261950892240658504e+03 -9.333045284267976967e+03 -5.881263623304035718e+03
-7.576993987148382075e+03 -1.242304366781450426e+03 -3.822806486845424843e+03
-2.779014935769624117e+03 -4.015951819077804430e+02 -5.105376358301403343e+03
-1.881659836767683373e+03 -3.614750546276007412e+02 -4.143979274757388339e+03
-1.326287572691219339e+02 -1.480493406211405500e+03 -4.414360071879031238e+03
-3.509567656164283562e+03 7.636540338174798990e+02 -3.682335362150447509e+03
1.522684388352464566e+03 -2.347588493160659254e+03 -5.409551351345736293e+03
-7.269821411033206459e+03 -1.368914435403770767e+03 -3.991998096436301694e+03
3.755519233952514924e+02 -1.110990167589316115e+03 -4.490790786780649796e+03
-1.994544092916509044e+02 -1.417928574908474275e+03 -6.491481151450181642e+03
-1.922140528937306044e+03 -3.685885180795413589e+02 -4.022829129247961646e+03
-7.438354310567041466e+03 -1.492247558511514626e+03 -3.931637814917205105e+03
-5.022593378914971254e+03 -5.050005966258300987e+02 -4.118707372624920026e+03
-1.796826461529511789e+03 -4.516444085263629518e+02 -4.182581442431672258e+03
1.407572638523985233e+02 -4.038323615594697458e+02 -3.358624824093386451e+03
-3.120871824311111027e+02 -4.103262557868849854e+02 -3.516462714799235982e+03
-7.872430587973152797e+03 -1.165544276357287345e+03 -3.825444228384133112e+03
5.428860038552195419e+02 -7.836021925425482095e+02 -3.031885190660882017e+03
-6.574387197076195662e+03 1.329584185376836103e+03 -2.974038040593723508e+03
8.600075871446782685e+02 -1.286826641029746952e+03 -5.153533126007932879e+03
-2.629961472620607879e+02 -1.596113605094001059e+03 -3.972307090952624094e+03
2.439595748647187747e+02 -1.555659243318402332e+03 -4.005269082047480879e+03
9.612813115849148744e+02 -1.741025190819694217e+03 -4.869639825489293798e+03
1.457685247699751471e+03 -2.034398479894005959e+03 -5.207723294347079900e+03
4.586914892108471804e+02 -1.554325310739946417e+03 -3.997451342798168753e+03
-9.244954940761471107e+02 -1.483265568751580076e+03 -4.170139294739540674e+03
8.069350207395934831e+02 -1.695648911091937180e+03 -5.106093555764047778e+03
4.164868726260840504e+02 -3.910017019745146172e+03 -1.497668859737883622e+03
-1.845138522750980428e+03 -6.922365985887520310e+02 -3.972913833087023704e+03
-8.044383286086285807e+02 -1.659729663224173009e+03 -3.397751217985770381e+03
-1.330343921740931137e+02 -1.307813465840147273e+03 -4.451030964143767960e+03
-1.390580992341822457e+04 -2.949207802530379013e+03 -3.850374862964799377e+03
-1.705401365789905867e+03 -4.120994341941859602e+02 -4.051149297667746850e+03
1.058726192790194318e+02 -1.091848425319477201e+03 -4.994210947104531442e+03
7.503129966080587110e+01 -9.747751644033330649e+02 -4.987170353374117440e+03
-6.453017052802784974e+02 -1.700229844115462129e+03 -3.845326394673821596e+03
1.237934476339366711e+03 -1.831074296340486853e+02 -8.509951843712879054e+03
-3.721220654879688027e+03 8.892546735660671402e+02 -3.694416747849993044e+03
-3.510960200574147621e+03 -2.151939201995100461e+02 -4.915379179739147730e+03
4.449519555581850341e+02 -8.575064988550093403e+02 -3.316490309064595294e+03
-4.227257516325704273e+03 1.198932334972265835e+03 -4.396706206131928411e+03
8.934480160932765784e+02 -6.896764761129852559e+02 -4.052855013711568063e+03
-2.506714573445358383e+03 -1.803528012315018145e+02 -4.786917029478348013e+03
-2.433369811180748911e+03 -2.422746684781613169e+02 -4.686479173665631606e+03
-2.892145491904309438e+02 4.779219401323656484e+02 -3.822936774808737482e+03
-6.181189733406592495e+03 1.401464028417271948e+02 -3.616472624733672546e+03
-1.294829305296221264e+03 9.188048145030272281e+03 -3.529295453341568191e+03
-1.944703036643882115e+03 -5.977390856320209878e+02 -4.152956176892761505e+03
-5.568601026405184484e+02 -8.046614247266904840e+02 -3.500346524033659989e+03
-4.412206975678486742e+00 -1.327199637937907482e+03 -4.703002169837490328e+03
5.665477144151490165e+02 -2.652402042590551901e+01 -3.159900102980629526e+03
1.031740577845706184e+03 -5.070544589705173166e+01 -6.197402335103244695e+03
-7.143272377584648893e+02 -2.052346597785532367e+02 -3.681160728729683342e+03
6.381861745015589804e+02 -6.656460179204620999e+02 -3.674714270440219025e+03
1.597532626812049330e+03 -2.072983361847406741e+03 -5.085393997562412551e+03
-1.032419454528316010e+03 -2.120370231287271281e+02 -3.644442749274229755e+03
-4.991114725918951081e+03 9.040983534563189323e+02 -4.380475936974077740e+03
-1.030718506616632794e+03 -1.569151012282470674e+03 -3.464972555931829902e+03
8.150843419517900657e+02 -1.232734712772495413e+03 -3.796969522475038957e+03
-1.745097397810968914e+03 4.826999168329287386e+03 -5.034435183674793734e+03
-1.340889534580964437e+03 -1.736948952197847689e+02 -4.311525950951515370e+03
-6.981817470401124410e+02 -1.495965847907001717e+03 -3.190935351098208685e+03
-7.088794846632727968e+03 -1.424688442669105825e+03 -3.990159656228579024e+03
-8.017509231352929419e+03 -1.261969292397934623e+03 -3.600439973512536653e+03
-1.849508307476966138e+03 -9.080392329635294573e+02 -3.727611986085752505e+03
-4.997080469449420548e+01 -1.826982044602853421e+03 -3.707520014516469928e+03
-6.144923401723820461e+03 -4.267950712260901582e+02 -3.623741645911038631e+03
9.895738718612014964e+02 4.599651003652081727e+01 -3.976946278942170920e+03
2.735536994260175447e+01 7.074947209882100196e+02 -8.935206596990472462e+03
-7.124684965335671905e+02 -1.280322305422876298e+03 -3.974821214502584553e+03
-6.249866030138534825e+02 -1.278888927353077179e+03 -4.038046687263400599e+03
-4.640285964450589745e+03 2.693639881936079519e+02 -4.377412036566523966e+03
-1.692127082402632823e+03 -9.191545074764760557e+02 -3.848156059402984738e+03
-7.383185193736019755e+03 8.966344356112210789e+02 -3.893872737703173698e+03
-4.552788253694874925e+02 -1.584319750974389353e+04 -3.036909612852165310e+02
2.010523911440667916e+03 -1.836596634006276417e+03 -5.235603314720956405e+03
-2.269491216730648830e+03 6.115558812972162741e+02 -3.798732155022576535e+03
-5.133780220477480725e+03 9.607058446037707427e+02 -3.887162933808884645e+03
-9.962183157303115877e+00 -1.099180716778924989e+03 -4.888612756514123248e+03
-6.970793165684370933e+02 -1.705662284324120947e+03 -3.797252334600249014e+03
-1.242138441885488646e+03 -6.843072849635971124e+02 -4.022074071593483040e+03
1.811826909937800792e+03 -1.796880444822264735e+03 -4.907567070972940201e+03
-2.841563229459678723e+02 2.824850370755473250e+01 -2.859471544494614591e+03
-3.006496406150280336e+02 -7.137318563309132742e+02 -3.909640641526983018e+03
-7.399202565673796244e+02 -1.422495698222554665e+03 -3.203048994174756899e+03
-6.889354349149566588e+03 -1.147834768819059263e+03 -3.764134423231049823e+03
-5.739752867111794785e+02 -8.460595673908890149e+02 -5.037569983202603908e+03
-1.097945329812727095e+03 -1.104877279864078673e+03 -4.160807181833807590e+03
-1.263312348262511023e+03 -1.535407913127159418e+03 -4.052280199105489373e+03
-4.787307371335602511e+03 7.223914983096442484e+02 -3.674424274415767286e+03
-1.246521199373347372e+04 2.356943698697070886e+02 -9.772786943488309817e+02
1.085154822188955450e+03 -7.591811969831235274e+02 -3.363521947632076717e+03
-5.170045443950964909e+03 4.962968172070454784e+02 -4.153502654996636011e+03
-3.655730231605592962e+03 1.329183322515013515e+03 -4.799701851034025822e+03
3.329978056706053735e+02 -1.581448913339411092e+03 -3.998427791174636241e+03
-1.485488397814821383e+03 -4.043761383383338170e+02 -4.066656810378414320e+03
-7.443284584787609219e+02 -1.611463223557423362e+03 -3.643539149083122084e+03
-1.810716739408774174e+02 -2.316347772503395674e+02 -3.958459809063693228e+03
-8.108572570762372379e+03 9.549524405890842900e+02 -2.620803537142942787e+03
-1.332802947693360238e+03 -6.867241304730927141e+02 -4.014223030329870653e+03
6.284892643122913114e+02 8.956552620975846821e+02 -3.810819720387112284e+03
-1.087240562831598027e+03 -1.709298917748651547e+03 -3.867368929157023558e+03
-1.214838259334777831e+03 -1.578393534301273121e+03 -3.445291974196354658e+03
-4.504867812401192168e+03 1.443651659419324915e+03 -3.639144058796356603e+03
1.410775416246781788e+03 -1.243601970785933872e+03 -5.118866004291427089e+03
-1.733622267515637304e+03 -8.668852219094393377e+02 -4.269140484680871850e+03
-3.961668112108175137e+03 1.500798081811135717e+03 -3.729241562803984380e+03
-1.677970715104302599e+03 -9.164122300456797348e+02 -4.414680688569324957e+03
-3.530899510339118933e+03 1.235088678254430988e+03 -4.036135774501158267e+03
-1.069412962267941839e+04 2.752093059389074824e+03 3.491299081111561691e+02
-3.486979485440973804e+03 1.804591650537220630e+03 -4.093221208800843669e+03
-1.510735748645531203e+03 -6.415448920506746617e+02 -4.180365666496050835e+03
7.911585711036572093e+02 -1.751404493641197178e+03 -4.209581387101967266e+03
1.795093640892637723e+03 -6.389900859947393883e+02 -5.791490855653336439e+03
9.812873480363343788e+02 -1.740930321159833511e+03 -4.627769367148688616e+03
-3.211896936834572443e+03 -1.039672883492258393e+02 -4.286683408583561686e+03
-5.622923056371866551e+03 4.681032181989550736e+03 -3.098506682651298888e+03
-1.645511077178907271e+03 -8.596720757209598105e+02 -4.343533377484852281e+03
-1.016614171654443089e+04 -3.555587348176049545e+03 -4.125593522274681163e+03
-4.432389721381506206e+03 1.452996343761340313e+03 -3.274074862119931822e+03
9.897889654212345931e+02 -5.647985107910665192e+02 -6.135322161441697062e+03
1.954280564923392376e+02 -7.992657529957847373e+02 -5.092795079366675964e+03
1.819562592620188752e+02 -6.042188174878759810e+02 -4.948716136019948863e+03
-3.320048672729076770e+03 -1.387734972067368631e+02 -4.199330137753830059e+03
-1.837246551225004850e+03 -5.039225775841333075e+02 -3.989538966317496033e+03
1.179233020553199822e+03 -6.254881547154906229e+02 -6.162785125184196659e+03
-6.515336320382362828e+03 1.902363627247670593e+03 -2.042021251871133700e+03
7.635141042277780343e+02 -1.775904663667583236e+03 -4.030744833227652634e+03
2.854875865228177645e+02 -1.447094051681428937e+03 -4.897412230317347166e+03
1.480182639796247940e+03 -6.465025064596037510e+02 -5.142495784122123041e+03
-3.114383783738317561e+03 1.451795844639217421e+03 -4.407735327334122303e+03
-5.752370405135677174e+03 2.745972583980217678e+03 -2.205622874848137144e+03
1.607297714276545776e+03 -5.490186125362172334e+02 -5.961448637064113427e+03
-4.172932143925809214e+03 7.132609062207638999e+02 -3.819685274364769157e+03
-3.891817835758396086e+03 1.820808483682224960e+03 -3.455637307555528423e+03
-2.135093180363782267e+03 -1.237768356805966505e+03 -4.679828724349766162e+03
4.395228425490766995e+02 -1.485300428476875368e+03 -7.040866660803896593e+03
1.004756602681729078e+03 -5.976065568990932206e+02 -5.382736215007409555e+03
-7.818958500967248256e+03 -2.120279568018846930e+03 -4.660224535371446109e+03
-1.861095559625352735e+03 -4.422693455053285447e+02 -4.265935794138578785e+03
-2.637556068915986998e+03 -5.727500969287259977e+03 -6.977916072820693444e+03
-1.583330592063629638e+03 -5.469441181641059302e+02 -4.384253553437117262e+03
-4.556146273100815051e+03 1.238711179655635988e+03 -3.593809673430716430e+03
-5.647123877506729514e+03 2.178370703550084727e+03 -2.168427561319459983e+03
-1.750679684082224412e+03 -7.642006970782143753e+02 -4.179321433899614931e+03
6.354661035041204968e+02 -1.023057389501264197e+03 -3.183867370463838597e+03
-5.714640629116106538e+03 1.491800841033710185e+03 -3.739329245553507917e+03
-3.220845249809217421e+03 -9.774376917881545523e+02 -4.315189064444570249e+03
-5.054107616518573195e+03 -5.324557606870729387e+02 -4.290743435161491107e+03
-3.353069275735492283e+03 2.665274676403782905e+00 -4.152246420299785314e+03
3.949627074695869169e+02 -7.677699251435776659e+02 -5.243550175614509499e+03
-1.441250250701242294e+03 -2.222747090207329279e+02 -4.187537935082616968e+03
-2.636305923545165228e+02 -7.666693640734714563e+02 -5.460888566539077146e+03
-1.529605897724202578e+03 -7.584891764580534073e+02 -4.602717322749585037e+03
-3.289996054916196499e+03 9.564972859467770832e+02 -3.934659593303405018e+03
-3.823129843116577717e+02 -4.520096899842279527e+03 -7.834122257204897323e+03
-1.336533953967534944e+04 -1.060026520650444218e+04 -4.645139991983585787e+03
-2.894613922604426989e+03 7.310402552759717310e+01 -4.254607173478363620e+03
5.980638473438033316e+02 -2.215094261335473675e+03 -4.811666875285939568e+03
-6.861586544594226325e+03 -4.654198950684055944e+02 -2.503888105472843563e+03
-7.346581005494253986e+02 -6.482077669334992152e+02 -4.324669250456703594e+03
1.261271109686745831e+03 -4.851228475195783290e+02 -5.586499086668308337e+03
-3.307033769504516840e+02 -4.131560809017503288e+01 -4.026211696275942813e+03
4.023810493979044054e+02 -7.987385438566408311e+02 -5.650397612252590079e+03
-2.938137263274979887e+03 6.104934711079739600e+02 -4.283661406556037036e+03
-5.013869590352314844e+02 -7.753759418491706583e+02 -5.527952711942351016e+03
-3.841680237583796952e+03 4.057986789317910734e+03 -3.616667249410952536e+03
-1.783338193800383806e+03 -6.860186018574406717e+02 -4.122694317151233008e+03
5.095493488487238665e+02 -3.132590058725822473e+03 -6.280898116871708226e+03
1.428497826088970896e+03 -7.991047698891838991e+02 -5.386380986112798382e+03
-5.887469577666013265e+02 -1.397832802257358253e+03 -4.758201589363989115e+03
-6.672413337745891113e+03 -1.672590166046535614e+03 -4.248895657579420003e+03
-3.995065726721307783e+03 9.563771187577809769e+02 -3.736427677328631944e+03
-9.283049193018956430e+03 -3.019298054175104880e+03 -4.402164109813958930e+03
8.360881354242412726e+02 -4.803159410434139431e+02 -6.287989516424410795e+03
8.711291332696348491e+02 -8.669473566715300876e+02 -5.256363679833196329e+03
-1.795866554107640923e+03 -6.142408820376050471e+02 -4.035325275944623172e+03
-6.533185345767290528e+03 1.760168427924862272e+03 -1.985467342880239585e+03
-5.936222529909783589e+03 2.507137018959263514e+03 -2.416484455669794443e+03
1.388842168014484059e+03 -5.603339725153331301e+02 -5.357555778427837140e+03
-2.472247233212929132e+03 2.160070177434863581e+01 -4.476721105860881835e+03
-4.644004469596935451e+03 2.430652648402421164e+03 -3.213545414440201512e+03
-7.415175016496459648e+01 -1.252119235217710411e+03 -5.047665695110383240e+03
1.689868492508749114e+03 -6.774334770164514339e+02 -6.004140037986637253e+03
9.482360074922299873e+02 -8.076282927969334651e+02 -5.353217342877323972e+03
-1.418285367858623658e+03 -5.584365993875870799e+02 -4.205979524587472952e+03
-5.689199635508545725e+03 2.152948402014361818e+03 -2.777660785256864528e+03
-2.230106846105660679e+03 -4.603333614854257121e+02 -4.432959137596641085e+03
8.860314224832304717e+02 -4.179179539259129683e+02 -5.081811579950777741e+03
4.941363169767713543e+02 -3.780373264261287659e+03 -6.455255230611447587e+03
-6.053729435675225432e+03 2.457566365227353344e+01 -3.948819425524916369e+03
2.117377707578808668e+02 -6.374575310533020911e+02 -5.670305824109725108e+03
-4.630425677402441579e+03 -9.556916036934010208e+02 -3.952812642177212638e+03
-3.326423035865536804e+03 -4.116888516681871806e+03 -5.483934442238098200e+03
1.107696510320198740e+03 -8.260813137156570747e+02 -5.632052229617337616e+03
1.738178949568324697e+03 -5.659646007371577525e+02 -5.975298619106804836e+03
-1.708421303203230309e+03 -6.773585582840177040e+02 -4.263996032722053315e+03
-7.479505673123212546e+03 -1.389112123066152208e+03 -3.977625715264541668e+03
-9.132011071609580540e+03 -2.959660776690272542e+03 -3.928721793746160984e+03
-3.685902844026877119e+03 -1.224660090426311854e+03 -4.439554068464356533e+03
2.061305976952960464e+02 -1.593968217116848336e+03 -4.848710260258466406e+03
-2.956790871037985085e+02 -6.553650547242407356e+02 -5.233298437517752973e+03
-4.750352531466705841e+02 -9.390230212179283171e+02 -4.977158372620300725e+03
-9.795320891139022933e+03 1.694528835598124488e+03 -1.963293150257161642e+03
-6.324818795093981862e+03 1.652522588844289203e+03 -2.712984059462574805e+03
-2.564032889639543100e+03 -8.089215117180751804e+02 -4.436994199004809161e+03
-1.062403763902622813e+04 1.561724942410057565e+03 -2.323846500513228875e+03
1.222417645695768442e+03 -4.822117960787159063e+02 -6.090193842371230858e+03
-7.093974893262158730e+03 1.384629783023431855e+03 -2.123441365581158152e+03
-1.074970233566715433e+04 -2.489839150578642148e+03 -3.164385294608776348e+03
-6.537301927749595961e+03 1.773692369598307323e+03 -2.547390744441654988e+03
-2.719800848798149218e+03 -8.667705876897086625e+01 -4.284753536228936355e+03
-2.032059272812443396e+03 -2.716473550663426977e+02 -4.140722619682861477e+03
-6.078768304233868548e+03 1.026218361719606037e+03 -2.806079588630706894e+03
-3.108069730743021410e+03 -9.964024483694333867e+02 -4.484396797184848765e+03
-6.735011632668745733e+03 1.211322150355384792e+03 -2.326429326436751580e+03
-1.563090701583849068e+03 -7.239951519455340758e+02 -4.810556190569734099e+03
-2.686227864024211613e+03 -7.206241863399404792e+02 -4.763701734163521905e+03
-8.042711756343707748e+03 -1.223588047764083421e+04 -6.379807631475649941e+03
-1.049639116532041589e+04 8.769565893835591623e+02 -2.453240965567832063e+03
-2.143132012971629592e+03 -5.714529353971155388e+02 -4.602496375656380224e+03
-3.428530923240305128e+01 -8.036761510443084262e+02 -5.070064985144010279e+03
-6.994267606664768209e+03 1.419492870361086716e+03 -2.237529398959492482e+03
-1.038310431396880631e+04 1.239655145568136732e+03 -2.680517656288815488e+03
-3.542399002624626974e+03 -6.739662587919552834e+02 -4.243420321459268052e+03
-2.742131406612247702e+03 -1.062705422389610703e+03 -4.641798043727829281e+03
-9.078154108748849467e+03 -7.902548076110831971e+03 -5.732315566107055020e+03
4.241315729094906715e+02 -5.621700044995543522e+02 -6.162560543426810000e+03
-7.901572658361893446e+03 1.465377588784390809e+03 -2.053772193939274530e+03
-6.568404933714971776e+03 7.902158051364689300e+02 -2.525236521784972865e+03
-7.383994658250929206e+03 1.672687458923478744e+03 -2.271908208984562407e+03
-8.580726473094948233e+03 -1.147978532519208102e+03 -3.637362091488608257e+03
-6.018125062296081524e+03 6.537362536285327224e+02 -2.888732924768582052e+03
-8.394188579753204976e+03 1.286675632385212339e+03 -2.349650847983638869e+03
-1.136993236998907560e+04 3.273383421176089314e+02 -2.695759048697018898e+03
-5.635147246400622862e+03 3.364667493688737068e+02 -3.409377662662124749e+03
-1.013655742094009474e+04 1.343866795457148555e+01 1.053466986146191289e+02
-1.840329545534237695e+03 -7.830873617166172380e+02 -4.709960674583857326e+03
-7.991749794900996676e+03 -1.127881693669512424e+04 -6.231610050056102409e+03
-3.228773195424523237e+03 -1.019205576111159417e+03 -4.560932183560003068e+03
-6.530543315824700130e+02 2.617769600989095125e+02 -5.327453905450341153e+03
-4.908509870737889287e+03 -4.867665117051274137e+02 -4.193176893027353799e+03
-9.006238216365114567e+03 -7.101285265048451947e+03 -5.378590004547451827e+03
-7.833392402561163181e+03 -1.563146475210568724e+03 -3.760203170167028020e+03
3.587475087366779007e+02 -7.299567346984679261e+02 -5.809466058847907334e+03
-2.504287230733174511e+03 -4.028776191591182396e+02 -4.288305927828380845e+03
-4.461058495919120105e+03 -2.348681529092329583e+03 -4.260101283498594057e+03
-9.084373695941343613e+03 1.854275627127088455e+03 -1.382832961045192633e+03
-1.709647877128897562e+03 -7.119185264494592502e+02 -4.759413848534129102e+03
-8.183378593598208681e+03 -1.957620839432196362e+02 -3.042605843827032004e+03
-5.909224884165225376e+03 1.014841315654532309e+03 -3.343045703178389431e+03
-2.128895695019688446e+03 -1.056608046592469066e+02 -4.130413644474503599e+03
-2.115122306840753026e+03 -6.306039323395272049e+02 -4.584283354041023813e+03
-2.762289021442073135e+03 -9.079825677267774608e+02 -4.565370182424477207e+03
-1.134204242127630096e+04 7.208456749416458251e+02 -2.901625994836788777e+03
-5.001339790787880702e+03 1.328288998609843020e+03 -4.402530507782593304e+03
4.284251727536554313e+02 1.746314604703686655e+03 -5.898854309306371761e+03
-6.277952887707159789e+03 9.973871022546944687e+02 -2.904520916737361858e+03
-7.143676809416906508e+03 2.833474087148050785e+03 -1.774527820511675145e+03
-7.561701864529872182e+03 5.006424747133505093e+02 -3.302932599557860158e+03
-2.822247882201601897e+03 -1.016825615894998009e+03 -4.716954465658825029e+03
-5.721195410158625236e+03 3.579498266377481173e+02 -3.601243886333550108e+03
-2.023343411337446014e+03 -9.962170241253303402e+02 -4.112565633234613415e+03
1.003208879560267633e+03 -4.722885131954870417e+02 -5.520292167215385234e+03
-6.239214444752487907e+03 1.055470520719379920e+03 -2.892419499612371055e+03
-3.135194453347674425e+03 -2.837029681326796435e+02 -4.377472747614137006e+03
-1.388590366591226257e+03 -6.182352266427765244e+02 -4.757327035378476467e+03
-3.904025102523613441e+03 -1.023603253578527529e+03 -4.186389310952908090e+03
-4.309553827359884963e+03 1.204749013670491877e+03 -4.762705059239103321e+03
-9.572227294459906261e+03 1.619097689072501225e+03 -1.651812856990879254e+03
-6.358197441659875949e+03 9.578647027734915582e+02 -2.839063392886708243e+03
-1.116447060157774467e+04 -4.497880019997607633e+03 -2.897193194338150988e+03
-7.086722822621528394e+03 1.273781004127169126e+03 -2.059209138192110458e+03
1.734197222363881338e+03 -2.800585539668469664e+03 -7.063590806320655247e+03
-8.302416896122508660e+02 -6.295829283797899052e+02 -4.945298422196655338e+03
-8.075372395723785303e+03 1.442137041503591263e+03 -1.848971275120906284e+03
-4.175407753592891822e+03 -3.976122562765667681e+02 -4.588704222674511584e+03
-8.044211710027826484e+03 -7.510585209021693117e+03 -5.696870521570193887e+03
-1.215809972313741855e+04 3.040950357692537409e+01 -3.103888258528706046e+03
-5.835154287379208654e+03 8.555092074847294725e+02 -2.938453915173564383e+03
-6.710311359098433968e+03 1.859079726619354915e+03 -2.472931377956286269e+03
-1.154602119804837639e+04 1.006477847100140252e+03 -2.981965329186558847e+03
-6.363835294956569669e+03 7.083658787492538522e+02 -2.722136819741489489e+03
-5.610754198790658847e+03 3.768985288974376999e+02 -3.356329730939585716e+03
-5.887499634734277606e+03 5.703851600336329284e+02 -3.339085001633024149e+03
-1.559248852302659998e+03 -8.035133764934589635e+02 -4.921030153020606122e+03
-1.023290511742621311e+04 -3.896347385974183908e+01 -3.125700695544207520e+03
-5.471283233770488550e+03 2.043468220889432700e+02 -3.900050548310177874e+03
-5.935467490660130352e+03 6.214922889460855515e+01 -3.293888727655891216e+03
5.733936158752369465e+02 1.527598711598243426e+03 -5.816131591166348699e+03
-1.063454945374834097e+04 3.106596330827139809e+02 -3.260465970504453253e+03
-6.041798084993923112e+03 1.654181993270101657e+03 -3.069457938709594146e+03
-7.118506786944172745e+03 -1.397848891354469288e+03 -3.820827205697730733e+03
7.193773095590877347e+02 1.427669169837617119e+03 -6.112610490166501222e+03
-4.807931106162237484e+03 -1.330324792026495686e+02 -3.875848883897570431e+03
-5.684999706570138187e+03 2.404181192431415752e+02 -3.541357546191090933e+03
-3.804030557791397769e+03 -5.529715008795557196e+02 -4.296033491479154691e+03
1.266095091550074585e+03 -2.481702973281018330e+03 -5.140380128621186486e+03
4.189906487820284156e+02 -2.665590044141415547e+03 -6.799374475367216291e+03
-7.058774657060727804e+03 1.387748449382491117e+03 -2.160825068229511089e+03
-4.038207726544286288e+03 -8.350963762892263276e+02 -4.199781249926751116e+03
-5.591914080032926904e+03 5.872205149027884374e+01 -3.363193892987658728e+03
-6.399643479081381884e+03 1.783093968370597850e+03 -2.643845657267690967e+03
-1.138191062253040400e+02 4.603224110174354564e+02 -3.947668551279068652e+03
3.921357077888797562e+02 5.433475948019507086e+03 -1.020988786023869034e+04
-1.114330204156196714e+03 -7.772340826592082976e+02 -4.517870026382128344e+03
-2.017092981956064023e+03 -5.015289996879388923e+02 -1.983859013695149315e+03
5.480037021152356829e+02 -1.002175335884442575e+03 -3.580288989761127596e+03
-7.716277475881149712e+02 -8.578623207733048730e+02 -4.203980458702693795e+03
-1.928707609449591018e+02 4.155602805029286628e+01 -2.936416885904851370e+03
-1.494766700499624221e+03 -4.578733924047836581e+02 -5.657726538122346938e+03
-1.143669081941231980e+03 -1.210456856359716369e+02 -5.944878136675158203e+03
-7.790733820887508045e+02 1.532077571331360105e+03 -4.959348754406907574e+03
-1.532242104523774287e+03 -5.156486657797518092e+02 -5.703497097585998745e+03
-1.200192368251026664e+03 -5.068797020095618109e+02 -5.064913717228460882e+03
-8.473482742313742619e+02 -5.396008006079754296e+02 -5.646572396985508931e+03
-1.928670299582858206e+03 -1.711493159031005007e+02 -6.040595416684840529e+03
-1.233585486615840409e+03 -4.148413287021996894e+02 -6.039073103468424961e+03
-4.601210833844615991e+02 3.364926331506372890e+02 -2.969752824580707056e+03
-1.116093531613125378e+03 -3.453717452138739645e+02 -5.760901101328621735e+03
6.459790299876173776e+03 1.676307999734644909e+02 -5.616974529765493571e+03
-1.364555756981319519e+03 -1.959439333373601926e+02 -5.900359577550363610e+03
1.696789867450779639e+03 -2.069117466188265553e+03 -2.451872420570070517e+03
2.249099343310253516e+03 1.531588983057743917e+03 -1.012291660713042074e+04
-1.306526771628384267e+03 -4.043766715551468565e+02 -5.555447533599442977e+03
-1.367850374631989553e+03 -4.742922122162225946e+02 -5.558053022192410026e+03
-1.229817055722146051e+03 -4.210867507692713048e+02 -5.549014050341486836e+03
-8.824805969013333424e+02 2.887886495125997044e+00 -6.207172026655752234e+03
-8.332946935841089271e+02 -1.952988257351480001e+02 -5.630879949163811943e+03
-9.461331776156384876e+02 -9.664694954457291942e+01 -5.589403629357030695e+03
7.657513761534612968e+03 -6.527340260262868696e+02 -3.579107419677284270e+03
-8.078850533732619397e+02 -6.094468901845439177e+02 -4.368947049653139402e+03
2.352143220428279164e+02 -3.775031618016573276e+00 -2.770865366454883770e+03
5.687152456994926979e+02 1.693504745699975160e+02 -3.096099714643449715e+03
9.482466533533918209e+02 -3.661788547548543704e+01 -3.240292869653217167e+03
2.725069189310208003e+03 -1.774666735950779412e+03 -5.725979434830678656e+03
-3.390364119840381250e+02 -9.471071170798869616e+02 -3.896602551864260931e+03
-2.994969213741796352e+02 3.493807782754218351e+03 -9.081514250030482799e+03
-1.314436827987821289e+03 -4.774635858728559015e+02 -5.647333879758263720e+03
-1.513220684148621785e+03 -3.594570952469993017e+02 -5.612776658984157621e+03
-4.720056899594010247e+01 -3.683402850442518428e+01 -2.762312129991291386e+03
-3.234120265251312958e+02 8.910606112896457489e+02 -4.350723455404967353e+03
-2.340777939079043335e+03 -2.461563181429433484e+02 -2.788148094829944512e+03
-1.370021634073795667e+03 -3.415966728025858856e+02 -5.637491339735341171e+03
-1.307409966355573488e+03 -3.851663984290850067e+02 -5.293234812849163063e+03
-9.193779686608517068e+02 -1.692889264719784705e+02 -6.170438704647787745e+03
-8.986811322610876687e+02 -6.008708503849298950e+02 -4.432918626209626382e+03
-8.524816892922259512e+02 -2.722281172520424093e+02 -6.120352283726215319e+03
-1.466037651874295307e+03 -1.537540850938632389e+02 -6.108094909029741757e+03
-7.849476722452812965e+02 -6.703075283816260708e+02 -4.233865404426018358e+03
-1.778433285410081453e+03 -9.488991246732289255e+02 -4.590040664663135431e+03
-1.390463451988061934e+03 -3.430980576273799443e+02 -5.040261067784524130e+03
-1.082431833511939203e+03 -3.403545204751992515e+01 -5.552157683454649487e+03
-6.241464659149582985e+02 -8.437665355299498060e+02 -4.217328521546739466e+03
-5.863386609277464459e+02 1.266651190654746642e+03 -4.813122368684033063e+03
9.591303043160985453e+02 -2.346500437981230789e+02 -2.813805451475586779e+03
-1.877627607801684917e+03 -4.514114569449934038e+02 -5.824988126378639208e+03
-9.639310833407132577e+02 8.178644529392613549e-01 -6.058442535406520619e+03
-1.846672981535821009e+03 -1.871854887408725290e+02 -6.054793790809727398e+03
1.417571031228884522e+02 8.102181877399370933e+02 -1.479534288821258633e+04
-1.142093850348637943e+03 -2.204290694997760056e+02 -6.130517597140232283e+03
-4.025846428582342014e+03 -1.727850661414554452e+02 -5.052664551235490762e+03
-6.467357475614423947e+02 7.956185393506291348e+01 -2.757419624812169786e+03
-7.300892804763154800e+02 -2.212811878914593535e+02 -5.211184635185331899e+03
-1.456461509369165924e+03 -6.914717782559632724e+02 -5.045750432701393947e+03
-1.480815208993713668e+03 -2.018446145577042330e+02 -5.945049762031503633e+03
-1.557278739526183017e+03 -3.633485800106529382e+02 -6.014765574036898215e+03
-1.434564512344300965e+03 -6.421874644628931037e+02 -4.993274357186084671e+03
-1.229637483637263585e+03 -4.221690402573696019e+02 -5.549801718473511755e+03
-8.127558954284957053e+02 -2.323895197745471251e+02 -5.280319296828190090e+03
-6.572297072031193466e+02 8.401226933978870193e+01 -3.128382557911330423e+03
-1.096647227672147210e+03 -4.914340147529434830e+02 -5.159491839418328709e+03
-1.558782898915234227e+03 -1.643022115775788734e+02 -5.806447034923997307e+03
-1.282053558396789867e+03 -4.876658983495652819e+02 -5.507848168925192113e+03
1.853055778209677555e+02 -1.015748353661683382e+03 -3.373471858985576546e+03
4.566087124762158282e+02 4.128167191160528660e+01 -2.785403190902276492e+03
-1.854509370235995789e+02 -1.065712221802537442e+03 -3.568756092472693126e+03
-1.190756982885268826e+03 -4.356853035456922498e+02 -5.142893733461624834e+03
-1.314945049977620329e+03 -1.243783276715683428e+02 -6.114436064382478435e+03
4.308554833020313026e+02 -9.745761221509631014e+02 -4.187851823018042523e+03
-9.647415711976777857e+02 -1.320711048235877456e+02 -6.007443508808780280e+03
7.312750462422292230e+02 3.844405357340081537e+03 -1.771089633191360917e+04
-1.116993538418047592e+03 -2.928919692458056261e+02 -6.023927826409377303e+03
-1.346231678215925513e+03 -4.059867918125574420e+02 -4.966805691559618026e+03
1.747375286723093950e+02 -1.173724655733069312e+03 -3.151266435051569715e+03
1.539894774261782004e+03 -9.506284849325459163e+02 -5.606835821248733737e+03
-7.363746516328103553e+02 -5.643949217115831516e+02 -3.912265395845239254e+03
-9.394617582083005800e+02 -3.830724490629311276e+02 -5.704329247698277868e+03
-1.062338852531954217e+03 -2.740259731681931044e+00 -3.323105203209547653e+03
-2.648472082952600886e+02 7.523859243499242666e+01 -2.746957828594319380e+03
-7.645608827971777828e+02 -3.620204388143757797e+02 -5.870973365659413503e+03
-9.602205417055936323e+02 -3.202621976730838469e+02 -5.739086987586821124e+03
-1.085235005564537460e+03 -8.048317584467720280e+02 -4.475289795012107788e+03
-1.336591133718797209e+03 -5.913852791483762985e+02 -5.213918894145169361e+03
-1.594364193940691621e+00 8.158590889310876264e+02 -3.717893635022976923e+03
-1.375761763233151214e+03 -4.826030868027772271e+02 -4.957437230429435658e+03
2.436271048353553397e+02 6.243544590337435807e+01 -3.254452652222651068e+03
-1.205094606714141491e+03 -5.767137884650462638e+02 -4.996735031350072859e+03
-1.484692865702484596e+03 -4.710318507624418771e+02 -5.607595680135612383e+03
-7.264068776811481030e+02 -8.862499658407432435e+02 -4.208388205993036536e+03
-1.222609790166329503e+03 -4.179848017300842002e+02 -5.396167101031528546e+03
1.476923733568712578e+02 9.959504064607885709e+01 -3.004164422312783245e+03
-6.560663899514365767e+02 -2.455721838863481707e+02 -4.620011994205860901e+03
1.489233058527283333e+02 -1.990839413836594304e+03 -1.408417816408428735e+03
3.575296914600908167e+03 1.650649210058758854e+03 -1.971704357168706701e+04
-1.329470108551208796e+03 -1.759383903451594279e+03 -7.721723029399836378e+03
6.715425756857177930e+02 -1.227821001403258379e+03 -2.356289667450673278e+03
6.247157067736121689e+02 -8.575766204330350320e+02 -2.468688723407682573e+03
-5.485389186408049227e+02 -7.302508976157348570e+02 -1.973868713308865608e+03
-1.130426884483728600e+03 -4.772120954355323192e+02 -5.144831356172610867e+03
7.225040660030308572e+02 -1.241653215525156384e+03 -1.667519517821045383e+03
-1.079396472349272244e+03 -5.148101524055907703e+02 -5.244853044111245254e+03
3.373954769504927754e+03 -1.345618802667135242e+03 3.026972586603164928e+02
9.567301353694620047e+01 -1.001040054533973830e+03 -4.075225256463901587e+03
1.833599408608529302e+01 -5.500463675836186894e+02 -1.836749918483196325e+03
-1.112552356437030994e+03 -5.277952847972394466e+02 -5.019778090422481000e+03
-4.972615689216003148e+02 -2.120229843760665744e+01 -5.265076117527919450e+03
1.347926228170088052e+02 -1.050176466721529323e+03 -3.753593454865549120e+03
-2.682661599417358048e+03 -1.273378099062470028e+03 -3.778714599046347757e+03
-3.251746261626259979e+02 -8.495023907286448548e+02 -4.369545575588737847e+03
3.936496572829938941e+03 -6.591910447704024136e+02 -2.106671991923122675e+02
-2.760261197375145343e+02 -2.791455358500874809e+03 -9.691401375154699053e+03
2.846149980982005445e+00 -3.342702271479225146e+03 -1.604848079560722454e+03
-5.982402547906394830e+02 1.297774668769860455e+03 -4.894544720862922986e+03
6.996841592705284256e+02 -1.205782507916378336e+03 -2.154496489419275349e+03
-4.132102968091210755e+02 -7.979824664860096846e+02 -4.812399016734925681e+03
2.563599829513388499e+02 -7.863836017682798456e+02 -1.504222340113344217e+03
-5.861611164644766632e+02 -8.576904831450808615e+02 -4.239892259368664782e+03
-1.175565554062849856e+02 -1.012820434300650504e+03 -3.754095404971799780e+03
-1.058443711921766862e+03 -5.931080303555813771e+02 -5.464793159936861230e+03
7.875028733790542901e+03 2.929967485080144343e+03 9.657955761017716156e+01
3.416681025318101206e+02 -9.821135602567142087e+02 -1.681791701548212131e+03
-2.514945764899037385e+03 -1.098107674528325106e+03 -3.666008379473912100e+03
-2.304245544393200817e+03 -4.843683044668127309e+02 -3.254796393187325521e+03
-1.206724805343429352e+03 -4.192477168480926366e+02 -4.070027774862475781e+03
-1.057902017525455676e+03 -2.899594288079445050e+03 -1.335020955704443395e+03
3.766261286979093370e+02 -3.252369832576550834e+03 -9.548320427559987365e+03
-1.525353174497362943e+03 -1.006982231596943620e+03 -6.509614376261076359e+03
1.057984437028918876e+02 -9.871556125828392396e+02 -3.690176885321511236e+03
6.243384959498102944e+02 -9.647716904368633095e+02 -3.182289351891683054e+03
-2.945324468389444519e+03 -1.015117840336613995e+03 -3.686438124748659902e+03
-1.368764322990343999e+03 1.137269272884098541e+02 -9.192191440993738070e+03
-2.773471173170911698e+03 -9.849696525603363852e+02 -3.698261493372699533e+03
-1.145350064194090578e+02 -7.947410649894270591e+02 -3.990356207884429750e+03
4.016190460062322813e+02 -1.087051824336910158e+03 -1.556080917136287098e+03
-6.180932977581784371e+02 -7.859570230619881386e+02 -4.849720891600441064e+03
1.394878926324922759e+02 -1.032913947548785927e+03 -1.936746279133318694e+03
6.497896690293122219e+02 -1.253328666222607808e+03 -2.582051608690102512e+03
6.344915927564356934e+02 -8.696787276525817560e+02 -3.157416401750203022e+03
-1.966246354135954562e+03 -1.837060805817585560e+02 -6.011565914669340600e+03
4.113468265477431487e+03 -1.208131946817135031e+03 -2.354160632854573691e+02
-3.277115820388479506e+02 -3.864224072000347405e+02 -2.406272325708436711e+03
7.651364007651249040e+02 -1.246125529323541969e+03 -2.340422457950975968e+03
6.124158928088739913e+02 -9.885500350602394519e+02 -2.060781866419300513e+03
-1.248698163386933857e+03 -1.941460237180379409e+03 -2.758560209592947103e+03
-1.440018284192318561e+03 -1.468875154354893766e+03 1.371538072945301565e+03
-1.199934143152820980e+03 -4.839704895214807152e+02 -5.161120901175801919e+03
-7.523847988893410275e+02 -5.501845281006226287e+02 -5.666003453570856436e+03
-1.070153628855084662e+03 2.718325393119710043e+01 -5.922287545523250628e+03
3.051202813847778089e+03 -8.770073268385879146e+02 -7.379036496479220659e+03
-1.070173818858988852e+03 -6.535467673622251823e+02 -5.226783456861339801e+03
-4.192042861322715908e+02 -1.307742966730587341e+03 -4.503605904757188910e+03
-1.434751688352552719e+03 -8.217926731511313392e+02 -6.181244533524580220e+03
-4.531743179377695014e+02 -7.671119804832549107e+02 -4.225596235927727321e+03
8.353103864869556219e+02 -9.027228493303356345e+02 -2.524998403540942036e+03
7.975120462528536791e+02 -9.743678608843492839e+02 -2.781083669522623495e+03
1.344908448482439667e+02 -1.068747366425903010e+03 -3.414499613378409322e+03
6.569892771073211861e+02 -8.698341140671001313e+02 -2.460748772334086880e+03
1.221441254878142786e+02 -9.103333573363073583e+02 -3.800794505621371627e+03
1.710169526029100780e+03 -6.342057989364718196e+03 -1.108895192706590205e+04
-2.692605810611411471e+03 -9.451679370605600070e+02 -3.480587820212784663e+03
8.155411024987857900e+02 -9.678355144222186937e+02 -2.486865009262045078e+03
-1.195799898899206710e+03 -4.657206811306646728e+02 -5.322218357754970384e+03
2.665193097852054507e+02 -8.441170640692672578e+02 -4.370160188964526242e+03
4.863528924668781315e+02 -1.131760947584640689e+03 -1.572098008164954535e+03
-1.795768985065207744e+03 -1.205927459821951288e+03 -3.815205707308898127e+03
-1.349117343261239967e+03 -1.199542486114477242e+03 -3.868593531342935421e+03
1.394968487532947563e+02 -9.498875833788662248e+02 -4.045451115435471820e+03
-5.144772237166375817e+02 -8.178451483231743850e+02 -4.303453076270523525e+03
-1.189172394501689723e+03 -2.799476782522373242e+02 -3.954520807747683648e+03
-1.128293014244431106e+03 -4.881627942733729810e+02 -5.434650021480531905e+03
5.657628834019948044e+03 1.498068230637994930e+03 -1.147839995069087672e+04
2.157994947150929193e+02 -1.068057940968968978e+03 -3.223160967547902146e+03
-3.123322530438124431e+02 -6.916256340256391013e+02 -2.258975940545766207e+03
-1.295495211410935553e+03 -8.738127464061039973e+02 -5.959346857976584943e+03
-2.645436145698067776e+03 -8.481536284253706981e+02 -3.424500698181434927e+03
5.081835065918771761e+02 -2.827726418017600736e+02 -4.004574650401736562e+03
-9.368393445961849011e+02 -5.160188593765085443e+02 -5.197746815348949895e+03
-1.292053121460604643e+03 -7.275177645116089025e+02 -2.286791567777123873e+03
-2.349397915843307146e+03 -4.693313452363872784e+02 -3.170224220365826113e+03
5.976582564531929620e+01 -8.328855894147660592e+02 -3.890086283241782439e+03
7.370962560309499167e+02 -8.932762126865492291e+02 -3.018069408318273872e+03
-9.928786889126482720e+02 -1.159568029090617529e+03 -7.422733075995724903e+03
7.391996907095449387e+02 -1.014709148274384233e+03 -2.335793196304722187e+03
-2.709382550395412750e+02 -3.087349526724072803e+03 -2.567611930161086548e+03
6.395656352568130387e+02 -1.200195103884795117e+03 -2.100445096134006690e+03
-1.235004223701291266e+03 -1.005033180247037535e+03 -2.333360916741744859e+03
3.389633770583708383e+02 -7.194849745908650220e+02 -1.520819020366244558e+03
-1.067516290138216618e+03 -4.103150207928663349e+02 -4.518347448565992636e+03
-1.248603287184691681e+03 -1.608111230896320194e+03 -7.669237325068915197e+03
1.149514703942946880e+01 -1.009411113760214448e+03 -3.938287554439610176e+03
-2.005062701143798222e+03 -8.539018809212202541e+02 -3.496140885908220298e+03
-4.324251971092309077e+02 -7.333389679245366324e+02 -4.777897978942017289e+03
9.225401534519502320e+02 -1.822711516247917189e+03 -1.044598966316449514e+04
7.347386407817196414e+03 -1.652038330263542321e+03 -9.963362608134217226e+03
5.063084210931556299e+03 -8.951715118485758467e+02 -4.289950899429143647e+03
2.173821993046319676e+02 -1.086091395915525709e+03 -4.887491706489708122e+03
-3.268596569834997354e+03 -1.206649291850752206e+03 -4.098161844413064500e+03
4.998615446689187593e+03 -9.899177465820735051e+02 -4.249659482815563024e+03
5.358138362129660891e+03 -1.041358491155234788e+03 -4.095969704847343564e+03
-2.505233624880392199e+03 -6.321819226994953169e+02 -4.874910199888193347e+03
6.486760248086764022e+02 -8.505544502453954010e+02 -2.493581585609315425e+03
-3.709528263805798815e+03 -2.022615443170339404e+03 -2.848341505692920691e+03
6.425754772922027769e+01 -7.731086780763223487e+02 -3.518749696413630318e+03
-2.560554393701618210e+03 -5.706322139924695875e+02 -3.988912469324933681e+03
3.496599910333779917e+02 -8.529502626278241451e+02 -3.756779198084019299e+03
-2.593017427690427894e+02 -7.953489481828298722e+02 -4.254133172202852620e+03
-6.121196606798645234e+02 -6.356811382369476178e+02 -4.424121524964830314e+03
-4.375673438188605360e+02 -6.907973211199166599e+02 -5.428720081106395810e+03
-1.530395748958193280e+01 -7.778349784438103143e+02 -4.781402049688508669e+03
7.446654240790960557e+02 -1.996887839422343234e+02 -5.477048692799085984e+03
7.861720633807863123e+03 2.056957786069279337e+03 -3.227510256204966936e+03
-4.030733120925292951e+03 -2.159377786263870348e+03 -4.031636900109043836e+03
-1.955784177928941062e+03 3.700065952823015323e+03 -2.370330914641990148e+03
-8.022656957000903049e+02 -5.182720128411983751e+02 -4.253715048852243854e+03
-2.311788223784772072e+02 -8.082835617523601286e+02 -4.593580840122602240e+03
-1.864307941317570339e+03 -5.135851407378393105e+02 -3.946676667126122993e+03
-1.213262762397869210e+01 -8.403418312979448501e+02 -1.710937334233180309e+03
-4.146779125737151617e+01 -2.592113419218901527e+03 -4.894707128442049907e+03
5.914703741952151177e+03 7.981593734607047281e+02 -4.062610889436561592e+03
3.916689919611007099e+03 -1.246955537424181784e+03 -5.602721379034926940e+03
4.999675067623958967e+03 -1.036607749980722019e+03 -4.301507228356190353e+03
-1.180872017828934531e+03 -7.782299185301492344e+02 -3.423116079665108373e+03
3.056200394913195396e+03 -1.043395339496928727e+03 -5.775182348480482688e+03
-1.159952194658554617e+03 -7.040479217677437873e+02 -3.706030536184955963e+03
-3.756188176339547226e+03 -2.595420244728124999e+03 -7.218283610746442719e+03
7.185800558054841076e+02 -1.025452124290321990e+03 -2.855213606244799394e+03
5.191226296889646619e+03 -3.094425858927930676e+03 -1.369435679164365501e+04
-1.553713896761041724e+03 -4.569888480376446864e+02 -3.756584994956598621e+03
-1.682805653782819491e+02 -6.252353008519323794e+02 -4.477202264447868401e+03
-7.396170127268451324e+02 -8.262201642916320452e+02 -5.383556285790438778e+03
1.285422311053176145e+03 -2.907646546727945861e+03 -1.047778043854707539e+04
-5.013189664747933421e+03 -1.104555083464181735e+03 -4.764747125872585457e+03
-2.977599961699926098e+03 -9.966160937460263085e+02 -3.814021067579962164e+03
-3.127360695135354035e+03 -1.113765080400021589e+03 -3.961306173266964834e+03
8.201300921959227708e+02 -9.263026805419082166e+02 -3.274682002924369954e+03
-3.202191986738318519e+03 -6.822613827958696220e+02 -4.475760377803958363e+03
-1.852436823147070868e+02 -5.029165698418352122e+02 -4.527498433421997106e+03
6.398935219710801903e+01 -7.796204008126265990e+02 -4.704322240037585289e+03
1.132641092853155840e+01 -6.979047676522612846e+02 -4.754433310013491791e+03
-2.565677631404034855e+03 -8.980433457611312633e+02 -2.527011463423074474e+03
2.872284710975570761e+02 -9.854040656217821379e+02 -5.009132453270201040e+03
-7.488538969891624220e+01 -8.359594098382817720e+02 -4.357043989266107019e+03
-1.292447992899838709e+03 -3.767519054181839806e+02 -3.603902013588067803e+03
1.173412350584457727e+03 -2.290724312128761539e+03 -1.119892956763681832e+04
-2.026689681621006002e+03 -1.780119324480836212e+03 -9.123402525492310815e+03
6.559018372020310608e+02 -9.604469755653333323e+02 -3.184674809912489309e+03
-1.209698272952032312e+02 -7.532879445261559113e+02 -4.006829999727989616e+03
-1.417370369403085760e+03 -1.811564482363322213e+03 -1.955478084799633280e+03
5.848024378764691392e+03 6.322727356291200522e+03 -4.898200661664930522e+03
-6.963030156696299855e+01 -6.844618299138012389e+02 -3.662486043182987032e+03
-2.308948155628095719e+03 -1.631207942849054575e+02 -3.880862793466865241e+03
-3.088221477396057708e+03 -7.622634993738421372e+02 -4.576179189027742723e+03
-9.662647728372576239e+00 -7.147624098974149547e+02 -4.608802814192901678e+03
-3.224408147177039154e+03 -1.013564236777253655e+03 -4.218859673783714243e+03
-2.798441821200301092e+03 -6.150997444120982891e+02 -3.996875775737147251e+03
-4.305451907192968974e+01 -8.245511700278441367e+02 -2.823564002529049503e+03
-3.081146423749915812e+03 -1.400342084266286747e+03 -4.209916580303778574e+03
8.749570526383786273e+02 -8.247530204149320525e+02 -2.641898266985911960e+03
-2.311504605019296434e+02 -7.996923839476928606e+02 -4.357167422303891726e+03
-1.173762207709345375e+03 -5.837596690992344293e+02 -3.652314586905252327e+03
-1.689970296584977405e+03 -5.182004361439608147e+02 -4.050497235590199125e+03
8.298829850248628190e+02 -9.130977449631411673e+02 -3.289357612126122604e+03
-3.870236493602019436e+02 -5.054163752239537644e+02 -4.253945484363011929e+03
-1.812066963619147373e+03 -3.757908554086677668e+02 -3.584351216220098650e+03
4.665411519471708743e+03 -1.443926384797968240e+03 -4.634328172478363740e+03
-2.643088932941417625e+03 -3.990664442551864681e+02 -3.434292133174987612e+03
-1.743203633963293669e+03 -4.649858164605941511e+02 -3.883287488763272449e+03
6.183034774758207277e+02 -8.240319248326626393e+02 -3.726801408368744433e+03
-2.797095874360276866e+03 -6.842134045174477706e+02 -4.858562662096193890e+03
-4.230954854297154952e+02 -7.242200776846509598e+02 -4.465024381940220337e+03
4.071635549209618148e+03 5.667710634632592701e+03 -4.856948315261924108e+03
-1.034447825697531584e+02 -5.432807240446965125e+02 -4.494644847677365760e+03
-1.840679685898691559e+03 -4.720222583584458675e+02 -3.422857377569090204e+03
4.228082298927646661e+03 -7.971744263030152524e+02 -4.949353244507493400e+03
-1.106636589346215032e+03 -5.795822157484107038e+02 -3.672210303880279753e+03
2.229630531795726256e+01 -6.347488561368568298e+02 -4.113630804209006783e+03
3.105576865175305556e+01 -6.179653041659855717e+02 -4.882154085541402310e+03
-2.655129481423829020e+03 -4.257710030618284236e+02 -3.723384083511246899e+03
5.088695592846942418e+03 -1.103116539108978031e+03 -4.144446065994304263e+03
5.021181647709698268e+02 -7.672198305923275257e+02 -3.820027761572574036e+03
8.008520384246432968e+02 -8.743546026544386223e+02 -3.045755559007158354e+03
-3.035760457281603522e+03 -8.009959099887489629e+02 -4.696576257017140051e+03
-1.944185904578698000e+03 -4.763605781340833119e+02 -3.810855373072753991e+03
-3.394795166748120209e+03 -2.521633947855400947e+03 -7.909177890184529133e+03
-3.163401588053321120e+03 -6.921071104607589177e+02 -4.073655174878357684e+03
3.365972570442475444e+03 -1.375383363415777467e+03 -4.951127770731662167e+03
-7.518984224084695143e+02 -4.052550693730565854e+02 -4.348628425447835070e+03
-1.991458781869189806e+03 -5.110188537097002381e+02 -3.898503014897212324e+03
3.440083445300385392e+03 -1.057006580035731076e+03 -4.503467160995279301e+03
-1.627125345127287801e+03 -4.309872552768964056e+02 -3.817248686878112949e+03
1.427141927671938902e+03 -6.491626987106081970e+01 -5.559104382405506840e+03
7.439558337190047723e+02 -1.034895252201981748e+03 -2.290511044392827444e+03
1.212529863997962593e+03 -2.817463191885531614e+03 -5.893864486232072522e+03
4.247556179624690230e+03 8.552390191865037195e+03 -4.283739735608055526e+03
3.792121789403408457e+03 -2.347985360612533441e+03 -6.871983934150574669e+02
4.102835958549245333e+03 -2.121294747469908998e+03 -4.999425127768220591e+03
5.015019490654685796e+03 -1.732026333739568827e+03 -4.435151396823922369e+03
7.517525789586303517e+02 -1.788523193327442641e+03 -3.175972934430436453e+03
5.247792834777245844e+03 -2.147227322552729674e+03 -2.205931636323096427e+03
-1.050005533015367291e+03 -5.692966238119723812e+02 -3.537150674134555629e+03
-8.113281689342832124e+02 -6.877861761646510104e+02 -3.860534319201860853e+03
-2.242180337181671348e+03 -3.264211318311298328e+03 -5.407697656784785067e+03
-1.999890685217134433e+03 -3.628314345760278457e+02 -3.268731691773856255e+03
4.059431245518663673e+03 -1.677988765226435362e+03 -5.272015120452500923e+03
-1.577719632661796823e+03 -7.393493910227783772e+02 -3.370036512883810246e+03
3.249179477262620139e+02 -5.794969589745492158e+02 -4.142929647657574606e+03
3.025812616004925530e+03 -1.641413065400457981e+03 -5.508235395198074002e+03
-5.452683070827284837e+02 -1.522231804985333099e+02 -6.536421396921789892e+03
-2.274295288107653960e+03 -3.779438515426866161e+02 -3.648407045723289684e+03
-7.628037710152309046e+03 -4.052080354406180504e+03 -1.058843539401629278e+04
-2.000999915183490998e+02 -8.125800730522389586e+02 -4.436439225044261548e+03
-2.970706189210190132e+03 -2.921586984062288593e+03 -4.416080361859123514e+03
-8.149881475731343926e+03 5.547802606188739446e+03 1.277711150196449807e+03
-2.014896969537618133e+03 -2.550604180339358322e+02 -5.651132940666935610e+03
-2.705986601415051155e+03 -5.804457680720433927e+02 -4.376639807923604167e+03
3.589745114834537617e+03 -1.942588811820966157e+03 -5.385328073218886857e+03
-1.424247475574151622e+03 -6.270362774247500965e+02 -3.573823145818463217e+03
-8.314590068600143695e+02 -8.964508607097757249e+02 -3.959741195840817909e+03
-1.091863399504742574e+03 -5.589829907823290114e+02 -3.722969730981943940e+03
-9.491586009382484690e+02 -1.673216488174924166e+02 -5.005829170195414008e+03
3.147772528152605446e+03 -1.745947666658455546e+03 -3.094549961723922024e+03
-7.195809426930080690e+02 -3.259965977942697464e+02 -6.467479998869054725e+03
-1.321748784258626074e+03 -6.801952474494953549e+01 -5.420115288750199397e+03
4.917344099304804331e+03 -2.046946174289652618e+03 -3.187339698672681152e+03
-2.509243531543401787e+03 -3.085335653615906722e+03 -4.499580684400855716e+03
-8.066890196485542219e+01 -8.822162761957172279e+02 -4.567554843753027853e+03
2.818071525034463775e+03 -8.513131223270476085e+02 -5.847251277676436985e+03
6.396438866161386159e+02 -1.342819736010013912e+03 -5.792380303076910423e+03
-2.190311519841932750e+03 -4.239121605493357947e+02 -3.354091161917144746e+03
1.479452030796918280e+03 -1.226368684910487218e+03 -2.366271788253131945e+03
3.705848676455010263e+03 -1.328142626562776059e+03 -5.252230335279693463e+03
-1.010791850734581885e+03 -2.012303173228932565e+02 -4.797829659398576950e+03
-2.404423592713330891e+03 -3.715081974241304010e+02 -4.315928758726159685e+03
-2.342052567755747987e+03 -3.137585557433314989e+02 -5.327739316809655065e+03
-2.696318214274701859e+02 -7.888280074639831128e+02 -4.152870705026327414e+03
-3.963390770319866760e+02 -7.858599945005248628e+02 -3.607954630169765551e+03
-1.827005985300621205e+03 -5.315555386150313097e+02 -3.168052910506263288e+03
-1.179572307677594608e+03 -5.802806446811157457e+02 -4.030734168965978824e+03
-4.310593461227155672e+02 -8.498002277086504819e+02 -4.090271205296453900e+03
-7.934637133131471273e+03 -4.162868315396252910e+03 -8.873636142549947181e+03
3.975221598136720331e+03 -1.998937794727033634e+03 -4.499727794538372109e+03
-1.732990091521583054e+03 -7.162795827107124751e+02 -3.443395472551563216e+03
5.795677478625176263e+03 -2.087118194936819691e+03 -3.100179250986410807e+03
-1.265891394996102690e+03 -4.033779363187931722e+03 -5.445199321214164229e+03
-1.369746712352519808e+03 -3.722787364446525316e+03 -5.235094006714308307e+03
-6.231516992660898495e+02 -5.036226898431182804e+02 -4.039049937230643081e+03
-4.074806451102175515e+02 -6.134653092747510073e+02 -4.590871827310454137e+03
-9.067094222472362617e+02 -1.023137723110340175e+03 -3.680252872793284951e+03
-2.959669885151462495e+03 9.327777317029978803e+03 1.064255595253220690e+03
-6.249222346843266678e+02 -7.054051744928819971e+02 -3.984287819458997546e+03
3.962499106513434413e+02 -9.235389918701507668e+02 -4.330403420336957424e+03
-4.119362843847284239e+02 -9.335578466506733548e+02 -3.714879147482132794e+03
-1.610177745202619235e+03 -7.632124857280887227e+02 -3.509696879504833305e+03
2.103785596892139438e+03 -1.755272356500618798e+03 -6.031089425711956210e+03
-2.128719545468517026e+03 -4.837422025842154198e+02 -3.326899170066062652e+03
-1.310608614647908553e+03 -6.349965153324831135e+02 -3.631280267138587988e+03
5.920382014292735221e+03 -2.144102205522997792e+03 -3.638135260511669003e+03
-1.921742793782932040e+03 -4.788263731807210775e+02 -3.370572944882922911e+03
-1.453541473947664144e+02 -6.742505633125241502e+02 -4.629635881418428653e+03
-1.089544129103084060e+03 -6.239826749731980726e+01 -6.653518752770654828e+03
5.369486820979770528e+03 -1.978952023621749959e+03 -4.319654510405298424e+03
-2.276586670279045393e+03 -3.700355180629330789e+02 -3.220669252632842927e+03
5.534486625697036288e+01 -1.197883665663901866e+03 -6.102825493900501897e+03
6.740112115915178947e+03 -2.510324252077071378e+03 -2.710011991206461516e+03
-1.090748773125332946e+03 -1.861342837591511739e+02 -6.543800410379841196e+03
-2.281618693304589215e+03 -1.775001081923551283e+02 -5.671555018886682774e+03
-2.365571600357768148e+03 -3.288180401747775932e+02 -3.490306141854580346e+03
-1.009174383882418283e+03 -6.307970132074520961e+02 -3.715042669272998864e+03
5.656398992627940970e+03 -2.029385923348968163e+03 -3.511715616087903982e+03
-2.892167270363128750e+02 -1.104056134427798952e+03 -4.299657099084162837e+03
1.785073414092844359e+03 9.550020638697851609e+03 -1.337710482686747127e+03
-8.311951118232398130e+02 -7.694003263088522999e+02 -3.804279030633259936e+03
-4.591528979841434648e+02 -9.020227868738867301e+02 -3.954398587966754349e+03
9.039624647396370847e+02 -1.795849171042096032e+03 -3.791548959035991629e+03
-8.557502553798924509e+02 -8.306495880312354529e+00 -6.696085679188942777e+03
-1.916290711396149845e+03 -1.530856760875948908e+02 -3.746855030192827144e+03
-4.907932019810269821e+02 -1.157258445828223330e+03 -3.960957504695570606e+03
-1.490369847711098828e+03 -6.785355217858534616e+01 -6.113902803682953163e+03
-1.096846276569183829e+03 -8.289819311867478291e+01 -6.527120290081497842e+03
-7.768836498210359878e+02 -8.105503413069824319e+02 -4.019384722494256039e+03
-8.285177665278285986e+02 -1.017425759955360832e+03 -3.879375900181858015e+03
-2.326657067003922293e+03 5.379750739478680543e+01 -5.582076390435099711e+03
-2.138341791967916834e+03 -3.667111749149466391e+02 -3.866937155822287878e+03
-1.858016465925186367e+03 -3.571375884382731783e+03 -5.131980190275995483e+03
-1.117267150911734234e+03 -4.668563890608685938e+02 -3.321655599351064211e+03
-2.038055508764113711e+03 -5.483147574584074846e+01 -5.970092142052222698e+03
2.698966546033745090e+03 -1.608744203162380018e+03 -5.771613638046108463e+03
-7.099069690698563591e+02 -1.121712668812769380e+03 -6.318963206345260915e+03
2.292113087239556990e+03 -1.804108111004253260e+03 -5.949027870146708665e+03
3.263550668622942339e+03 -1.966439211169957844e+03 -5.447533095180558121e+03
-4.891109915325569091e+02 -2.899340004554502457e+02 -6.591860422814525009e+03
-1.185269559776568713e+03 -7.152631887125514822e+02 -3.659467983413959246e+03
8.910329746843830208e+02 -1.797693854061315506e+03 -4.025836606442836910e+03
-2.235156298685395541e+03 2.571887243182634847e+03 -2.644175777382197793e+03
-8.468287992094570882e+01 -1.793148881284852791e+02 -5.694173605524521918e+03
-1.320245763216360729e+03 -4.587902200672721733e+02 -6.088863638822824214e+03
-7.401389653328053555e+02 -8.248492957888747696e+02 -4.466990957853149666e+03
-1.440140322764414123e+03 -6.338270540409096157e+02 -6.175714955471183202e+03
-1.268811310451325653e+03 -4.589435903725912453e+02 -6.086289794915447601e+03
-9.432658035299047015e+02 -6.543422054585390697e+02 -5.631548982668325152e+03
-5.631253519112534605e+02 -9.387180335206392101e+02 -3.625456482056252298e+03
2.369724037919051170e+03 -8.949449882341357352e+02 -6.460371413724614285e+03
-6.967291966565843495e+02 -5.656138803795897729e+02 -4.181942813350577126e+03
-7.863683437954762212e+02 -4.486816001481724356e+02 -4.605498895892876135e+03
7.186075400224600571e+02 -1.999291900254077063e+03 -5.005710602065361854e+03
-4.879483378068599677e+02 -8.610745262103692994e+02 -4.181639285922725321e+03
-7.653978442793661543e+02 -4.632758760041630808e+02 -3.965911351394976919e+03
-7.886023091392225979e+02 -3.943589739765161539e+02 -8.915347190298525675e+03
-6.320619593799706308e+02 -5.219187815498387408e+02 -5.528050780850350748e+03
7.072359560788113413e+02 -6.503445574304967067e+02 -3.456581244600944046e+03
-1.727078813101500714e+02 -9.684960855676167739e+02 -4.318931941223773720e+03
2.430548928335899291e+03 -2.401900720564125550e+03 -6.827309447985940096e+03
-6.633568214853845348e+03 5.899376811362242279e+02 -1.354634963487020832e+04
-7.394943580586381131e+02 -6.057840426483420515e+02 -4.592223452392454419e+03
-4.012424406829723580e+02 -9.057266268031966092e+02 -3.693032515776441869e+03
-8.232591353834856136e+02 -3.782792143865162870e+02 -4.907885938369045107e+03
-8.694931344961077002e+02 -7.577076064395123467e+02 -3.884740860329279712e+03
-7.367384516874816427e+02 -5.683008219966908428e+02 -3.937698489737572345e+03
-1.501526863790280231e+03 -7.854467255983438463e+02 -3.483967080750732748e+03
6.878715631361840224e+02 -3.923688289731599525e+03 -7.178109101261811702e+03
-1.483181789002127061e+03 -4.294917801628817529e+02 -6.152365506038910098e+03
1.060670721958283593e+03 -3.638837050706840728e+02 -4.372049569598718335e+03
6.658596149834431799e+02 -4.228155654421897793e+02 -4.092615680513772531e+03
9.261977837591479101e+01 -4.235711005000005116e+02 -5.940311620544715879e+03
3.154539169057733034e+03 -1.864973384462438162e+03 -5.681455567014465487e+03
-1.674488727084506536e+03 -7.331686711934183904e+02 -3.208629593387463046e+03
3.331688172295439472e+02 -7.350912251850602388e+02 -3.442966179193122116e+03
-7.669919679253587219e+02 -6.552568093463175956e+02 -4.901057356609693670e+03
-6.935378050155057963e+02 -4.793578413570720613e+02 -4.294761821771089672e+03
-8.008850876909921226e+02 -1.249691255729869681e+03 -1.068834909489161873e+04
1.205493320360672897e+03 -2.326722758257376881e+03 -4.015463932858876888e+03
-4.294991372136294103e+02 -1.972351180419447246e+03 -1.204136567109537464e+04
-7.421790411814881736e+02 -7.728835628268305982e+02 -4.322093823379665992e+03
-7.931847369416011588e+02 -3.974972441905888445e+02 -4.931606146772025568e+03
-5.459202763609376916e+02 -1.022818258565034057e+03 -3.539800245972672656e+03
-1.142643647475835678e+03 -5.339798830983863809e+02 -6.473869730004326811e+03
-7.240076835628669869e+02 -6.619369590329890798e+02 -4.005638573632101725e+03
-4.595407362789325134e+02 -8.095708238570605317e+02 -3.490965705980865096e+03
-2.821090188286312923e+02 -1.068142552349482685e+03 -4.292633723110424398e+03
8.634932625786780136e+02 -8.121275351801409670e+02 -1.519453330889760764e+03
-1.132052317006455951e+03 -3.283532065990625028e+02 -6.028281957279355083e+03
-3.473365170252670850e+02 -7.742630089391518595e+02 -3.753120143902278869e+03
-9.870625190444063719e+02 -6.706485397238750465e+02 -5.481693493646041134e+03
7.207049252921102607e+02 -1.652009553829087054e+03 -3.899419098166989897e+03
2.301439481852146400e+03 -2.825458646365689674e+03 -4.699945024856177042e+03
-1.542766428667882508e+02 -8.350571507517935288e+02 -3.846898458586698325e+03
7.561086874140589771e+02 -8.147145240575564458e+02 -5.468423837707742678e+03
-1.911677172134797956e+03 -7.048184891830699144e+02 -3.277619418946772385e+03
-3.724497345680769286e+03 7.205306780063450788e+03 -9.738864664745880873e+03
-7.437141997743717639e+02 -7.636448354035517241e+02 -3.758121795458546330e+03
-4.588100190748691602e+03 -4.074148948360152190e+03 -1.396786743550958818e+03
-3.421836825235522497e+02 -4.143272759753000400e+02 -6.158443056365609664e+03
-1.107884984632274382e+03 -6.188641610225485010e+02 -4.123661833533741628e+03
-1.434004998962849868e+03 -3.703839204115437838e+02 -5.902108843572277692e+03
-5.958669241300124213e+02 -8.777020225320869713e+02 -3.743797790117921068e+03
-7.038292015636197902e+02 -5.476664090746509146e+02 -4.000931847515937079e+03
-8.173851178578983081e+02 -2.902542250548452216e+02 -5.222994532714658817e+03
-7.688234000927138823e+02 -4.551443699800017271e+02 -4.032139093451410190e+03
-5.350099575439531691e+03 -4.534014936847844183e+03 -1.100558777884381243e+03
1.854795614965329378e+03 -4.012664579575220159e+03 -7.996954891730361851e+03
-1.193554680275302871e+03 -4.376729870281415060e+02 -5.722253289452534773e+03
-1.817503885873838499e+03 -7.871610694567658584e+02 -3.240346180515755350e+03
-7.956269096958205864e+02 -4.980003722736951772e+02 -5.042445783767489957e+03
-1.233458994834240002e+03 -5.617657431245306725e+02 -5.961481084106218077e+03
1.923956980715184500e+03 -3.588237615413821459e+03 -9.386996469264417101e+03
-1.468859367174235331e+03 -4.466573508744959895e+02 -5.919157032077330769e+03
-9.920552541119791385e+02 -6.622276294737481521e+02 -5.531819897511200907e+03
-6.958277187459755169e+02 -6.503180361826449598e+02 -3.911771166829372305e+03
-8.981246607860159656e+02 -5.383909480890339410e+02 -5.325844046905923278e+03
-1.225808428815630123e+03 -5.864139773154397517e+02 -4.010126273437093914e+03
-4.850898141562291130e+03 7.967235599240396368e+03 -8.724958180768997408e+03
-8.514044109118713095e+02 -1.637510326605571436e+02 -5.320406881450041510e+03
-1.232295100337955091e+03 -6.560354004000141686e+02 -6.127581512376178580e+03
-1.093680855721738453e+03 -5.572821739415837783e+02 -6.347559793440786052e+03
-1.621156752941344621e+02 -7.627517553289467287e+02 -5.101417527445684755e+03
-1.537964041225980509e+03 -6.538576765620036895e+02 -3.158595157399701748e+03
-8.835234468907572136e+02 -6.926909910261782670e+02 -4.045591103510640096e+03
6.591630129663399202e+02 -4.332031242577307921e+02 -4.805524849274615917e+03
1.526735102890154849e+03 -3.342722685812781492e+03 -1.623128128055928573e+04
-7.936925418411434521e+02 -4.226972037824268114e+02 -3.947390842873930978e+03
-6.303792347387441168e+02 -7.622289793809941330e+02 -3.987449698338735288e+03
-1.558059485737923296e+03 -2.980234088496477511e+02 -6.111955640124187084e+03
-9.044905832851893592e+02 -2.253956588195925406e+02 -5.777651253180313688e+03
1.939021769618701683e+02 -9.379993096303314815e+02 -3.456443626216465873e+03
-9.242236669775113569e+02 -6.366086181646697923e+02 -5.369690829041272082e+03
3.100890661383199358e+02 -5.114434258608465598e+02 -4.103186303607827540e+03
-8.258973562032143718e+02 -5.439051699414867471e+02 -5.112435579653332752e+03
-9.654761696504992869e+02 -1.429668175317099212e+02 -5.726124372364004557e+03
-1.413747216099210618e+03 -5.654035824691004564e+02 -5.984032388225791692e+03
-6.332958939638826905e+02 -5.262857598030539066e+02 -4.692853778404445620e+03
1.281305173087798721e+03 -3.526978111433385948e+03 -1.465024986988743149e+04
-8.923158981587420158e+02 -6.310546985170637981e+02 -3.878077864967162895e+03
