-2.197228117093101901e+04 -6.488802229921756407e+03 -3.416042062742065355e+03
1.265753579330960520e+03 1.986469362242054103e+03 -5.350705821502931030e+03
-1.288445147873657788e+03 -9.531354708089151018e+02 -5.845219191641364887e+03
-1.526967837377017349e+04 -1.817890514183149207e+03 -5.161672700332389468e+03
-3.172273967532849838e+03 8.165447949718952714e+01 -5.789165755760607681e+03
1.960741012804522143e+03 4.106737004309959957e+03 -4.371854992796923398e+03
-1.919071810931735672e+04 -4.035187194664596518e+03 -5.523183680465981524e+03
-1.801478405310143353e+04 -4.727519289493698125e+03 -5.277764996491959209e+03
7.063785490868062880e+02 -2.741741016132209552e+03 -5.340094258696705765e+03
-1.028934901943457589e+03 -1.054904254368101647e+03 -5.316864314371237924e+03
-2.088346286153799520e+04 -6.698317716587847826e+03 -4.569082764165524168e+03
1.292471876348311980e+03 2.013087967278902624e+03 -5.299605631907713359e+03
4.600836365657578426e+02 1.368844166815140397e+03 -5.336841435361032381e+03
9.359196896861933510e+02 2.141999674922860322e+03 -5.179733656689603777e+03
1.533001398768539275e+03 -2.796252673196393971e+03 -5.643037137147459362e+03
1.500341153510878030e+03 -4.198303649270454116e+03 -4.203926632603690450e+03
1.673156905187448501e+03 2.580667566685499878e+03 -5.273360211807779706e+03
1.664064028654730919e+03 -3.059810016499808626e+03 -5.222392678506686934e+03
-9.591209065133342619e+02 -8.796200237956587671e+02 -5.474828378029396845e+03
-3.658632161797835579e+03 5.141169775240285162e+03 -5.361867128453560326e+03
-5.745712931716805087e+02 -2.436473648695309748e+02 -5.881692251117034175e+03
-5.539632270298582171e+02 -1.358250190303243244e+03 -5.659853117837203172e+03
1.970791302940893047e+03 -3.366610482437998144e+03 -5.394349014224018902e+03
-2.524780112062985609e+03 3.625760544865717634e+02 -5.954788145059439557e+03
-1.489526972118389131e+04 -3.392249891228700108e+03 -4.044619236961639672e+03
6.759958445930898279e+02 2.218793551505164032e+03 -5.106937748154971814e+03
6.843016722636701843e+01 1.123002031637570781e+03 -5.543192284730889696e+03
-2.271975149107558536e+04 -7.778538563906240597e+03 -4.031515009609112894e+03
7.691103508949938714e+02 -1.876446177000879516e+03 -5.133547959325231204e+03
-2.062082545134652537e+04 -6.341156486988261349e+03 -5.173190678441070304e+03
-2.251697925716222744e+04 -8.753857902275101878e+03 -4.160682870946198818e+03
-1.117503882055922440e+04 3.031956322799172540e+03 -5.274155378350182218e+03
1.655848664808622516e+03 -3.532426968604805097e+03 -5.238033403996346351e+03
-1.969795816968175131e+04 2.012443867825214511e+03 -5.675876656706378526e+03
2.109786698654031625e+02 -1.493982720785731772e+03 -5.121820073691429570e+03
-2.529540521236868358e+02 -7.530792638343657472e+02 -4.698450449125504747e+03
2.189638215405655501e+03 -3.440146591227270164e+03 -5.579919860298621643e+03
2.068739100800322376e+03 -3.068241348988178288e+03 -1.810348974947153238e+03
1.618627836769815076e+02 2.736149338464947505e+03 -5.098306891107745287e+03
-1.531822340632545547e+03 -5.164273098851225541e+01 -6.026532933490540927e+03
-1.891063373953005566e+03 2.357960386170318088e+03 -4.734907385230894761e+03
1.957216117285893233e+03 -3.017840367875022366e+03 -5.108192527043574046e+03
3.610245674689463158e+03 -3.431641846368641563e+04 -1.859062533894881881e+03
-3.796719800084426311e+02 -3.436348689334348364e+03 -6.326954269473277236e+03
-1.490922357950843616e+04 -2.027937981784812337e+03 -5.350777307541850860e+03
-3.043815491716275574e+03 -2.207961398693947558e+03 -2.507415463518982506e+03
-2.229852245686218157e+04 -7.313718218791361323e+03 -4.116242845691715047e+03
1.916781538154447617e+03 -3.385471209038999405e+03 -5.203621039012112305e+03
-3.841096412222079380e+03 9.678114803346499002e+02 -6.276953854304381821e+03
-2.152533863544051655e+03 1.075138192210716397e+03 -5.386760996366622749e+03
1.254647025630321650e+03 -3.381180393333884695e+03 -5.378389799275772930e+03
-8.695240004950186631e+03 6.056523042670097311e+03 -5.679318946114011851e+03
3.600275598038641647e+02 1.138259207658789819e+03 -4.974619783011844447e+03
-4.216797906509439599e+03 2.037608818052524157e+03 -7.277148597171411893e+03
1.289836503872639469e+03 1.969426881265157363e+03 -5.365825429428771713e+03
1.316842232373861862e+03 -3.368787532685633323e+03 -5.443599409368911438e+03
-2.706286638740120543e+04 -8.686374790414685776e+03 -5.413455270686418771e+03
1.155847815595445809e+03 1.823530795655361771e+03 -5.351072481978897486e+03
9.031211677018111459e+02 2.085226648952059804e+03 -5.176227512288671278e+03
-1.858981919784002457e+03 1.570312557882736883e+03 -6.471525184656697093e+03
-2.223511521015980634e+03 -5.146359127670536964e+02 -5.612608482242434548e+03
-2.973974684172110301e+02 2.722740569068501827e+03 -5.008067407622311293e+03
-2.729157998617627982e+03 2.516282202003770180e+03 -5.356783689522856548e+03
-1.998197043070160362e+03 -6.101480071258381486e+02 -5.503333320386475862e+03
1.422895616997902380e+03 -3.071548083608283832e+03 -5.359873456937875744e+03
-1.148000390388415872e+04 7.279058094416459426e+03 -2.678648955597471740e+03
4.446415199268004699e+02 1.853841424978703344e+03 -5.242610272946041732e+03
4.341626914617326065e+02 1.785593069685618275e+03 -5.014330278289522539e+03
-1.648870027826486421e+03 3.966859735035005201e+02 -4.880286695732741464e+03
1.916800092074976874e+03 3.727452135423508480e+03 -4.884406877945511951e+03
-4.910551048299145123e+02 -3.224270496086656749e+03 -2.381305026179906690e+03
-3.719402267605511838e+02 -2.093933776872677754e+03 -5.487208278169011464e+03
-2.235553690704055043e+04 -8.057392721741196510e+03 -4.467506565777920514e+03
-2.240372934784093104e+03 3.105263146194273531e+02 -5.665701390762800656e+03
-1.175988951865334911e+03 -1.364863223063998703e+03 -4.381409857722895140e+03
6.411650006700803033e+02 2.138877052971976354e+03 -5.219216244024315529e+03
1.571138794680249703e+03 2.470548565134633009e+03 -5.204730807702141647e+03
-2.029278764757059616e+04 -6.604319809506388083e+03 -4.621447004433965049e+03
-1.429367047240282545e+03 4.421537556999834351e+02 -6.028339818296783960e+03
-4.625927761502513249e+02 5.560708335433093907e+02 -5.756539910839876029e+03
-1.213022209259373813e+04 -8.491145896390455619e+02 -5.528401146618192797e+03
-6.354590201903486104e+02 -3.849876747241670273e+03 -6.097985717824141830e+03
-6.434530265726641574e+02 -4.539246100097051908e+02 -5.141169465493955613e+03
-7.409270016442144424e+02 1.814495263855575331e+03 -6.905391939741954047e+03
4.826539990190979097e+02 -2.472117356473706877e+03 -5.403252748230216639e+03
-8.578083582927858515e+03 1.701282719912815310e+03 -5.704656494758994086e+03
-1.594384996246754326e+03 1.924398794631730425e+02 -4.032931928353605599e+03
-1.720422834709977224e+03 2.556954560366498299e+02 -5.806032206310715992e+03
-4.292388806961508863e+02 2.256314225666911625e+03 -5.397575539771318290e+03
-3.557442079185928378e+03 1.680124872032712119e+03 -4.641573987581827168e+03
-2.037316346921403465e+03 -8.325565449509375640e+02 -3.113826402723494994e+03
4.626916692915451677e+02 2.987243505826823366e+03 -5.074435163186349200e+03
8.644698963187065601e+02 1.736804797703574422e+03 -5.301619034085554631e+03
-2.621111623275995953e+03 6.925964989955897408e+02 -5.584532272835822369e+03
-1.851388887671241264e+03 4.720916538746950550e+02 -5.400422268315262045e+03
-1.560413273052918612e+03 -1.961469609831408661e+03 -3.281492700196054102e+03
7.658515945933253306e+02 2.189414965902918539e+03 -5.129535273911366858e+03
1.037574961260946566e+03 1.846461969062094795e+03 -5.321200383330512523e+03
4.260983406179424264e+02 1.719346517655312255e+03 -5.016818066192450715e+03
9.975408399343784822e+02 2.109989422089643085e+03 -5.196862711319241498e+03
-1.581670055288447656e+03 2.824626273103959647e+03 -7.597034081201134541e+03
-1.392970383231607684e+03 8.947627644350181072e+03 -3.647915728848689014e+03
2.136643262277124791e+02 1.468398880223477136e+03 -5.456989533176554687e+03
-1.175608665817340807e+03 2.462638040606942923e+03 -7.816930905582786181e+03
-1.540205794776795301e+04 -2.920682331537888786e+03 -5.575916574211657462e+03
1.377462416899111531e+03 1.492939097856106628e+03 -3.301329104990888027e+03
-2.551845180200512914e+03 -1.199878551666188741e+03 -8.183249138714713808e+03
1.305618162810419108e+03 3.590401892052313087e+03 -4.499477630202699402e+03
1.436638988294677119e+02 1.452507829400779883e+03 -5.527601979276415477e+03
-1.208198847354837199e+04 -1.441276809312682781e+04 -1.124566658908786849e+04
2.578904066658612919e+02 1.912026723370151558e+03 -5.427964864421841412e+03
1.965360891034356428e+01 1.779977964615742621e+03 -5.392573587191939623e+03
-3.065272070904895827e+03 7.017974840801775827e+02 -8.440827558193739605e+03
5.309255855632923158e+02 1.911828320932556380e+03 -5.399748151278459773e+03
2.216616581213972381e+02 1.569302143908523703e+03 -5.376620890763424541e+03
2.630683719544147607e+03 1.367341961476080314e+03 -4.993471266608911719e+03
-1.411028424944453945e+03 2.650182913196497793e+03 -6.090192399976187517e+03
1.795055760216683439e+03 3.461680308949330993e+03 -4.795763133584267962e+03
-9.284679585787035876e+02 -2.828264193380694451e+03 -6.867150450778044615e+03
-1.795973314187042433e+03 1.105451959641907706e+03 -3.363642064719922473e+03
-1.646066645182730099e+03 2.479083634068264018e+03 -4.740155170752635058e+03
-7.529876145515853523e+02 2.932865658960854489e+02 -5.428904191353761234e+03
2.326595686048779044e+01 1.692639143931032777e+03 -5.446858080573788357e+03
-4.794435571504087420e+03 1.202914322210069713e+03 -5.773667833405893361e+03
2.010805542865123698e+03 -3.114201166979938989e+03 -5.774113400568501675e+03
-2.491266434352908163e+03 -5.686176979897703632e+02 -7.518084810892995847e+03
2.974577059599757831e+02 2.288948054469661201e+03 -3.252110623796381788e+03
3.002530861327254570e+02 -2.474521736961192801e+03 -5.596987507557259050e+03
7.121529877886583790e+02 -4.729255525678552658e+03 -4.755617376588959814e+03
-1.270160115610377716e+03 -4.180277461997642376e+02 -5.397370165612186611e+03
-1.371648227255409211e+03 3.090897498771154460e+03 -6.509594380446766081e+03
-2.508962053662606650e+03 1.548325156649542578e+03 -4.261355674670274311e+03
-1.186779995840700030e+04 -3.688702157518155218e+02 -5.476521290625006259e+03
-8.274928929736255668e+03 -5.132607011043933198e+03 -5.223335154344590592e+03
1.523825322301617689e+03 2.518885990116654284e+03 -5.197428559375300210e+03
-1.985119659292419101e+03 -3.576418986839357785e+03 -3.995471371553265726e+03
6.488679188107284972e+02 1.984769488501939122e+03 -5.329031023651685246e+03
-1.347411821078253706e+04 2.750260202848819063e+03 -6.018668871003022105e+03
6.467198108024281282e+02 2.023483657761692257e+03 -5.313215909746384568e+03
-2.559512292328733110e+03 8.141272232016783619e+02 -4.125048671506489882e+03
-1.511889162411491043e+03 6.144568511936195137e+02 -6.717556800353218932e+03
1.781750368435511518e+03 2.462885828055193997e+03 -5.264689839246871088e+03
-2.006076829736717855e+03 -1.802537326067645154e+03 -6.549707785688007789e+03
7.969823073104319064e+02 1.389999260662506913e+03 -6.471598570897339414e+03
-9.385181299318250240e+03 2.308653659600103083e+02 -5.585471086873931199e+03
-4.938500084645544121e+03 3.106643464018507075e+03 -3.735399347494397716e+03
-2.922705456184864488e+03 -1.710187399735333997e+02 -4.520357843316653089e+03
-1.341277189198114684e+04 -7.506810826300671579e+03 -7.150284542806176432e+03
3.600400162156287251e+02 3.989161472723636507e+03 -5.120590448790616392e+03
-6.222531752783390857e+01 1.599628265459523391e+03 -5.342599132781012486e+03
-3.657952199532891768e+02 1.012619043267525512e+03 -5.428963280995699279e+03
-9.963617485914596728e+00 -1.360644684327749474e+03 -4.814899517440501768e+03
-1.152097596568273184e+04 -1.154814138512754653e+03 -4.510939947693439535e+03
-1.011248625605137568e+04 1.042632172734943560e+04 -1.887729594426780068e+03
-3.947125752444955651e+03 9.542393861081336581e+03 -3.801660317068730365e+03
1.456727359837527047e+03 2.806682142213595853e+03 -5.077809626767999362e+03
-3.797631809959164457e+03 7.069951220178422773e+02 -3.990834211880423481e+03
1.854781905095336469e+02 1.870029009494113097e+03 -5.422703447374978168e+03
1.682974123010347967e+02 1.539594621837821705e+03 -5.447462201920294319e+03
1.378704275595527179e+03 -2.839443842163767386e+03 -5.080991388577486759e+03
1.117961534075143533e+02 -1.577993550242998936e+03 -5.616089256574225146e+03
2.019405315282581796e+03 2.487041024214959634e+03 -4.840232856085410276e+03
-4.375958644724090846e+03 2.384648600725891356e+03 -5.976995733601028405e+03
6.016084472653398052e+02 2.035383957139757058e+03 -5.287714655207003489e+03
5.735354366422670864e+02 1.890100265468297948e+03 -5.086394686606784489e+03
-1.338452955098653911e+04 -6.079108788885340800e+03 -4.419196755237103389e+03
9.139651145234388423e+02 5.059434301726254489e+03 -4.366630487459940014e+03
-1.186942532182004288e+04 -4.149490008281821247e+03 -6.899982063040733919e+03
1.524396922381553168e+03 -3.153887079079746854e+03 -5.114136541898413270e+03
-2.278375181846452051e+03 1.986988957536503904e+03 -8.167535818067656692e+03
-5.279045987582489943e+03 8.595488595748607622e+03 -4.158170084340061294e+03
1.284578746921889433e+03 2.274945583062107744e+03 -5.292630965249956716e+03
1.749696155493915285e+03 2.902562722800694246e+03 -2.364603374358261135e+03
6.400518017058036548e+02 1.818766292596365020e+03 -5.300214365593526963e+03
-2.668030797252014963e+03 8.445310743266218196e+02 -4.297476995339608038e+03
-2.473255562597557855e+03 1.987715087688650328e+01 -3.903406652134510296e+03
-4.564422040908158351e+01 1.587438937258179521e+03 -5.371240477408840889e+03
-1.485246878920452218e+04 -1.212072345205957754e+04 -7.762528136557329162e+03
-2.959831380960562001e+03 -5.353774455888452621e+02 -7.600914875148019746e+03
-1.118370315701654545e+04 -1.047880098870923575e+04 -7.797199800781840167e+03
-1.315659007137087065e+04 -3.218677098085375292e+03 -5.926708181067883743e+03
-1.035396726112737724e+03 -1.643945721133334246e+02 -5.552286470102008025e+03
-3.997373334930924557e+03 2.111051038707480075e+03 -4.431156931347780301e+03
-1.590220244781843348e+03 1.925015753436895238e+03 -3.443791590074291435e+03
-1.468197078340474036e+03 -9.725379078457040123e+02 -5.848410161104596227e+03
-5.935694860190998952e+03 7.641554732324713768e+03 -4.399811350244046480e+03
-1.238002918182237045e+04 3.792642337452420179e+03 -5.783472187123035837e+03
-1.513312056759185907e+03 1.298957838939955082e+03 -4.473642172280087834e+03
-8.764054036029774579e+02 -1.373050284623370771e+02 -5.599522738476999621e+03
-2.719362442586488214e+03 4.840276665284935916e+03 -5.012987193273371304e+03
-1.053011786916012352e+04 5.196391964232285318e+03 -5.655711470184437530e+03
6.372361838715590920e+02 2.001811418072926699e+03 -5.344304111067315716e+03
-2.453116827234077846e+01 1.705148600508960953e+03 -5.356683941291241354e+03
3.499657666917037773e+02 1.530908455827778198e+03 -5.290065699158963071e+03
-2.470018199364423708e+03 6.085394160958312568e+02 -6.363084125195708111e+03
-1.358100923024024269e+03 -6.847128863753406449e+02 -5.442782242698738628e+03
1.129978233793600339e+03 3.006284724368400020e+03 -4.240557553622928936e+03
-1.307615253828067216e+04 -1.047220868685323512e+04 -7.983897599654267651e+03
4.637214730577989030e+01 1.827277897624363504e+03 -5.296928463166093024e+03
-2.819401341300265358e+03 -3.565701519343675727e+02 -7.237461027352199380e+03
-1.887424414498875421e+03 1.062600954110592738e+03 -3.423965029316917480e+03
-4.134652848102601865e+02 -1.455913863534625079e+03 -5.033868003776426121e+03
-1.794537108372448529e+03 2.276786982294879635e+02 -6.161953073435454826e+03
-4.958644067462468229e+03 2.298429533674205686e+03 -7.343676705781230339e+03
3.812348263611771131e+02 1.919645320382450791e+03 -5.274403526606268315e+03
-7.833930483938975158e+02 -1.967182885139155815e+03 -5.527101708562045133e+03
-1.125346790117110231e+03 7.008427531109271058e+02 -2.677109388275500805e+03
-2.047237860075233357e+03 1.032821398857688564e+03 -3.710931645231496987e+03
7.055834197789010886e+01 1.577860547769018467e+03 -5.380299685306752508e+03
8.262335479645332725e+01 -2.258896341263508020e+03 -6.284949593368097339e+03
-1.974024049164502912e+03 5.169123964771256396e+02 -6.687053812984926481e+03
-2.436058087330253329e+03 -6.544578041503643817e+02 -5.599934287777057762e+03
-8.801992735938930537e+02 1.854956508463256114e+03 -4.644619184497455535e+03
-4.371741094738653715e+02 1.667678736054237788e+03 -5.230216180086875283e+03
-2.146009113110597355e+03 4.372621157292880980e+02 -4.663442054353810818e+03
2.011743732633853767e+02 -1.573582064415082186e+03 -5.608349091785111341e+03
-3.406186608894826350e+03 2.380978286541502257e+03 -8.331620964718065807e+03
-2.084377489448900633e+03 6.349824648916171554e+02 -6.741017334403751192e+03
-2.978740197715124850e+03 1.256130526171653401e+03 -6.384400989833496169e+03
4.390700142041697518e+01 -1.556385227799598397e+03 -5.693906544826867503e+03
-4.341626953179231350e+03 2.887384350662853649e+03 -7.826512359071120954e+03
-2.400157775430594029e+03 9.588349056098785468e+02 -6.098620138264503112e+03
-1.343111047367267929e+03 1.823149643859600815e+02 -6.225457465345333731e+03
-4.210598292953678538e+03 1.946958946467701935e+03 -8.059528531231482702e+03
6.167171901307987355e+03 -1.684975421820655583e+01 -7.021137525609633485e+03
-3.273764620577541336e+03 1.434894177761157152e+03 -4.233719973051115630e+03
-1.214123256073749417e+03 9.518722388180191274e+02 -5.745037003064142482e+03
-8.033805995989921485e+02 -1.563732705046592400e+03 -5.144187770703380011e+03
-2.669409797887503009e+04 -1.784971370931526280e+03 -4.735793441182746392e+03
-1.487663048967455325e+03 4.591869954019549027e+02 -6.491081205308541939e+03
-4.381667966497423549e+03 2.164074108161537424e+03 -7.392044836966440926e+03
-5.672130079804785964e+03 2.575734172550480253e+03 -6.730320016244164435e+03
-2.467036829720043897e+03 2.628043820204210306e+02 -6.653829098549138507e+03
-5.109293198250700698e+03 2.259299631362157925e+03 -4.863383392578509302e+03
-1.885648485794891712e+03 1.524216355102918897e+03 -5.430118802877324015e+03
-1.470872647848975248e+03 -7.127598725770246801e+02 -5.702609950754400415e+03
-2.377089338515364489e+03 -1.226374030274414736e+03 -5.779263006363954446e+03
-5.471282697264836088e+02 -1.644760265781814269e+03 -6.418483811271252307e+03
-1.697505369726287881e+03 1.320335686123585219e+03 -4.822320060430906778e+03
-4.768613783364524352e+03 1.869956166907331863e+03 -6.205551320159156603e+03
-4.881342435421797745e+03 1.600066272352196393e+03 -6.143210125272777077e+03
-2.946487900865970005e+03 3.147473416513933898e+03 -3.928905518488637881e+03
-8.287517560535470693e+02 -1.501511163186983140e+03 -5.806638745031263170e+03
2.148570321228387911e+03 1.557443043399154340e+04 -5.870502708959060328e+03
-2.464597589973832328e+03 1.752881136213805803e+03 -3.967444119698690429e+03
-1.283569695499507588e+03 5.344106193610405171e+02 -6.968873502700722383e+03
-1.030749592872467474e+03 -1.457257413971790356e+03 -5.155284679389951634e+03
-1.018539009058586203e+03 1.811638655409574767e+03 -3.897650736903338839e+03
-1.104828500298443032e+03 2.253945891733735152e+03 -6.787599013471875878e+03
-1.185853545382719176e+03 8.332534699945854300e+02 -6.451885077764825837e+03
-2.500480548319715126e+03 -1.094801166501677471e+03 -5.926677155403322104e+03
-3.599068935714788040e+03 2.720206248097255411e+03 -8.544617897872691174e+03
-9.270055718857338434e+02 4.629973375873524901e+02 -6.975969318491111153e+03
1.663017073456993558e+02 -2.706594335448520496e+02 -6.188869357879065319e+03
-1.637820104586023717e+03 -9.962591225503308578e+01 -4.718247654961269291e+03
-1.480056426568344250e+03 2.891907323416117833e+03 -4.872386099761488367e+03
-1.915986088405111332e+03 -3.928475266373717204e+03 -3.704539243268681275e+03
-2.508855747101786619e+03 4.236190559932008455e+02 -6.109667243174260875e+03
-1.468470991563837515e+03 1.244977756646946091e+03 -5.514359649230500509e+03
5.947641683344277226e+02 1.898835499240388799e+03 -5.425364720490173568e+03
-5.792050973647795900e+02 1.615727412356189234e+03 -5.207771239907191557e+03
-3.576349010607442779e+03 1.940846513641030015e+03 -5.099010516636620196e+03
-2.931788813625671082e+03 5.066891239534822944e+02 -6.886984762930326724e+03
1.543327723969081944e+03 2.940705353938805729e+03 -4.842464311761242243e+03
-3.612510708118056186e+02 2.789725590297703548e+03 -4.510164682069103947e+03
-5.487135004777859649e+03 1.510631648559367932e+03 -3.569252101576729729e+03
-2.521843074740148950e+03 6.782864962834244125e+02 -5.679973276985715529e+03
-2.402764955070365431e+03 4.590056162852231978e+02 -5.648822373689622509e+03
7.641668402394170698e+02 -1.874521751662115093e+03 -4.477420190233057838e+03
-1.077451514444181157e+03 4.986375414259993022e+01 -6.143025905952861649e+03
-3.497309425368976008e+03 2.215621826570660687e+03 -4.319355132729911929e+03
-3.259503134079176107e+03 -1.744834083562994419e+04 1.935763312195675780e+03
-3.885488366500473603e+03 3.635833286457062059e+03 -7.769459253711485871e+03
-3.712312118370206917e+03 2.666418779930600067e+03 -3.226393999477832949e+03
3.171784825615238788e+02 -1.101586471126413471e+03 -5.239468387302996234e+03
-5.169510126089580808e+03 2.193055623999218824e+03 -6.788461161672114031e+03
-2.086898600455099768e+03 1.105590134619616947e+03 -6.020352463720019841e+03
-2.729561318446604218e+03 1.924212350701792730e+03 -4.963279828678128069e+03
-5.888466305464585275e+02 2.578312635303319666e+02 -5.227491491150371075e+03
-2.379297134633205587e+03 9.400219615681029381e+02 -3.601523309895558668e+03
-2.058913816899774702e+03 -9.160739452044114159e+02 -5.614329037420491659e+03
-1.135315000646095996e+03 -1.286823241771533958e+03 -5.461794106545730756e+03
1.344498690966322556e+03 2.548308576361943324e+03 -5.007681267617782396e+03
-4.920866128848498192e+03 1.885672181167435156e+03 -6.967662471616127732e+03
-8.849832037031862910e+02 1.629705972288698206e+02 -6.210961751505118627e+03
-1.708747901502399600e+03 -1.063018360499659138e+02 -6.242868183539082565e+03
-1.852500640559008502e+02 -2.756348575969681406e+03 -5.237021884454411520e+03
-1.633982813041592817e+04 4.429728661000963257e+03 -1.754970588368908238e+03
-1.323129598188237651e+03 1.794964382623386882e+03 -4.350483526005329622e+03
8.201415527791326667e+02 -1.502478749894521798e+03 -4.799724360878298285e+03
1.645344821207860150e+03 -2.235718277647560626e+03 -6.408178491904332986e+03
-2.760547756759623098e+03 1.066357968426554407e+03 -6.271755086884863886e+03
-1.588966176848850864e+03 5.848833998540133052e+02 -6.655464051028377980e+03
-2.200610161357796187e+03 1.578872880475453258e+02 -6.879388953392944131e+03
-4.452281794345247363e+03 2.472800097898185868e+03 -4.296069753757321450e+03
1.366926738767679126e+03 -4.167895738447079566e+03 -5.609374786988943015e+03
-2.575447347643836110e+03 1.931916585862095417e+03 -4.899444723289526337e+03
-8.053774537872932342e+02 3.057121064280005157e+03 -4.400466267660412996e+03
-2.231715541868231867e+03 9.020576569704940084e+01 -6.446149546221231503e+03
-2.784904106507045526e+03 2.262313728339004228e+03 -5.508377668410002116e+03
2.230257026902852886e+03 1.772614059956945312e+02 -5.101451498292193719e+03
-1.467371174252261881e+03 1.788027268040568060e+03 -5.272099825153786696e+03
-2.107386337320383973e+03 3.996961673456816584e+02 -4.411983637670803546e+03
1.358045954577018620e+03 5.650946648914369916e+02 -4.630314042581323520e+03
-2.206654926858393083e+03 6.734218881295004167e+02 -3.410832102191561717e+03
-2.613310811755725354e+02 7.593599087757212374e+02 -4.784749050169141810e+03
-1.343027787284732040e+04 3.060577883682777156e+03 -2.560803011185228684e+01
7.624166667711183436e+02 -1.048749753617698843e+03 -5.082364343878225554e+03
-1.282932846813702326e+03 4.344410974067073283e+01 -6.383217756387483860e+03
5.231773745913737628e+01 -7.838769148340666106e+02 -5.568887627717799660e+03
-6.178416696305666846e+02 2.700565193713579220e+02 -6.155056502175435526e+03
-3.123828822163858604e+03 1.566144822442802706e+03 -5.438827609528451831e+03
-6.898370627922364520e+02 3.972173175123165834e+02 -5.198699508014578896e+03
2.299801503501695379e+02 -1.704571180203139647e+03 -6.691648910621301184e+03
-2.281177631238218510e+03 8.472930522332881083e+02 -3.334575081024523115e+03
-9.227638270881836434e+03 2.350516856468867445e+03 -5.645633257128883088e+03
1.783639929659533209e+03 5.404575784092968149e+01 -4.577858428792379527e+03
-8.346654235291059649e+02 -1.133290043962922709e+03 -6.401204659622076178e+03
-1.739563896061853029e+03 -3.682111873167665408e+02 -5.182649660984380716e+03
-1.476452501024988578e+03 2.591028592477985057e+03 -5.350442001021164288e+03
-6.119060347675190314e+01 4.510205251213061501e+02 -5.036140700647521953e+03
-1.734206781415399064e+03 6.387849441479448842e+02 -5.679927849827201499e+03
-7.425338445146826416e+02 -1.352376109816695134e+03 -6.559694810310797948e+03
1.325108897001261539e+03 -3.479535754886989707e+03 -5.283184845197714822e+03
9.602679150234226313e+01 -9.688125539089814993e+02 -5.273386892795428139e+03
-2.802643833487780284e+03 1.846610546067055111e+03 -5.186851343346943395e+03
-6.247761115329367385e+02 6.201001247630292710e+02 -5.811891759061009907e+03
-1.142489093613181467e+03 2.702713276187303109e+02 -5.288244536731724111e+03
2.481848905507425570e+03 -1.835967581804736710e+03 -5.239049730864668163e+03
-7.036603294936396651e+02 -2.087868120487931947e+02 -6.478109103285370111e+03
2.294562516857491573e+03 3.999323992374730778e+02 -4.991324845242127594e+03
1.166287984516166034e+02 3.386004076220353340e+02 -4.660663295362787721e+03
-2.638756310983440471e+03 2.732674108751758013e+03 -5.815829107115306215e+03
-4.770544884588768582e+03 -1.281903332336896483e+03 -5.873319607907039426e+03
-1.309269135989211236e+03 1.495371187720663102e+03 -5.582870479540481938e+03
-9.584360168965895355e+03 5.816994622717587845e+03 -7.565096235496882855e+02
-1.746288897927583093e+03 1.206051110592056375e+03 -3.559587757582536142e+03
-2.631777819597534290e+03 6.350576939381960528e+01 -7.907261292016413790e+03
-1.873699985902957224e+03 9.971900294953846924e+02 -3.509544592239559734e+03
1.975667264642083182e+03 2.960515120415109322e+02 -5.072715040553636754e+03
2.523220981393084003e+03 -2.254823444151429158e+03 -4.159024445969311273e+03
-1.832619752005389500e+03 4.975678749396058720e+02 -5.399843532537141073e+03
-2.086074900807347149e+03 -1.250392095699242873e+03 -5.543204414454072321e+03
-1.025132713760037586e+04 6.940149178535421925e+03 -1.951140834678859846e+03
-1.546620423532079940e+02 8.615162277838231830e+01 -4.866676226780595243e+03
-9.027574577619329830e+02 -4.188398774060623282e+02 -5.815657938869619102e+03
6.125725252529321097e+01 4.000354429788864081e+02 -4.930361091548353215e+03
-7.073931602678870831e+02 -1.888020307779505401e+03 -5.718146750386749773e+03
-2.404099630820149741e+03 6.458122817728919927e+02 -6.724612177359875204e+03
-2.314202757796693732e+03 7.928707509247660710e+02 -4.788589293117021953e+03
-2.473421605315714260e+03 2.791564048493808059e+03 -5.351505695589685274e+03
1.602953798722272722e+02 9.695194762579171766e+02 -4.463382200679087873e+03
-3.454920271054659679e+03 1.614826503193229655e+03 -3.327312924947806550e+03
-2.723690549615684722e+04 -1.623264403239250896e+04 -6.686082216749439795e+03
-2.400374972975896981e+03 2.313555336197024701e+02 -5.263874338865609388e+03
-5.314459958998672846e+02 -4.314795777207186802e+02 -5.449367758513072658e+03
1.702101231313614790e+03 -8.634005112967614650e+02 -2.497143265721107582e+03
-2.370773884232397450e+03 1.958742538837705979e+03 -4.756584619799267784e+03
-1.411398296850462202e+03 -1.055821463080855665e+03 -6.471863025517859569e+03
-4.261469338562714256e+03 2.463597769937651265e+03 -4.439403348889240078e+03
-1.799860581056030696e+03 -3.453369272577072024e+01 -5.269508717285926650e+03
-4.220778418114929991e+03 6.614314239996699598e+02 -5.830354467238361394e+03
-1.974305932902942004e+03 1.078078680767304377e+03 -4.830547412759513463e+03
-3.420911699402282011e+03 -3.006974022855483327e+03 -5.963306019270737124e+03
-2.086686656294217300e+03 6.006912986477661889e+02 -6.014147025153066352e+03
-4.073116270098751556e+03 8.350631162404238239e+02 -3.846741125906369689e+03
-1.351034000668252474e+03 1.923439375668891671e+03 -5.584989376164310670e+03
-6.558412603276439768e+03 5.857836764827993647e+02 -5.907729670862285275e+03
-2.322963505719380919e+02 -1.740178005261419457e+03 -5.752842440351400910e+03
1.777922109554764347e+03 4.572720210454658059e+02 -4.658336595091222989e+03
-3.142571328980533508e+03 4.374731584226541599e+03 -5.051585096820989747e+03
-8.882025606645213429e+02 -9.138892113913948378e+02 -7.233266209372475714e+03
-2.079555076100882616e+03 2.363636925980206343e+03 -5.441054556823228268e+03
-1.759058138750196349e+03 6.049957395248417242e+02 -5.455954798457942161e+03
1.164006305285802910e+03 -3.464397995482077476e+03 -4.488955186723414954e+03
2.974511533295375102e+03 -1.674727618568612797e+03 -4.816190904949328797e+03
-1.301880612176574232e+03 -8.283154632152210297e+02 -6.292201037019101022e+03
-4.499846903156128064e+03 2.772067371419666415e+02 -6.013428072498983056e+03
-2.566250456515043879e+03 2.910619205940726602e+02 -5.200234711357056767e+03
-1.688109852554043300e+03 4.166606068027675747e+02 -5.552897623655437201e+03
-5.499490234706350975e+02 -4.128333063950784663e+02 -6.483072212461914205e+03
-1.866338428642561666e+03 -9.668452347450739808e+02 -5.618819175085124698e+03
-1.533156827635018999e+03 4.038813815507154459e+02 -6.529284000457862021e+03
2.640424035667710541e+03 -1.359899796680339250e+03 -5.043986348219974388e+03
-3.816532519787842830e+03 2.563351565512598881e+03 -5.601228055380584919e+03
-1.079495043615988379e+03 2.019073711770596674e+03 -5.267427415735826798e+03
-5.251723703147275046e+03 -1.048132601868726624e+03 -3.264617881480387496e+03
-7.870733904618211909e+02 -7.260970417109241453e+02 -5.686488395623850920e+03
-1.758010565516650104e+03 -3.424517395491961906e+02 -5.823237655618288954e+03
5.868339626192516789e+02 9.412694902687970853e+02 -3.719494734926003730e+03
-6.639858288258778884e+00 3.059146400904278380e+02 -2.464020257448584744e+03
-9.734754380912452234e+02 -1.510594104632984681e+03 -5.846360807110689166e+03
-1.703175471435252575e+03 1.984045194010615432e+03 -5.900512667573752879e+03
-1.939195941064535191e+03 7.251103933826806269e+02 -3.519352609328156632e+03
1.252645190258683101e+02 1.785939341463584924e+03 -5.310558315217545896e+03
-1.513286127101146303e+04 2.895899238835251708e+03 -1.854767181662146868e+03
1.227192393990885193e+03 -1.238768293951407713e+03 -4.517678577159024826e+03
-4.185382829193616089e+03 1.107214194781490278e+03 -5.224548366903596616e+03
-2.238561885202431768e+03 6.574765685922589000e+02 -4.876305616172980081e+03
-5.117777453590150799e+03 1.630669093523685433e+03 -6.814742985004865659e+03
-8.797698158458360922e+03 5.667700069350695230e+03 -1.956282234939845694e+03
9.420193037936330711e+02 -2.124868780343095750e+03 -5.223006729816332154e+03
-3.695733780878686957e+03 2.715216652733368392e+03 -5.967519391911364437e+03
-1.099583261886918444e+04 6.109149456747034492e+03 -2.453877923040734004e+03
-1.006464435143951391e+03 -1.290262461606460192e+03 -6.628263140682953235e+03
1.572958535367554305e+03 -4.238495896857369189e+03 -4.900231452115865977e+03
-1.943747970532488398e+04 -1.406014932538955009e+03 -3.145397637463373485e+03
1.959414027477874015e+03 -3.253196406049709367e+03 -5.457640270946008968e+03
-4.873372818955249386e+03 1.480125572390386878e+03 -6.182179435240109342e+03
-1.861203809397830810e+03 3.086172545512518468e+02 -6.004911969905171645e+03
-1.012845054378899022e+03 -6.746102000063856394e+02 -5.617544472189247244e+03
-3.699663748755874622e+03 4.609309635017525579e+02 -6.236252564335571151e+03
4.975964178202066819e+02 -1.993298328369371120e+03 -5.120738452242791027e+03
-2.308035794612434984e+03 2.560601665802390471e+03 -5.425523575078088470e+03
-3.514182497919244270e+03 2.762270930093688094e+03 -6.084119756260713984e+03
-1.630299203322426911e+04 -1.931903490413862528e+04 -1.012315531723711138e+04
-1.118901633587273864e+04 6.829871231318652463e+03 -2.344083072739464569e+03
-3.050220235488214712e+03 2.701758925892992920e+03 -5.441787039743991045e+03
-1.832111002497018717e+03 1.588728115571034778e+03 -5.481471571199610480e+03
1.436428400445479156e+03 -3.621015559116871827e+03 -5.009588233061416759e+03
-1.123609754769815663e+04 6.856042609919226379e+03 -2.220357758513098815e+03
-1.876298044258386881e+03 -9.952099846565599819e+02 -5.375783401350983695e+03
-3.566293222206117207e+03 1.668627540377884543e+03 -6.156527854569733790e+03
-1.641623775165682673e+04 -5.994281436841733012e+03 -7.840758943739214374e+03
-2.149398300774430936e+03 4.190931391496568494e+02 -5.414372544231184293e+03
-7.715612811022990627e+02 -3.651064307126182030e+03 -5.664119194566055739e+03
-2.907933198515767117e+02 -1.480077057044560433e+03 -5.500921933226166402e+03
-7.488974663385859003e+02 -4.864619751859504504e+03 -5.798065950659087321e+03
1.030292905942866355e+02 2.072348764349794692e+03 -5.042480610793015330e+03
-1.221719436981812578e+03 -5.103322047096032748e+02 -5.797444398627408191e+03
-6.967517162584681500e+02 -1.934092765325747905e+03 -6.228652214532494327e+03
-1.335750993699735409e+04 6.596078521054428165e+03 -2.554096280939107601e+03
-1.468338135339106429e+03 -4.547657857590086223e+02 -6.052779330767177271e+03
-7.378712063614896579e+03 3.518132423432909036e+03 -4.281881603245121369e+03
-2.255236111274847190e+03 2.367368427804677594e+03 -5.380247798153908661e+03
-1.587925997542527148e+04 -1.632064523678583828e+04 -9.104272531391592565e+03
-3.297789840791554070e+03 -3.756310442123492521e+02 -6.290405954819671933e+03
4.723296558441510342e+02 -1.308127777292470910e+03 -4.715181713382938142e+03
6.490665856317914404e+02 -2.092253276604158145e+03 -4.959482594259167854e+03
-1.565169590214979507e+04 -3.448649500783435997e+03 -6.911503357002477060e+03
-1.011350588410225328e+03 9.297881179035423429e+02 -5.312269336327224664e+03
-2.217132766859967887e+03 5.474077638601931994e+02 -5.040262932918183651e+03
-4.446790464178911861e+03 2.101108094638432704e+03 -6.104055204514813340e+03
-1.360708802316892434e+04 7.936985726155558950e+03 -4.285744732603231569e+03
-5.395492408363849790e+03 3.600011750627661513e+03 -2.619590883618315274e+03
-1.411317833056823019e+03 1.515405042518536902e+03 -4.011523955821636719e+03
1.500599665443925005e+03 3.276087976145676066e+02 -5.136124707699279497e+03
-1.486044840452520475e+03 -9.899188783200175976e+02 -5.593885114708466972e+03
-1.421846537364745700e+03 4.347914143117163803e+02 -5.498146992003160449e+03
-2.808935522649662289e+03 2.655687591497296125e+03 -5.403120778273287215e+03
-3.853349729760234823e+03 1.952039191045632151e+03 -6.106206424698936644e+03
-1.316237940377480118e+04 6.916933656080223955e+03 -2.752952620015670163e+03
-2.014263518036905680e+03 -2.891737296833706750e+03 -4.155068249255503360e+03
-3.455172651964047873e+03 5.210652355290949345e+01 -5.353025917315088918e+03
-9.933245664631946283e+02 -7.307975583614332891e+02 -5.673536623911147217e+03
2.496440481563362482e+03 -1.180458725286532854e+03 -6.692363488182329093e+03
-1.006232415880926601e+04 4.495098154551791595e+03 -2.412122523274309060e+03
-3.340405491565496504e+03 2.138715669440404326e+03 -6.294938779310736209e+03
-1.739081857558061984e+03 -2.800849895014374624e+02 -5.871545061487855492e+03
-2.242890228300406761e+03 5.017608468194633247e+02 -4.675415816969878506e+03
-1.611453676839081709e+03 2.049199200009977631e+03 -5.712656500750958912e+03
-1.055576372394437385e+03 -6.545609409911894545e+02 -5.617191620664739276e+03
-4.325337127612018776e+03 1.057932496135988004e+03 -6.205253764688824049e+03
-2.379696750818877263e+03 2.203019974539232408e+03 -5.387751874950184174e+03
9.090165210372989577e+02 -1.727734016046301122e+03 -4.626829131609954857e+03
-8.118042034556708586e+02 -4.033440600493927832e+03 -3.373299464890376385e+03
-6.465646016759467784e+03 4.882399242166277872e+03 -2.836494692290278635e+03
-8.117368829104588031e+02 -8.958142870500936397e+02 -5.660974572453898872e+03
-1.381764864848144134e+04 -2.520175029307147724e+03 -6.082806980734492754e+03
1.489376500203431760e+03 -4.250150279277331720e+03 -4.731449543138429362e+03
-2.446414200372394589e+03 2.754696867697865855e+03 -4.116901104413470421e+03
-3.058634281476213800e+03 1.952595367630204692e+03 -5.417222070425983475e+03
-5.780690442405299336e+02 -3.072897515725745507e+03 -5.614357843910784140e+03
1.306123905328482124e+03 -1.631851680905153898e+03 -4.515711697412521971e+03
-1.482271301926813248e+04 -4.651493215290114676e+03 -7.111215047723890166e+03
-1.580889094094982283e+04 6.281910425124036919e+03 -3.324338180904826459e+03
-1.209408454247625968e+03 -7.781756440248724402e+02 -5.830958236052178108e+03
7.034839366513174355e+02 -4.562028948922407835e+03 -6.000999835347731278e+03
-1.395066387600951566e+04 7.071063399916728486e+03 -2.829591463437310722e+03
-5.062196840940830498e+02 -1.269222244578701975e+03 -5.649388975049227156e+03
-2.201785554217562094e+03 5.300192205874812998e+02 -6.002414505677269517e+03
-1.819186282808584338e+03 -1.231507768311984137e+02 -5.962815420204238762e+03
-2.352176258007749311e+03 3.193593457662101173e+03 -5.661676212085404586e+03
-1.025777564640606033e+04 6.193714915769288382e+03 -2.724410329530386662e+03
-2.404321437277938458e+03 8.388721584988461473e+02 -5.845377265629634167e+03
-1.196043493310494569e+03 -1.550687302477660069e+03 -6.046315022894434151e+03
-5.189181440711515279e+03 -3.090391148235020864e+03 -5.603855828822045623e+03
-1.180936452094035121e+04 6.842433723214218844e+03 -2.665212448410628440e+03
1.580312901772104397e+03 -3.146439333473768329e+03 -5.630872623034384560e+03
3.220079974279292401e+01 1.950215700851838619e+03 -5.246867268590360254e+03
-3.762512332022393821e+03 7.658897849402837892e+02 -4.726868704724120107e+03
-3.519707187020395622e+02 -1.452645460262923734e+03 -5.212656684134110947e+03
-1.628526349465050089e+03 -3.277154222336309886e+02 -5.991088699317731880e+03
-2.320653247863581328e+02 -1.273546734480164105e+03 -4.900239058595607275e+03
-2.561806730393447651e+03 1.628028471464060431e+03 -8.953928633022529539e+03
-9.015845824899340641e+02 3.306488972273416039e+03 -3.796018219909609343e+03
1.275130390011344389e+03 -4.814373409582603017e+03 -5.209817887123776018e+03
9.814200770671791361e+02 -1.697405035133415595e+03 -4.553630094685283439e+03
-1.677486854765267708e+03 -2.408892048982938832e+02 -6.140800653657795920e+03
1.714405165529208034e+03 -2.742794447118080825e+03 -5.365530451379442638e+03
-2.086651374963458238e+03 -7.676762023577027321e+03 -2.955638342863043817e+03
8.432813376609394709e+02 7.413956072745547317e+03 -8.548715758726226341e+03
-1.737310200441396773e+03 2.907690907811385159e+02 -6.520338957583738193e+03
-2.589965628062915130e+03 5.282688846490152628e+02 -4.862453397606910585e+03
-1.293569016645320744e+03 -2.419596764848481598e+02 -6.841375324102558807e+03
-2.036465006625947353e+03 7.886868613338992873e+02 -7.074040750512572231e+03
-1.458985022445348477e+03 3.423743586965513259e+03 -3.361980119918517630e+03
-1.762010687209456137e+03 -1.829197369275049709e+02 -5.063739084416581136e+03
-1.729178345358495790e+03 3.329268040746256929e+01 -4.758069977888500944e+03
1.278732545448650626e+01 -7.704235345762610450e+03 -2.582087396117068693e+03
-2.523404698204774832e+03 1.510940484175727761e+03 -5.962484763942198697e+03
-1.743144358719085403e+03 6.199483625589510893e+01 -5.062252289856754032e+03
-1.560872688605037183e+03 -1.043142622821535497e+02 -5.123464273993982715e+03
-1.767844851157058201e+03 7.055798319239896728e+02 -8.144670361736036284e+03
-1.636396563535363157e+03 4.748297014135576433e+01 -4.901497960698963652e+03
-4.078227459802099929e+03 1.183840196428091531e+03 -4.912155393776634810e+03
-1.965862833300875991e+03 3.749752079148648818e+02 -5.271094861838174438e+03
3.312676408158607501e+03 -2.208438549245379363e+03 -7.254199780902874409e+03
-1.906028071294010260e+03 8.660675330177499518e+02 -5.001254729660896373e+03
-2.207392372893822539e+03 3.378419961306617552e+03 -6.678195710744374082e+03
5.077999118634375009e+03 4.742482069701165528e+03 -1.468573808774598001e+04
-1.783049382514021772e+03 2.209318898529403441e+01 -4.993175781561069925e+03
-1.732874219025366983e+03 -5.234086041508989240e+01 -4.944320878483702472e+03
-1.833729610333359688e+03 1.273809659520816666e+02 -5.172973839839117318e+03
-1.417033349910558627e+03 4.524816912925864472e+02 -4.737411002191429361e+03
-1.972377925842828517e+03 1.123397168612026007e+03 -5.204402775639124229e+03
-2.162158136651211407e+03 3.434226243249759136e+02 -5.058120278644442806e+03
1.316459526968143837e+04 -1.807057981049803175e+03 -6.797417825102824281e+03
-1.849399740598025346e+03 8.821366204436803855e+02 -6.797608714080065511e+03
-1.315516410662669387e+03 8.388031896754548598e+02 -3.287879963452478933e+03
-1.879344577593493796e+03 2.860138608230848149e+03 -3.518637487060678723e+03
-1.649868447801733055e+03 2.515843980461741467e+03 -3.477202047575415236e+03
-3.244389644237054199e+03 5.661749559026693532e+03 -5.352734139452495583e+03
-1.978322949352267415e+03 7.850387029556362677e+02 -5.658153202094047629e+03
-4.430388583442480922e+03 -3.021155145706406074e+03 -4.986687231296160462e+03
-1.763504645411293723e+03 1.213116218626141745e+02 -5.166935238624600970e+03
-1.761807730930672960e+03 -1.434315374679162574e+02 -5.058761718703820407e+03
-2.969192036551421552e+03 2.691386900629065167e+03 -3.301356926994447349e+03
-2.267664012505886603e+03 -7.397174690070296492e+03 -3.496788651044648759e+03
-2.896408080962200984e+03 2.275477738339993721e+03 -5.102880128099885042e+03
-1.946526228167324916e+03 1.405316311362889792e+02 -5.206176188879764595e+03
-1.917663821857990342e+03 6.080009155620260231e+00 -5.034763930402642472e+03
-1.475133014258542744e+03 3.130076723753081751e+02 -4.593114070571037701e+03
-1.808682906189501637e+03 7.558385007811659762e+02 -6.742363609262863065e+03
-1.527859131653337045e+03 3.963651570367447903e+02 -4.505308173771903057e+03
-1.436282068918312689e+03 -7.059304742738689242e+01 -4.902790512061073969e+03
-1.927081181208694716e+03 1.214499325930732311e+03 -5.418739744597060053e+03
-4.436900789555602387e+03 3.902278016887163176e+03 -6.641283071495028707e+03
-1.859704598591005379e+03 -6.568767603771779306e+01 -5.106079186756788658e+03
-1.871355409461577665e+03 1.101593174092687150e+03 -5.532103894376356948e+03
-2.033039846008700351e+03 8.094030559984236106e+02 -6.664843816297006924e+03
-6.861154306319829175e+02 -7.827016851477401360e+03 -2.586991007745507886e+03
-2.723237245246572229e+02 -7.353748573004794707e+03 -2.841697986741854493e+03
-1.210401577557127439e+03 -4.114696475701244935e+02 -5.740389251236621021e+03
-1.484125968622293158e+03 6.501157217708248481e+02 -4.696425223872347487e+03
-1.859387766756897690e+03 9.630269202206466161e+02 -8.362206065353835584e+03
1.872956700581605901e+03 5.460808533736909339e+03 -2.589071448091618731e+04
-1.502351660579962527e+03 8.121195716332059078e+01 -4.670405433199149229e+03
-7.913681494355423638e+02 -1.492247796684290279e+03 -5.409336558312337729e+03
-1.856082719900026405e+03 2.877834888458537534e+03 -4.056828730030540100e+03
-1.948656652222788352e+03 1.352832139746923531e+03 -5.023717949327103270e+03
-1.726782323849116892e+03 -1.508392181209611920e+02 -5.258392068849071620e+03
-1.580264758376429427e+03 -1.634105046450516170e+02 -4.882758424830370132e+03
-1.563032932361231815e+03 -3.074606449877039154e+02 -4.970838097881847716e+03
-1.685462052448594477e+03 -1.338936129015800134e+02 -5.379143603371066092e+03
-1.838088232957912396e+03 1.079779568374317478e+02 -5.180099297723081690e+03
-1.963281120634167110e+03 1.299776180381767745e+03 -5.355987983851018726e+03
-3.663120631313312970e+03 2.136416582833827306e+03 -4.908331665337973391e+03
-1.694878416506176336e+03 3.745473343312183090e+01 -5.060589039946647063e+03
-1.902698425712295830e+03 5.318882262561959351e+01 -5.259835145349295999e+03
-1.784455995781530646e+03 1.431165766463345221e+02 -5.102534068045723870e+03
-2.161836237370207527e+03 8.334014074125069556e+02 -6.786470964037709564e+03
-1.343526176361573562e+03 1.447902838270894790e+03 -3.220607997220075049e+03
-2.699507638719889655e+03 1.429382345539317384e+03 -7.580637775565314769e+03
-1.882263340120782004e+03 -4.913675030458406923e+01 -5.124846541056538626e+03
-1.389017247160892566e+03 1.800526179053689901e+01 -4.773370163775291985e+03
-2.935135666453724298e+03 1.744706706483026437e+03 -6.309821475348982858e+03
-1.785050692690843562e+03 8.613971530718508802e+02 -4.792065290862818074e+03
3.223554000581070795e+03 1.129384166958710739e+04 -3.080425322616020640e+04
-1.663142053074856904e+03 1.601366831212716022e+02 -4.767263908018970142e+03
-1.834878271148534168e+03 -2.304574868991933556e+01 -5.076675594303439539e+03
-1.224795528677405855e+03 -4.206464581732356010e+02 -6.525121356361436483e+03
-2.477706064452742794e+03 4.280513483052622178e+03 -6.668984802647465585e+03
-1.728569933310906890e+03 7.379215736197706974e+02 -6.186091580439496283e+03
-1.764615860580322078e+03 -1.145509592322476635e+02 -4.914462032897084100e+03
-4.266776871562280576e+03 -3.741573451904249623e+02 -5.926576264711491604e+03
-3.089850196045808843e+03 2.838624524894594742e+03 -3.562851808426292791e+03
-1.936635689846713376e+03 8.486698790946662712e+02 -4.618131008851750266e+03
-1.912700290562131158e+03 6.302340125864086673e+01 -4.949248560886808264e+03
-1.751947831408952425e+03 3.306492583209993654e+02 -6.674294287763065768e+03
-1.738916201701100135e+03 3.473560675964255040e+01 -5.007237649382310337e+03
3.825346803277149093e+02 -8.353537621247005518e+03 -2.295553983038777460e+03
-1.749182590636192344e+03 -6.036563390980953159e+01 -5.166494867322949176e+03
-1.965144932124677098e+03 1.973233240178176857e+03 -3.669600023378084643e+03
-1.709092401709766364e+03 9.611675059182098835e+01 -5.288613913600859632e+03
-1.742802551419756583e+03 -1.756716758137169734e+02 -5.004718752386606866e+03
-2.107369232679317975e+03 8.013062497251358991e+02 -6.951746664831899579e+03
-1.886523484509818672e+03 -1.544166843265821853e+01 -5.106229756219096998e+03
-1.664196429288859690e+03 2.142372158769539965e+03 -3.252835341153248010e+03
-1.910430260078808487e+03 1.448914534617483696e+03 -5.050459803540513349e+03
-5.571069762952144629e+03 -3.281570281980314121e+02 -5.497815252932025942e+03
8.071076639579824587e+03 5.334294399467717085e+03 -3.716775318750948645e+04
-1.841790148392946094e+03 -7.025209578100439103e+02 -1.505279026931815224e+03
-2.858815976158522290e+02 2.567051506582216120e+02 -4.456269563019372072e+03
-5.907639450605063303e+02 1.732677626380325648e+02 -4.171041327998473207e+03
-1.431140602659714659e+03 1.128380067324860420e+03 -3.745488207169452380e+03
-1.970035013448255995e+03 1.452700845227037917e+03 -9.297151041231398267e+03
-2.920757683899674703e+03 1.444431763993866753e+03 -3.978648068102444086e+03
-1.647013899175000233e+03 4.730161122696723197e+01 -5.028725295186982294e+03
4.302064698757385486e+03 -4.858097367963856414e+03 -2.517635447350831782e+03
-2.416403660279161159e+03 1.217381110911405358e+03 -5.832641773508847109e+03
-3.356589697171464650e+03 2.204750443710504442e+03 -3.670685024105096545e+03
-1.771392693139653147e+03 -2.787005171086397013e+02 -5.428477804824119630e+03
-1.994169434378851065e+03 1.353388040194221276e+03 -5.869929074809784652e+03
-2.919448127538539211e+03 1.605860726088692445e+03 -6.355540451245960867e+03
-1.842815895318320599e+03 1.813632902975235993e+03 -4.533196267555030317e+03
-1.851203922458279294e+03 3.884607729698876710e+02 -5.958043166330156055e+03
6.068799898009681783e+03 -4.458094366192045527e+03 -2.541598044032983580e+03
-6.076104732006195263e+03 6.140385426300074414e+02 -2.974448229114833339e+03
-4.879733096277258483e+03 1.420419962902003363e+03 -3.927997193907700876e+03
8.278139023655947312e+03 -4.789702077387404643e+03 -1.076241502009469878e+04
-8.907105990868537901e+02 7.746719315188552173e+02 -3.448805134087582701e+03
-1.866224488933749626e+03 4.689280218827976796e+02 -5.718841255182318491e+03
-4.771326998093026305e+03 2.383211163450478125e+03 -4.600954656473776595e+03
-2.039400554217711260e+03 8.178539369619325043e+02 -6.605198611281083686e+03
-2.711067336627370878e+03 1.518856884959059698e+03 -7.096719666640200558e+03
-1.562314113835386934e+03 -2.460771668072125919e+02 -5.277837884134985870e+03
1.788248488989409452e+04 3.399280465952911982e+03 2.848876940849260109e+02
-4.249839528666934712e+03 2.287709727039629342e+03 -4.235790351073912461e+03
-1.906103827219955292e+03 1.567447680381276768e+03 -5.318502301383501617e+03
-1.429524127428962174e+03 1.477622711090257553e+03 -4.414810033389472665e+03
5.189533918640884167e+02 -2.967068902244073456e+02 -7.433563156500630612e+03
-4.557152461118459541e+03 1.382149342852247173e+03 -5.038224319796504460e+03
-6.454623882445903291e+03 1.054062421333230759e+03 -3.008819508014781604e+03
-2.234734119944972463e+03 5.284723326672069561e+02 -5.519410109289436150e+03
-2.906589947693173144e+03 1.670862638080542183e+03 -6.716504924182057948e+03
-1.645070028704909873e+03 -5.634019706308666855e+02 -7.409996380314202725e+03
-1.970879641133931727e+03 2.368502501392328668e+03 -3.899696684777592054e+03
-4.018485237397975425e+02 -2.387941425177683925e+02 -2.067995391193022670e+02
-2.089340481295225800e+03 1.956763070885315301e+03 -4.564996961116654347e+03
-2.142594940091407352e+03 9.554920267024087934e+02 -6.347695785322741358e+03
-4.387509190254127134e+03 2.123132490501192478e+03 -4.196444737128837005e+03
-1.815302907133235749e+03 3.731743856808866440e+02 -5.851600899299905905e+03
-3.830762892148605260e+03 2.023941156203886294e+03 -3.561617816068960110e+03
-1.220213947160750365e+02 -5.445631505558792469e+02 -5.600881021027677889e+03
-1.427045093166037304e+03 -8.516352319967668336e+02 -7.250538226073786063e+03
-1.768252528561330109e+03 7.774047630055049467e+02 -8.189175656962874200e+03
6.334843640384243372e+03 -5.022116648888822965e+03 -2.345148229580775478e+03
-3.365112798183867199e+03 1.328419048120520074e+03 -7.686183025670707138e+03
-7.630045958396789274e+02 3.159906258425452279e+02 -3.943321454165937666e+03
-1.341601119256346465e+03 1.073527263868167211e+03 -3.187436472277332541e+03
-4.589240065952352779e+03 1.900384547209459924e+03 -8.134183831117923546e+03
-1.077352601640012836e+03 -1.231374811687633837e+03 -6.360634746165795150e+03
-1.845732470622398750e+03 -3.392558496586748333e+02 -5.431489477042763610e+03
-1.595425991347872923e+03 1.958158855891554140e+01 -5.077870155377320771e+03
-1.999403564974777510e+03 -2.240311064993450429e+01 -6.260081561217777562e+03
9.109565156766564542e+03 -7.223173141048209800e+03 -1.151895761297502031e+04
-1.526958039967253399e+03 -2.582765863723162170e+02 -5.348470415393021540e+03
-1.452335205945479856e+03 1.152421515438987853e+02 -4.337008343330580828e+03
-2.051370972688121583e+03 1.961138899382379805e+03 -8.340081079665334983e+03
-1.903205336858536157e+03 7.988851552693942040e+02 -6.508200039639165880e+03
-5.136697169996216417e+02 3.087290671845036059e+02 -4.716193817342443253e+03
-7.713916294974092125e+02 -2.218131080133394448e+02 -5.858601632030748988e+03
-2.471463011933539747e+03 6.402802014655185303e+02 -7.103375886054826879e+03
-5.917795467925551520e+02 2.355742854680037794e+02 -4.090082733177961927e+03
-2.625328138567695987e+03 1.583355197857971234e+03 -6.335829734930281120e+03
4.318504703627972049e+03 -8.534786934427818778e+03 -1.556028558140052883e+04
-1.686482451687078083e+03 2.182173831075361704e+03 -4.137338287345488425e+03
-3.515961018794310462e+02 3.135896534141655820e+02 -4.766402486744327689e+03
-1.828625130626696546e+03 -2.190319951118482891e+02 -5.216494313274294655e+03
-2.390121619961235865e+03 1.079836145779700018e+03 -5.590514274390873652e+03
-3.148329481618553928e+03 1.568549536225379370e+03 -3.773305029919918525e+03
-2.022430658700271579e+03 -6.110633607105244209e+02 -6.693096420382675205e+03
-2.354978576265625179e+03 -1.958950921863358019e+02 -6.649008862552345818e+03
-2.394558547402122258e+03 1.188840410014962799e+03 -5.829633704683229553e+03
-1.964322006542626696e+03 7.888762347303756997e+02 -6.532508193967965781e+03
-2.730854064759344965e+03 2.337454173673956120e+03 -8.853330638898956749e+03
-1.690733147596871731e+03 -2.448657294464437228e+01 -5.080120846226872345e+03
1.246808699395464828e+04 3.463046750505338878e+03 -1.893309286610449635e+04
-1.798958587425252290e+03 -1.997564422217643596e+02 -6.788889515574036523e+03
-4.210868130368989114e+03 2.230650798509951528e+03 -6.225187573183096902e+03
-2.042948775289752120e+03 2.427833927945289361e+03 -8.787579587589656512e+03
-1.542383000712968396e+03 1.985156606466630819e+03 -4.153032861426514501e+03
-2.173075770791917876e+03 1.437603911228588913e+03 -6.054485147858080381e+03
-1.711805999271422479e+03 -2.153488847152198105e+02 -5.437867214856360079e+03
-1.303556377811206858e+03 -2.219470666360522273e+02 -3.401356527682665273e+03
-1.441070331308777440e+03 1.732416627309565229e+03 -4.499817892243475399e+03
-2.373076537076188743e+03 1.256914027231116734e+03 -6.117477834201414225e+03
-1.603409822270991299e+03 -5.214779019453690125e+02 -7.108348352508937751e+03
-1.816540452914351135e+03 -3.986758194447095889e+02 -5.030049740733149520e+03
-6.147478935587115529e+02 9.819172413305503824e+02 -3.586496634353880836e+03
-2.814673209972999302e+03 -1.822211566429292873e+02 -3.992188026954473571e+03
-8.887356613036283761e+02 1.723567384517071446e+02 -3.816628387334372292e+03
-8.824480214316424735e+02 -1.575109327392931391e+01 -3.917423621514579281e+03
-3.782417430104357209e+03 2.178117825680551960e+03 -4.069621019833452920e+03
-2.106260767037228106e+03 8.179501272282743685e+02 -7.647120447243121816e+03
-1.903093217443987442e+03 -9.321309792044569349e+02 -1.954924747113625472e+03
-2.538108834671870682e+03 1.371925747307634765e+03 -6.162168202973207372e+03
-2.049138299301653660e+03 -7.282979326808549558e+01 -6.604369225155082859e+03
-1.973928052178315511e+03 6.630331712446159145e+02 -5.779946620794985392e+03
-1.659794740745961008e+03 3.680432613280599980e+03 -2.970999174219000452e+03
1.229288945827410862e+04 -4.239809777274371299e+03 -1.385966743009671154e+04
-4.696984675827427054e+03 3.989063082126063819e+03 -4.467066933661923940e+03
-6.959981171817627228e+02 3.113121334860117713e+03 -5.755105421116290017e+03
-9.858824362802606629e+02 -4.858877407697477793e+02 -5.755807175633765837e+03
-4.680981761953908972e+03 3.923531568276195685e+03 -4.294097511925436265e+03
-4.845503965309808336e+03 2.924453852222201022e+03 -4.767720210210282858e+03
-2.445536561853259627e+02 1.789866405126897007e+03 -6.515810886612755894e+03
-6.096452163121458625e+02 1.761096223739477580e+02 -4.254730454742416441e+03
-6.424866142875272317e+02 1.800671115208352376e+03 -6.585152005346956685e+03
-2.086878923230195142e+03 1.759340275985924222e+02 -7.766418702484719688e+03
-1.531139050430764200e+03 2.567882737988345525e+02 -4.886549776196909079e+03
-2.147024501614314431e+03 2.733851868854089275e+02 -7.514720684110580805e+03
-1.850890866569690161e+03 2.935061824791725940e+02 -5.877522908394522346e+03
-2.171098861811426104e+03 3.641846445271412449e+02 -5.536091785574923051e+03
-1.799255559659401570e+03 2.978215013031353351e+02 -4.842867980507614448e+03
-2.268703017946118052e+03 1.162666343665616068e+03 -5.689662808071378095e+03
-1.391901388957269546e+03 -1.475422405627587750e+03 -5.009240842582075857e+03
1.032490031796736366e+04 2.960926733742729539e+03 -3.575708102064158993e+03
2.771927451739265962e+02 2.490753552173996923e+03 -5.365516458317440083e+03
4.078751086219307126e+03 1.023252228072454636e+04 -5.617413673245713653e+03
-1.702230464290850705e+03 -2.432092532816312769e+02 -6.920878573583378056e+03
-2.424325229497235341e+03 6.911785796028112827e+02 -6.112379986312146684e+03
-1.421822932137449698e+03 -1.342131714613091447e+02 -6.657720636409574581e+03
-3.868932416930572799e+03 2.013822505526917894e+03 -3.827681669547801903e+03
7.618332535526186575e+02 4.856128470043218499e+02 -5.931333293574636627e+03
1.725560288049149221e+03 6.626170020786718169e+02 -4.599915042517734037e+03
-3.294632414131438964e+03 3.796977466915720925e+03 -2.747807663138292810e+03
-4.721121626190142706e+03 4.258272291569400295e+03 -4.374491253873181449e+03
-1.687715975030766685e+03 4.875217116706785987e+02 -6.891317855804546525e+03
-4.562484051225001167e+03 4.463115204815945617e+03 -3.825247804472125154e+03
-2.113544071650860587e+03 6.023625615766541159e+02 -6.040810466598623862e+03
4.648758887910837529e+02 3.237118981922309104e+03 -4.597650271313453231e+03
-1.200781796133319176e+03 1.008668250196011655e+02 -6.157919234933791813e+03
8.110056257799282321e+03 -6.491833492092751840e+03 -2.056751704370970401e+04
-1.705957076419448185e+03 8.688298822434589397e+00 -7.174532795170333884e+03
-2.025427899936823451e+03 7.250272541421234109e+02 -5.937528503827335953e+03
-2.640903570091764323e+03 9.185049587963055728e+02 -4.205359262421136009e+03
-2.054585778555707748e+03 1.101018275578559951e+03 -4.080898206850648421e+03
-2.312766692203311777e+03 -3.143436816312963401e+03 -3.811091646735623726e+03
-2.133824106254327944e+03 2.279994217728961303e+03 -3.613369839732978107e+03
-2.135256188652691890e+03 2.226221507440265668e+03 -4.368110657790426558e+03
-1.646246017165404965e+03 -2.256357810865587510e+02 -7.630874998493116436e+03
-1.880422628681517836e+03 3.017076576710048812e+02 -5.899321884728007717e+03
-2.251482687210805125e+03 8.731367294186628669e+02 -5.876299342575268383e+03
-2.148247420777375282e+03 1.048305084360220235e+03 -5.551484077127968703e+03
-1.837681858653108065e+03 4.710836374022268274e+02 -5.843364707934977559e+03
6.602643120938478205e+02 -8.811712423600748707e+02 -5.966791445258154454e+03
-4.399986445567219562e+02 2.972495176766591158e+03 -5.877171037816192438e+03
-1.915560365044337004e+03 7.431749912117484200e+02 -5.891748224013999788e+03
-1.885654944536873472e+03 2.271419862650663788e+02 -7.139656033789160574e+03
-2.527088585900442013e+03 -1.390143330533628159e+03 -5.926034537322774668e+03
8.288956059334378779e+02 3.784723644054868601e+03 -4.456556225203796203e+03
-1.812208417238151242e+03 -3.137420299249260438e+02 -7.484316951336782040e+03
-2.087155565566278710e+03 7.130167051772095874e+02 -6.097797021147331179e+03
-1.034891544354419693e+03 4.927267209849309779e+02 -4.151772188461542100e+03
1.641049784254115366e+04 1.106952487605070382e+04 -9.610006070334729884e+03
-2.066040109987375217e+03 1.479524453518778841e+02 -7.832871835951062167e+03
-1.290478280830546737e+03 3.402645405061057886e+02 -5.268390554412779238e+03
-7.986638573772087284e+02 -1.887385897957150974e+03 -6.245420497027737838e+03
-2.195866048580744973e+03 1.111691777427050965e+03 -5.094549814573824733e+03
-2.052851917840388069e+03 1.814062785562552790e+03 -4.642047934001109752e+03
-1.556556300291376601e+03 2.889430168336128872e+02 -4.400309201454049798e+03
-2.182714253622249089e+03 1.772516917246806543e+02 -6.872335392153230714e+03
1.189388497661321026e+03 3.255855082625931573e+03 -5.356553755058241222e+03
-6.287722439321426009e+02 1.981251632855546063e+02 -5.050738575129856144e+03
-1.798778231413297135e+03 2.449297150070331099e+02 -5.742188706414769513e+03
-2.236103819510421545e+03 6.128191939155708496e+02 -6.094102836926529562e+03
-1.361509031676299401e+03 -3.188425432379709150e+02 -6.748661786678726457e+03
-1.607943858419572280e+03 -2.652566910418088355e+02 -7.533704040619537409e+03
-2.535661479095777395e+03 1.154221640115151558e+03 -5.906412711239921919e+03
-1.646959082282820873e+03 2.966400565000297433e+02 -7.107111542507912418e+03
-3.997820232382610357e+03 4.101050790869740013e+03 -3.328131419054268463e+03
-1.930901082668291565e+03 7.497186198698502722e+02 -4.149041394708916414e+03
-1.476910501640681559e+03 -6.196222101213048461e+01 -6.807630483277745952e+03
-2.048200303900594463e+03 2.318010535988148604e+02 -7.158916922972855900e+03
2.065465714385528599e+02 2.422851968863742968e+03 -6.030287823294831469e+03
-1.841183496523795839e+03 2.421956348372634693e+02 -5.946580753926905345e+03
1.303932377135693241e+04 9.370841228628472891e+03 -9.918155508504367390e+03
-2.244777769335368703e+03 1.058603028782258207e+03 -5.013537686407844376e+03
-2.071471053847520579e+03 3.942827727952584951e+02 -7.163750926357324715e+03
-4.298410447476779154e+03 4.382149665661392646e+03 -3.808915505733845293e+03
-1.911627002895440455e+03 3.970800366438148785e+02 -5.835834332590033227e+03
-2.121907427931587790e+03 1.021045199085681361e+03 -6.197518148497472794e+03
-2.684442429321647069e+03 1.232899122182947167e+03 -5.857901456162645445e+03
-2.260414527191920115e+03 1.221538950286934551e+03 -3.372540214699049102e+03
-4.387090588138520616e+03 2.671442121965870683e+03 -4.419075240332180329e+03
-2.785269463810976049e+03 1.486106264739400785e+03 -6.081985178152282060e+03
-1.351058645454396128e+03 5.770346428285297691e+01 -6.462104613714438528e+03
-1.183864963565907829e+02 1.813208760036146032e+03 -5.628822922776102132e+03
-1.817999067306562210e+03 2.674307997555116003e+02 -6.660418709595341170e+03
6.477743526740528068e+02 3.339597551498315624e+03 -4.820805498317089587e+03
-2.372213212996023231e+03 1.961462970340806351e+03 -3.432068658100673019e+03
-4.589507819197924618e+03 5.724530582818529183e+03 -3.481359276262343428e+03
-1.948400652525144096e+03 3.917469864127948540e+02 -5.542188223454978470e+03
-1.597000312499969141e+03 9.044345166683793025e+01 -6.644379621913002666e+03
-4.345924047506764509e+03 6.220481391564650039e+03 -3.354382955976530411e+03
-1.464035478183724308e+03 -5.300792891719777344e+01 -7.034811658029851969e+03
-1.249272844522618016e+03 -2.537326067378612606e+02 -5.220281491216725954e+03
-6.957278588697298574e+02 8.776306596452911890e+02 -3.468451440775827450e+03
-1.997873676472884654e+03 3.936815408413071509e+03 -5.525321149696719658e+03
1.226670887437577039e+04 1.235512130458452339e+04 -5.485276297744241674e+03
-9.807338907505132966e+02 -1.368107469148695145e+03 -6.727078107074104992e+03
-3.521327496872964275e+03 3.481020758417861998e+03 -2.342382916510461200e+03
-1.682999002917492589e+03 -1.329583192237535286e+03 -7.902688898786702339e+03
-3.091407258973732041e+03 1.526272948683761570e+03 -3.476012738390810227e+03
3.799294103682425430e+03 -4.113482871768329460e+03 -8.229358492329756700e+03
-9.360075476978548750e+02 -3.644837865336899654e+02 -5.548360070905912835e+03
-2.429052476672243756e+03 6.464133481337144076e+02 -6.092995604263369387e+03
-2.527658902484588907e+03 -4.506413970890316705e+02 -6.191537607192820360e+03
-1.785829064475475889e+03 7.840697821200947146e+02 -5.313516384754966566e+03
-3.131027215516161505e+03 3.783217050973612913e+03 -2.407423152151313388e+03
-2.070130663653749252e+03 -3.679688325716931985e+01 -7.070921127519402035e+03
-2.512954814379165782e+03 1.448427707362810452e+03 -5.438715908568696250e+03
-4.432435063580415772e+03 4.198051109997237290e+03 -3.536996266933738298e+03
-2.254681924850946871e+03 5.892022244976038792e+02 -5.899562345134203497e+03
-1.533478033195849548e+03 6.688531019134713915e+02 -3.186354082263069358e+03
-1.237023233798822366e+04 -4.409373521087713925e+03 -1.092017061861918046e+04
-2.024482740045350056e+03 1.057101777652539795e+03 -6.026227611807202265e+03
-2.883699485697292403e+03 -1.274396110416665806e+03 -5.691818141050409395e+03
-1.264881772846625609e+04 1.076815711774756528e+04 4.979523792756064722e+03
-3.559127046546727797e+03 1.582758098409462491e+03 -7.765339899324641920e+03
-9.881699831471804600e+02 -1.308415558172689771e+03 -7.940878064723357056e+03
-3.395885412148646992e+03 3.111311012468426270e+03 -2.081387201855514377e+03
-2.217732327504022123e+03 2.723891495301990631e+02 -6.725790086131319185e+03
-2.317617101636048574e+03 8.807960607310303658e+02 -5.896158679456744721e+03
-2.361925413511817624e+03 5.981602892777694933e+02 -6.054214418248840957e+03
-1.998224986751510187e+03 1.013481352159955463e+03 -8.199971908186278597e+03
-2.663510291994672571e+03 2.759752255801649426e+03 -1.838680670072485555e+03
-1.579986902711602170e+03 2.713817559870518039e+02 -4.480993320981798206e+03
-1.554901129470743172e+03 6.398581693078084527e+02 -8.043849256184164005e+03
4.304999886396690272e+02 -2.296310275332992660e+03 -9.053661747378710061e+03
-2.605627920370416177e+03 -1.253498685779899915e+03 -5.819337159733948283e+03
-2.214805535640950438e+03 1.311287783277150538e+03 -6.098785217500185354e+03
-4.650900026000919752e+03 -2.401080989914729798e+03 -4.148475247231753201e+03
-1.772639247012750729e+02 -1.116969313471596251e+03 -7.537035129154515744e+03
-1.696253548720326080e+03 4.974730489201950263e+02 -6.301783815041228991e+03
-2.128796229028343078e+03 1.313441167370825497e+03 -4.429219852732647269e+03
-3.601969440458174176e+03 -4.154355691671144086e+03 -5.134170824048334907e+03
-2.118079272060524090e+03 1.289106450763962130e+03 -8.031866386500053522e+03
-2.683840147437358155e+03 9.455817283293248465e+02 -6.486076203075255762e+03
-1.737977333468579900e+03 5.947787407564691193e+02 -4.258930876012259432e+03
-1.871490406312397226e+03 7.256070629394304206e+02 -5.572998281687988310e+03
-2.278306242502191708e+03 1.150469605031511264e+03 -6.593514026281717634e+03
-1.887254872691917399e+03 6.812582733362885392e+02 -6.489097460431821673e+03
-1.951355888238612806e+03 3.847621318284334393e+02 -6.700154830310347279e+03
-1.924237004085408444e+03 8.868987664835743772e+02 -5.499804716011165510e+03
-1.178467237933135038e+04 -3.662654337173606564e+03 -6.457818463747121314e+03
-3.056338227934449606e+03 2.671618355401325061e+03 -3.242353821609095576e+03
-2.068828757569342088e+03 5.955037609038573976e+01 -7.182275424274713259e+03
4.816967573827875640e+03 -4.064101668028220956e+03 -8.999171004307247131e+03
3.300441802830169991e+02 3.897005494262653883e+03 -6.173111403778502790e+03
-3.039371758258199065e+02 3.328341763216641084e+03 -5.828624339814788982e+03
-2.232886441269617990e+03 5.000507110812749829e+02 -6.122837241247666498e+03
-2.238715175100032866e+03 9.039888648535836637e+02 -5.407727021365643850e+03
-2.572971037810870712e+03 7.032435376865807939e+02 -6.189097786670867208e+03
-1.710433105255696319e+03 1.832188666191976517e+04 4.973672174022486615e+03
-2.380270653306670738e+03 7.435504044503875321e+02 -5.995870784560234824e+03
-2.877493789891060260e+03 1.314738419133480875e+03 -5.575355730607891019e+03
-2.296165428279639400e+03 1.132555720788299368e+03 -6.509151937843555061e+03
-2.121036154330428417e+03 1.089328716862338808e+01 -7.134590674068365843e+03
-1.542382066164746902e+03 4.482950854924450823e+02 -6.258946210838097613e+03
-1.852861668388170756e+03 8.457730420775452558e+02 -4.912462382763628739e+03
-2.287125468693367111e+03 4.359056340890969636e+02 -6.341143915862277026e+03
4.447644138250806463e+03 -3.755174450461561719e+03 -9.256884509141364106e+03
-1.996450054873475892e+03 3.385724612439006478e+02 -7.083969214005507638e+03
-2.293683435464895865e+03 1.307038717548307886e+03 -5.843165986506621266e+03
-1.955228600201039626e+03 1.170258863048825333e+03 -5.435483255976568216e+03
-1.274984836492083559e+03 -1.250229722928591855e+03 -7.402417880101309493e+03
-1.470531143259544251e+03 6.500712756109629709e+02 -5.847596590453789759e+03
-1.223359745691774151e+03 -6.446102772342671017e+01 -8.253536212913721101e+03
9.688641761152786785e+03 -5.913622682215582245e+03 -7.288421639973184938e+03
-2.483663356862396540e+03 7.248433504984980118e+02 -7.716627881705058826e+03
-3.395473852379412619e+03 1.351119605017758886e+03 -6.007683352192024358e+03
-1.850063311469968312e+03 8.367426784425742881e+02 -3.048455540783676952e+03
-2.410922741937961746e+03 7.617300897055505402e+02 -5.872815845080185682e+03
3.310895273455020742e+03 -3.194726399063610188e+03 -9.218588121284952649e+03
-1.757368220535640603e+03 9.626068746157757232e+02 -5.888018320612171919e+03
7.899919986941286879e+03 1.571499069976193823e+04 -4.990897936525166187e+02
-1.824470364417105202e+03 2.340574218278785281e+02 -6.607131065126614885e+03
-1.928341765506285810e+03 9.876296585969016633e+02 -6.402196757924192752e+03
-1.763205354437675396e+03 1.281769942562049437e+03 -3.591036327860707843e+03
-3.105710939582240826e+03 1.290636470625964648e+03 -8.332816478249120337e+03
-1.340779193711171729e+03 3.039564466723603573e+02 -6.315950466422264071e+03
-2.075354214922706888e+03 9.847807673483156350e+02 -5.852346822144436373e+03
-1.938458711469746277e+03 6.768663307796996378e+02 -4.763865362846790049e+03
-1.775831525302217869e+03 1.131304583437564361e+03 -6.830651641476373698e+03
-2.146091464871128665e+03 1.020268130536254830e+03 -5.497748282846225266e+03
-2.329527213687422318e+03 9.312579522723444825e+02 -5.910905261281523053e+03
-8.845539777877693268e+02 -2.727902467714200156e+02 -5.624600757415275439e+03
-1.229779777590662889e+03 2.446604377965887238e+02 -3.605233440249689011e+03
-1.230470390774206408e+03 6.985412662747515924e+02 -6.644884766814786417e+03
-1.758658031447189387e+03 4.375704786922999006e+02 -6.429266386203446018e+03
-2.535094844827059205e+03 1.289643196793217612e+03 -6.992930101218178606e+03
-3.965679497533306403e+03 3.521525371554020239e+03 -4.131465941367625419e+03
-2.325660675829044521e+03 8.779472869904168419e+02 -8.866149093233751046e+03
-2.318917470253205465e+03 1.293779476170571570e+03 -5.238355375217037363e+03
-3.228379357020294719e+03 2.686453759039078705e+03 -2.706561224745149502e+03
-2.623702367800178308e+03 6.759708146538519031e+02 -6.666896991714073920e+03
-2.281352810422096809e+03 2.868647816101178591e+02 -6.909100809967268106e+03
-4.567584129184252561e+03 3.084845843520143262e+03 -4.442749340013664550e+03
-2.293294185964228291e+03 9.658305267542689307e+02 -8.778986320906913534e+03
-2.467426209379068041e+03 -4.131241894896508029e+02 -7.209907641093533130e+03
-1.517773380976053886e+03 1.265156747368965284e+02 -5.381612842306741186e+03
-2.521763545643406360e+03 1.447758766112831836e+03 -4.447287275895138009e+03
-1.767012308446014458e+03 -2.889658891816130222e+02 -5.141405726334742212e+03
-1.581803888410791160e+03 2.439387995540626548e+02 -5.234306251109770528e+03
-2.286328883686271638e+03 5.900666194919610916e+02 -4.115302582217586860e+03
-1.940916329928038522e+03 7.625338937850032153e+02 -6.940629536495847788e+03
-5.280758035009527703e+03 1.523831801860338601e+03 -3.817747974613941096e+03
-1.712629602769024586e+03 8.563815642363063034e+02 -6.241146555037244980e+03
-1.990035875639679034e+03 1.347432477754088723e+03 -4.408114106341988190e+03
-1.536382221832815276e+03 -4.815173899353833349e+02 -6.348437109014168527e+03
-1.975564522874590693e+03 1.032441713912636942e+03 -5.600632302251033252e+03
-1.752572654152176483e+03 7.443706630969610387e+02 -6.167728785819936093e+03
-3.214883983153426016e+03 -1.921508267430327578e+03 3.915558731573748332e+02
-2.728629551686073683e+03 1.166860770291893914e+03 -3.984903726905891290e+03
-1.502875794453963408e+03 -9.464647327251078650e+02 -7.142956996681319652e+03
-1.671371396066737589e+03 6.212147196170005827e+02 -5.937251964355769815e+03
-5.748485888315442025e+03 1.285525856115434635e+03 -6.066838099238716495e+03
-1.203838040980695587e+04 5.297472488016727766e+03 -2.322742079310184636e+04
-2.145182488858943543e+03 1.354165102605770016e+03 -4.541948180225836950e+03
-2.266450752358700356e+03 1.209033763037925382e+03 -6.671590733196581823e+03
-1.947603055142520134e+03 1.167972203234103290e+03 -4.243327315738338257e+03
-1.730128689528319001e+03 1.239045323764182456e+02 -6.665979345292460494e+03
-1.756414221142598763e+03 7.957991623128498304e+02 -6.036822079194183971e+03
-2.233482152268778009e+03 1.575861025452579156e+02 -7.096299025783358047e+03
-4.590384586877726178e+03 2.871714012766928590e+03 -4.461574754431318070e+03
-1.261201271635244211e+03 -3.493466528297350919e+02 -5.138084156947221345e+03
-1.951965113061034117e+03 -4.155101905108267601e+00 -6.494600433604853606e+03
-2.320310359492480075e+03 -1.835128696437536746e+02 -7.209674428407710366e+03
-6.302658798351668565e+02 1.449152819517917834e+01 -5.703053519338821388e+03
-5.333518978285609592e+03 2.440156745032954404e+03 -2.752260794565134802e+03
-2.327435703926067163e+03 2.605218986950270619e+02 -7.038024654946975716e+03
-9.972369704252191696e+02 -2.064091128888436742e+03 -8.190293987412708702e+03
-2.352110015125642803e+03 1.215234651173816019e+03 -4.257774491974771081e+03
-1.846453772925427756e+03 1.057272086526752446e+03 -5.834326128722096655e+03
-3.161186239559535352e+03 3.044033218293373011e+02 -4.084518055368891396e+02
-4.787800211380485052e+03 2.881560790504016495e+03 -2.929002877216059915e+03
-1.392619106007764003e+03 -1.809772689908612620e+00 -8.200922946828623026e+03
-2.411021747175060682e+03 1.601959127293462643e+03 -4.611629302091501813e+03
-1.992132046875581864e+03 1.221274661914026865e+03 -4.502452712475039334e+03
-2.220990420600259313e+03 1.043161780696628512e+03 -7.181586524582268794e+03
-2.864882417180987886e+03 1.895678667663132956e+03 -5.868333633658297913e+03
-1.833465247088911383e+03 1.008926450658278327e+03 -5.776874120020930604e+03
-2.509487268239663535e+03 1.097987470666185345e+03 -6.893234848517258797e+03
-1.838342557002853027e+03 1.092099677768340598e+03 -5.975561571769411785e+03
-2.797866122634282874e+03 2.025205759755686131e+03 -3.949382975486878422e+03
-1.673700904971690989e+03 1.636268843009106604e+02 -4.806491540350494688e+03
-2.201907808905938055e+03 1.290055750116804120e+03 -6.517991546297147579e+03
-2.149050038976871747e+03 6.562221230741245108e+02 -4.377126163152720437e+03
-3.721059194802264301e+03 2.616099262671975794e+03 -4.502748696939547699e+03
-6.883626389942687638e+03 1.911941268556409113e+03 -3.757660260449072666e+03
-2.153429725848178805e+03 8.847749969482864572e+02 -5.701326957181719081e+03
-4.252771158792883739e+02 -1.701401237591958989e+03 -4.992089006417562814e+03
-1.971438416931990105e+03 6.326385688838665544e+01 -7.011150598323410122e+03
-2.772465034670669411e+03 1.225475545466838776e+04 -1.059329201655684301e+04
-1.734354271421447265e+03 3.622196325694175130e+02 -6.757303352614790128e+03
-3.869546123868105951e+02 2.528506606465318328e+03 -6.333985535592273663e+03
-2.794384412459340183e+03 1.697591452490007669e+01 -7.629771651297779499e+03
-2.045139365639886591e+03 3.681995699371408364e+02 -6.524502065551753731e+03
-1.771798218602854149e+03 4.326327573074244128e+02 -5.588667922612769871e+03
-1.689763096297835773e+03 4.042398188252386717e+02 -6.806352237016479194e+03
-1.739561933499860288e+03 7.268716628128497632e+02 -6.257779613928325489e+03
-1.954858076822030398e+03 1.187612108209210419e+03 -4.642929201895624828e+03
-1.807825962184080254e+03 8.574725416844412393e+02 -5.989694817503858758e+03
-4.301770398701972226e+03 -2.496407087372956084e+03 -5.300979838037632362e+03
-4.559704614211924309e+03 3.285585518187318939e+03 -3.428450676243724502e+03
-1.762267733741100301e+03 4.354680845342451221e+02 -4.738895770974752850e+03
-2.187691110126537751e+03 1.476436247289742028e+02 -7.020505394920261097e+03
-2.129733529545530018e+03 1.119627820989817565e+03 -4.020249526585480908e+03
-1.766305696121395613e+03 2.918171968807445182e+02 -5.044229326999379737e+03
-1.735970392891535084e+03 3.390128930522985229e+01 -5.176895325177648374e+03
-1.722377884990962002e+03 3.393786483409488142e+02 -5.602425497393982369e+03
-2.096507542239424765e+03 6.099732668903299100e+02 -4.362497939681999014e+03
-1.606526330733898476e+03 6.361894146708659719e+02 -6.407871866205728111e+03
-2.064654063553033211e+03 8.540168047828431099e+02 -4.247273952610303240e+03
-1.832353556598176965e+03 4.330324988987393908e+02 -6.612117708209098964e+03
-4.775447299554725760e+03 1.395006954076479815e+04 -9.494232466096125791e+03
-1.938140058325398059e+03 1.202583576767745853e+03 -5.378247809595204671e+03
-1.878699810469111981e+03 1.351922064461367654e+02 -5.149682966368523921e+03
-3.368962227995228204e+03 2.139904963474940814e+03 -6.114494194450121540e+03
-2.122873782625198146e+03 9.925593070255649764e+02 -5.332735291978975511e+03
-2.172444514209354566e+03 1.327641006999247111e+02 -7.200723067221283600e+03
-2.001450560920816088e+03 5.353865214724645512e+02 -5.719962519557921951e+03
-2.045191872803968408e+03 6.818096747390085284e+02 -6.269307738324096135e+03
3.771723103617582183e+03 -4.485986495770395777e+03 -2.680193799754192878e+04
-1.792419171403432983e+03 9.373542898729317585e+02 -6.469022770327792387e+03
-1.733321848221706659e+03 8.346115794317097425e+02 -6.156489506983262800e+03
-1.292131399204468153e+03 -2.706979599821520424e+02 -5.086947682319743762e+03
-1.932479896821437933e+03 9.769658620441243784e+02 -5.240236437903582555e+03
-1.231392834038572346e+03 -5.869041658258469170e+02 -7.382203734419941611e+03
-2.184139886813080011e+03 7.548778794143591995e+02 -4.261593937325964362e+03
-2.394774666900752436e+03 1.363269260384862264e+03 -6.606377180032593060e+03
-2.168800901335348499e+03 1.028643698605707641e+03 -4.085744456535257086e+03
-2.024959627778022423e+03 9.379585177266330902e+02 -5.344896311491290362e+03
-1.771084583585021164e+03 1.938621107541187030e+02 -5.332314225183251438e+03
-1.950782215649093359e+03 1.342424645279887955e+03 -5.065440080651423159e+03
2.798930434444506318e+03 -4.257088664255775257e+03 -2.230712544459986748e+04
-1.851459482411310319e+03 2.110599713443835128e+02 -6.678869055048368864e+03
