-2.313477806422350477e+04 -6.525353520085008313e+03 -3.497197614229419287e+03
1.995442274248539434e+03 4.148727235427286359e+02 -5.529482021267425807e+03
-2.378271127748963863e+03 1.779010612180445605e+03 -5.868494265224524497e+03
-1.556757671431064773e+04 -1.152504852043782648e+03 -5.339232949142910002e+03
-4.023297042909010088e+03 1.874185279011337570e+03 -6.758954958567875110e+03
3.602844622063105817e+03 3.394561889375085229e+03 -4.429837219162905058e+03
-2.044049029847042766e+04 -3.642265021864261598e+03 -5.733694020201316562e+03
-1.867409329503321351e+04 -4.410308426448967111e+03 -5.471233203747093285e+03
2.889829880482125191e+01 -2.041037654680661944e+03 -5.199055427576100556e+03
-3.209700912430926110e+03 8.299829692221150026e+02 -6.343920064917958371e+03
-2.184289130858566932e+04 -6.748459272711439553e+03 -4.736556007340218457e+03
1.826452086739407378e+03 5.152863344953314026e+02 -5.723847603611064187e+03
5.768184191398834173e+02 2.197753710216660465e+02 -5.743366174898355894e+03
2.256789326957467438e+03 3.011498653761091191e+02 -5.725940768020173891e+03
1.795939352185992675e+03 -2.940513947627943253e+03 -5.078045120310644052e+03
3.123761273361093345e+02 -3.453598300381138870e+03 -3.947283887295389377e+03
2.394120590203850952e+03 7.302520503053664243e+02 -5.893389527869754602e+03
1.204546598571037066e+03 -2.801360010640418750e+03 -4.976420462392069567e+03
-2.566228340948181540e+03 1.526601910007371316e+03 -5.727123420475383682e+03
-1.674823314645555911e+03 5.465291124770308670e+03 -5.392664366161911857e+03
-1.483595449626468053e+03 -1.731856539680179594e+03 -5.971364837232564241e+03
-1.934569706628653876e+03 -1.843582902006319273e+03 -6.314526058579074743e+03
1.615885952092137359e+03 -3.325660023554170948e+03 -5.093846191342937345e+03
-2.153769315006605211e+03 1.391207521437271680e+03 -5.545377612490937281e+03
-1.517203806504203385e+04 -3.221384518613474938e+03 -4.170845488452368045e+03
1.037607229933275448e+03 4.214340361210236097e+02 -5.701580894283837551e+03
1.501282996866777353e+01 -1.084980456618130120e+03 -6.092713646816449909e+03
-2.400106065413945544e+04 -7.698443010211808541e+03 -4.094650778630636523e+03
5.055046261731104096e+01 -1.462663912494632314e+03 -5.219760265021703162e+03
-2.152452365024016399e+04 -6.337778130093099207e+03 -5.342627732767100497e+03
-2.387675877749064603e+04 -8.679810598191334066e+03 -4.191580286141092074e+03
-1.077082467625473328e+04 4.121237155710752631e+03 -5.445947616097419086e+03
2.048727002322372755e+03 -3.726231223104191940e+03 -4.855195217646893070e+03
-2.038922441268894909e+04 2.695646617710193368e+03 -6.097212205678474675e+03
-1.883988909283637895e+03 -2.951244585636381998e+02 -5.794924381216016627e+03
-1.767838406424098139e+03 8.831459878722653229e+02 -5.685757257190844939e+03
2.439262717916754355e+03 -3.749171095140422949e+03 -5.238820226957363047e+03
1.608329706680175832e+03 -2.602668592416095180e+03 -1.843512950182206851e+03
1.655189862392214309e+03 2.324225864178686152e+02 -5.972426397989582256e+03
-2.952392995753236846e+03 1.590085571296079706e+03 -6.022228506478621057e+03
-1.495378506803278924e+03 3.622831635349007229e+01 -5.586492804920680101e+03
1.701926458026962337e+03 -2.678645525256287328e+03 -4.891659808436368621e+03
3.993758647400944483e+03 -3.670616063814733207e+04 -1.830495587703907177e+03
-8.411974561728950448e+02 -1.209307425684216469e+03 -6.272287749256061034e+03
-1.512903379063805551e+04 -1.410558028831420643e+03 -5.516301933866383479e+03
-3.888233003879216994e+03 -1.116966927497962388e+03 -2.703324912673818289e+03
-2.354898506710330184e+04 -7.276370618956423641e+03 -4.203009718395975142e+03
2.042310717904462990e+03 -3.314417829466201056e+03 -4.861926444386015646e+03
-4.046807243153224135e+03 2.977048289033034507e+03 -6.753981820009114927e+03
-3.108399191995561068e+03 1.913358443722154334e+03 -5.388976390808691576e+03
1.973419701528471705e+03 -3.702885116060577730e+03 -4.849903852319243924e+03
-7.918073383734754316e+03 7.195887854682226134e+03 -5.918834644157876028e+03
1.045837329306559241e+03 -1.032945936356773245e+03 -4.616328607807770823e+03
-3.031003369311419192e+03 1.499227879616501468e+03 -6.932689062339158227e+03
1.987144937475960432e+03 4.135478122810943660e+02 -5.676424766108038966e+03
8.772194038330129615e+02 -3.223640378437358322e+03 -5.174659268348008482e+03
-2.904213329763388538e+04 -8.752814400318209664e+03 -5.596379695793133578e+03
1.556548547510898061e+03 5.803957413016064493e+01 -5.601422887755207739e+03
1.181730512636499498e+03 5.589670528879793210e+02 -5.613551833640783116e+03
-1.005959585926231739e+03 -6.312730693521700687e+02 -6.568775202939116753e+03
-3.650625432296578765e+03 1.594338376017889459e+03 -6.534796921176432079e+03
7.278677654213893220e+02 9.941477092603690835e+00 -6.062258755529387599e+03
-1.401855811479449812e+03 1.407237065901810183e+03 -5.386122987479021504e+03
-2.281100476021252689e+03 2.077782681001864148e+03 -5.520652212834878810e+03
8.738614280398339815e+02 -3.006010825216931607e+03 -5.030659262617510649e+03
-1.109869177944305375e+04 7.929016580318520028e+03 -3.296784105148856725e+03
7.666057524593453536e+02 3.686902917755924136e+02 -5.735791931586705687e+03
5.437738576178667245e+02 -2.216443164181202974e+02 -5.554728441864946944e+03
-2.176874420509111587e+03 7.515564740935437840e+02 -6.853809345890472287e+03
3.219872105028684018e+03 2.116996957381779794e+03 -5.348383219257177188e+03
-1.589020224425110428e+03 -2.671560114720194633e+03 -1.960831821230630567e+03
-1.504285006454365885e+03 -4.821367341305698346e+02 -5.532401956868619891e+03
-2.359808550966391704e+04 -7.942986402519592048e+03 -4.562797590177762686e+03
-2.137511078280474976e+03 2.615775762497799860e+03 -5.641826757406594879e+03
-2.824547762091737241e+03 1.254714111832149229e+03 -5.302877630107434925e+03
1.057443565222003826e+03 4.391167616077980256e+02 -5.597702831494754719e+03
2.336354070973113267e+03 4.769316569384252489e+02 -5.524718540363699503e+03
-2.128963479611621005e+04 -6.495869784125280603e+03 -4.830274573214862357e+03
-2.518586603021325573e+03 8.922895159371444151e+02 -4.966378108437707851e+03
-5.656425506659122675e+02 -1.561122624943431674e+03 -6.023593488327500381e+03
-1.186682373627622110e+04 -2.228414181136249113e+02 -5.712416714310890711e+03
-9.981011961615528207e+02 -4.165826242092452048e+03 -6.486841574050438794e+03
-3.117758377591458611e+03 1.277918993279386996e+03 -6.139017613007541513e+03
3.792462955435763661e+02 1.004740382671076418e+03 -7.617470941305574343e+03
-4.335953308586558137e+02 -1.576946279351698649e+03 -5.120798206828751063e+03
-7.401729217695537955e+03 2.388825906107838364e+03 -5.955452759364949998e+03
-2.439425882562229617e+03 1.939953731238971386e+03 -6.724626813049148950e+03
-1.934879534820685194e+03 2.899200252896259826e+03 -5.209271654063244569e+03
2.103549628084724787e+01 -9.768040507685873308e+01 -6.055673475601061000e+03
-1.869870697186254802e+03 1.136216319760204897e+03 -5.317805849296855740e+03
-2.654811369376147468e+03 1.224341969759020458e+03 -4.729024428585541500e+03
1.964379023417349117e+03 6.324983984328546285e+02 -5.784784478188258618e+03
9.296951124687687980e+02 6.725148426259147527e+01 -5.646241069672410958e+03
-2.049400256182540033e+03 2.649877517997280393e+03 -5.805350939350294539e+03
-1.555063650001102360e+03 9.924150595060427804e+02 -7.171694294671286116e+03
-2.943616515207118027e+03 -2.855917130971541837e+02 -3.788992694382497575e+03
1.127703851298987274e+03 3.723833771321034192e+02 -5.598146159100805562e+03
1.481008834171623448e+03 4.627736411855871665e+02 -5.553488253772345161e+03
6.724318803566858378e+02 -2.072685864943423439e+02 -5.618700540880685367e+03
1.350475647894649455e+03 4.390404137385451122e+02 -5.379046560614048758e+03
-1.076266878849345176e+03 3.950745079142317081e+03 -7.103146798136941470e+03
4.029313659105184797e+01 9.695761032946911655e+03 -3.812962036735191305e+03
3.065847918749119572e+02 -2.946457080339749837e+02 -5.852127341357943806e+03
-1.253934355681755278e+03 3.370285315233263645e+03 -7.094856374282212528e+03
-1.568544705985656037e+04 -2.307942686714288811e+03 -5.795210494590508461e+03
1.078406760980675699e+03 9.558577364659845443e+02 -3.922893320436824524e+03
-3.046981977620555881e+03 -5.885858095707442317e+01 -9.234121239010204590e+03
2.632051361462054047e+03 3.233381159539150303e+03 -4.940539595437997377e+03
-3.913326154808547130e+01 -3.046881389707718881e+02 -5.949543023811065723e+03
-1.277296629392213981e+04 -1.491810714382441802e+04 -1.175929786343463456e+04
8.749441191300132914e+02 2.195154330396599107e+01 -5.822828412026886326e+03
3.275971648514087065e+02 1.063434772608763978e+01 -5.879257909554610706e+03
-2.654867416775626680e+03 2.247214821471264258e+03 -9.169262149297081123e+03
1.103243327098579812e+03 1.573757394794571383e+02 -5.865558204158605804e+03
1.269209446215712376e+02 -3.932448807342086639e+02 -5.891833190804903097e+03
1.392306262742870331e+03 1.630597566035704403e+03 -4.966023117871055547e+03
-2.166800124161978147e+03 1.860792119612866600e+03 -4.527063070532622987e+03
3.630268373520117166e+03 1.874155021150305629e+03 -5.346635940904303425e+03
-8.177765629247730885e+02 -2.486937294227039274e+03 -6.807663887077221261e+03
-1.391887283008413306e+03 9.116121987630948524e+02 -4.354588268281986529e+03
-2.199650614223279717e+03 9.042784289840682277e+02 -3.989076131722302762e+03
-2.048438118988392489e+03 -9.497302460148448517e+02 -6.228900489266648037e+03
3.103243526101343264e+02 2.210516814569450617e+01 -5.873371531385174421e+03
-3.273969605052118823e+03 2.153035466038278173e+03 -6.134289144614399447e+03
2.565360815658413685e+03 -3.624562119364681166e+03 -5.374528795255917430e+03
-2.732033262593536165e+03 1.734662071655217005e+03 -7.746496941540984153e+03
-4.910876125691242464e+02 1.446933830225116935e+03 -4.292364083456307526e+03
-1.279974573269151506e+03 -2.537445120888526162e+03 -6.591667870694121120e+03
7.418748828956040597e+02 -3.902347038154692655e+03 -4.872551426065343549e+03
-2.394881405050378362e+03 -1.271390207157524401e+03 -6.248954537666845681e+03
-1.808130565917379272e+03 2.735073620244291760e+03 -5.161179649712004903e+03
-3.055315426452526481e+03 4.227172560297944983e+02 -3.629442110252550719e+03
-1.191595132692346124e+04 6.465980957156336899e+02 -5.498324012857467096e+03
-8.666726464772929830e+03 -4.069929341312557881e+03 -5.565620632963741627e+03
2.224404957083650970e+03 5.024829978137324815e+02 -5.462550601762596671e+03
-2.034300202606715857e+03 -2.411840308023838134e+03 -4.204742034143845558e+03
1.307909561321434694e+03 2.231409076090327517e+02 -5.720081171700401683e+03
-1.384473151243175926e+04 4.014453813774865012e+03 -6.448315266269421954e+03
1.129570509207815803e+03 2.247367624722033952e+02 -5.795204020304157893e+03
-2.804604596314496121e+03 -3.410496592128897078e+02 -4.011310318813098547e+03
-2.003504132219907660e+03 1.026065352897931461e+03 -6.707654870187738197e+03
3.052243873185327175e+03 4.135790967405132506e+02 -5.712715278654042777e+03
-1.857859480341940980e+03 5.148054870925703881e+02 -6.074634939966724232e+03
-1.010168914137511706e+03 9.110521979239124448e+02 -6.844420368989752205e+03
-8.964629298626045056e+03 1.437233982407478379e+03 -5.555578487062523891e+03
-2.790777377353358588e+03 3.047969319867031118e+03 -4.262470753543013416e+03
-1.450396434300219880e+03 -2.818483878509289298e+01 -5.988223615124675234e+03
-1.400284938393076118e+04 -7.112043453502138618e+03 -7.313815008464970560e+03
1.956605234896049296e+03 2.321838003643548745e+03 -5.707682752929476919e+03
7.226244289404738197e+01 -6.047156692959465545e+02 -5.913249487209111976e+03
-1.063494962120391619e+03 -4.815558765516356061e+02 -6.040392383611394507e+03
-1.697412360534513709e+03 -1.319752755544890988e+03 -6.394924762463262596e+03
-1.194657661813741652e+04 -1.194062188963357585e+00 -4.965286086578236791e+03
-1.003924250285108974e+04 1.095011911181139658e+04 -1.855171805886252059e+03
-2.704897775090554205e+03 1.046097287282642719e+04 -4.034371416282137488e+03
3.145153198281439472e+03 6.608244453147081003e+02 -5.652123694719492960e+03
-4.128597789283661768e+03 1.048795476781302796e+03 -3.058850088600480831e+03
7.396328879209629577e+02 -2.946091289029686777e+01 -5.768406532978439827e+03
5.475671948469838526e+02 3.311598428290983520e+01 -5.936972158947784010e+03
8.133416240075350743e+02 -2.425173608654171403e+03 -4.980773568942529892e+03
-8.340568063884023786e+02 -8.122529323234175536e+00 -5.087240046695941601e+03
3.378554022457718020e+03 1.090614367769218006e+03 -4.889335803007600589e+03
-3.858082434640351039e+03 3.565975301057831530e+03 -6.006596423073405276e+03
1.023804685690674546e+03 1.895979346968712207e+02 -5.833227909526807707e+03
8.928023229213451941e+02 -2.806826281049143290e+01 -5.637452985719311073e+03
-1.420403782227168085e+04 -5.423338564504585520e+03 -4.742406344482206805e+03
2.292506424778172004e+03 4.724493066712666405e+03 -4.812424503070360515e+03
-1.216771432004873714e+04 -3.400549153815761201e+03 -6.946086540038529165e+03
1.136235155926383641e+03 -3.133290467739986525e+03 -4.849724251339382135e+03
-1.703411465091033051e+03 3.592353115516065827e+03 -8.191652262957564744e+03
-4.630168840571026522e+03 8.516539334268436505e+03 -4.232177754017834559e+03
1.806274589878785491e+03 5.698353045453632149e+01 -5.732177286843370894e+03
1.833550695604121984e+03 2.655377405876945431e+03 -2.535512051183110543e+03
6.666112543161298163e+02 -2.192112510800824339e+02 -5.760074812421348724e+03
-2.313207169837282891e+03 -1.615586038978406691e+02 -5.904726801566033828e+03
-2.723011483008821415e+03 -4.737050351471109479e+02 -4.719214985574398270e+03
-3.606795661461592317e+01 -5.795691036541545600e+02 -6.013898854506034695e+03
-1.564168296797087714e+04 -1.224163378876805655e+04 -8.036967482984288836e+03
-3.319901953653998589e+03 1.374675015349490423e+03 -8.285441836468597103e+03
-1.171704655320578058e+04 -1.034266874100846690e+04 -8.019738241123548505e+03
-1.353122239962116691e+04 -2.435457698002424422e+03 -6.014492655150216706e+03
-2.151565506994992575e+03 -1.211786516532859196e+03 -6.315786002356551762e+03
-3.275080446642248717e+03 1.502449429417636111e+03 -4.547930601462377126e+03
-1.850783428093363000e+03 8.775351585740119162e+02 -3.254247476265468777e+03
-2.538286191286416852e+03 -1.576140757048994828e+03 -6.410664606984872080e+03
-4.722720069737296399e+03 8.655223447233080151e+03 -4.515134032018787366e+03
-1.258232718079355436e+04 5.130224689641458099e+03 -6.287908344315533213e+03
-1.197282068475023607e+03 2.238121897081760380e+03 -4.248932877223458490e+03
-2.564359586549282540e+03 -1.021336926090318912e+03 -6.086365441883677704e+03
-2.787688319968727228e+03 4.499737878023010126e+03 -5.604475513377528841e+03
-1.037351775428182918e+04 6.593997422725413344e+03 -6.205725266650139929e+03
1.171060483415501267e+03 2.437382426773227735e+02 -5.845635475718495400e+03
1.159372432120532608e+02 -5.922480702090394971e+02 -5.954375707780559424e+03
2.563399913431174468e+02 -3.623577866469669289e+02 -5.692367177887841535e+03
-2.037086507932316181e+03 1.635160605386116913e+03 -6.059636270350134509e+03
-3.099679374992172598e+03 -1.100104981053311803e+02 -5.719517420323093575e+03
1.598479847927086894e+03 3.018476101899000241e+03 -4.528613351092634730e+03
-1.373161490910540670e+04 -1.039056354279422158e+04 -8.227384389230419401e+03
4.179838536508794391e+02 -2.592876769290251104e+01 -5.895502685709102479e+03
-2.946744335050008885e+03 2.013393220275537715e+03 -6.377717676801607013e+03
-1.097514100844846325e+03 1.287723684837533710e+03 -4.522482846284668994e+03
-1.652889419920245473e+03 -1.948509858573527254e+02 -5.703583901636216069e+03
-1.925889818584390923e+03 2.591706611658930797e+03 -4.496581645133136590e+03
-4.425413307997554512e+03 2.086881069853593090e+03 -7.438369162405528186e+03
4.387110214993904265e+02 -2.563061758685412315e+02 -5.846488933037282550e+03
-1.473973243823182656e+03 -4.988166935100528008e+02 -5.768535388654596318e+03
-2.754864872386817751e+03 1.672470128860175919e+03 -4.683418276292221890e+03
-1.066891891311747031e+03 1.112103627551901582e+03 -5.289925873763958407e+03
-4.584614011939200395e+01 -4.167964506520414716e+02 -5.962612210607971065e+03
-4.582981551690851063e+01 -1.033747530691188558e+03 -5.756851452177662395e+03
-2.251214494997016118e+03 1.022790115710981809e+03 -6.581971601922281479e+03
-1.672618717559007564e+03 1.847803753473169763e+01 -7.119348214784749871e+03
-2.360074981122936606e+03 5.190229276447149687e+02 -5.420100036721172728e+03
-6.998072530078267164e+02 -5.151577815687483053e+02 -5.918597976943588037e+03
-1.972639306498236920e+03 -6.396020126190226165e+02 -6.220000208770166864e+03
-5.569097242183737535e+02 4.540898751900576826e+02 -5.428324785499483369e+03
-3.063231343262352766e+03 2.123592268566692837e+03 -8.534876243209182576e+03
-9.570599296917624770e+02 3.563176304658776417e+02 -5.684351574880055523e+03
-2.628982625445225494e+03 1.126889352696759033e+03 -6.806360998894609111e+03
-1.811062959313961471e+02 -1.662736703648517050e+03 -5.800485712077889730e+03
-4.299673597186279949e+03 2.945004353504432856e+03 -8.227592090591768283e+03
-2.916823316026452630e+03 1.375178755845768592e+03 -6.865780348929741194e+03
-8.054451156183509966e+02 4.375917459374080636e+02 -5.695764534022613589e+03
-3.824303059495738580e+03 1.880549229335786777e+03 -8.148692141960368645e+03
5.927148295709903323e+03 8.230269779069313927e+02 -7.900424512972444063e+03
-2.289322695430781096e+03 1.739401981858986346e+03 -4.674536260079471504e+03
-2.795174015054327356e+03 1.503495251134067075e+03 -6.704172219216369740e+03
-1.915793133834831224e+03 -8.784318417192935158e+00 -5.741506624249565903e+03
-2.834205994317333534e+04 -1.609030253312062086e+03 -4.865563673712401396e+03
-2.401032630156712457e+03 8.202046659220108040e+02 -6.509743996334124859e+03
-5.294700698488061789e+03 3.062053640962809823e+03 -8.014372514963914909e+03
-6.347158536352645569e+03 3.431240816642951359e+03 -6.928183734101993650e+03
-1.159375866465130230e+03 1.115806347243120058e+02 -6.255842171770905225e+03
-5.386694020306644234e+03 3.629539530551372991e+03 -6.217293377374322517e+03
-2.208359882836959059e+03 2.434466127998540742e+03 -4.117011564865424589e+03
-3.551948474718293710e+03 1.051121002604657406e+03 -6.661305565713073520e+03
-1.711355582101661184e+03 -4.438115385189529434e+02 -6.751108525110310438e+03
-2.007973409699291551e+03 -5.164712659774153281e+02 -5.379950419532835440e+03
-1.667305109674957066e+03 -5.885099279282334237e+02 -5.903370748881761756e+03
-4.773795522849942245e+03 3.108433370949962409e+03 -6.258236572898389568e+03
-4.956757598209037496e+03 2.909073059852019469e+03 -6.283879208853353703e+03
-3.015876032664578815e+03 3.348046288781644307e+03 -3.180499546467426626e+03
-1.328151705754158911e+03 -2.661909503619217048e+03 -5.594043965061806375e+03
2.568613600182581195e+03 1.617013994324345003e+04 -6.205001270150889468e+03
-1.376995479183376119e+03 1.369278922541529710e+03 -4.866389452445912866e+03
-1.451006166591684632e+03 1.011066829658011329e+03 -5.488594074426690895e+03
-2.178577871128874449e+03 1.987325046850795616e+02 -5.588097415430162982e+03
-1.771901243602932027e+03 6.283539980572850254e+02 -4.738460919018970344e+03
-1.997387155517462247e+02 3.412010811623465543e+02 -6.257431973062143697e+03
-2.329317004950067712e+03 6.627150449800146816e+02 -4.997647420556279030e+03
-2.053091045351639877e+03 -4.122753375322730562e+02 -6.752041554546056432e+03
-3.423653925121517204e+03 2.838922808485000132e+03 -9.200450748181101517e+03
-1.929148919555840621e+03 4.694906657350496744e+02 -5.397308738361420183e+03
6.269473080232374969e+02 -1.736432582687242757e+03 -6.453765767994636917e+03
-1.351869232780127959e+03 1.807390490621536856e+03 -6.177194980558329917e+03
-1.483214154178765966e+03 8.459923973697484598e+02 -4.568204499640486574e+03
-2.877710235362537333e+03 -3.922496531417195456e+03 -2.422847498553422156e+03
-1.602827701425462919e+03 1.196297865030897810e+03 -5.406102658588559279e+03
-2.076331571286457802e+03 1.888261588796022124e+03 -6.939247817851315631e+03
1.041652922619502306e+03 1.769410422116783366e+02 -5.896119593641468782e+03
-1.338448508135565135e+03 -4.970529391630009286e+02 -6.038961793864817992e+03
-2.666879642278037409e+03 1.932772360693628343e+03 -5.551416403877948142e+03
-1.768824758002412864e+03 1.125208616069165146e+03 -7.020835683827667708e+03
2.914092380509007398e+03 1.301629151253454438e+03 -5.440797511088322608e+03
-4.127243011324331405e+02 1.593751008431908303e+03 -4.881135097465768922e+03
-5.864875467959439447e+03 2.753636634242652690e+03 -4.394912340987995776e+03
-2.400279029135881501e+03 2.064679331898806595e+03 -6.408121688595811065e+03
-2.312185715484760294e+03 2.049032384423978783e+03 -6.351640829133333682e+03
-7.104107529917754391e+02 -7.017875044600708634e+02 -5.523525721707443154e+03
-1.007087860444797570e+03 1.349728805964544449e+02 -6.404664368061009554e+03
-6.985341158768771948e+02 9.097629598124691483e+02 -5.651220538058791135e+03
-3.657238868890671711e+03 -1.749883840450676144e+04 2.187617199955747765e+03
-4.006395935683076459e+03 4.325847006532544583e+03 -8.524168685218566679e+03
-3.811349924695685331e+03 3.016729201149165874e+03 -3.001091355182654752e+03
-1.980379248537984950e+03 2.373214875902212952e+02 -5.649694576932429300e+03
-6.125397840646428449e+03 3.146397039267973469e+03 -7.052560183801980202e+03
-3.004144015150503947e+03 7.061888878909824143e+02 -6.640595046200579418e+03
-1.700447739145024798e+03 1.965042244849163126e+03 -5.520173341280890781e+03
2.099962246778441113e+02 -9.134143945587773032e+02 -5.596240403338833858e+03
-2.257374227032409181e+03 -1.312400952278301247e+01 -4.838505503853422852e+03
-3.234506170053575715e+03 1.062025106387670803e+01 -5.112836185902661782e+03
-6.757090731110685056e+02 6.021095004677523548e+02 -6.005730984672330123e+03
1.798181676635195117e+03 6.044428050132912631e+02 -5.737544524254041789e+03
-5.213538760321860536e+03 2.771885382632235178e+03 -6.928708394486906400e+03
-1.338771016656397933e+03 4.997276421840649618e+02 -5.714448164918876500e+03
-6.849001904907031530e+02 3.163954380803619415e+02 -6.016457057305615308e+03
-7.548672275138160330e+02 -1.926012193878842254e+03 -4.904845792352075478e+03
-1.655550224981077554e+04 4.971338114972685617e+03 -1.977830161396180074e+03
-1.779880757287281540e+03 -1.521106224739257868e+02 -5.245392535679778121e+03
-9.111188821534577755e+02 -5.501186193774367439e+02 -5.744248839357950601e+03
1.954290419719492775e+03 -2.138215953006726977e+03 -7.021962927104447772e+03
-2.503568330377922848e+03 1.028747760280964712e+03 -6.738048575899960269e+03
-2.461183597794251455e+03 8.345740359495280245e+02 -6.109562252224365693e+03
-1.245462321017494787e+03 -7.204598104633927846e+01 -6.118282252344559311e+03
-4.011876255592250345e+03 2.359915278060063883e+03 -4.271579654281377771e+03
1.820622905425101408e+03 -4.373105533542791818e+03 -5.695323604118655567e+03
-1.479474312016228851e+03 1.454343772094882297e+03 -5.524445834356839441e+03
-3.155396939894154684e+01 2.668191853824496320e+03 -3.583479497459602044e+03
-9.432630057040973952e+02 -1.225899089272721199e+01 -6.086532876167717404e+03
-2.313620070306928028e+03 1.387715329544505948e+03 -6.111199914888465173e+03
7.346597454807093754e+02 4.588456038447039873e+02 -5.031160643636929308e+03
-1.649099095724379822e+02 1.213452899359517687e+02 -6.004351861509497212e+03
-1.392884489381713138e+03 9.669450702541890905e+02 -6.589938535855626469e+03
-7.584116314884488474e+02 1.065131764043512021e+03 -4.890219670993904401e+03
-1.802029225973314396e+03 8.801536644542042040e+02 -4.585487489970340903e+03
-3.125318053651921218e+03 8.699033272306559184e+02 -5.712378730776697921e+03
-1.345691332034155494e+04 3.027693152558975726e+03 -3.177704349214141075e+02
-1.406620296523578645e+03 4.707514529726512365e+02 -5.383053580255982524e+03
-2.329294289077644862e+03 8.870776686802059885e+02 -5.590465977942179961e+03
-9.215281630958077130e+02 7.368582108962465327e+01 -6.057355023903081928e+03
-1.065685671900487705e+03 -1.186104264792125832e+03 -6.072277358497036403e+03
-6.174321027448586392e+02 9.198372245556064399e+02 -5.300407010260069910e+03
-3.486037680975899548e+03 3.421519601091036975e+02 -5.663074369471608406e+03
1.606957629513539132e+03 -2.814664252781529285e+03 -7.092722139280341253e+03
-1.713236725958427314e+03 1.060223946445930551e+03 -4.293923908623801253e+03
-8.261614428923581727e+03 3.187039660691655627e+03 -5.800274888773123166e+03
1.692090447572990115e+02 3.042147913713146750e+02 -4.645186378647786114e+03
-1.686743376313776480e+03 -1.321632729992885515e+02 -5.276385370712691838e+03
-2.158678351954111804e+03 2.001413830735700685e+03 -5.255333951785011777e+03
-5.960039040645542627e+02 1.194902805626533336e+03 -5.517365665563139373e+03
-3.030875354259856067e+03 4.104842914532433724e+02 -5.623298462589510564e+03
-1.955707361098936644e+03 7.088636971516825724e+02 -7.246366601815256217e+03
-1.361900187613504841e+03 -9.810900224413301203e+02 -5.636711199306913841e+03
1.852000472867916642e+03 -3.693437995764333664e+03 -4.605882989776548129e+03
-7.782757901698787464e+02 -1.347807529831337661e+02 -6.123719175233146416e+03
-5.064690839291581597e+02 1.231454405586790017e+03 -5.643361709627588425e+03
-1.219690820973015889e+03 -8.329996630276286851e+02 -6.224871303274997445e+03
-3.626713807140193239e+03 1.632390390690741242e+03 -6.299923991222302902e+03
2.636537536940981227e+03 -2.207706063769893717e+03 -4.708636648872215119e+03
-1.360697275869911209e+03 -1.350968551928366651e+03 -6.111122832782666592e+03
6.297586447388310944e+02 4.971779436912717074e+02 -4.988913196779185455e+03
-2.728587633873534287e+03 1.074104845685520559e+03 -5.313302506107925183e+03
-1.603216484635361667e+03 3.563284984237233857e+03 -5.602676567281577263e+03
-4.287525055466368030e+03 -9.406468100658690901e+02 -7.519868380799913211e+03
-8.986455953782256074e+02 -6.699980457756892065e+02 -5.920715546341059053e+03
-9.207453348849066970e+03 6.828278460026828725e+03 -5.300227895349372602e+02
-1.153066758412506942e+03 1.187328302944359848e+03 -4.776110866351031291e+03
-1.471237235164132017e+03 1.755256710932433862e+03 -5.356787128305336410e+03
-1.330100463064134374e+03 1.244770666483209425e+03 -4.498756787655290282e+03
3.518360778977018981e+02 4.912255834393648684e+02 -5.047425527044911178e+03
2.419368767144980211e+03 -2.584101162328019655e+03 -3.837011328343734931e+03
-1.654289398246400197e+03 9.689859076873038930e+02 -7.167395068799279215e+03
-1.341527845820993662e+03 -4.964083430330284727e+02 -6.415164199457766699e+03
-1.044590740143449148e+04 7.195878307168948595e+03 -1.912487365072914372e+03
-2.977411916566145464e+03 1.615112567409894950e+02 -5.799330946794219017e+03
-2.417118485750603213e+03 1.877670928818687116e+03 -5.053680218728455657e+03
-2.929944740478443236e+03 4.091066201552606572e+02 -5.609234483909704977e+03
-1.359363284356608574e+03 -8.292273773529883556e+02 -4.971080492370908360e+03
-2.224077213076311637e+03 9.895878961898248463e+02 -5.931602789191095326e+03
-2.017776362130946609e+03 1.719852734506287106e+03 -3.958166308225559078e+03
-1.497879709002881555e+03 1.665397659715618829e+03 -5.324196277331466263e+03
-2.729871166273805102e+03 9.962125020155972379e+02 -5.414439636618491932e+03
-5.130276829196031940e+03 1.207682454551309547e+03 -2.861000319410907196e+03
-2.912566672850188115e+04 -1.696323856072643321e+04 -6.971778333283888060e+03
-4.078372621443238586e+03 4.261742290112355818e+02 -6.381441569822482961e+03
5.872249462342020934e+02 -8.923136415807377944e+02 -5.215792065888022080e+03
1.320603786327239277e+03 -1.233388860338831591e+03 -1.710857440625752361e+03
-1.554213498270050650e+03 2.074011511082412198e+03 -5.212147059588315642e+03
-2.002615445702943589e+03 -1.162252767663450868e+03 -5.961010574938783975e+03
-3.798639149285401800e+03 2.216245874572892262e+03 -4.425689108401061276e+03
-2.382986387293598909e+03 1.975162593247414861e+03 -5.081541378127875760e+03
-5.615936031571354761e+03 1.240060577241164765e+03 -6.756609434549413891e+03
-2.119194420740462192e+03 1.493016356019590148e+03 -3.827101570923650797e+03
-4.432886596743768678e+03 -3.659463922009388625e+03 -6.134685538255628671e+03
-1.786396920383344650e+03 1.174759718213132601e+03 -7.202314105787391782e+03
-5.059382936953597891e+03 -2.568464393114394397e+02 -4.096731353685900103e+03
-1.558547735075169385e+02 1.155159582256305839e+02 -6.169339061628940726e+03
-7.774497362521799005e+03 1.158577590206046125e+03 -6.007803439299876118e+03
-1.679563623084846768e+03 -2.387408639003995177e+03 -6.439253231744994991e+03
-1.493138072899334929e+02 6.380396924822182427e+02 -4.865836051181531730e+03
-8.960862704229298288e+02 4.214864645378889691e+03 -5.116170327893628382e+03
-1.559000101827064100e+03 -3.067693083021601410e+02 -6.009846074651954950e+03
-4.328793829672565607e+02 9.496978917459318836e+02 -5.782826696419410837e+03
-1.790043797473772884e+03 7.797791645074047437e+02 -7.226531513201350208e+03
1.470566174105398886e+03 -4.080662366391261912e+03 -4.045424251463293331e+03
3.001585458970389936e+03 -1.924339621408494168e+03 -4.407908395921885131e+03
-2.045015133326493469e+03 -1.205740894198928117e+03 -6.156902432954371761e+03
-5.389743631710276532e+03 9.053754226147591453e+02 -6.542460857318824310e+03
-3.548948833977528011e+03 1.675898995993836479e+03 -5.958224466707121792e+03
-3.979822109231446120e+03 2.011140009325469237e+03 -6.726400609332137719e+03
-1.200799648076194899e+03 -1.440077707306005323e+03 -6.110561154254231951e+03
-1.912145904814098003e+03 1.617512981643407329e+03 -5.435753121272598946e+03
-2.410825809938608472e+03 9.098212189383446002e+02 -5.786063679378778943e+03
2.293816595477438113e+03 -1.593105636789574191e+03 -4.794683075335972717e+03
-2.642057263843898909e+03 3.194794492761031506e+03 -5.618341457235027519e+03
-3.586349196355972708e+02 4.649070460639018165e+01 -5.905851341715777380e+03
-5.800433066086263352e+03 -1.667502388264426600e+03 -3.380983402441027465e+03
-2.197425835320770602e+03 1.800919175427060054e+03 -5.137085283483424973e+03
-2.102710218052696746e+03 1.814347660971869345e+03 -4.487229044252307176e+03
-1.250533096160635068e+03 5.871691666585832081e+02 -4.714410094651791951e+03
-5.625468533221926464e+02 -1.753414971696175257e+02 -3.112166133783618989e+03
-1.651908220822984958e+03 -4.103118511013337866e+01 -5.306019854738285176e+03
-3.717109205067090443e+02 2.169928294483679565e+01 -6.236964456053549839e+03
-1.521011680200470892e+03 1.029256461662688480e+03 -5.182677397658811969e+03
1.504442942002955306e+02 -4.183617305173536352e+02 -5.887734251273245718e+03
-1.553292237917334205e+04 3.734841514936118529e+03 -1.688252168091344174e+03
-7.360981377081217261e+02 -1.373579638036276947e+03 -5.290974028381799144e+03
-2.092943335502154696e+03 1.711712420937902834e+03 -5.325156647333784349e+03
-1.943139812983535194e+03 2.010100904235924190e+03 -4.222587727101034943e+03
-6.370448428641053397e+03 2.423852564400614938e+03 -7.322725232986605079e+03
-8.171135877364686166e+03 5.879752216929987298e+03 -2.278282251318836188e+03
1.725362235913883069e+01 -1.272082659943094768e+03 -5.029159147381341427e+03
-3.183007412629511236e+03 4.098805466010773671e+03 -6.081770125877093960e+03
-1.063456883789564381e+04 6.565374311355638383e+03 -2.642308737583596667e+03
-1.653718210381383869e+03 -8.953606270102952749e+02 -5.685807533324657925e+03
1.748556579001827913e+03 -3.951182282811525056e+03 -4.666516813495512906e+03
-2.036479083407995131e+04 -1.231885874881578047e+03 -3.202708358663758645e+03
1.975003406414157553e+03 -2.745049592625262449e+03 -5.122451243819052252e+03
-5.217871576673413983e+03 2.863406296872427447e+03 -6.657105823986546056e+03
-2.524804829940816944e+03 7.943780037335670841e+02 -7.118992730876800124e+03
-2.627322821723048037e+03 1.746261927192236044e+03 -5.829074054287456420e+03
-3.641859313249849947e+03 2.674247644850698180e+03 -6.565638467449114614e+03
-2.687742283057149848e+02 -5.027360184728227068e+02 -5.362971993084015594e+03
-1.368445285446933212e+03 1.011737913308980524e+03 -5.265331636999770126e+03
-2.993439362189178155e+03 3.809611021938709655e+03 -5.830098863591621921e+03
-1.740658668487762770e+04 -2.020025457268311584e+04 -1.062833353261581760e+04
-1.087241829208187482e+04 7.417220821420947686e+03 -2.503056049861798328e+03
-1.697930521922388607e+03 2.314726161954635700e+03 -5.334773634304176994e+03
-6.861960517807412998e+02 -1.799946167987792478e+02 -5.687047590888129889e+03
1.480639635059918419e+03 -3.013852183595166480e+03 -4.892898799095610229e+03
-1.094424301641799502e+04 7.378988576141845442e+03 -2.322804572435436967e+03
-3.433199403132765383e+03 1.133147262213004524e+03 -6.449314588509769237e+03
-3.031569283395725051e+03 3.661447415316142269e+03 -6.205301934501525466e+03
-1.721252339968437082e+04 -5.533508582509412918e+03 -8.058849876066322395e+03
-1.797486274608103486e+03 1.590817370068886703e+03 -4.192776990952573215e+03
-5.893735252531901097e+02 -4.238305081399956180e+03 -5.126693015808345990e+03
-1.588251331667644081e+03 7.639346505493977020e+02 -5.832572006034590231e+03
-6.704331748277270435e+02 -5.498277620536295217e+03 -5.553932008912972378e+03
-7.769120405789690267e+02 1.863401116390148218e+02 -5.640749855073288927e+03
-2.680139086181311541e+03 1.976824029477523936e+03 -5.948762856337517405e+03
-1.210986866516945611e+03 -3.297874032755509688e+03 -5.572652364191475499e+03
-1.315937024357595328e+04 7.342628831056270428e+03 -2.619772525020142439e+03
-2.466199446274546062e+03 2.149314332960078900e+03 -5.711705167795405032e+03
-6.051852319481069571e+03 3.724663420107987804e+03 -5.250055807635492783e+03
-1.351121600608614472e+03 5.595756095930321408e+02 -5.358571911006579285e+03
-1.690515930197560374e+04 -1.688341010785553954e+04 -9.480892170935110698e+03
-3.607150980888026425e+03 1.954039732453167971e+03 -6.703114176620077160e+03
-1.916104508523760160e+03 -1.404643093630322255e+03 -4.606443350946287865e+03
-1.000363210104709765e+03 -1.337069417467709172e+03 -5.756338171167428300e+03
-1.628010087434478010e+04 -2.744231119212981866e+03 -7.032133262260187621e+03
-1.803594038617209662e+03 -1.023682413473795236e+03 -6.171620329509874864e+03
-2.188408571380348349e+03 1.983392156052694418e+03 -4.799241361624708588e+03
-4.044039114659757615e+03 3.433984971386467805e+03 -6.355821299963959063e+03
-1.428874698528902809e+04 9.355997833441862895e+03 -4.218180550551041051e+03
-3.911388028246851718e+03 3.243377024874348535e+03 -3.617625675184315696e+03
-1.355666957478405948e+03 1.522086473416651415e+03 -3.993245103827944149e+03
1.240493713262599158e+03 -9.089966278996729443e+02 -5.005706123957475938e+03
-2.269939782408057908e+03 1.836200441558016337e+03 -5.725586574752904198e+03
-2.578027942529024585e+03 7.426560432647777361e+02 -7.041369047749688434e+03
-1.550308570923426942e+03 1.827891029631853144e+03 -5.347009045038935255e+03
-3.564214729896323661e+03 3.861543847416256085e+03 -6.287256327093836262e+03
-1.293038373535786013e+04 7.620230245864080644e+03 -2.790118158221085196e+03
-2.521027422401593867e+03 -1.758864197252713439e+03 -4.511007526828132541e+03
-1.907642493768446684e+03 -1.131478336854122517e+03 -7.008746075131481120e+03
-2.595788965528122390e+03 1.753110474107938444e+03 -5.806692640066317836e+03
3.606808636263388053e+03 -1.671957828512387323e+03 -6.656444911915400553e+03
-9.749135216494352790e+03 4.834716079594641997e+03 -2.550726482384061001e+03
-2.777135631024993472e+03 3.907827074573406207e+03 -6.174815922927711654e+03
-2.381130945430663814e+03 2.366461675352205930e+03 -5.615568873140127835e+03
-1.569045025866208562e+03 6.638952775972090876e+02 -6.818029550675189967e+03
-7.731111116440804381e+02 -1.819033781720745537e+02 -5.906522852316627905e+03
-2.630888503631385447e+03 1.819181439812543658e+03 -5.790557360777297617e+03
-4.763280699441088473e+03 2.863819955865666543e+03 -6.694295442413567798e+03
-1.146044224243867120e+03 4.089748874634856293e+02 -5.378677991205501712e+03
-1.146141753473989866e+03 -1.554276271405348780e+03 -5.319367232443849389e+03
-1.524568213864627751e+03 -3.557662955688054808e+03 -3.444534271608396011e+03
-5.270134625515294829e+03 4.778513099138554935e+03 -3.484007305752051252e+03
-2.497161117059418757e+03 1.606250460582582036e+03 -5.830822783106735187e+03
-1.380084625497475645e+04 -2.118673219912941022e+03 -6.548451402327318647e+03
1.627053576665423407e+03 -4.010109537120150435e+03 -4.482061204785667542e+03
-4.047734613232890297e+03 1.141904971470448572e+03 -3.554366323566991923e+03
-8.389418189039636218e+02 1.114114813657400873e+03 -5.396467251314081295e+03
-5.776227917733915547e+02 -3.774011710671960373e+03 -4.723340511376383802e+03
-5.032366321447360633e+02 -1.161704237096475708e+03 -5.376154078862969072e+03
-1.548760224488919812e+04 -4.017403589984189693e+03 -7.224677004704218234e+03
-1.593372366703597618e+04 7.081784973916567651e+03 -3.384964663370124981e+03
-2.533767871539358566e+03 1.806374645480330400e+03 -5.917336097129812515e+03
1.265100498166881152e+03 -4.712436737411503600e+03 -5.809343203777302733e+03
-1.385961558994372899e+04 7.749222694688637603e+03 -2.855948740563051615e+03
-2.091717060824088549e+03 1.190345445091157217e+03 -5.942964872332080631e+03
-2.644400107158171068e+03 2.461217893784274565e+03 -5.946885445630750837e+03
-2.645059187973641656e+03 2.377333296077167233e+03 -5.827468894422774611e+03
-1.580698830215299495e+03 2.792988439677599217e+03 -5.378089536425252845e+03
-9.781871136406742153e+03 6.894442562283048574e+03 -2.772209349127051610e+03
-2.223045798796284544e+03 2.627020895002146972e+03 -5.670884893897720758e+03
-2.202385002857971813e+03 1.037049524534727880e+03 -6.374534489106287765e+03
-6.281788121026173030e+03 -4.023320770100642221e+03 -6.047381882752157253e+03
-1.146603903777999403e+04 7.582037090648517733e+03 -2.579265178078157987e+03
1.081047041418557455e+03 -3.117331506228219041e+03 -5.254522917515064364e+03
8.920209905590606922e+02 -4.408353700763434517e+02 -6.128552720875913110e+03
-2.811873141929278972e+03 -1.223974665401562561e+03 -5.972124782456296089e+03
-2.432828172384352001e+03 2.549547977016744653e+02 -6.033250587093349168e+03
-2.450141263323013391e+03 2.281728365136395496e+03 -5.696357477260346059e+03
-2.675584851089312451e+03 -1.351093645593152814e+01 -5.898683548059190798e+03
-2.111999664739518721e+03 9.080120938993663913e+02 -8.789607348174742583e+03
-2.771922642199804613e+03 2.140852526230888998e+03 -3.841808923142126787e+03
1.600409290741786208e+03 -4.864919660096796179e+03 -4.776815760166105065e+03
-1.054601512268100805e+03 -1.374689901724821993e+03 -5.254326400480574193e+03
-2.495258554493175325e+03 2.331080426753312167e+03 -5.919649645939278344e+03
1.283531592630980867e+03 -2.289322090736813152e+03 -5.039533745176815501e+03
-2.426701661890523155e+03 -7.813760308501906366e+03 -3.479687974496299830e+03
6.553371006803961336e+02 7.043056077750871736e+03 -7.922256694278137729e+03
-1.594800425749181613e+03 3.552110788736329141e+02 -4.571180073979086956e+03
-5.707076931714540251e+02 2.377649874039058432e+03 -4.504510209925861091e+03
-2.617184766111567114e+03 1.633900229986672684e+03 -6.366470546540468604e+03
-1.499136423217122683e+03 2.837267189069963251e+02 -4.938824352904058287e+03
-1.022175690510355025e+03 3.954258469349720144e+03 -3.535774809084844946e+03
-1.595591943759745391e+03 1.135556776352871111e+03 -5.490547875677310003e+03
-1.719055120847976013e+03 7.387943970782465613e+02 -5.530726623728305640e+03
-4.481081980495999346e+02 -8.315964929917083282e+03 -3.077903779412108179e+03
-1.028263119453514719e+03 8.098845286637128993e+00 -5.084831265950334455e+03
-1.571681560885259387e+03 6.268925002550211047e+02 -4.683637810148298740e+03
-1.385242308350438861e+03 4.748767330045610606e+02 -5.608646959362674352e+03
-1.835214697547641208e+03 1.008256115124476082e+02 -7.126813722865374984e+03
-1.628053555773435392e+03 1.114563341815894773e+03 -5.778617921289376682e+03
-3.442350111694966017e+03 3.281701116318875393e+03 -4.323391789179673651e+03
-1.633531066927193706e+03 1.157822891486733624e+03 -6.113652637901763228e+03
1.710402293864444800e+03 -2.276390648407760636e+03 -7.066023211852901113e+03
-1.736214967634317645e+03 1.294349273579950932e+03 -5.908496255776200996e+03
-2.059393204141466413e+03 4.970493576641641084e+03 -6.478978102581903840e+03
5.219312121884363478e+03 5.025357870675094091e+03 -1.495369817430258263e+04
-1.655877653054013990e+03 1.141837135812928182e+03 -5.560559556161550972e+03
-1.608751250482696150e+03 1.098693383637202487e+03 -5.382693339085335538e+03
-1.669828577803400094e+03 1.229340868484351631e+03 -5.837787282625025000e+03
-1.240406411846836818e+03 6.989796501342127613e+02 -4.459523511137028436e+03
-1.840365964794066940e+03 7.899091828128381394e+02 -6.364160912892311899e+03
-1.883832619480330095e+03 1.770251995783704842e+03 -4.976015538111463684e+03
1.358908145341450290e+04 -1.942560119654775917e+03 -7.245928433011915331e+03
-1.629574069913315043e+03 1.675014260732373828e+02 -4.726118707650760371e+03
-1.070872497255126291e+03 3.627508547015892759e+02 -4.970525764595017790e+03
-1.189201817523284490e+03 2.440473767974523071e+03 -3.967641117025980293e+03
-1.131548334979172751e+03 1.795382477248278974e+03 -4.500085302384839451e+03
-2.744761882804846664e+03 5.622970063225570811e+03 -5.713164786920840925e+03
-1.142643717001295045e+03 3.873918519087031882e+02 -5.147049016072231097e+03
-5.367798355325483499e+03 -3.714607150259393620e+03 -5.959657964802413517e+03
-1.699219047746858450e+03 1.287808329462590791e+03 -5.828065317771124683e+03
-1.681474746365694273e+03 1.128282843222506699e+03 -5.503472034754610831e+03
-2.168530393515417927e+03 2.812325273946324614e+03 -2.871982764695806964e+03
-2.629304887095948288e+03 -7.508557729617973564e+03 -4.107177541291754096e+03
-1.435920868264839328e+03 1.729639438769527260e+03 -6.065977209734602184e+03
-1.643809260477234147e+03 1.294502642540248416e+03 -5.897924578410037611e+03
-1.611739386957124452e+03 1.106652635197371865e+03 -5.456875057362907683e+03
-1.455344505800968136e+03 7.173985829564680898e+02 -5.038937707315264561e+03
-1.647183166827451487e+03 2.260990026824411814e+02 -4.662736536111235182e+03
-1.508029594847625731e+03 8.775800072723753829e+02 -5.270627851580368770e+03
-1.452368288075280589e+03 5.058920619061246953e+02 -4.858139990404845776e+03
-1.522683245600303508e+03 2.967368691608788822e+02 -6.691681697820777117e+03
-3.003812251536908207e+03 3.268847743313157935e+03 -7.368305209248284882e+03
-1.755924627735049626e+03 9.523097792892008329e+02 -5.199812598997154055e+03
-2.132455263374090464e+03 1.212107456774350339e+03 -6.112365838034839726e+03
-1.366064052942959734e+03 2.737354561733180844e+02 -4.721303884891010057e+03
-1.072010084554282912e+03 -8.314431999305492354e+03 -3.093742012597812845e+03
-8.377193999983608137e+02 -7.470774381855009779e+03 -3.435910294945627356e+03
-1.794883818221391721e+03 1.187984795658658641e+03 -5.635013645842897859e+03
-1.844906472135217200e+03 1.018062373121347036e+03 -5.496229731455649926e+03
-1.898511543477022542e+03 2.875693313485933231e+02 -8.094057064262624408e+03
2.086788179257530828e+03 6.081299090282901489e+03 -2.728156189972921857e+04
-1.610751963574468846e+03 8.284934728700640107e+02 -5.409979254327730814e+03
-2.064024165895129954e+03 1.390996560312942620e+03 -6.413837213489165151e+03
-8.936511142009187552e+02 4.038324053492573512e+03 -4.149049797798100371e+03
-1.788666857713645868e+03 1.327763617724993537e+03 -6.377608933314778369e+03
-1.506231769195948800e+03 7.131904778201850377e+02 -4.617705620507120329e+03
-1.674877107441691578e+03 7.582493966186098078e+02 -5.322921691149326762e+03
-1.526578850871587065e+03 7.588368526848224747e+02 -5.355887385034423460e+03
-1.542119589470874644e+03 5.851065763619359359e+02 -4.525920157032452153e+03
-1.664692125936029242e+03 1.226838900212136650e+03 -5.846825872086471463e+03
-1.854784682317201487e+03 1.192600445490542143e+03 -6.518554851511382367e+03
-3.011685198890298125e+03 3.585741096784182446e+03 -3.581208407157138936e+03
-1.619526984683336650e+03 8.177555140842630408e+02 -5.217849074202366864e+03
-1.495859136827195925e+03 1.101453644828503457e+03 -4.210950339496338529e+03
-1.661897734525668966e+03 1.243835736002710973e+03 -5.705098976035084888e+03
-2.822175028788368763e+03 1.871203393324693025e+03 -6.490115701635556434e+03
-1.001706541636136080e+03 7.987060275796752649e+02 -4.395458691392440414e+03
-2.231466468532414183e+03 1.315988647133762015e+03 -6.933635181592124354e+03
-1.609229543958248087e+03 1.037501432613426005e+03 -5.467117009292844159e+03
-1.699643874958277820e+03 8.581760951491265814e+02 -5.413985472173006201e+03
-2.343249793287428474e+03 1.546471544595476644e+03 -5.605484292496155831e+03
-1.838593363489116882e+03 9.721106556608267510e+02 -5.938116443362233440e+03
3.558285982520655580e+03 1.231338654024517200e+04 -3.256481627595225291e+04
-1.689931655696757616e+03 1.030328871537886016e+03 -5.748722970458890813e+03
-1.749202717000967823e+03 8.149403308957951140e+02 -4.913589274755384395e+03
-2.745472107824859904e+03 1.351660826549381909e+03 -6.947497439549596493e+03
-1.172832506078735605e+03 3.422097962472140807e+03 -7.211830970909504686e+03
-1.759160287920717337e+03 -5.085743082039982710e+01 -6.595671684499211551e+03
-1.480291698032924387e+03 6.760117339279095177e+02 -5.664025900213222485e+03
-4.516680177967326927e+03 1.498804847049187856e+03 -5.138025326902745292e+03
-2.265535114542127758e+03 3.317087461345548490e+03 -2.634829981522713751e+03
-1.371743237904677017e+03 1.106339180159226316e+03 -5.372913701445049810e+03
-1.538513275691219860e+03 9.466828965005229293e+02 -5.916610546204652564e+03
-1.588307270066479759e+03 2.855548807604317858e+02 -4.649105808521397194e+03
-1.560889777749042878e+03 9.592640030312862791e+02 -4.969202760641285749e+03
-6.881531736847136926e+00 -8.884602584812340865e+03 -2.763352452067224021e+03
-1.726483688047913120e+03 7.060722319276604821e+02 -4.720644332708648108e+03
-1.673082721629022899e+03 7.931026849165864405e+02 -5.606930762689565199e+03
-1.482085131567874896e+03 5.622035363954835248e+02 -4.534535378723378017e+03
-1.568952387012123609e+03 9.801601903437800729e+02 -5.264012586286150508e+03
-1.416968228418889566e+03 2.845989251581755752e+02 -4.873094678747220314e+03
-1.583123832173565461e+03 1.115963169814250932e+03 -5.646423936349247924e+03
-1.229333830251500558e+03 1.509443800197542714e+03 -4.110672635040476962e+03
-1.831130824809788010e+03 1.080699298241181623e+03 -6.547180477818470536e+03
-5.683423076219309223e+03 2.360525213077709168e+02 -4.372837150743906932e+03
8.686786151657628579e+03 5.847205469320909287e+03 -3.957812916019811382e+04
-2.005875385756415199e+03 -6.316683481861994096e+02 -3.018237563542521912e+03
-2.496557277912025370e+02 1.486495799699228257e+02 -6.583813959363879803e+03
-1.109503046698822800e+03 3.606974345940121225e+02 -6.610496329994164626e+03
-2.394791804551224459e+02 6.922534496872153795e+02 -4.077141755053074121e+03
-2.169564665827706904e+03 1.988984379089777349e+03 -1.030298707744939566e+04
-1.129171054416435254e+03 8.773617522667116191e+02 -3.860972859273359063e+03
-1.614389822534400764e+03 8.725163084122320925e+02 -5.304061034009777359e+03
3.832776681529439429e+03 -4.943693911728080820e+03 -3.376933925874929628e+03
-1.113716629315727232e+03 3.184161330113794293e+02 -5.116141682823869814e+03
-2.178812987514194901e+03 2.521721645003735830e+03 -2.677046076592637746e+03
-1.576559123262721414e+03 1.799845722476249534e+02 -5.022644510715963406e+03
-1.287779552026352803e+03 2.586466593454579197e+02 -4.586829777982226005e+03
-1.967744870438077669e+03 1.456041958590467630e+03 -5.098312608658140562e+03
-1.780129104895721639e+03 3.675359918229005416e+02 -5.938521321792279196e+03
-1.187959430101062480e+03 5.649244780939575605e+00 -4.971484570692689886e+03
5.766901394636666737e+03 -4.734740860098685516e+03 -3.213222868110515265e+03
-6.611459423528069237e+03 9.389390008047945457e+02 -3.572992568211946491e+03
-4.712870502833650789e+03 1.113361495237859117e+03 -2.981299481819613447e+03
8.867938109980290392e+03 -5.635439096641194737e+03 -1.116633508861884184e+04
1.182081937931201310e+02 4.813414663927146648e+02 -5.206047811514593377e+03
-1.017775218437870535e+03 -1.641870561232728392e+02 -5.221953942576009467e+03
-4.459963015089791952e+03 2.968005809488209252e+03 -3.014985166027574451e+03
-1.337720655831198656e+03 2.320824399152427873e+02 -4.724460589502081348e+03
-1.934217833251169395e+03 1.102891893467333375e+03 -5.890418530135555557e+03
-1.534943366172813967e+03 8.288583825143525701e+02 -5.642845247666374235e+03
1.911605398246257027e+04 3.422525716721398567e+03 2.422210492398652377e+02
-3.542746241892402395e+03 2.445724879202015472e+03 -2.902145027920417760e+03
-1.552527716872678866e+03 -2.594334175908524003e+02 -6.245426891899688599e+03
-1.943483753151235078e+03 9.130085636155779412e+02 -6.355262938451662194e+03
6.423459548337357319e+02 -1.017845846804441294e+03 -7.314178125036894016e+03
-3.223713027357794090e+03 7.526515258326191997e+02 -4.038274855076737822e+03
-7.349658243922835936e+03 1.459147545629747356e+03 -3.381739574732999245e+03
-1.816420534513051507e+03 6.288358715264919283e+02 -8.487536444075016334e+03
-2.332004641393993552e+03 1.756107480525700794e+03 -5.588566931205366018e+03
-2.616064244013328334e+03 8.665323946660356569e+02 -7.411858995232224515e+03
-1.360864648043459283e+03 2.951495051535048333e+03 -3.934357350820914689e+03
-4.192304934996630550e+02 -2.202812880812292917e+01 -7.529167953774945090e+02
-1.579454197771066220e+03 5.195098687570475704e+02 -5.892219260027963173e+03
-1.322143758451135454e+03 3.776777969460556506e+01 -4.985942249897640068e+03
-3.625080675764465923e+03 2.362612674977467123e+03 -2.842783688828981212e+03
-1.084981079388401668e+03 -1.779571416219384048e+02 -5.004384435973123800e+03
-2.807385734219132701e+03 2.701954899626062797e+03 -2.618298104115945989e+03
-7.866273063413536875e+02 -2.981397920850075707e+02 -7.234651582832899294e+03
-2.395210792372703054e+03 6.367100207579694597e+02 -7.400547402070416865e+03
-1.804799998875107349e+03 1.560666903309104896e+02 -7.275587920808455237e+03
6.105442721249357419e+03 -5.290816672114011453e+03 -2.952844345821450588e+03
-4.372423878885333579e+03 3.031612845307065982e+03 -7.173041161464034303e+03
1.250696027308746636e+02 -7.762003716517187968e+01 -6.031749370658013504e+03
5.125228106464874145e-01 8.404813550650030720e+02 -4.423476951912030927e+03
-5.827667104299004677e+03 2.503425851596195571e+03 -8.498761304983665468e+03
-1.574036888244652800e+03 1.533092744934813027e+03 -7.953013658782474522e+03
-1.573912278800859895e+03 5.604510249894022991e+02 -5.362485948273018948e+03
-1.021812726433281796e+03 -1.040437401178195103e+02 -5.255612367750202793e+03
-1.467762411460771773e+03 1.193793957233378023e+03 -4.342149101641729430e+03
9.600780535786045220e+03 -7.931846946611020940e+03 -1.186069743591242150e+04
-1.456682004162632211e+03 5.211112820778107562e+02 -5.236365045266920788e+03
-2.509236203811494306e+03 1.656190059279181241e+03 -5.957997841651926137e+03
-2.082548938971531243e+03 3.177758830003416278e+03 -9.366396535637151828e+03
-1.457701668500342976e+03 4.632091701847474496e+01 -4.820610373566868475e+03
-1.466831815306321005e+03 1.096292528984443209e+02 -6.851791556346874131e+03
-2.091054208011264109e+03 -1.654908051018594506e+00 -7.546419954543493077e+03
-2.859124930474504254e+03 1.881910083913459175e+03 -6.451281289026705053e+03
-1.002285624516973485e+03 3.474368624321410266e+02 -6.520972470634783349e+03
-1.536197770321425651e+03 7.114132980336288483e+02 -5.086246028049195047e+03
4.558586955039710119e+03 -8.631659662406020288e+03 -1.594995107367934361e+04
-1.596206722660662081e+03 1.506056167558007928e+03 -5.497028832888286161e+03
-1.028593944258995407e+03 1.848341597150892568e+01 -6.789131162530022266e+03
-1.560732810312405718e+03 9.621939890276742062e+02 -5.519148223100375617e+03
-1.129467746795787207e+03 3.824896893166708196e+02 -5.474862556654328728e+03
-1.570962011778698979e+03 1.266764658716234408e+03 -3.317484749882477900e+03
-1.766289280403989324e+03 -1.630084194872767966e+01 -6.421942890186690420e+03
-1.393330054322933393e+03 1.237900681745155907e+03 -5.337565835954530485e+03
-1.135653102360083267e+03 2.795138560442599669e+02 -5.151054454854850519e+03
-1.369443632422741530e+03 7.792337057973509218e+01 -4.809268752058627797e+03
-2.763407396059289567e+03 2.960553281960130334e+03 -8.863354326959666651e+03
-1.637617863730141380e+03 1.028271470581266385e+03 -5.611558208138990267e+03
1.327994192072680016e+04 3.702191502480497547e+03 -1.984031755773258192e+04
-2.799021520556877022e+03 1.661148562361766608e+03 -6.839349210938644319e+03
-4.568414840408540840e+03 3.194305817243443926e+03 -4.902106481993250782e+03
-2.198090038406109670e+03 3.324977992202611858e+03 -9.242008393755535508e+03
-1.672244922109733125e+03 1.348198629822512203e+03 -5.619355570166122561e+03
-2.072204773981032304e+03 1.552744305204833836e+03 -4.633395301530395955e+03
-1.386479624693558662e+03 -1.880386059267426049e+02 -5.175387484534368923e+03
-8.799767062403528826e+02 4.683979406746836958e+02 -3.555220688889853136e+03
-1.535369480018045579e+03 1.038813921315648713e+03 -6.301079203151880392e+03
-1.262517828921569617e+03 2.119214658053409721e+02 -5.066741530793022321e+03
-2.623664202746473165e+03 6.867368483841607940e+02 -7.638174181386906639e+03
-1.715976191065189369e+03 1.563439591076657052e+03 -7.738026324182516873e+03
-2.747988647020127928e+01 6.004219461919731202e+02 -5.449081445007515867e+03
-8.106206277247968046e+02 5.557257764040136863e+02 -4.221068436132849456e+03
-2.950661755782701334e+01 -3.132907888762744175e+00 -5.869324642159005634e+03
-1.611745847100801257e+03 1.147634154707221342e+03 -6.032163620504179562e+03
-2.888862690212650705e+03 1.928987059867921062e+03 -2.858301806874983413e+03
-1.606386556266816115e+03 1.788648534081457910e+03 -9.197026350053856731e+03
-2.002365721712680624e+03 -6.788387822956121909e+02 -3.702241005931862674e+03
-1.220305874502057350e+03 4.530135045892189964e+02 -5.001213599835808964e+03
-2.057448211682127749e+03 1.161606683084437179e+02 -6.690079957017405832e+03
-1.082871794022774566e+03 -2.634958910618699974e+02 -5.209764882629522617e+03
-1.491228501066984336e+03 5.341200591274789986e+03 -2.980720430225664131e+03
1.276157813291989078e+04 -4.546571799033186835e+03 -1.426635585861410254e+04
-4.752385451982518134e+03 5.489380447888426716e+03 -4.191859371786216798e+03
7.136602345087677577e+02 1.193816829576785040e+03 -5.838307817901900307e+03
-2.566966183917626950e+03 -1.088482108558929667e+03 -5.704701917807167774e+03
-4.768109089704056714e+03 5.461523983255696294e+03 -3.951617481693282116e+03
-5.403327013487577460e+03 5.127831861393884537e+03 -4.290160876513614312e+03
8.605757431185486439e+02 -7.772520701603139059e+01 -6.193235584581939293e+03
-1.245610751185551635e+03 3.662296295658661620e+02 -6.695529097445967636e+03
-2.338241634074291142e+03 7.050594496943242575e+02 -7.648803677460898143e+03
-2.193502376642883064e+03 8.189443101727383691e+02 -6.959598474421633000e+03
-1.890949216615609430e+03 6.325029729706056969e+02 -7.144717712333687814e+03
-2.225753479360442725e+03 1.074382453499084022e+03 -5.847944041594258124e+03
-1.225732881510131165e+03 4.265022750195822709e+01 -4.980612613663834964e+03
-1.677647176124442922e+03 1.587458284551460110e+03 -4.765024592603448582e+03
-2.605481649855713385e+03 1.996264147903299090e+03 -4.746423993725134096e+03
-1.279859081429341131e+03 5.699287221984106964e+02 -5.694699029590363352e+03
-1.476422805663542476e+03 2.805918312779087955e+02 -5.202437207760714045e+03
1.025419123041463536e+04 2.979789965138018943e+03 -3.693916641018618520e+03
-5.088433756937263297e+02 1.846348191683785672e+03 -7.536353015602528103e+03
4.667820701794776141e+03 1.057146983287037801e+04 -6.141616652209028871e+03
-2.225564583972057335e+03 1.383212012886524008e+03 -5.869375378859091143e+03
-1.853372514032603021e+03 1.829878651284929674e+03 -5.407094257858890160e+03
-2.020606261478731767e+03 6.765459943968662628e+02 -7.116351497280343210e+03
-2.839289304525724674e+03 2.618586420313380131e+03 -2.641931050980317195e+03
7.900412069127136192e+02 1.273057127816590310e+03 -5.913207248708045881e+03
-8.978610395042253458e+02 4.301739324825309154e+02 -5.318515602029784532e+03
-2.918001385352704347e+03 4.373232016308228594e+03 -2.912907748932918821e+03
-4.675256477039854872e+03 5.536603521798575457e+03 -4.064947761947072649e+03
-2.035489971303858283e+03 6.966716807541395156e+02 -5.359382789683418196e+03
-4.003678745542943943e+03 4.552208453965274202e+03 -4.429576221679581067e+03
-1.777923874168246812e+03 8.728940113251287585e+02 -4.945285700434273167e+03
7.898726845517627453e+02 3.238638085193802908e+03 -6.678213277069196920e+03
-2.447678630730966688e+03 4.662708639186647019e+02 -7.877370074537096116e+03
8.411105578661563413e+03 -6.905939104197245797e+03 -2.137143837985737628e+04
-2.286742783835090449e+03 7.522868981878123122e+02 -6.910606379806768928e+03
-1.284175863111621993e+03 2.862558592338965582e+02 -5.592619305148906278e+03
-2.408716858401933223e+03 1.700234083657551309e+03 -4.158353398569064666e+03
-1.395026953043790172e+03 3.773324065718472411e+03 -3.856578195296690410e+03
-2.983978572487561905e+03 -3.323140592477581322e+03 -4.287730515353752708e+03
-1.934351917085229161e+03 2.337391591358381902e+03 -3.296279211279922947e+03
-1.879945308211697011e+03 2.912137204205303988e+03 -3.762637757916418650e+03
-2.452347011043972998e+03 7.341763026846699631e+02 -7.808661027253538123e+03
-1.867413380456352570e+03 2.129713363497783121e+03 -4.246864754040805565e+03
-1.235752370666394654e+03 3.673309857699883878e+02 -5.670557797367661806e+03
-1.224383883072905519e+03 3.676121818335677744e+02 -5.676452820018011153e+03
-1.225311120219728991e+03 2.187067606607802475e+02 -5.704731580453189963e+03
-1.497546970872543170e+03 -5.128038390894106442e+02 -4.690105957327939905e+03
8.766601660847039739e+02 1.043171715211106630e+03 -5.873062061592977443e+03
-1.266441704948580309e+03 2.140967553999250299e+02 -5.468191665066831774e+03
-2.277169742937599494e+03 9.130328930506102552e+02 -5.677307286598297651e+03
-1.933168105295838131e+03 1.229183138369221524e+03 -4.068878629741851910e+03
1.047720546614799559e+03 3.955260290836904915e+03 -5.929121785423662914e+03
-2.669312860724288385e+03 1.003705888956696526e+03 -7.457600174818808227e+03
-1.277684541244060256e+03 3.760355476270206054e+00 -5.008440136611221533e+03
-3.151423095248409254e+02 9.241815581911165509e+02 -3.578345292227204936e+03
1.775058171964556459e+04 1.163115313417985089e+04 -1.025112936626986993e+04
-2.047369039087808233e+03 9.042665771244974167e+02 -6.564436258621512025e+03
-1.674791166711096821e+03 5.118294500351789225e+02 -7.377354546393227793e+03
-1.141200660514546144e+03 -2.557568976455900156e+02 -5.236337538395095180e+03
-1.314108979338617928e+03 6.785966013328658164e+02 -5.476074519892819808e+03
-2.058004063579126523e+03 2.207355256052502227e+03 -4.188598328215195579e+03
-1.722702432159172531e+03 6.441347655978322564e+02 -6.744184393618127615e+03
-2.487289164407102817e+03 8.685131844674658623e+02 -7.809994121369631102e+03
2.876235153320526933e+03 1.949937476303809717e+03 -5.479454636064940132e+03
-1.879385821074238038e+03 2.748363549078351298e+01 -7.059438173293657201e+03
-1.151448836958644961e+03 2.576407734621935219e+01 -5.145302408171986826e+03
-1.651206961881342977e+03 8.884789543486891716e+02 -4.947004472025438190e+03
-2.049464458180997099e+03 4.874709731774278794e+02 -7.025489890888556147e+03
-2.415506017702250574e+03 6.379537452511035553e+02 -7.827044636731735409e+03
-1.685694638499830035e+03 1.166517793517565906e+03 -5.318559331108543120e+03
-2.161591672722709063e+03 8.570175724802249988e+02 -6.773024713964206967e+03
-3.921858735187791353e+03 5.511410862933194949e+03 -2.818121529895362528e+03
-1.375717049655404026e+03 7.306797158737633708e+02 -6.533325521316123741e+03
-2.099822892173991477e+03 7.781822486666706027e+02 -7.047992399861646845e+03
-2.159888443230931898e+03 1.447654133845810520e+03 -5.266727142791878578e+03
1.414115661929004546e+03 5.364369018599988976e+02 -5.549700600987520374e+03
-1.290567690817158336e+03 -1.073193529315570345e+02 -5.011390392854499623e+03
1.409179764204765524e+04 9.729558607374043277e+03 -1.058294754213960914e+04
-1.368859624051644687e+03 7.672209172122888958e+02 -5.281273680126976615e+03
-2.150559955050985991e+03 8.330555831973151726e+02 -6.758803760973168210e+03
-3.895665214333684162e+03 4.905266126685989548e+03 -3.842595550961174922e+03
-1.883006680633975748e+03 1.716210600070983219e+03 -7.094960729783681927e+03
-1.411925900908061521e+03 -9.597793610921252139e+01 -5.189445037712323938e+03
-1.562373988424995332e+03 1.131796403844323777e+03 -5.874048164472063945e+03
-1.725245377201664496e+03 1.488744564408290444e+03 -3.013317463293185483e+03
-4.728143036552786725e+03 4.920475452917980874e+03 -3.660669518923869873e+03
-2.156402846658339968e+03 1.424934516094760738e+03 -4.921175732588110804e+03
-2.230322338641907663e+03 4.735690065360214476e+02 -8.075346823060784118e+03
4.435236085435369660e+02 -3.441135299862833108e+01 -5.152226012203696882e+03
-2.281011044250821215e+03 9.519310817548088153e+02 -7.438424903312209608e+03
1.050577443501291100e+03 3.270712819321405732e+03 -6.763946358016627528e+03
-1.834107252040969342e+03 1.913291312179003626e+03 -3.372448125651284045e+03
-4.289040953785750389e+03 6.219947852797056839e+03 -3.649421936645957885e+03
-1.986047866925434164e+03 1.600026378707920230e+03 -4.872629868771459769e+03
-2.125407734643295953e+03 8.293510102033856128e+02 -7.368573465547766318e+03
-3.886163384475942166e+03 6.882851630478628977e+03 -3.237080692063517290e+03
-2.087836618370271935e+03 8.603230700887722833e+02 -6.915348824977012555e+03
-1.765303728604178559e+03 -1.400229747729307292e+03 -5.675763829381352480e+03
-2.854074888461138926e+01 5.686365453743690068e+02 -5.330178335201941991e+03
-5.684147314330026575e+02 4.293046802150073745e+03 -6.801511756264559153e+03
1.323768811024334354e+04 1.272256687784581118e+04 -5.657987475368676314e+03
-3.118281143168277140e+03 1.282921679885572757e+03 -6.769286388184274074e+03
-3.362341957185418323e+03 4.809336542186495535e+03 -1.217085920767121934e+03
-3.401216402513754474e+03 2.655907834110053045e+02 -6.357066400612679899e+03
-9.091174941929139095e+02 5.855780756817782731e+02 -4.227609866372233228e+03
2.769460998384264258e+03 -3.869331136232510744e+03 -8.929930924553978912e+03
-2.355002915469090112e+03 1.097309915379252288e+03 -6.775654607471129566e+03
-1.609517857163689087e+03 1.413827112764835420e+03 -4.904894684038529704e+03
-3.688531635897548313e+03 -1.167656925018057336e+03 -5.522825441128407874e+03
-1.874074897805801129e+03 7.740859232721257968e+02 -7.356807488781826578e+03
-2.829568418035670220e+03 4.413152452211201307e+03 -2.260051031971136126e+03
-1.856887749863903764e+03 7.687339962996237546e+02 -5.681084248730623585e+03
-1.652999755890699362e+03 9.672244883987864341e+02 -5.048130983850760458e+03
-3.895359428485816807e+03 4.117096973118322239e+03 -4.133192366134292570e+03
-1.166776581084913914e+03 7.394835974442726183e+02 -4.157553938622734677e+03
-1.437453248856032587e+03 1.129091544329381577e+03 -4.251244356983414036e+03
-1.274722232547203566e+04 -4.294770940270879692e+03 -1.071640053348282345e+04
-1.428837427148084544e+03 3.397474364892597123e+02 -5.508740447407832107e+03
-3.153433148077366695e+03 -8.630224830878407829e+02 -4.510680012732838804e+03
-1.314591661615051453e+04 1.135247146828509176e+04 5.341798891859421929e+03
-3.555922069314848159e+03 2.003080721352373303e+03 -6.340157482463433553e+03
-1.288650678978477117e+03 -5.066641971948818082e+02 -6.864007183797477410e+03
-3.044617093585281964e+03 3.334965951213540393e+03 -2.362669740445125171e+03
-1.750640852414542451e+03 1.144421016960511906e+03 -5.055709213481238294e+03
-1.435386916333840645e+03 1.360948114162604497e+03 -4.918194250122995982e+03
-1.612130241024709903e+03 1.243643955994469707e+03 -4.824343892268096170e+03
-1.825890610529258538e+03 1.227302692811780162e+03 -7.643707258409768656e+03
-1.992066606508069526e+03 2.668455583614993884e+03 -1.811458380257053932e+03
-1.073243455126000526e+03 3.817629254946160700e+02 -4.774302214112760339e+03
-1.768257465045204526e+03 5.588213243633260845e+02 -6.684333150074898185e+03
-1.291345314674401379e+03 -1.535448328055147158e+03 -8.954384846775636106e+03
-2.678059852038516965e+03 -1.097452481547220259e+03 -4.435956718663896027e+03
-1.447697892746983598e+03 6.230048855048553378e+02 -5.581832374078048815e+03
-5.153618360531404505e+03 -6.494897595567285862e+02 -4.135552842516187411e+03
-6.203656891050520983e+01 -1.252309988488663748e+03 -7.499551204251205490e+03
-2.057183162349446775e+03 4.865685058552061832e+02 -7.559299799597459241e+03
-3.473762594353213444e+02 -1.981892712039540356e+02 -5.092093041840353180e+03
-4.671002506137782802e+03 -2.802481442790296569e+03 -5.123318436969905633e+03
-1.909135523071211310e+03 1.318291941527525069e+03 -7.114326182140730452e+03
-1.212772382660954690e+03 9.546328187116700974e+02 -4.134700186973761447e+03
-7.056379916635730751e+02 -1.037361432966817745e+02 -4.958695446732996061e+03
-1.285364129243912885e+03 2.807621369450127986e+02 -5.383635095044030095e+03
-2.094748771062158539e+03 1.127947249793486662e+03 -7.008230986548011970e+03
-1.974786086158332409e+03 5.543787474907576325e+02 -7.540379413352484335e+03
-2.041787606873283949e+03 7.439757695860068907e+02 -5.996276570859010462e+03
-1.290437434131534246e+03 4.024678620703656406e+02 -5.272488997323596777e+03
-1.190357973990269966e+04 -3.344618480059001286e+03 -5.943720390992515604e+03
-2.353388658113189194e+03 3.947918699276989173e+03 -1.903754992565471184e+03
-1.939431985193942410e+03 7.896147940466830732e+02 -6.260607053303931934e+03
3.948763927378532571e+03 -3.975761489640337459e+03 -9.624207517685874336e+03
2.066322566784279843e+03 3.720081148541465609e+03 -7.081914051301397194e+03
-1.019940466738110132e+02 1.878115956441684148e+03 -5.651227546501636425e+03
-1.970868531084949836e+03 1.548156176537607053e+03 -4.987479333764693365e+03
-1.699390149918397810e+03 1.642835738273702191e+03 -5.156694652107516049e+03
-1.157569013952573187e+03 1.143805997937869279e+03 -4.898880360284269955e+03
-1.532682936575664598e+03 1.942686560358254792e+04 5.427101341651193252e+03
-1.745439347798175277e+03 1.509231262122422550e+03 -4.948084374127896808e+03
-1.435360542790011323e+03 9.791605165576522722e+02 -5.346451450281657344e+03
-1.847257422969598792e+03 1.059913770430066506e+03 -7.189643095195322530e+03
-1.912060385994633634e+03 8.425214466209722559e+02 -6.019581387696998718e+03
-6.251735229105300959e+02 -6.719308971890179691e+02 -7.298062609430367957e+03
-1.893019529760564183e+03 7.120573302952218455e+02 -7.138425465427537347e+03
-1.589485377421886824e+03 1.209650952367270975e+03 -4.846618535013589280e+03
3.502898180493649761e+03 -3.626693128774076740e+03 -9.756484802753639087e+03
-2.114322345106901594e+03 7.573157514720538757e+02 -6.708820646662072249e+03
-1.549506663538973953e+03 9.544166948084305204e+02 -5.529222906955847066e+03
-1.438857513547566668e+03 1.088355258384704712e+03 -7.962819714640487291e+03
-3.310000931155431317e+03 6.231326321988834707e+02 -5.921026216171835586e+03
-1.830053958273836543e+03 1.942388422923887390e+02 -7.353045820804733921e+03
-1.851265909709110929e+03 4.344551678129387255e+02 -7.394472993543533448e+03
9.680636729978405128e+03 -6.205725408962223810e+03 -7.930998783622680094e+03
-1.984804856177146576e+03 3.936695290695271296e+02 -5.865587291640276817e+03
-3.501607145861773461e+03 1.768037586197920518e+03 -5.106000169280678165e+03
-1.395059058825779175e+03 1.174111206209083775e+03 -3.796405412647312005e+03
-1.240995398528767964e+03 9.039593658653360535e+02 -4.944539651242260334e+03
2.142280101451545306e+03 -2.946948265922587780e+03 -9.605145870611360806e+03
-1.441448490176699124e+03 3.323314646994963368e+02 -5.315800675910701102e+03
8.661590888442167852e+03 1.639590422795527775e+04 -4.434774663876543741e+02
-1.796475554880559912e+03 7.416287024804767043e+02 -5.194599002806772660e+03
-1.451738990749738605e+03 1.732983448048970558e+02 -6.692940049433189415e+03
-5.956038723243400455e+02 1.827094406503410937e+02 -5.964238984337081092e+03
-3.199575024373499218e+03 1.739205144007766876e+03 -8.655158610808806770e+03
-2.168542856174609824e+03 8.085048001318210709e+02 -7.545088696268386229e+03
-1.167981624050340997e+03 6.826546148567305181e+02 -5.088991956187163851e+03
-1.657730621332947976e+03 1.475687293621772596e+03 -5.788966630063809134e+03
-1.576446402330073624e+03 6.557435561715831227e+02 -8.391422364186040795e+03
-1.326347938763955426e+03 8.462477772339371995e+02 -5.088042276610334739e+03
-1.267861715405054838e+03 1.180078151327439173e+03 -4.897393384053112641e+03
-1.388564846976644503e+03 1.374051934075242229e+02 -6.119065744966491366e+03
-1.611079106330158311e+03 8.798121778282554715e+02 -5.217046034016647354e+03
-2.504725336496629552e+03 -8.120916325035541377e+02 -5.437938541229160364e+03
-2.747157990479188356e+03 1.536367299323785574e+03 -7.070473679432442623e+03
-3.234803424398458901e+03 1.637084627663815354e+03 -7.463216920371040032e+03
-3.119515588651887356e+03 2.873882539493092281e+03 -5.079583076121189151e+03
-2.719791465589149539e+03 1.665043235234158828e+03 -8.875972948948950943e+03
-7.483885293763294158e+02 -1.762374237686855167e+02 -7.072013843568483026e+03
-2.612087085445431967e+03 2.479273853631311795e+03 -3.684001551131892938e+03
-1.120496681917448313e+03 6.235371783320766781e+02 -4.486424160844599101e+03
-1.820558249119661468e+03 1.216524941723886059e+03 -5.272480834046894415e+03
-5.668883913935243072e+03 4.323017226170763934e+03 -3.842365413033777713e+03
-2.403780487396662011e+03 2.124959893540883058e+03 -7.206382594102497933e+03
-3.466099688749043253e+03 8.417881274241238998e+02 -7.048598383854467102e+03
-1.916320553684779043e+03 1.247476356056223722e+03 -6.163327267896342164e+03
-1.457120999410338754e+03 1.315847713398825817e+03 -6.079292137537399867e+03
-1.439702744351263391e+03 1.128113585601208342e+03 -5.935700263219032422e+03
-1.877472164899236077e+03 1.244010901789205946e+03 -6.272443947880071391e+03
-1.355549719588134394e+03 1.258107097215818158e+03 -5.729368530336904769e+03
-1.717332238632490544e+03 5.081278205016462834e+02 -5.322094092559415003e+03
-4.195526406311118990e+03 2.167959877422097634e+03 -4.734070920506859693e+03
-1.767200253374977819e+03 1.275092207599882386e+02 -6.651074461651696765e+03
-1.593921888244075944e+03 1.160938590198539032e+03 -6.215297451750760956e+03
-1.319075940023313251e+03 -2.375475373196246665e+02 -8.123998257012300201e+03
-1.402979115051676672e+03 5.262270798604813535e+02 -5.316088478297822803e+03
-1.840859005006586358e+03 -1.647937580996244833e+01 -6.608149300363126713e+03
-3.380920967802330324e+03 -1.830536787884155274e+03 1.736051938513089965e+02
-2.210990160587000901e+03 2.056963976117448055e+03 -4.448795969399872774e+03
-2.421524518553996131e+03 2.892688133127029460e+02 -7.775828777862892821e+03
-1.482119308305356299e+03 2.522908975464630430e+02 -5.301995940953642275e+03
-5.105841221248507281e+03 1.841782316324758767e+03 -6.776897527533869834e+03
-1.271601252880092761e+04 5.927986033875967223e+03 -2.442878057305134644e+04
-1.451861923717570789e+03 1.142293975178522942e+03 -6.303641265138280687e+03
-1.774796421691082287e+03 8.737499741948435030e+02 -7.081958027087693154e+03
-1.633170252030363599e+03 1.290228491701238681e+03 -6.043718761353967238e+03
-1.842071612434916688e+03 7.045416796713269605e+02 -5.566288451600304143e+03
-1.720717899404839500e+03 -8.173296223993656895e+01 -6.572556901160121015e+03
-1.810027443275663245e+03 9.942280331007688119e+02 -5.577017328099915176e+03
-4.230790638421632138e+03 2.364516874176602869e+03 -5.129840335954316288e+03
-1.231267176896426236e+03 2.334283008502478083e+02 -5.410788197981132726e+03
-2.524861512904090887e+03 -2.943547108810428199e+02 -7.797044473560667029e+03
-1.980994403132632215e+03 1.700127839923668489e+03 -5.954921584664091824e+03
-2.712342954916035524e+03 5.940703543525584109e+02 -7.279980688401586121e+03
-5.251630841360065460e+03 3.293543897827297769e+03 -2.728839258242116102e+03
-1.999006014481072725e+03 4.441561574743186611e+02 -6.607536316469924714e+03
-1.912708209091443223e+03 -2.268937705005325824e+02 -7.275370924426904821e+03
-1.458934710683677622e+03 1.347836218125810319e+03 -5.917992841918210615e+03
-1.754236481113555783e+03 1.628376549673053546e+02 -6.740304623957338663e+03
-3.521421708304898402e+03 5.922812731552667174e+02 6.410811514503564013e+01
-5.340868730584985315e+03 3.629781000688269160e+03 -2.255841847148406032e+03
-2.047234757426278065e+03 8.066858356131953087e+02 -4.933386099839732196e+03
-1.497338616132331936e+03 1.049339734377565037e+03 -6.170807978953244856e+03
-1.634306177640845135e+03 1.262166269012143403e+03 -6.239500832968436953e+03
-1.634306430677388335e+03 7.354087663021713297e+02 -5.853650385247542545e+03
-1.423881507355829172e+03 6.484071237885357277e+02 -4.810829399247442780e+03
-1.592634938950654941e+03 -1.064817132733844574e+01 -6.661138061855712294e+03
-2.388052064655772483e+03 1.461940600576775523e+03 -6.579484302172552816e+03
-1.474823129849277848e+03 3.986086036991695778e+02 -5.324552713762659550e+03
-1.139406964911516297e+03 1.839045050974443484e+03 -3.449475335994689431e+03
-1.670165345595321469e+03 1.067052251836376854e+03 -5.776556145089685742e+03
-1.799184255222086449e+03 6.805021286873951567e+02 -7.041313869491668811e+03
-1.331067067419397290e+03 1.239673078337609013e+03 -6.144527001677784938e+03
-4.569139944713084333e+03 3.686394992177832592e+03 -3.767278275316696636e+03
-7.322380569476909841e+03 2.328555681573051970e+03 -3.568533307120183053e+03
-1.160291718661479763e+03 3.436548328427703609e+02 -5.152613686587385928e+03
-6.430749119390388842e+02 -1.038100314932250058e+03 -5.091715177248053806e+03
-1.900178134721341166e+03 5.356434618504263199e+02 -6.588485135212295972e+03
-2.602759962775945951e+03 1.260381641013340050e+04 -1.051970290275573643e+04
-1.918491313392971279e+03 5.268696431220380418e+02 -5.395522876366720993e+03
6.526781240428088040e+02 4.545165966384252897e+03 -5.694467988027075080e+03
-3.161708666935862766e+03 1.448285510860625436e+03 -6.929776904868022939e+03
-1.715675480720282394e+03 1.017147160154345443e+03 -5.316515659195407352e+03
-1.928232617591862208e+03 1.340401265349498544e+03 -6.161363297667819097e+03
-1.807770386645881445e+03 4.146578355605984143e+02 -5.599977818776207641e+03
-1.779778520562090534e+03 1.890953918077030949e+01 -6.626707796863654039e+03
-1.703002070301219874e+03 1.241529393204141343e+03 -6.259517867171869511e+03
-1.803760386536920805e+03 9.499303851376907915e-01 -6.686366952705178846e+03
-3.011972320192467578e+03 -8.448578603708768924e+02 -6.233774660024559125e+03
-5.616031090767543901e+03 4.590003884053286129e+03 -3.360043656007192112e+03
-1.754648105812885433e+03 1.298261561686444338e+03 -6.384161185210602525e+03
-1.914305463284171537e+03 4.237949393271998133e+02 -6.760153019489895087e+03
-1.546624452347435181e+03 1.488973471624005469e+03 -5.636464466810114573e+03
-1.687989002974562254e+03 1.325651719018836047e+03 -6.403504266978553460e+03
-3.189364783179455571e+03 2.392236278664782276e+03 -3.861270641463589072e+03
-1.910337714215038659e+03 1.389230302057575955e+03 -6.134610920231723867e+03
-1.353565759645181288e+03 1.199860009164623079e+03 -6.157022781477367971e+03
-1.777022884475031560e+03 4.294929926747991544e+01 -6.576609742471829122e+03
-1.439160494444381584e+03 1.308020153383381512e+03 -6.034460403391910404e+03
-2.120066162542683287e+03 6.376141488448030259e+02 -6.187729106081110331e+03
-4.693002098476035826e+03 1.447188631164608887e+04 -9.478471723297738208e+03
-1.959545516266739696e+03 1.256155666412774508e+03 -6.488014287744449575e+03
-1.485884499730659854e+03 1.243551838716153497e+03 -6.286713893823914077e+03
-2.968308593084501808e+03 2.424303559949364171e+03 -4.940957784256864215e+03
-1.114437408103395228e+03 -2.377060340696607454e+01 -5.607815894017236133e+03
-1.983236821006731589e+03 5.118392188770772577e+02 -6.158204946060999646e+03
-1.435911017777726556e+03 8.092904066782444943e+02 -5.102002757650750937e+03
-1.730376544336866118e+03 1.624503652500036878e+03 -4.516868003819455225e+03
4.050422115239330651e+03 -4.612533092610953645e+03 -2.814926551781761373e+04
-1.922674896747807452e+03 2.339061112759328580e+02 -6.688445600159345304e+03
-1.573617705152880717e+03 -1.051665474168356695e+01 -6.597505265680910270e+03
-1.339704627906569385e+03 3.595099384616340785e+02 -5.196282314562606189e+03
-1.839047706095830790e+03 7.970862172224183269e+02 -6.334097645448345247e+03
-2.574382668182542602e+03 1.650871888242826572e+03 -5.109926419944295958e+03
-1.351934609563296362e+03 1.361438909563917377e+03 -6.004500788116371041e+03
-1.975087417075236772e+03 1.826846564509465679e+03 -4.890552462360998106e+03
-1.487480086460123857e+03 1.435703179540400242e+03 -5.785168342292080524e+03
-1.857305480178114294e+03 8.230429274899341863e+02 -6.379977525691264418e+03
-1.701890543912567637e+03 1.447212423835872414e+03 -6.297296666714227285e+03
-1.492934903738488856e+03 9.994486857911626885e+02 -6.567900098082691329e+03
2.954334174358999462e+03 -4.297349425702741428e+03 -2.316898626553214490e+04
-1.893211429924457661e+03 6.267421431649597707e+02 -5.670418182558367334e+03
