1.787855512760257170e+03 -4.191644869135963063e+02 -5.179543395104909905e+03
7.297484706018734641e+02 -8.479383014648817607e+02 -5.093365772445498806e+03
-1.133114524656599315e+03 -1.136540814300368538e+03 -5.208425864332751189e+03
1.357742493485786099e+03 -3.590632621475315318e+02 -5.149681216201638563e+03
-2.009649147781977490e+03 4.557882393516543402e+02 -5.160506894588581417e+03
1.022460455898218584e+03 -8.386414541162919249e+02 -5.146499923981992652e+03
-2.481283869249091367e+03 6.709495624269178734e+03 -5.199206552789424677e+03
1.303632933346127629e+03 -5.056951042488249755e+02 -5.149828911116652307e+03
-9.785928803916933703e+02 -1.229898152065999511e+03 -5.167828090730084114e+03
-1.607197653425059798e+03 -2.253439546956842605e+02 -5.091426993518075506e+03
1.326606200615500939e+03 -7.013366515246814288e+02 -5.140369991523766657e+03
6.831633026272285178e+02 -9.912894445959489076e+02 -5.215819213713288264e+03
1.013519780067185252e+03 -6.055444610352459449e+02 -5.202726655632697657e+03
3.815507297267532749e+02 -1.720642682849061657e+03 -5.266577215212180818e+03
-6.966144372523957600e+02 -1.590623113283836801e+03 -5.073811671287398894e+03
2.113822805881055956e+03 2.745226775945161990e+03 -5.077255442935323117e+03
1.944221830688778937e+03 7.778433070561266049e+02 -5.121451781310815022e+03
-6.722079918824554170e+02 -1.361146529467401479e+03 -5.153314233138639793e+03
-4.463363578201216342e+02 -1.290812281720129931e+03 -5.078001038714507558e+03
1.183631141379201381e+03 -5.072929469998380796e+02 -5.150638334691203454e+03
1.131225692591501456e+03 -4.030937046104929777e+02 -5.092647528497555868e+03
2.297081712135761222e+02 -1.364467415127003278e+03 -5.215841035548479340e+03
-7.630546751436511386e+02 -1.427314260531226864e+03 -5.088630409118331954e+03
1.882647794429502483e+03 1.658606285172253820e+03 -5.060557795297547273e+03
-1.631107747512665810e+03 -1.742415806144410908e+03 -5.050783896438936608e+03
9.680366119348888105e+02 -6.249053229279886637e+02 -5.191579510245046549e+03
1.166929946646825783e+03 -4.388592368993793116e+02 -5.156127799720668008e+03
1.559791389421379563e+03 -5.338520859971197297e+01 -5.146758882355378773e+03
2.060050007937455575e+03 1.910026876905199970e+03 -5.173898392075465381e+03
1.326740449200942294e+03 -6.884843188496577113e+02 -5.143292536884107903e+03
1.511341253014240237e+03 1.634677255265603435e+02 -5.150514622557140683e+03
1.240843397979028168e+03 -1.957587101741257811e+02 -5.130083829088009225e+03
-2.825591615609515657e+02 -1.533430531878648253e+03 -5.128332331954663459e+03
-1.207397055593207369e+03 5.844999917577346423e+03 -5.000790142265683244e+03
-1.468262458828610079e+03 -5.350636620408303088e+02 -5.160718596242826607e+03
2.407527491696476773e+03 1.930262753179132687e+03 -5.099956304832191563e+03
-5.670529495681602157e+02 -1.503933935408910656e+03 -5.017914713392457998e+03
1.134840408805964671e+03 4.370420369052881142e+03 -5.097317770458131236e+03
3.453874261122251141e+02 -1.296215615980424218e+03 -5.226804717115094718e+03
2.167141718332184155e+03 1.168984331403827127e+03 -5.251375716206145626e+03
1.807040069328018717e+03 1.349791423871356756e+03 -5.146179035989454860e+03
-4.999278893718043264e+02 -1.365111683101749122e+03 -5.217629529559345428e+03
-2.576033796851115312e+03 2.142520638485999825e+03 -5.207784007069590189e+03
-7.408259870035679342e+03 6.529672313214363385e+03 -5.254552603237278163e+03
1.263537034207641682e+03 -5.294585006510816356e+02 -5.156110745342699374e+03
1.191141226719115139e+03 2.056544099006905526e+03 -5.114959535308801605e+03
1.753941352465018554e+03 -5.584178884537163867e+01 -5.127853064137336332e+03
-3.985904892030343944e+02 -1.428583829034394512e+03 -5.158899779324783594e+03
-1.612829467380547385e+03 -2.076235871551439800e+02 -5.168685171137107318e+03
-9.615464610150393128e+02 -1.633638785805264206e+03 -5.026268794556483954e+03
-2.404216330968837383e+02 -1.586634885294528203e+03 -5.188440135018924593e+03
1.849588151193963995e+03 4.745429808923439623e+02 -5.165094262295441695e+03
-9.714336552253894297e+01 5.256423070971200104e+03 -5.195238069713622281e+03
1.242878556767225064e+03 2.730060290350475952e+03 -5.204951826305428767e+03
6.973005074943921500e+02 -9.449617590299814083e+02 -5.165043063264828561e+03
-1.349067715002071964e+03 -1.195178090908842250e+03 -5.137046586728170041e+03
-2.693421584625786181e+03 6.174242707728733876e+03 -5.143907109864339873e+03
5.069099444030217683e+02 -1.107625775006024696e+03 -5.117017931377086825e+03
8.498021555837042342e+02 -7.482705157884633991e+02 -5.184518930543364149e+03
-1.209561384771681787e+03 1.762554589190911884e+03 -5.049849331401199379e+03
-1.771127748721022044e+03 -1.021696605298604936e+02 -5.127406033749268317e+03
1.033558030677336774e+03 -7.088541241166426516e+02 -5.130202510972880191e+03
-1.614425015481876244e+03 3.682986438731123826e+02 -5.195602393184277389e+03
-1.969860916657515190e+03 -6.799275296430096205e+02 -4.967152398476780036e+03
-1.901101770758606563e+03 -1.020206955826225908e+03 -5.243272593622342356e+03
4.645331112070505242e+02 4.789172982374511776e+03 -5.281137660354194850e+03
1.058781655393142046e+03 -5.056710927064879115e+02 -5.197579763942228055e+03
6.675333511118136585e+02 -1.005193523820233167e+03 -5.026437344734752514e+03
6.902954889784064108e+01 1.663356118960851063e+03 -5.011697791226084519e+03
1.201310327102339670e+03 -2.726648418756570891e+02 -5.159091749131585857e+03
2.105666007812525550e+03 3.397212450948072274e+03 -5.102730515937616474e+03
-1.215487438049248340e+03 -1.181904357623075612e+03 -5.156459142927308676e+03
1.462785016615765471e+03 -1.257037247591596270e+02 -5.146509606311157768e+03
-1.506365533131026950e+03 -7.291978642307637983e+02 -5.033453076902286739e+03
2.205791997601450475e+03 2.519409503892716202e+03 -5.024579047218318010e+03
1.024723605859107465e+03 -5.288473145911495976e+02 -5.137518105202691004e+03
5.710568620996114078e+02 -1.256649692827170611e+03 -5.078733844212041731e+03
1.306803732010664135e+03 -5.146354479954732142e+02 -5.140371264268144841e+03
2.401435408919664496e+03 1.438125076283425642e+03 -5.151912872978506130e+03
8.110012103229970535e+02 -8.657485123802300677e+02 -5.146784649063515644e+03
1.152865769813844508e+03 -7.519003353483717547e+02 -5.155564906249305750e+03
2.220463936531016316e+02 -1.353363374770954124e+03 -5.208758344369524821e+03
-2.193935197453512046e+03 7.415999904955115198e+02 -5.270599095152573682e+03
2.753099575925271893e+03 1.854403277528065246e+03 -5.230435717350247614e+03
-9.119010197036545833e+02 -1.248390646516131028e+03 -5.048955093097200916e+03
1.099007264276357773e+03 -8.697886005421848949e+02 -5.140030869068585162e+03
1.006473803480624838e+03 4.307625056723684793e+03 -5.232137842300356169e+03
1.905964519065418472e+03 1.040947875739460869e+03 -5.161250428238437962e+03
1.616561635622749122e+02 -1.434658391758523521e+03 -5.175539491445850217e+03
2.001688335694617535e+03 1.053035200906818318e+03 -5.098423914061514552e+03
1.021005716178709690e+03 4.044053192647963897e+03 -5.290872241363616013e+03
1.423775564287514044e+02 -1.588409035676176472e+03 -5.218415555807204328e+03
5.114129000156360121e+02 -1.190330192226095733e+03 -5.165831971414238978e+03
-1.849408740731737907e+03 -6.444003427360926253e+02 -5.122148868039253102e+03
-2.844629449875502587e+02 1.627904330266284887e+03 -5.110131082962587243e+03
1.988884678253007223e+03 2.837914125524475367e+03 -5.050581403446471086e+03
9.217735017635847043e+02 -6.521078560453649970e+02 -5.151351041727363736e+03
8.351340559887192967e+02 -7.384971719153999175e+02 -5.139428142214231229e+03
8.182257208479891233e+02 -8.537025243696007237e+02 -5.030026036739613119e+03
8.214093093766596212e+02 -7.287291139569862253e+02 -5.070005598158232715e+03
4.325503542375419102e+02 1.592373339237705522e+03 -5.141090501947312987e+03
9.735535885164787260e+02 7.077697260615063897e+02 -5.233195732876360125e+03
1.234371904829977211e+03 -8.511489871623738281e+02 -5.178638159054829885e+03
4.056438150058095857e+02 1.600242721913881269e+03 -5.171746532189558820e+03
-8.184177602651382131e+02 -1.966007620455390224e+03 -5.074926759148080237e+03
6.872660291238196351e+02 1.329076336994056874e+03 -5.148900692002491269e+03
-7.104531808027961233e+03 -9.653358595045123138e+02 -5.075198771181927441e+03
8.099935235406770744e+02 8.225858103357844584e+02 -5.090646589185344055e+03
1.263855505261688222e+03 -1.104461431478629493e+03 -5.258919621243096117e+03
3.174852254094477075e+02 -2.308775442877853038e+03 -5.025868821615367779e+03
1.207718031020450780e+03 -2.320394686865234917e+02 -5.069348599059707340e+03
1.210630827932516468e+03 -1.228194424367724196e+02 -5.103899333801041394e+03
6.351076067183308851e+02 1.676173760249524094e+03 -5.156752847866839147e+03
1.220153418911159406e+03 -4.199322354850194188e+02 -5.182240974063418435e+03
1.373101983486944391e+03 -9.325657352134576286e+02 -5.162911137753369985e+03
-1.764311961620017883e+03 2.628077888141073345e+03 -5.201658488627390398e+03
3.912480491004706664e+02 1.830916148256252654e+03 -5.183939848671431719e+03
1.636061857089899149e+03 -7.940077755444549439e+02 -5.061428232396146086e+03
5.239141040188819716e+02 -1.474403407759117727e+03 -5.024540599980512525e+03
2.164513386350709538e+02 2.229819766836805684e+03 -5.115641890133882953e+03
-2.022858976695387128e+02 1.643991724679163326e+03 -5.144844032040307866e+03
1.252182969349158157e+03 -1.038813343856266442e+02 -5.258598528517044542e+03
1.206526037452978471e+03 -1.571374640503819364e+02 -5.118058615024479877e+03
-1.125627833283369910e+03 2.147859843579784865e+03 -5.165786012258438859e+03
-4.255696140455798968e+02 -1.576912121372248521e+03 -5.009342029276114772e+03
5.370375151149853536e+02 1.333161785223113839e+03 -5.168766155166521457e+03
6.416595214917070962e+02 1.308191825135302679e+03 -5.147367564054949071e+03
6.483880208686657625e+02 1.045580246539113432e+03 -5.121384550814463182e+03
-1.421990890008420592e+03 2.767024874319277387e+03 -5.054232097330986107e+03
1.224582726814943953e+03 -4.237564504894680795e+01 -5.229677809147589869e+03
2.118909621335604356e+02 1.765807051216067066e+03 -5.160063787982068789e+03
6.533058155245777243e+01 1.936353943689801326e+03 -5.190865034187482706e+03
1.021753262935691168e+03 4.147021716536986560e+02 -5.147261751831418223e+03
-6.160696230797496355e+03 6.289709849669548021e+02 -5.242770234011399225e+03
5.672559086122435019e+02 -1.212991743255404572e+03 -5.024671680734611073e+03
-1.122623945683320926e+03 2.790344474111624550e+03 -5.123076233025304646e+03
1.141665902873622372e+03 -4.686636481704509833e+02 -5.107386033700051485e+03
-4.877407034527073847e+03 2.395387815079251141e+03 -5.272219553817948508e+03
1.083211919544109605e+03 -7.047486580281911301e+02 -5.193944048075799401e+03
-1.092786192617758161e+02 1.895638532755926008e+03 -5.156931893278711868e+03
-4.071738786183401544e+02 2.006305349836739197e+03 -5.100200881445674895e+03
3.937627817942368438e+02 -1.469246391552922205e+03 -5.188866200990439211e+03
-6.385025818003127824e+02 -1.718431034784253143e+03 -5.046376075067436432e+03
-7.667723448049785475e+03 -4.898270055218246853e+03 -5.123446562138382433e+03
9.289333269596618265e+02 6.360142779291131774e+02 -5.139778913072079376e+03
-2.956799239685743942e+03 5.896505482595039211e+02 -5.064766292348284878e+03
3.220895206883244555e+01 2.013406154492671476e+03 -5.196381517036400510e+03
9.811770633503490444e+02 5.877675062980678149e+02 -5.174581075345769023e+03
1.851444862694779658e+02 -1.413305827093523703e+03 -5.091764284588156443e+03
1.288524847028513477e+03 -1.641699231152999232e+02 -5.046571995847784819e+03
1.242918484574518970e+03 -1.365512447117486090e+02 -5.221249272251167895e+03
6.109679306436420347e+02 1.186867172720187227e+03 -5.147429445987752842e+03
-5.156382082951312441e+03 1.286893627419165341e+03 -5.031806594709842102e+03
-3.249709042590828176e+03 2.289403818091760513e+03 -5.283183427285039215e+03
1.135344826207320011e+03 4.000416141674933215e+02 -5.212831609540986392e+03
3.462519637726935002e+02 -1.642134578823072388e+03 -5.275504776469795615e+03
-6.888102872694902544e+03 -1.662227388379182003e+03 -4.926154018494017691e+03
1.186903949315707905e+03 -2.279730125843072983e+02 -5.040193300139097119e+03
1.225688544133028472e+03 -2.733328501161844315e+02 -5.190853898971685339e+03
-7.746565912582616420e+02 -1.334091742056127259e+03 -5.226833671192717702e+03
3.437146187598051483e+02 -1.859539197157003855e+03 -5.057824637542153141e+03
1.067424853735212764e+03 6.158922627106312575e+02 -5.195690637604665426e+03
-1.910550461390921100e+03 4.735583778039618323e+02 -5.149022415738426389e+03
1.030673737045665803e+03 -7.430238013260848220e+02 -5.213485871500345638e+03
9.163116207990851763e+02 -7.216948897908112031e+02 -5.100472922323036983e+03
-5.529502394669604655e+03 2.053345821096128930e+03 -5.324624121057603588e+03
8.708853203073578015e+02 8.271850536712133817e+02 -5.208255081834944576e+03
9.421586910250065330e+02 6.408893943003255345e+02 -5.207363252819761328e+03
-1.690527750855566865e+03 -1.223110381887424865e+03 -5.267096566183622599e+03
4.231273523753570203e+02 1.441623851849942412e+03 -5.153324583716732377e+03
-2.928788263430518782e+03 2.754801194609344293e+03 -4.978407356537088162e+03
9.693400582866308923e+02 -1.279657650852399456e+03 -5.049081790449656182e+03
6.637486938503458305e+02 1.324396005192991197e+03 -5.148455600335028066e+03
1.171443757802810978e+03 -1.116716704925462864e+03 -5.081265833718854992e+03
-6.776220466639797451e+02 1.725623751443542005e+03 -5.111710416709950550e+03
1.224077129291981123e+02 1.910753677456161313e+03 -5.127893433252920659e+03
1.372506897752010673e+03 -2.963616010809971613e+00 -5.097707369310172908e+03
1.053060069916813063e+03 5.626423463054311469e+02 -5.161172343361827188e+03
5.093038916751995657e+02 1.263064430036977683e+03 -5.145364939832100390e+03
8.961857761356798164e+02 9.127373163854407494e+02 -5.142628156543297337e+03
1.030580326163739073e+03 3.895256207955274022e+02 -5.134215819586465841e+03
1.233756527576064627e+03 -1.184817402436021894e+02 -5.222657321826572115e+03
1.896778774552488358e+03 -4.204534965020878872e+02 -5.123508645323487144e+03
-7.281825528205592946e+01 1.367878063631034365e+03 -5.141546175053736988e+03
1.156599536981405663e+03 5.893773926106064209e+00 -5.085632117841223589e+03
1.183980537013487037e+03 -9.415279102546719514e+00 -5.149359479346699118e+03
-4.426736982733548757e+03 2.365266409035778452e+03 -5.162707700584343911e+03
-6.245208691067953168e+02 2.143319920815687510e+03 -5.215520479918728597e+03
1.142440086189814110e+03 3.093099195981153571e+01 -5.049219302528412300e+03
-6.891313471617706909e+02 2.469633699583939233e+03 -5.113781095088645088e+03
-3.512883851728322952e+03 2.678274225761080743e+03 -5.286732453724468542e+03
1.136089149340619315e+03 -6.134260631819611262e+02 -5.198724566345439598e+03
1.318432341042249845e+03 -3.345432633552400148e+01 -5.026553502560483139e+03
9.518886647198584114e+02 -1.172402104264467880e+03 -5.052371984627755410e+03
-1.153615365092771071e+03 -2.591224214128626954e+03 -5.003939909184520729e+03
-8.084729865487746565e+02 1.674909078551658695e+03 -5.116074884913223286e+03
7.248584405992465918e+02 1.112367057361896514e+03 -5.132023961926533957e+03
9.535650746591668394e+02 6.868315259717281833e+02 -5.172130577490925134e+03
1.221703837570067662e+03 -1.066889305106595316e+02 -5.138889201728581611e+03
7.027457766870359137e+02 9.842943264455940380e+02 -5.190564401479666230e+03
-7.308756287180837035e+02 9.363522678507426917e+02 -5.072834200508636968e+03
-9.766115225745749058e+02 9.831579299761748416e+02 -5.110551707953086407e+03
1.338245237586608027e+03 4.520561651153624325e+02 -5.172297576220704286e+03
-1.362701409366552070e+03 7.335175253113867484e+02 -5.103788199142699341e+03
1.430393632684593513e+03 -6.014773421108758384e+02 -5.105023717306472463e+03
-9.971214974114219558e+02 8.737470458019013222e+02 -5.182662654028328689e+03
-1.436896316546318758e+03 -6.250846981773408515e+03 -4.819842572438762545e+03
-7.142318990607690239e+02 9.538291731692320354e+02 -5.066730196731026808e+03
1.444739638748709240e+03 -6.435160317879417562e+02 -5.184879050298044604e+03
5.893528789672027415e+02 -1.571038579004547728e+03 -5.106948161135692317e+03
1.693629816514981599e+02 1.390984113812373607e+03 -5.224130997537627991e+03
1.508393126753340994e+02 1.217534513991408630e+03 -5.101651690390973272e+03
-5.217565063555847473e+02 1.165686203966219182e+03 -5.167275576514640306e+03
1.188894061917944782e+03 -8.762511469102037154e+00 -5.049985373946672553e+03
7.960725732133680594e+02 1.030944919748459597e+03 -5.268943133516229864e+03
-3.256804001162308396e+03 -1.237292164342312844e+03 -5.006609550880642018e+03
-1.520817814036533491e+03 8.064903005131418467e+02 -5.111039669318885899e+03
1.478955677694360929e+03 8.171025262907112392e+02 -5.202682514032839208e+03
1.052848773767389275e+03 8.470651602524494592e+02 -5.102024177680191315e+03
-1.099820244752577764e+03 9.361374427233618007e+02 -5.115957804321976255e+03
-1.397491836509005225e+03 7.584807543827243990e+02 -5.114651113612661902e+03
1.350092129878713877e+03 6.473745167909153224e+02 -5.146800329216785940e+03
7.536431271890094195e+02 1.025875959531718763e+03 -5.068933636212681449e+03
-1.580513322804548125e+03 5.531117070823042923e+02 -5.107108060833916170e+03
-3.263792491679830164e+03 1.652363990504724597e+03 -5.255735490459416724e+03
-8.283719086726155183e+02 9.813821083498241933e+02 -5.077630763043809566e+03
-1.789839456985170045e+02 1.116493320203350777e+03 -5.137752673920945199e+03
-1.013792730919710039e+03 9.218638904463832660e+02 -5.127630574889640229e+03
-3.364999605832002089e+03 -1.493469910652401722e+03 -4.904366108247052580e+03
-2.326377554373532348e+02 1.097265980427132490e+03 -5.102733958682720186e+03
-1.746855533625247745e+03 7.412362233822520921e+02 -5.093828516781158214e+03
-1.774730965281584304e+03 1.017264746006263977e+03 -5.141840468547605269e+03
4.987835745618864962e+02 1.107606544087097745e+03 -5.124470069565159974e+03
-2.788978420150183410e+03 -4.891215728315861270e+03 -4.772410886168855541e+03
1.143596101438937694e+03 6.099640557404077299e+02 -5.131726875583934088e+03
-2.343088612699328223e+03 -4.952930509873607434e+01 -5.016509531892131236e+03
7.106644587705256981e+02 1.040032238998929870e+03 -5.204902199258935980e+03
-3.051950274328643900e+03 -3.078028591141067409e+03 -4.975267638385488681e+03
1.461661595071526108e+03 3.889116613338688921e+02 -5.067675523915078884e+03
-2.050673241888553548e+03 5.955364439381329476e+02 -5.131642639203124418e+03
-2.152677183264421274e+03 -2.490826952232794156e+01 -5.118641683941900737e+03
1.015577419167555945e+03 8.005134832258210054e+02 -5.199075590842639031e+03
1.115625910525794779e+03 5.123625055598009794e+02 -5.032918131893839927e+03
1.713763481610322060e+03 -9.083233243907405267e+03 -4.975046167686030458e+03
-3.518099889458742382e+02 1.145365841526841450e+03 -5.237606113536543489e+03
1.895013474379550644e+03 6.430094804078556763e+02 -5.095694799424596567e+03
-1.061199608506581171e+03 8.821847761247031485e+02 -5.113017411497326975e+03
3.303423490222529608e+02 1.213000549056153204e+03 -5.154433966074432647e+03
2.330329769599800784e+03 8.475013271390594127e+02 -5.040661538701010613e+03
1.796272293228295439e+03 7.783378259082217028e+02 -5.167581737465903643e+03
6.975420500588002142e+02 1.007706132814859075e+03 -5.110952929702093570e+03
-1.402936810289490040e+03 7.346700888991670126e+02 -5.121563596883739592e+03
-3.168924558710590645e+03 -4.074731848777065352e+03 -4.912362134932485787e+03
-3.737355352340084210e+03 -2.627605078282201248e+03 -4.913724849577138230e+03
-4.852059507623481522e+02 1.159466183709745792e+03 -5.124009412724003596e+03
1.988638781962283929e+03 -1.406209485246436373e+02 -5.181784980033536158e+03
-9.597860591926234974e+02 -7.071210929213235431e+03 -4.854795204663280856e+03
6.703697893932092029e+02 1.260291138308741665e+03 -5.128386745462817089e+03
5.269975792544153137e+01 1.196357256204366877e+03 -5.240660648354009027e+03
1.160001384052526873e+03 -7.008499771129714873e+02 -5.222972119982337972e+03
1.217615250973548655e+03 2.709801684620118749e+02 -5.150963392604035107e+03
-6.497868843116953030e+02 1.024758619082648238e+03 -5.146214418339474832e+03
2.076059331952592402e+03 2.281151325427059930e+02 -5.111250181446069291e+03
1.483552141914007962e+03 1.622455857047434620e+02 -5.116520161394639217e+03
6.965183249559665910e+02 9.582563053647924107e+02 -5.043953901126529672e+03
-3.174356370506308849e+03 -4.775776062801038279e+03 -4.972457859402909889e+03
-8.887719584498054246e+02 9.977189796438499343e+02 -5.140995000668479406e+03
-8.998587039529596723e+02 9.803844857477253072e+02 -5.142664548205408209e+03
-2.394158078895790368e+03 4.172980860536405316e+02 -5.186539825769238632e+03
-4.008743860797897014e+02 1.055687605301500980e+03 -5.136929837423518620e+03
-3.354023079413753294e+03 -1.765189712768586105e+03 -5.030123552195351294e+03
1.296651909541394389e+03 -3.909177568156043435e+03 -5.073180354919785714e+03
-1.363849779162115738e+03 9.078661836120598991e+02 -5.112560961761591898e+03
1.609221874469260456e+03 8.209879120051328982e+01 -5.231866203854199739e+03
-3.175250110429117285e+03 -7.268871502337697166e+02 -5.000353803083390630e+03
-1.799645298001757510e+03 6.347999991610292909e+02 -5.126550137531202381e+03
-4.398087265771448529e+01 1.139471834750009066e+03 -5.070143598212193865e+03
-8.682171613692718211e+02 9.448210097105127261e+02 -5.161607690175556854e+03
-1.285252683799607894e+03 6.510028108320790352e+02 -5.153249437012235830e+03
-1.942457546755754265e+02 1.263568700154337421e+03 -5.142357233837533386e+03
-7.504469385868015934e+02 1.123720102389457679e+03 -5.132939863467659961e+03
-2.923530965263080361e+02 1.120271016161831994e+03 -5.166057021889675525e+03
1.572293671268058915e+03 -4.695513510006746287e+02 -5.226317001990248173e+03
-1.801311313013218296e+03 2.530403055718608130e+02 -5.089865878248964691e+03
7.402190805866803203e+02 1.079083071414759388e+03 -5.106414215385746502e+03
4.086513915022959509e+01 1.142315995565852518e+03 -5.108533208343357728e+03
-3.311128545143509200e+03 -3.356103385633333801e+03 -4.859174456549092611e+03
-2.841671225435145516e+03 -1.949820840772286488e+02 -5.114578477528175426e+03
1.177124024277920626e+03 7.930764381273497747e+02 -5.256936088259792086e+03
-2.561920547135828656e+03 -2.101660365673628803e+02 -5.053600932852851656e+03
-3.510113324463341087e+03 -1.910216703823646640e+03 -4.891732185713866784e+03
1.230594944087010163e+03 7.510922605034139679e+02 -5.129748759571732080e+03
-9.768327019404716793e+01 1.107158160381626431e+03 -5.051317187223465226e+03
6.515489191522086685e+02 1.181491298786395191e+03 -5.264606571151316530e+03
1.785902767064003683e+03 -3.005277951047045235e+02 -5.186829459917807981e+03
-2.944543315154200627e+03 -7.887600942310411938e+02 -5.160754973525451533e+03
-6.854216359123259963e+02 9.883077344953061356e+02 -5.203289046774139024e+03
5.638779899956869031e+02 1.074880233957551354e+03 -5.068514251432783567e+03
1.441594314893426940e+02 1.166349708459769090e+03 -5.151156749959665831e+03
-5.147875161968287330e+02 1.088702865040580036e+03 -5.187482796008188416e+03
-1.363009960327946601e+03 -1.414347169211771416e+03 -5.048686630806689209e+03
-1.224873030612760203e+03 2.502256599190509405e+02 -5.130126195515766995e+03
-4.373992738747765543e+02 1.577946403976405691e+03 -5.063481635297656794e+03
-1.473043931443949987e+03 -1.328753018115419536e+03 -5.065196280094244685e+03
-5.880470630771013703e+02 1.576896894077394791e+03 -5.073450557862188361e+03
-1.545207050505461893e+03 -1.193394671585102515e+03 -5.059813191333862051e+03
6.095168751621396041e+03 -3.560545728413212146e+03 -5.248474900055067337e+03
-1.789520742493515854e+03 -1.311914588675665982e+03 -5.024023985795842236e+03
5.916344025004291325e+02 1.299417672690758536e+03 -5.251668702021290301e+03
1.836596367434566218e+03 1.881081932370622667e+01 -5.065266783231139925e+03
-1.103734825593240657e+03 6.527020893496269309e+02 -5.129255739096513025e+03
-1.355117327016306717e+03 1.774194862718264289e+02 -5.157916593766964070e+03
-1.420562266627834106e+03 -6.735473443244752616e+02 -5.103621998187644749e+03
-1.436280188870715165e+03 2.154239801580804851e+03 -5.232564406785977553e+03
-5.541312581558522652e+02 1.407046051491555318e+03 -5.075912424294483571e+03
-5.620410469581269126e+02 -2.991371018168298178e+03 -4.957014226563317607e+03
-1.287383361622722759e+03 -1.381334512930248366e+03 -5.099703852858005121e+03
-1.084741908309097880e+03 1.439746589326818594e+03 -5.105690185602299607e+03
-7.904944790987201486e+02 1.040891222683144861e+03 -5.184286962486328775e+03
-1.263993992846523042e+03 2.594206676915863454e+02 -5.135697797498720320e+03
-1.364988049897754991e+03 -6.639832141870010673e+02 -5.096008073553971371e+03
-3.551835277973698908e+02 1.176673362444882741e+03 -5.064291327470859869e+03
-9.837506259751510242e+02 1.232679963481887171e+03 -5.139091801766494427e+03
-8.804967019629366405e+02 -2.535498682157762232e+03 -5.176894493204608807e+03
1.801703979411837963e+03 2.370973211970026853e+02 -5.162899904882656301e+03
-1.241405532857474327e+03 1.833967830306198721e+01 -5.093049074758395363e+03
-1.187980467994267428e+03 5.459671796047316548e+02 -5.207514075984548981e+03
-1.830467250416596926e+03 -9.614562996595124105e+02 -5.039429534784682801e+03
-5.704649098589034111e+02 -2.281320262813942463e+03 -5.021160377806595534e+03
-1.078425575323542034e+03 6.814486128465517822e+02 -5.071532755269101472e+03
-1.368764344864050599e+03 -1.110797356478746906e+03 -5.080535505631817614e+03
-1.495158491995437089e+03 -1.411959423357130618e+03 -5.099843748306498128e+03
-1.352706239552219358e+03 4.148658263142067426e+01 -5.050949871409585285e+03
3.805258071059564827e+03 -4.627033190887165802e+03 -5.055332204219906089e+03
-1.202243005879371594e+03 8.713017932633104010e+02 -5.113886269971395450e+03
-6.143565385103926246e+01 -3.418618841149795571e+03 -5.037381305986360530e+03
-5.596606132430432581e+02 1.039911513410764655e+03 -5.124191231517938832e+03
1.580326286245477149e+03 -3.719966297108036997e+03 -5.018320699615795093e+03
-7.709197065632611157e+02 9.818318766101497204e+02 -5.003922047747579199e+03
-1.325608325327991224e+03 -1.347942786994035032e+03 -5.061785411459888564e+03
-1.124381091173907862e+03 -2.011862679777475478e+03 -5.123924897747572686e+03
-2.779657291549647198e+02 1.507034594446037090e+03 -5.095760995749216818e+03
9.331386294368930976e+02 9.766695454522766795e+02 -5.263028467055645706e+03
9.239448131900326189e+03 -8.237174258076832984e+02 -5.220117544044770511e+03
-1.313312019460176089e+03 -4.862680964068676985e+02 -5.086529500851943340e+03
-6.994873420124963559e+01 -1.743269832438025333e+03 -5.053228764034080996e+03
-1.422972614901144880e+03 -7.842873453401847428e+02 -5.086668340271779016e+03
-9.514274190673996827e+02 9.199836893655087806e+02 -5.138891954759332293e+03
1.970836348968854281e+02 1.237229499571742053e+03 -5.085679530409139261e+03
-7.764590458064741370e+02 1.147258097067023300e+03 -5.035595194193614589e+03
-1.408101134929685713e+03 4.032823237165125647e+02 -5.239673187818298175e+03
-1.529626398418561621e+03 -1.161498474716412829e+03 -5.103411457991288444e+03
2.741431633564757703e+03 -4.912019038157866817e+03 -5.259958717094433268e+03
4.562597130271796004e+02 -2.974504729297315407e+03 -5.111482378467097988e+03
-1.483732906209147359e+03 -6.698456463004692978e+02 -5.079105829465081115e+03
1.311615590020515356e+03 1.574255717584809872e+03 -5.089982534950531772e+03
5.877953584002181742e+03 -3.392642295523136454e+03 -5.295616893990091739e+03
-8.550251471709597126e+02 9.108966429970747640e+02 -5.196893307088572328e+03
-1.135029345779301138e+03 6.748802402778383112e+02 -5.071264360950268383e+03
1.730322849680606396e+03 -1.507515910349740125e+02 -5.174739108537868560e+03
-8.937041717703101540e+02 1.319435599630236766e+03 -5.182427641238195974e+03
-1.912389905319623722e+03 -6.851744549259331052e+02 -5.097771125662277882e+03
-7.602567749947933180e+02 1.866794969813371154e+03 -5.213072725593351606e+03
-2.517416299366887245e+01 2.632448296926608236e+03 -5.292563733519741618e+03
-1.776838412086747496e+02 1.563349453536127839e+03 -5.004831472643304551e+03
2.553117017883017525e+03 -3.987773112522017527e+03 -5.070785421837257672e+03
-1.173969070455546898e+03 3.396855292784379117e+02 -5.071673186329285272e+03
-1.267345787464677414e+03 -1.176584575245025235e+02 -5.084432255397106928e+03
-1.153798757921702190e+03 -1.613527890419947880e+03 -5.004068274081143500e+03
-1.375152176536737670e+03 -1.153828245104228699e+03 -5.081588495334814979e+03
-3.741652621648536297e+02 -2.967264664825159343e+03 -5.074549517251099132e+03
-1.027581626782828380e+03 1.297256060463992071e+03 -5.017880902422844883e+03
-1.216234981946699008e+03 1.653351118898204959e+02 -5.016369653310403919e+03
-3.608177413472387229e+02 1.266312659531556847e+03 -5.055317169265425036e+03
-7.078246698297397188e+02 -2.537813150702382700e+03 -5.055110548339603156e+03
-1.027989665708189932e+03 -2.114806272756428825e+03 -5.025832415337922612e+03
-1.154003174954815904e+03 6.059970428975660752e+02 -5.167117667482872093e+03
-1.624917467870741348e+03 -7.269442947583227124e+02 -5.086747935725745265e+03
-1.639724902338131642e+03 -1.766179924584244873e+03 -5.021847568529608907e+03
-1.493761681654795439e+03 -8.615864377044897537e+01 -5.070438202754907252e+03
-1.120324935552194120e+03 6.092806949644360657e+02 -5.084307628443970316e+03
-1.131197940588028814e+03 6.616695645958252499e+02 -5.123616668973266314e+03
2.266977613030030057e+02 1.209123607768080092e+03 -5.125250139005132951e+03
-1.029960902620101706e+03 -1.807492200930449144e+03 -5.052147593089455768e+03
-1.624302392796087588e+03 8.613631953379697279e+02 -5.199400929782284038e+03
-1.231571249293462870e+03 4.959385138511313471e+02 -5.194828298800291122e+03
1.789244278839466915e+03 -3.943439504970313465e+03 -5.207710400919887434e+03
-8.652949808042112636e+02 -2.794874379304354079e+03 -5.011939247811534187e+03
-9.526290512947550724e+02 9.154731916160293395e+02 -5.046923404558680886e+03
-1.184017548971492261e+03 -8.582278739118745534e+02 -5.058012876480036539e+03
6.668157245177682171e+02 -4.541380023821478062e+03 -5.241046268203544969e+03
-8.908414948105646545e+02 1.130027574424344948e+03 -5.226916589555746214e+03
-1.099614517301688011e+03 6.379973583844639506e+02 -5.060896204036952440e+03
-5.042768855947464317e+02 1.245076715868214478e+03 -5.017629346118937065e+03
1.395484284481172153e+03 -3.077483443275627906e+02 -5.087701448642641481e+03
4.327034505056474245e+01 -3.354912328631423406e+03 -5.175606809829194390e+03
-1.296180705301494527e+03 -5.458734286819949375e+02 -5.046326834938708998e+03
-1.258867522150354034e+03 8.361552981600880230e+00 -5.108803551035413875e+03
-9.427861126306501092e+02 8.804136149987874660e+02 -5.026305140951496469e+03
-1.362119250495987444e+03 -1.886728155392341932e+02 -5.068147809230005805e+03
6.592752709622551492e+02 -2.024525663046802492e+03 -5.098431691866264373e+03
-2.390714056089607311e+02 -1.380059730923279403e+03 -5.098434156042629184e+03
-1.530848344631618829e+03 -6.139302136151184186e+01 -5.226155279164977401e+03
5.132674944681007219e+02 -1.845199530713030299e+03 -5.110386346881010468e+03
-1.028610010412651036e+03 1.010695936780211355e+03 -5.066688855064300697e+03
-5.369280737738097287e+01 -1.605847233835294219e+03 -5.113013075836709504e+03
5.330340032688187421e+03 5.064452098478310290e+03 -5.331438971966273130e+03
-6.771856619328161742e+01 -1.435987361959448435e+03 -5.106839266943124130e+03
-1.911147393543441012e+03 1.077489944032948415e+03 -5.254161584507215593e+03
6.570340763957169656e+02 1.628864250826737134e+03 -5.101523589222471855e+03
-4.856925484836322084e+02 -1.298171053823189141e+03 -5.149040365788132476e+03
-1.405036469100306704e+03 -3.670904266949326598e+02 -5.124870573787671674e+03
-1.481360206604550740e+02 -1.546599472352599605e+03 -5.117218895195718687e+03
-1.490971030048157900e+03 4.242727441381283597e+02 -5.079000794748143562e+03
-1.625209776833242586e+03 7.726985951793409413e+01 -4.996758976881278613e+03
2.456921770478807503e+03 -1.621220405736645716e+03 -5.251009285200156228e+03
1.104332028463628831e+03 -1.759491514383006461e+03 -5.173510353262401622e+03
-1.732012217756021528e+03 3.096900045402404089e+02 -5.145111209460203099e+03
-1.289974017542526781e+03 1.189885870808134314e+03 -5.123303173409010924e+03
-6.592256551592856795e+01 -1.564502720591043271e+03 -5.108737201241792718e+03
1.051914143091401002e+03 -1.925016756530694693e+03 -5.091775764994311430e+03
-1.449653389661255687e+03 -4.274632957380851508e+02 -5.199487754112336006e+03
-1.420879778667454275e+03 -1.559118411403561595e+02 -5.062782925600813542e+03
2.086433940988091308e+03 -1.648908532150233896e+03 -5.151068097113432486e+03
-9.030396836579352566e+02 1.111793174785157817e+03 -5.007888045421021161e+03
2.954430128825308657e+02 -1.647262650142828761e+03 -5.128339012674143305e+03
-3.064739157202310480e+02 -1.525120896108510578e+03 -5.111395578899645443e+03
3.005536821623617243e+02 -1.580548651904382041e+03 -5.113214675235506547e+03
1.963867195263293979e+03 -1.427829245889561662e+03 -5.101256057742802113e+03
-5.570391588990027003e+02 -1.285924951557097984e+03 -5.153833751501065308e+03
5.243467659908039877e+02 -1.576830207319248302e+03 -5.142722996102679645e+03
1.086498614526411984e+03 -1.642105984287926503e+03 -5.158791632744053459e+03
-1.313689723526758371e+03 -7.845217545826604919e+02 -5.214238710439227361e+03
4.830924586874273700e+03 2.727729440676774175e+03 -5.228248502257426480e+03
-1.507961645912435415e+03 2.976881806064905049e+02 -5.131599044508971929e+03
2.482282353879632410e+03 -1.590363537489335613e+03 -5.048745849649754746e+03
-1.394338095955748713e+03 -3.356115383731564634e+02 -5.058550276666092941e+03
5.121080811084884772e+03 4.614379904984734821e+02 -5.266907582176086180e+03
-1.294957494477572254e+03 -5.523200073662383147e+02 -5.051323584190973634e+03
1.982538690429588769e+03 -1.760967176834921702e+03 -5.087986622182087558e+03
2.000217110767081522e+03 -1.461064989038370641e+03 -5.167730584470918984e+03
-9.068125299361970519e+02 1.247653625278087247e+03 -5.115167204580709040e+03
-1.856529693870493020e+03 3.868329275749118210e+02 -5.275766754159313678e+03
3.806338096191144814e+03 8.125747743610470934e+03 -5.263789095157875636e+03
1.211358508375541305e+02 -2.154688776509397030e+03 -5.097581317474469870e+03
-5.645004088907253390e+02 2.008791500589061570e+03 -5.142280233051886171e+03
1.350329521539626285e+03 -2.029980657924103525e+03 -5.159236291639813317e+03
-1.155943113329818516e+03 -1.119390272313374226e+03 -5.034445751535102318e+03
6.542026420541826610e+02 1.523910566924251725e+03 -5.012631630533001044e+03
-1.651105749144571519e+03 2.497866088763519770e+02 -5.176690518356559551e+03
-1.484956911976873471e+03 -1.795442190703932397e+02 -5.126030392338896490e+03
1.055514822255751824e+03 -1.695953900227587837e+03 -5.117067110498956936e+03
5.313360207787718537e+03 1.700662728061816551e+03 -5.334239412615633228e+03
4.682578434707790620e+03 -2.291067836657454677e+02 -5.094731114301783236e+03
-4.022648858981591502e+02 -1.312934115810832282e+03 -5.074157773941045889e+03
-1.684675370470891494e+03 1.941450278888718003e+03 -5.173550659737695241e+03
5.513472654132685420e+03 5.749801664736388375e+03 -5.260950480385304218e+03
-1.470727920868549973e+03 -8.729350121486942271e+01 -5.011627541011205722e+03
-1.203488391578618575e+03 -8.431841921305547203e+02 -5.072998896050238727e+03
-2.279898031752594818e+02 1.961433501041453610e+03 -5.243571445295856392e+03
-1.172429908784884901e+03 8.406463110353636239e+02 -5.026377172991619773e+03
-3.890440217435462955e+02 -1.312042224284082522e+03 -5.085476945140749194e+03
-1.870719928511999342e+03 1.300266801521478328e+02 -5.167679763934100265e+03
-1.428548119006964498e+03 6.756522476599855054e+02 -5.139939544763562481e+03
-1.278406570963324157e+03 -6.633221449844128301e+02 -5.138059237191277134e+03
5.467854270804039515e+03 1.269129452273555671e+03 -5.203378802066881690e+03
3.551541288670816812e+02 -1.857764476168511010e+03 -5.140668868687891518e+03
-3.945885214987513336e+02 -1.341615866461704627e+03 -5.076992162739928972e+03
-1.900009967900618904e+03 -1.376750291697035209e+03 -5.189008484608152685e+03
-4.388250841994567963e+01 -1.670699605112407880e+03 -5.121238888246452007e+03
3.619530617482371781e+03 -8.149848329852434290e+02 -5.305499809983237355e+03
-1.457712656504920915e+03 1.298402954578615891e+03 -5.092194172012952549e+03
2.274077889105999475e+02 -1.706495527403355936e+03 -5.122597423376656479e+03
-1.628978510580965576e+03 -2.441751574934666564e+02 -4.992116008887984208e+03
2.666362842305163667e+03 -1.434553466079543796e+03 -5.087358680719202312e+03
1.053141561221224492e+03 -1.538092080111756331e+03 -5.121053082906512827e+03
-8.493888647781222971e+02 -1.203512284988110196e+03 -5.212756056302304387e+03
1.327805825670991453e+02 -1.461116256022189191e+03 -5.121548659706507351e+03
9.199895269906952535e+02 -1.740694116132917543e+03 -5.106892380964297445e+03
-4.069383014093322686e+02 -1.433056356724518082e+03 -5.110942828439777259e+03
-9.007279916305973302e+02 -1.091939081042888347e+03 -5.162463678373506809e+03
-6.899713683703548668e+02 -1.169742561996815311e+03 -5.070836418274375319e+03
-1.420619432898329933e+03 4.537812024866199181e+02 -4.984487678974168375e+03
1.340718577658875802e+03 -1.744799626060684204e+03 -5.158063752820790796e+03
-1.372552286385462821e+03 -6.754704601933369759e+02 -5.057595877553436367e+03
-7.279059471752373156e+02 -1.176282897249992857e+03 -5.091595874437696693e+03
4.754618958962714714e+03 5.244456308665712641e+02 -5.067352931967237055e+03
1.362466253758647099e+03 -1.719813955502045701e+03 -5.071008622077300060e+03
-1.372154730638114415e+03 -1.218140775258605800e+03 -5.061068726257780327e+03
1.734059079173847749e+03 -1.872388885900799096e+03 -5.132437039820103564e+03
4.301134568928340741e+03 -1.031994905071406947e+02 -5.140374646219696842e+03
-1.411750709288966164e+03 -5.791193357055901743e+02 -5.199261297554964585e+03
-1.163394809190632259e+03 -8.544142124675101968e+02 -5.137052199250729245e+03
-1.515959247885945388e+03 -3.442289055481180640e+02 -5.169584723071070584e+03
8.843791379452831052e+02 1.990964469588713200e+03 -5.053806554571970992e+03
3.769202612138703898e+03 -1.260559031193065948e+03 -5.107491560524694250e+03
-2.272573271023588859e+01 -1.578668760957868926e+03 -5.130946969416066167e+03
-1.300359625307507031e+03 -6.010979446013429879e+02 -5.144137439369247659e+03
-1.060695190904232277e+03 -9.415949975451555929e+02 -5.203674098247843176e+03
-1.871333277194394213e+02 -1.402671418281548085e+03 -5.097042865168273238e+03
-3.803833670548031023e+03 -2.694346957548920727e+03 4.095133357600784620e+03
-6.296860579373354994e+03 -2.101782608013772460e+03 4.562903052010529791e+03
-3.126846066127455288e+03 -6.528388674371144589e+03 -3.396490838939268428e+02
-2.595768708659855292e+03 -6.363495018307853570e+03 -1.202860918665811596e+02
-2.995408167287863762e+03 -6.468232725300347738e+03 -2.800039982184257497e+02
-3.095164674259527601e+03 -6.465606577965908400e+03 -2.823443254797240343e+02
-2.697341478024362004e+03 -6.341636964123868893e+03 -1.194026610729576987e+02
-3.596326221824169352e+03 -6.762702480947034928e+03 -6.061672759146750877e+02
-4.266943997333765765e+03 -6.846584267337582787e+03 -9.790300488274040163e+02
-2.721007549464282874e+03 -3.322764621725093093e+03 3.090207493314656404e+03
-3.329686708883161373e+03 -6.789749547370688560e+03 -6.400006517350689137e+02
-3.279063239432102819e+03 -6.593956859764742148e+03 -4.442014320935754199e+02
-3.881067058581119909e+03 -7.088663988036947558e+03 -1.080757408168398115e+03
-5.684391423223712991e+03 -6.598121154902119997e+03 -7.242985584928826484e+02
-4.171035935047395469e+03 -6.868855092687856995e+03 -6.883731563303292660e+02
-2.348198620515539915e+03 -5.736541483384618914e+03 5.378318694646908398e+02
-4.075308423124963156e+03 -6.865709863231296367e+03 -8.366068551812925307e+02
-1.892957656593026968e+03 -4.909773746207057229e+03 1.743604052461264700e+03
-5.400832113034974100e+03 -6.630409178248335593e+03 -5.085014636890683732e+02
-2.745912123476787656e+03 -3.682815443048141788e+03 2.683132866353592362e+03
-9.745920722519258561e+03 -2.141280264675582202e+03 4.744259996952740039e+03
-3.588848416561199429e+03 -6.726630654154947479e+03 -6.044005329976218945e+02
-3.577559904112470576e+03 -6.736684202865036241e+03 -5.524655232440027248e+02
-3.695290789685439449e+03 -6.774575332554185479e+03 -6.623404074214390675e+02
-4.842799504419014738e+03 -6.777059012709831222e+03 -8.663801941004920764e+02
-5.064788509449252160e+03 -6.644487724926276314e+03 -5.569459931858351638e+02
-4.910921520764359229e+03 -6.943176709131359530e+03 -1.158609490762097266e+03
-1.241795628566489086e+03 -4.754918526439536436e+03 1.726507587608621407e+03
-3.047720221151907481e+03 -6.416219653683866454e+03 -3.972120199507310190e+02
-2.064524409144922629e+03 -5.511029196290322034e+03 8.973651340339771423e+02
-2.766779747107680123e+03 -6.113597833137594534e+03 1.179289029679017631e+02
-2.833340827162355708e+03 -6.274843434301405068e+03 -6.553065714735566871e+01
-2.687179674976368915e+03 -4.435200046416211080e+03 2.060816246861940272e+03
-4.029649403014814652e+03 -4.422570687176657884e+03 1.283804522799573306e+03
-4.622807911872552722e+03 -2.270971557088836107e+03 4.645370527700148159e+03
-3.743112729539464453e+03 -6.808306745529809632e+03 -6.199470751492399359e+02
-3.547901187131042207e+03 -6.727029250731992761e+03 -6.389274222681178799e+02
-2.361210428365914595e+03 -5.457848741566036551e+03 9.665174216340946032e+02
-4.077767683138973553e+03 -2.691060979643888913e+03 3.974414115048107305e+03
-1.983393234292338093e+03 -5.335963246421604708e+03 1.093984203147447033e+03
-3.744929416137666067e+03 -6.766255544660651140e+03 -7.183145785155365957e+02
-3.396331458973009831e+03 -6.633532170374470297e+03 -6.087859612669385569e+02
-4.596550257724877156e+03 -6.854224849485746745e+03 -8.003908702114540574e+02
-3.076970914103536870e+03 -6.421305985899034567e+03 -3.851570653262132282e+02
-4.718849536914377495e+03 -6.865848861000147735e+03 -7.226300740767045454e+02
-4.013470115865070511e+03 -6.787059603498041724e+03 -7.870447212000750596e+02
-5.326930801062332648e+03 -6.410922265906065149e+03 -3.010784697999920354e+02
-2.094871225327364300e+03 -5.024503994473072453e+03 1.515399015189801048e+03
-3.258373381075698944e+03 -6.534526446282069628e+03 -5.290746297499293860e+02
-5.640799336327730089e+03 -6.403682571330183237e+03 -5.467930572332766133e+02
-3.066431857097632474e+03 -6.456632230104365590e+03 -2.674684779222710631e+02
-3.316630854267835730e+03 -2.975658765014477467e+03 3.595755799682252018e+03
-2.896156908590985040e+03 -3.562136958756988861e+03 3.112757503751576678e+03
-6.098137618510206266e+03 -6.283123498011853371e+03 -5.518737371532522502e+02
-5.088071279590630184e+03 -6.661440918611952839e+03 -7.679929371099243554e+02
-5.660167777138975907e+03 -6.587700532458910857e+03 -8.019089498459411516e+02
-8.003144608231988059e+03 -1.576367256810855224e+03 4.993641162642774361e+03
-4.259500642088569293e+03 -6.844923621813094542e+03 -7.890474294473458485e+02
-6.294120463600303992e+03 -5.584384022861555422e+03 1.017579111351347194e+02
-2.639965121530547549e+03 -6.242285180547758500e+03 1.383576945677873482e+00
-5.471733766597806607e+03 -6.445963775888966666e+03 -4.063158437856267255e+02
-3.303849454305005111e+03 -6.649603724798574149e+03 -4.135722984320100295e+02
-3.916551231979754903e+03 -6.765774821659813824e+03 -7.686620514658789034e+02
-3.910727739935364752e+03 -6.809147542939595041e+03 -6.938888055040470135e+02
-3.238959601952110006e+03 -6.604266652179975608e+03 -4.086768444966911602e+02
-3.702972753708023447e+03 -6.783024548058340770e+03 -6.867011233618435426e+02
-5.555663016287313440e+03 -6.436501753061310410e+03 -3.577501937238376399e+02
-2.473569858600214957e+03 -5.554248009915853800e+03 8.189247943052951086e+02
-3.308588668496596711e+03 -6.657848776666300182e+03 -5.192899372256626975e+02
-5.735523907424313620e+03 -6.644251228642766364e+03 -8.785080414082400466e+02
-3.586257607122267927e+03 -6.738385593084929496e+03 -5.458446433831129525e+02
-3.046411324764092569e+03 -6.462313914078757989e+03 -2.408194590501479411e+02
-2.032202563085999373e+03 -5.641392130827285655e+03 7.075261246332564724e+02
-3.026453808867614498e+03 -6.403017803152255510e+03 -2.264763247954573444e+02
-3.300153790168356863e+03 -6.617913666218812068e+03 -6.013910500739582403e+02
-4.210284777221824697e+03 -6.797784624718718987e+03 -7.926162124751481315e+02
-2.966812323140446097e+03 -6.552954619095854468e+03 -3.717852046174572251e+02
-5.103769304327460304e+03 -6.713045077898213094e+03 -6.626259580168913317e+02
-6.804087052547897656e+03 -1.832089011612712511e+03 4.901641867138598172e+03
-4.221431955818138704e+03 -6.862962271528685051e+03 -7.778927056750156908e+02
-3.221594563341548564e+03 -6.520784964446846061e+03 -4.784311826393528690e+02
-3.003417753998247917e+03 -6.320965714071039656e+03 -1.627749636154558175e+02
-1.873399636209271421e+03 -5.036680547573109834e+03 1.469467580254065524e+03
-5.569110036619083985e+03 -6.094272882914673573e+03 -1.153644840944074019e+02
-4.144433223518907653e+03 -6.983653481680602454e+03 -1.102175084470867205e+03
-2.485999482367541532e+03 -5.632907712122373596e+03 6.748896387156129322e+02
-2.497891214065404256e+03 -5.206739695536553882e+03 1.161468305942789812e+03
-4.921756207485692357e+03 -6.919035287602889184e+03 -7.761549680817911394e+02
-4.223839070879109386e+03 -6.913454980999896179e+03 -1.053146328673542484e+03
-3.118419108377412158e+03 -6.532325083559200721e+03 -3.459444653111596040e+02
-3.405937127810399488e+03 -6.676775656120477834e+03 -4.478635106077496744e+02
-3.552508409904273321e+03 -3.303472305889470135e+03 3.293376652172396462e+03
-3.211512152093277564e+03 -6.540723759958169467e+03 -4.505199923550167114e+02
-2.252438811974082455e+03 -6.169952534597658087e+03 1.722811451345240812e+02
-3.246513730323675190e+03 -6.584003950752383389e+03 -3.974959836722876503e+02
-3.535379577049564887e+03 -6.732859404869755053e+03 -5.649166328856051678e+02
-3.122680218140618308e+03 -6.496724794041950190e+03 -2.762980017972176938e+02
-3.496521359142362599e+03 -6.706725382753978010e+03 -6.759538475108668081e+02
-2.274465555448163741e+03 -5.886085664391173850e+03 4.886270792753541627e+02
-5.577636994589416645e+03 -6.257801859858411262e+03 -3.507935695079708580e+02
-8.303449146211134575e+03 -5.031800022490099764e+03 1.834875368987713045e+03
-1.020710337535092731e+04 -6.053620321100398542e+03 6.329528729413783594e+02
-3.208232624751333788e+03 -5.317495668189664684e+03 9.483407762872426474e+02
-2.908023292345176287e+03 -5.877610046556735142e+03 2.472869329162762142e+02
-2.919468075474070702e+03 -5.767311001268243672e+03 4.524474278718337246e+02
-3.411539121069196881e+03 -5.354387146407723776e+03 8.473876812917939105e+02
-3.527315869838877916e+03 -5.303370045939831471e+03 9.516404078073811661e+02
-2.886274342529796286e+03 -5.725043579211171163e+03 4.095211743037536962e+02
-3.377140518948001045e+03 -6.707730327416026739e+03 -5.237826590715137627e+02
-5.930464885437165321e+03 -4.202483037323423559e+03 2.238122244351896825e+03
-2.730559371825581820e+03 -6.294017953209360712e+03 -1.110375706257984234e+02
-3.157277536648599380e+03 -5.549346024054399095e+03 6.971333454278509407e+02
-3.236151767247545649e+03 -6.705715540273320585e+03 -8.265750357930212431e+02
-4.044856161884076300e+03 -7.191112415771608539e+03 -1.540771999308865816e+03
-2.838810396270553611e+03 -6.263961792470832734e+03 -5.678670905911701539e+01
-4.278263533922848183e+03 -4.737343377231227350e+03 1.693573000417286949e+03
-2.752691302340946550e+03 -6.458344850600904465e+03 -4.102448030602603239e+02
-5.257759235767976861e+03 -4.221447324919673520e+03 2.482253934811757517e+03
-3.865876469284416999e+03 -7.303625082104425019e+03 -1.673096839683759526e+03
-6.750920003786795860e+03 -4.394206835962075274e+03 2.392806240068187890e+03
-1.241992230753873446e+04 -9.191048273952388627e+03 -2.444189880502763117e+03
-2.953862554773373176e+03 -5.729053819898090296e+03 3.414809473127439787e+02
-2.790113835516944619e+03 -6.763804403225823989e+03 -6.584338549280853385e+02
-3.056027295132288600e+03 -5.673547328831391496e+03 5.305987383501360455e+02
-3.052950936383067074e+03 -6.481162816454264430e+03 -2.734836324614016121e+02
-3.000727155844499976e+03 -6.404491612352419907e+03 -1.994087895038596798e+02
-3.649235587922657032e+03 -6.954292257743938535e+03 -9.130581807014557398e+02
-4.936254881222316726e+03 -4.281939707746240856e+03 2.291926412104275187e+03
-2.998436383781739096e+03 -5.629122621528577838e+03 5.031363814947577566e+02
-4.166892338973589176e+03 -4.719069011150856568e+03 1.630198536750547646e+03
-4.572867256558981353e+03 -4.529849409967415340e+03 2.043086600748145429e+03
-4.004701607489217167e+03 -4.977327054617781869e+03 1.311035956173998784e+03
-7.144910944458974882e+03 -4.353489419225337770e+03 2.243079183115432443e+03
-3.754454950000747885e+03 -7.289236252633167169e+03 -1.689991703531949952e+03
-9.459339288680188474e+03 -5.679563112375250967e+03 1.229022054897285443e+03
-2.838771853146314243e+03 -6.208623379902744091e+03 -1.049750003515591743e+02
-2.808584744139290251e+03 -5.889015529349051576e+03 1.321834082692286074e+02
-4.652754925306528094e+03 -4.675367793189248005e+03 1.726724985408650127e+03
-9.366748720526107718e+03 -5.362073209092665820e+03 1.370098845204788176e+03
-4.460868283751939998e+03 -4.581730313810422558e+03 1.739882240880066092e+03
-2.727402477435767651e+03 -6.278540433444925839e+03 -3.582581646285510715e+02
-3.016105497287555863e+03 -5.667079751600244890e+03 4.673093063735628903e+02
-3.019190587418650466e+03 -6.824740459865387493e+03 -6.749984439518232193e+02
-3.214027937639392349e+03 -5.344676145173300938e+03 7.081247632404515571e+02
-2.925502790298893615e+03 -6.097629510941706030e+03 4.818393136351380690e+01
-2.774446416651813706e+03 -5.846291356283752975e+03 8.866553849018646360e+01
-5.725129394670182592e+03 -6.582938602052973692e+03 -7.105232158232296342e+02
-4.836052156956645376e+03 -4.007851339773686050e+03 2.524874315833525088e+03
-3.000840735017391580e+03 -5.491816733020204083e+03 6.942563208367266725e+02
-2.933673822041932453e+03 -6.102216717697986496e+03 9.911834068761231720e+01
-3.029559653874612195e+03 -5.661299717671168764e+03 4.913605518433935231e+02
-8.364122160861224984e+03 -4.884979425595589419e+03 2.015434740189922422e+03
-6.849911606008140552e+03 -4.696478821278828946e+03 1.899276419553776577e+03
-3.417542680521720285e+03 -6.754111288329199851e+03 -9.349355075722240827e+02
-3.861634631764618916e+03 -7.137325918766042378e+03 -1.136015630856353027e+03
-5.163279475327258297e+03 -6.808335774083791875e+03 -1.071342210869021528e+03
-1.200293997518627293e+04 -8.017897273357454651e+03 -1.389766627714780043e+03
-3.381859748065094664e+03 -6.905072475304788895e+03 -7.706890967469005318e+02
-1.110031044214107169e+03 -5.577292774683840435e+03 1.993027151749168979e+01
-3.193257328310611229e+03 -5.359152549912048926e+03 8.693446722290780144e+02
-2.967639045434556920e+03 -6.452734510224778205e+03 -3.802840604086853773e+02
-2.956037834868146092e+03 -5.631452869126803307e+03 3.872266618912429976e+02
-2.839611014151867039e+03 -5.813254095550248167e+03 1.757170936328188873e+02
-2.959161275110681800e+03 -6.259978403434753091e+03 -1.276076467658191405e+02
-2.924992960741383740e+03 -5.751078904930404860e+03 4.469968218404558229e+02
-2.738826092362413419e+03 -6.087743517882558990e+03 -6.335702974842445201e+01
-4.213468030118037859e+03 -3.515439230285588565e+03 2.451428420179388922e+03
-4.594548797103096149e+03 -4.610860687442920607e+03 1.867970698015981725e+03
-2.896705211989899453e+03 -5.684984007526162713e+03 2.533589709583870899e+02
-3.436129348230922005e+03 -6.723172052219784746e+03 -7.644346334662452591e+02
-2.407682829973321532e+03 -5.512092154059425411e+03 3.065600523913543043e+02
-2.942562794998068966e+03 -5.726091947795253873e+03 4.300642746083955217e+02
-4.047217163334357792e+03 -4.642403676531866040e+03 1.832018309171043711e+03
-3.915720035494618969e+03 -4.548707887428856338e+03 1.907842826365857036e+03
-2.643047628846078624e+03 -6.193670440437117577e+03 -1.354872924941782344e+02
-2.997511686811545587e+03 -6.492609828273766652e+03 -3.353230339778422149e+02
-3.289827285164324621e+03 -5.418846876504075226e+03 8.422757643874405176e+02
-3.548197503897392835e+03 -6.787243442185083950e+03 -6.446635114727034761e+02
-1.075729626314674533e+04 -7.211459820316020341e+03 -4.423927645403415454e+02
-2.939963119431640280e+03 -6.172759828465857026e+03 -1.511839466459972527e+02
-3.052394228390186527e+03 -5.450400610821147893e+03 7.072788632666291733e+02
-3.502570107783255935e+03 -4.973545909808856777e+03 1.334681772474463060e+03
-4.626384415614601494e+03 -4.598336938708285743e+03 1.921070401267426860e+03
-2.292402412692785219e+03 -6.397356890991379260e+03 -7.427617767983815611e+02
-3.428646069903464195e+03 -6.979173535880794589e+03 -1.162486270115074603e+03
-3.713119203473129801e+03 -4.832494459805937367e+03 1.528738471257957599e+03
-4.532249508124994463e+03 -4.442833460565435416e+03 1.954803829704388136e+03
-2.652335409131565029e+03 -6.081270341512644336e+03 -1.421619386490284569e+02
-2.793266498934717674e+03 -5.829442903306080552e+03 1.464848799398400843e+02
-3.482710596461642581e+03 -5.225295106272863450e+03 1.017714119716575965e+03
-3.030461932694326606e+03 -5.539061845878858549e+03 4.736503246598434771e+02
-7.877284996793114260e+03 -4.458072286474767679e+03 2.030994774324019090e+03
-2.913837180699421424e+03 -5.967021076884762806e+03 2.580945289696937834e+02
-3.682039753523384661e+03 -4.829933058133239683e+03 1.564505383926401009e+03
-2.937123684003721337e+03 -5.807032209951224104e+03 4.429785452900453038e+02
-2.970512535771008061e+03 -5.586027433357688096e+03 6.906328942271850337e+02
-3.290844754957307032e+03 -5.272960718752850880e+03 9.957220740068383975e+02
-2.849498322257362815e+03 -6.329279171375420447e+03 -1.218635401914491467e+02
-4.414366671086731003e+03 -4.453264225412166525e+03 1.951584653902865739e+03
-2.855444102505682167e+03 -6.817766418709220488e+03 -7.607286634740869431e+02
-7.723514477549766525e+03 -8.736486912768015827e+03 -2.002049202629282718e+03
-6.301049443497136053e+03 -1.037868697474953478e+04 -3.362110933061356263e+03
-5.340785619612169285e+03 -5.335069567178285979e+03 9.671687440201903883e+02
-4.693858668516009857e+03 -5.211244353949486140e+03 1.006269295669484336e+03
-3.935905501005328006e+03 -5.215435475792604848e+03 1.046045230570179456e+03
-5.501897984452174569e+03 -5.372675773058623236e+03 9.456482404912915172e+02
-5.333889192508866472e+03 -5.403895120358682107e+03 8.807939773829341448e+02
-4.662074069776156648e+03 -5.299025870215981740e+03 9.420446265862024120e+02
-2.920265228225620831e+03 -5.735580669795495851e+03 4.622193678564108268e+02
-7.678725567631639933e+03 -7.352343608731436689e+03 -5.765682362498320117e+02
-3.147553252441260156e+03 -5.326924819274056972e+03 7.653798805137579393e+02
-4.028342966052076008e+03 -5.215430936456656127e+03 9.935734952186656983e+02
-2.868242961570792431e+03 -5.490169085204985095e+03 6.440273761074195136e+02
-2.613129070529752426e+03 -6.298694778546700945e+03 -3.940106813650579625e+02
-3.333245391508869034e+03 -5.318949779937715903e+03 8.679033275833135122e+02
-6.705340901999327798e+03 -6.076520745238349264e+03 4.739426476490140203e+02
-2.546260951729066164e+03 -5.240509881864323688e+03 6.303349113763424612e+02
-6.708395511438726317e+03 -5.962485198680042231e+03 5.118437184552244048e+02
-1.822952350095287329e+03 -5.441983086992513563e+03 1.407509044714958577e+02
-7.541034900338845546e+03 -7.370085138996610112e+03 -7.408459924526931673e+02
-3.104729072973857456e+03 -1.278863515601072322e+04 -5.901925087245101167e+03
-3.649285498584702509e+03 -5.232720635662637505e+03 9.785894858305482558e+02
-2.700511949334549172e+03 -5.226629353741551313e+03 8.384783361780897621e+02
-3.858041585096330436e+03 -5.181014935692650397e+03 9.564819810050257729e+02
-3.299797412477785656e+03 -5.395628309860107947e+03 7.812579178891118090e+02
-3.161391660770793806e+03 -7.460512414418510161e+03 -2.100591984035668702e+03
-1.754880917860434693e+03 -6.349484966506205637e+03 -7.262464994067704538e+02
-6.155074879079473249e+03 -6.131901741245736048e+03 2.948485033024327890e+02
-5.233495374796007127e+03 -5.354630497311374711e+03 9.210227655002186111e+02
-6.463335163562698654e+03 -5.813323805409087981e+03 6.282910853427466691e+02
-6.051346880636137030e+03 -5.745282166611797038e+03 6.104821022438246700e+02
-6.363335047815889993e+03 -5.506396577308287306e+03 8.524639122120710226e+02
-7.292798173928988035e+03 -8.214980527656944105e+03 -1.499544684993693409e+03
-2.865466614753298018e+03 -5.928247094601139906e+03 3.068351334620559214e+02
-6.927676886135341192e+03 -9.678208305476335227e+03 -2.893844533173554737e+03
-4.060320756987668574e+03 -5.163912835635615920e+03 9.977369693441526124e+02
-3.368749957311802063e+03 -4.864320720249539590e+03 9.634391743059709370e+02
-6.698857653650088650e+03 -6.224350975944715174e+03 2.390238071216680282e+02
-7.156889985882588917e+03 -9.159972512971035030e+03 -2.437730906644024799e+03
-7.035218980882828873e+03 -6.174859175323912496e+03 1.858695334659749676e+02
-4.209785036212148952e+03 -5.085110952873195856e+03 9.451588480501313825e+02
-4.195086686656090933e+03 -5.096488176523372204e+03 9.822876281906185341e+02
-2.706551667303283921e+03 -5.861706097386483634e+03 2.133169303595187216e+02
-4.435430734884824233e+03 -5.234482175730900053e+03 9.785537924051413938e+02
-3.335839925833618508e+03 -4.922818436033055150e+03 8.774032648701759172e+02
-2.573243526186877261e+03 -5.273735722920851003e+03 5.793064778280634073e+02
-2.316285840979649493e+03 -5.403358645232966410e+03 3.177027318628279318e+02
-7.143832703046105053e+03 -6.915652407828315518e+03 -2.394503508808869015e+02
-4.736516600606178145e+03 -5.151155382627563085e+03 1.035017638358587874e+03
-3.124850356571275370e+03 -4.760013459522417179e+03 1.016074662077503376e+03
-4.333553277379139217e+03 -5.033217833344871906e+03 9.391698845256285040e+02
-7.517668216775209657e+03 -8.811767120576305388e+03 -2.317913151362287408e+03
-7.598752921251098996e+03 -8.313267815071041696e+03 -1.476575516228671177e+03
-2.807158309015569102e+03 -5.898176797147556499e+03 1.552257487190342999e+02
-2.604563892366346408e+03 -6.205996214080038044e+03 -3.656418226908236875e+02
-2.176244478474091466e+03 -6.419841431386898876e+03 -8.035676192100231674e+02
-4.331517561940732776e+03 -1.125087640132797787e+04 -4.588787996160914190e+03
-3.293455749917696266e+03 -5.238166259821184212e+03 7.796321710426086611e+02
-2.165717090557371193e+03 -5.120588228122289365e+03 5.405928756826615427e+02
-4.437419671819892756e+03 -5.230177385551814041e+03 9.863516373164457036e+02
-2.966853585667925472e+03 -5.278366740403528638e+03 7.556442306611380673e+02
-4.285793272703522234e+03 -5.137755415788205028e+03 1.000266648326205086e+03
-4.085854767913770047e+03 -5.202107837062089857e+03 9.860258130455114269e+02
-3.250367217984440231e+03 -5.349398618612462087e+03 7.666138349706122881e+02
-4.128709238833507698e+03 -5.087789011948822917e+03 1.125996252283507829e+03
-2.902628861851386318e+03 -5.577064212956820484e+03 3.414165372944291903e+02
-2.550430934379403425e+03 -6.292769240493570578e+03 -3.959932996645393359e+02
-6.340069792269128811e+03 -5.627383508491820066e+03 7.162198347867047232e+02
-3.771862997286466452e+03 -5.223151012198152785e+03 9.620091495546042779e+02
-2.721110790523013748e+03 -5.773051206318464210e+03 2.750782616192218484e+02
-3.697727465051360468e+03 -5.016173853703197892e+03 9.592739296393685891e+02
-4.254817476842007636e+03 -5.083324575536636075e+03 9.288167033104725760e+02
-5.551869024808048380e+03 -5.758519635906213807e+03 5.036642400218964326e+02
-4.645488842755139558e+03 -5.134814853600012611e+03 8.717298241073082181e+02
-3.926348190401526153e+03 -5.158289859617580987e+03 9.566357602424124025e+02
-2.749784678626487221e+03 -5.500156701884731774e+03 4.633810048638520698e+02
-4.517055484574283582e+03 -5.259399177518062061e+03 9.787816848338973159e+02
-2.658029341620402647e+03 -6.457925267215333406e+03 -5.750090500270331404e+02
-5.167378295525934846e+03 -1.141582345411259121e+04 -4.796829419717039855e+03
-3.207274345507420549e+03 -5.170700280547979673e+03 7.995926467108661200e+02
-4.606013023034654907e+03 -5.206849102058195967e+03 9.623167481762936859e+02
-5.701137237707371241e+03 -5.330200275231664818e+03 1.013070520210140899e+03
-6.423454088181371844e+03 -6.230934078538591166e+03 1.853412907450129126e+02
-2.705643783553197864e+03 -6.401331103042175528e+03 -5.992267509631764142e+02
-2.133408968721014844e+03 -5.560029205584870397e+03 1.676529693763852720e+02
-4.940518980440612722e+03 -5.261765221454227685e+03 7.552490574590125334e+02
-5.661359216146416657e+03 -5.633936402822514538e+03 6.730181995139337232e+02
-2.486925005446105388e+03 -5.758366831270741386e+03 5.069610483091668129e+01
-2.758956594080954801e+03 -5.760829371323235137e+03 3.604908452357953479e+02
-4.399141124258946547e+03 -5.226776443976224982e+03 9.979951575678570634e+02
-4.076170511756386077e+03 -5.213502633742182297e+03 1.006121266768903297e+03
-6.677444847137316174e+03 -8.722442738454901701e+03 -1.998538676954107359e+03
-4.119818839847508571e+03 -5.206609851372674711e+03 9.921840275119135413e+02
-5.300435509211596582e+03 -5.519056866378521590e+03 7.172713846598152259e+02
-3.495563931878550648e+03 -5.144944211142144923e+03 8.235969944516550640e+02
-3.941661921568279467e+03 -5.188867873865088768e+03 9.741030519011012530e+02
-4.940859946417778701e+03 -5.238979612150767935e+03 1.031585896808884627e+03
-3.981490037570672939e+03 -5.119633928514260333e+03 9.443854700941537885e+02
-6.799149566947407948e+03 -5.958450585507756841e+03 4.095151977060807553e+02
-3.024814443693369867e+03 -5.604380868102517525e+03 4.555433714907352396e+02
-2.144348988682045729e+03 -9.505007526643365054e+03 -2.898286910949019330e+03
6.293462513348168841e+02 -9.080822976835312147e+03 -2.623767246180492293e+03
-5.673980028142007541e+03 -6.675092436066117443e+03 -3.592552310812813516e+02
-5.370759383078550854e+03 -6.009996926100431665e+03 2.510532396839673765e+02
-5.553864499091666403e+03 -6.139938918244628439e+03 5.743959216543217394e+01
-5.444477590987548865e+03 -6.619521800653849823e+03 -3.473724897390950446e+02
-5.482369131092435964e+03 -6.304962503748156450e+03 -2.193990076180210735e+01
-5.371563298748422312e+03 -5.717190901269268579e+03 3.121334168951602237e+02
-4.188622563298364184e+03 -4.996208781258470481e+03 1.081667713105789517e+03
-2.692859907724892764e+03 -8.996306728018593276e+03 -2.202441483073348536e+03
-5.152826365741868358e+03 -5.328308901806929498e+03 6.602254429151780641e+02
-5.484984422109364459e+03 -5.904543489634526850e+03 3.116228696818357093e+02
-5.125930395812688403e+03 -4.736056990523855347e+03 1.032060564615026806e+03
-2.846193134512438974e+03 -5.228954712886960806e+03 5.839680418524987999e+02
-5.320928623066444743e+03 -5.724205956933637026e+03 4.792062531566210737e+02
-5.307502106177302267e+03 -6.975244647467970935e+03 -6.962132491941440549e+02
-5.084836884054167058e+03 -5.394569845558735324e+03 7.861239348168592187e+02
-4.663229791285720239e+03 -8.273894274842668892e+03 -1.812162419451955202e+03
-3.438263705865299926e+03 -4.914413400790093874e+03 1.081562023157778185e+03
-3.535376873327389603e+03 -8.785548812178340086e+03 -2.420437047105997408e+03
4.395875531689266609e+03 -7.388369983853515805e+03 -6.255489316930456880e+02
-5.271294839076406788e+03 -5.777505387187778979e+03 4.431093491095457466e+02
-4.999792187155883767e+03 -5.330835862531046587e+03 7.541608548449286218e+02
-5.310926612728724649e+03 -5.851513682030536074e+03 3.875033361663897722e+02
-4.701814114622507986e+03 -4.872227895546091531e+03 1.021955711096219488e+03
-4.095696499234872590e+03 -4.880178514639737841e+03 1.226894831637365087e+03
-4.378666917567191376e+03 -4.869367925811785426e+03 1.024738795427511832e+03
-5.158867796283166172e+03 -7.758222922004128122e+03 -1.276615961285724552e+03
-5.482179868870163773e+03 -6.388271963000392134e+03 -1.663480086444491235e+02
-5.085902414494150435e+03 -7.041673490217856852e+03 -7.407372794715982991e+02
-5.539190878793495358e+03 -7.568329698320372700e+03 -1.259673250077840066e+03
-5.505409964570692864e+03 -6.258448378514333854e+03 -8.026956297283277308e+00
-3.314919706813860103e+03 -8.745846255422409740e+03 -2.296153130675220837e+03
-3.034145601896710104e+03 -5.029149359628719139e+03 1.007409177734564992e+03
-8.852986946536653932e+02 -9.035769917673638702e+03 -2.504735547485126062e+03
-5.179361847819178365e+03 -5.599203162526383494e+03 5.980334517037857722e+02
-4.672885479848680916e+03 -5.221450661646890694e+03 9.408177313469849423e+02
-5.168057715443117559e+03 -7.975631702113814754e+03 -1.557912932892176286e+03
-6.990254064773967002e+02 -9.378771513687290280e+03 -2.811253331405090648e+03
-5.321383102894096737e+03 -7.752120515303592583e+03 -1.342589082584215475e+03
-5.086706559784583987e+03 -5.484983292170865752e+03 6.662090225042702514e+02
-5.408812209649119723e+03 -5.920044277282215262e+03 1.341158131332263395e+02
-3.746747993000279166e+03 -4.624837630010089015e+03 1.154103277533992923e+03
-5.421984292898506283e+03 -5.904301656221437042e+03 1.474826869431622072e+02
-5.142130729209622586e+03 -5.262652929292037697e+03 7.618157036983895978e+02
-5.851048587943492748e+03 -5.359665899186869865e+03 4.378690941591978572e+02
-4.016466415332432462e+03 -4.597055388209715602e+03 1.229424309943769686e+03
-4.894521788220982671e+03 -8.195200521147917243e+03 -1.859954794192178724e+03
-5.441318096375768619e+03 -6.155148788880897882e+03 4.914184974100328418e+01
-4.624358035063474745e+03 -5.097901889341999777e+03 1.053271986407839904e+03
-5.497167661489146667e+03 -6.193033684494849695e+03 5.988981771523489783e+01
-2.092708721805539881e+03 -9.115476786562550842e+03 -2.468002311027537417e+03
-2.216457044164435047e+03 -9.374605843740107957e+03 -2.545919355387501582e+03
-3.899599613253511507e+03 -4.999409112364053726e+03 1.001289276000356381e+03
-3.289954773935914091e+03 -5.296787047532918223e+03 8.916501019906336296e+02
-4.469409374898389615e+03 -4.640657168846950299e+03 1.281755575780262006e+03
3.150843117962615906e+03 -8.225111767762660747e+03 -1.531078697952431867e+03
-4.004582716307312239e+03 -4.997149733742415265e+03 1.088314193873624163e+03
-2.204542995500032703e+03 -5.996405358659390913e+03 -1.115517442894215492e+02
-5.420398240665990670e+03 -5.953485025637137369e+03 2.408195765531161214e+02
-4.568385105965484399e+03 -5.054364071766897723e+03 1.096241123756128900e+03
-5.356373972262673306e+03 -5.853090275222490163e+03 3.088043414847895747e+02
-5.074955998831169381e+03 -5.282947311589379751e+03 8.353435480856196591e+02
-4.566925786914863238e+03 -4.835700391020618554e+03 1.054851977543527028e+03
-5.529179392785605160e+03 -6.127526675837797484e+03 1.303510553200728452e+02
-4.667553707617475084e+03 -5.191788542630196389e+03 9.448706846138344417e+02
-3.168743723932117518e+03 -5.204822244551764015e+03 9.154726347232436865e+02
-5.507037893388538578e+03 -7.384078010909560362e+03 -9.806309125835477971e+02
-5.513587131671863972e+03 -5.987566502308446616e+03 2.789439044195262341e+02
-4.827858125472430402e+03 -5.128966792066188646e+03 8.373205381356857515e+02
-5.171128112792300271e+03 -5.659135234687878437e+03 5.831898407382196865e+02
-5.665426462258213178e+03 -6.133221971788768315e+03 1.727154948382975590e+02
-5.607182121282525259e+03 -6.925729661081758422e+03 -5.516115954434446849e+02
-5.383035537124750590e+03 -6.328099848605863372e+03 -1.293190752670811321e+02
-5.058069989820640330e+03 -5.357248911273990416e+03 6.829321785695109384e+02
-5.308802087866176407e+03 -5.030947869203664595e+03 7.420252580859788623e+02
-5.531833888139218288e+03 -6.176571830880687230e+03 6.352788715391776009e+01
-3.431739684731377110e+03 -4.683345052603533077e+03 1.282110340060183489e+03
2.002712276724120329e+03 -8.253527383995151467e+03 -1.722858476226628682e+03
-5.566640464189657905e+03 -5.758608337529130040e+03 2.699156329072025642e+02
-5.406263440210444060e+03 -6.144898061014878294e+03 1.215451461455815263e+02
-5.390132078418443598e+03 -6.487495654497372016e+03 -2.527317966453331337e+02
-5.122277382255212615e+03 -7.221437853585569428e+03 -9.381676614503510336e+02
-2.231294767596110887e+03 -4.978118528056967989e+03 6.805673516380209094e+02
-4.089174735521386083e+03 -4.537527300649517201e+03 1.352976438484922028e+03
-5.408541295591395283e+03 -6.559041197090212336e+03 -3.381789615535996063e+02
-5.441529114137656507e+03 -7.492736854140110154e+03 -1.021908476427382880e+03
-4.140196852512448459e+03 -4.745802055422176636e+03 1.189214225453361450e+03
-4.262505247892842817e+03 -4.782335711016805362e+03 1.278000531574812840e+03
-5.370212687969058607e+03 -6.067435890867121088e+03 9.692587533348077500e+01
-5.193249192806439169e+03 -5.524623379375278091e+03 6.691514120205499694e+02
-2.450748055211925475e+03 -9.101855190951613622e+03 -2.447890279871140137e+03
-5.350350282782301292e+03 -5.604342672344695529e+03 3.277175998607830252e+02
-5.351154562514969257e+03 -6.505551723703217249e+03 -2.662503823688946341e+02
-5.339808433536576558e+03 -5.728648229263103531e+03 4.199716703671571736e+02
-5.341839397746361101e+03 -5.778974174381859484e+03 3.140037439366079752e+02
-5.333932736059368835e+03 -5.872752056330109554e+03 3.201677220141000362e+02
-5.316175641923678086e+03 -5.889665004363570915e+03 3.659792595729181812e+02
-5.399576300722641463e+03 -7.089511485541502225e+03 -6.998012042228965583e+02
-4.364793944913089945e+03 -5.093510606731440021e+03 1.081112617889735930e+03
2.906094391571610913e+02 -5.902006670074042631e+03 7.645305158720182135e+02
1.051041565690046809e+03 -3.952747625393173166e+03 2.882044734241775132e+03
-3.783215356984108894e+03 -7.190819448810178073e+03 -9.109253780209231763e+02
-4.271532617684314573e+03 -6.877473563053941689e+03 -7.223526582209660774e+02
-5.196497335947828105e+03 -6.519101615500945627e+03 -2.748928146218278812e+02
-4.292152278524394205e+03 -6.912330992768285796e+03 -6.654522204342108580e+02
-4.369667725842222353e+03 -6.893793707898527828e+03 -7.242679738747234524e+02
-4.772508324249526595e+03 -6.776291860443860060e+03 -5.416290028167219361e+02
-5.482344375836232757e+03 -5.824595466065056826e+03 3.670530694160728444e+02
-2.871476041830749750e+02 -6.534253018605122634e+03 1.175075604423307141e+01
-5.630780713125373040e+03 -6.144628920905942323e+03 -3.479495591457205705e+01
-5.126033652642249763e+03 -6.504860973480763278e+03 -4.836141960514376592e+02
-5.049772295171155747e+03 -4.540415141692166799e+03 1.384200529770582079e+03
-3.899463809020367535e+03 -4.774945980459082421e+03 1.194432812882869257e+03
-5.633817843354010620e+03 -6.025418959651970908e+03 -1.369498014893461004e+02
-2.373906185131086659e+03 -7.246387478617371926e+03 -9.397593157934421697e+02
-5.034618824031104850e+03 -6.751546514691828634e+03 -5.179954478960401048e+02
-2.506768864664307330e+03 -7.023981467984813207e+03 -7.077721728549557838e+02
-3.292489297812383029e+03 -4.707892836002899458e+03 1.137206799231891182e+03
-5.198664047131032930e+02 -7.058968369655106471e+03 -3.906789051491282407e+02
-5.085049795476919599e+02 -8.054090114084875722e+02 6.131854730010592903e+03
-5.185987942744264728e+03 -6.498239183833665265e+03 -3.568873627712204097e+02
-5.419730173948416450e+03 -5.970578709879672715e+03 1.897080637110210546e+02
-5.004276963912202518e+03 -6.552430232115180843e+03 -5.513736842145010542e+02
-5.560893504604422560e+03 -5.826175694873521024e+03 1.576500832996730992e+02
-5.518954395479655432e+03 -6.125748264142092921e+03 -1.405171364903310405e+02
-4.748985268688436008e+03 -4.950255751638053880e+03 1.074976486376461708e+03
-1.230409717705410912e+03 -7.266468062364019715e+03 -8.686388406656942607e+02
-3.949714491138069206e+03 -6.855214149247834939e+03 -7.065588726692139971e+02
-2.970254373168933853e+03 -6.882543544404712520e+03 -6.181067004983810875e+02
-2.813309280889138790e+03 -7.167113918428568468e+03 -8.995127824207811500e+02
-3.690558307777944265e+03 -7.114950440709823852e+03 -8.304411171758657702e+02
-1.765767367542360375e+02 -6.212003303721053271e+03 5.116187748509020707e+02
-4.784541151491455821e+03 -4.807475394865563430e+03 1.239691297299247253e+03
6.738850697427488967e+02 -5.126112222583114090e+03 1.293437198338611779e+03
-4.996519281917236185e+03 -6.613020973992226573e+03 -4.369606950547041038e+02
-5.518163153169474754e+03 -6.237519314626975756e+03 -2.069762973878660262e+02
-2.015897005166186091e+03 -6.909531518812575996e+03 -6.089673061734167732e+02
3.335318386045093462e+02 -5.210822623950874004e+03 1.576578848692644897e+03
-2.075769113052315333e+03 -7.079387383223473080e+03 -6.547418366993299514e+02
-5.191677431359476941e+03 -6.511054441149926788e+03 -3.447960008336220881e+02
-5.040462845624336296e+03 -6.555036998760146162e+03 -4.878330454677681587e+02
-5.476079066963793593e+03 -5.736279378075076238e+03 4.662626744097385654e+02
-3.961842869267356491e+03 -7.013276455168830580e+03 -7.772531194055591186e+02
-5.381485643783711566e+03 -6.300190055748849772e+03 -2.266268984156356794e+02
-5.430618348540233455e+03 -5.818855109578122210e+03 2.093680125970798827e+02
-3.470781519359858066e+03 -4.796077416671231731e+03 1.270704693388222495e+03
-2.314976749988490610e+03 -6.894607727603690364e+03 -5.804660340898437880e+02
-4.206555887631857331e+03 -6.866060239848077799e+03 -7.472877725137457219e+02
-5.410370270091672865e+03 -5.999871785656921020e+03 7.916824453180407772e+01
-4.753012297305052925e+03 -6.717635897298143391e+03 -4.742508270453266164e+02
6.814428705998539044e+02 -5.589785320367508575e+03 7.732947770727485022e+02
1.540304709345937795e+01 -6.333136732473600205e+03 1.323994388930492505e+02
-3.736749786795034197e+03 -4.443979830364366535e+03 1.234709140895967721e+03
-6.132281571934901876e+03 -5.573150513254457110e+03 4.458575097442663946e+02
-4.943714707573989472e+03 -4.988732586444117260e+03 1.026904445144581814e+03
3.494489878252318817e+02 -2.507773973083571491e+03 4.366936560476764498e+03
-5.619757378301356766e+03 -5.813069465775531171e+03 3.393185308802594591e+02
-6.048894159413133821e+03 -4.411338701029773802e+03 1.031974374935153946e+03
-3.822286760632982805e+03 -7.313152499910866027e+03 -9.508369113779394866e+02
-5.637515633993206393e+03 -5.303229423243070414e+03 4.819190067974393514e+02
-4.167402698105817763e+03 -6.806330287554449569e+03 -6.726635520529007408e+02
-5.487058924805813149e+03 -5.953289366949124997e+03 2.360602134316323486e+02
-5.585802310691590719e+03 -6.111126624363887458e+03 -1.021608706826604447e+02
-5.022294024330118191e+03 -6.585574069490469810e+03 -5.336756381395133531e+02
-5.571117846419781017e+03 -6.106465272745177572e+03 -2.024821633185827636e+02
-6.350900763556956008e+03 -4.954708027279355520e+03 5.562366999734415458e+02
-1.520937339793661977e+03 -7.274590832085309557e+03 -8.747529156513404587e+02
-4.439063245781573642e+03 -6.836413539457860679e+03 -6.931769859026624090e+02
-4.840550720454306429e+03 -4.939078048174280411e+03 1.169559105804717319e+03
-4.919291863014316732e+03 -6.624596751644289725e+03 -5.318174752225631892e+02
-4.449366694827390347e+03 -6.894251657453184635e+03 -6.833272326968327661e+02
-2.017297321573463705e+03 -7.500016446930553684e+03 -9.577680557694384333e+02
-4.139185357884078257e+03 -6.824161494540187960e+03 -6.564527040855321047e+02
-4.694549521084823027e+03 -6.772508103880767521e+03 -5.348224684956478541e+02
-5.612452448759208892e+03 -6.046567127884257388e+03 9.248397014807376593e+01
-4.812838591982787875e+03 -6.669229179100200781e+03 -4.952860554020846280e+02
-5.885096444990302189e+03 -5.348406252332131771e+03 4.349649680043883677e+02
1.157261164456840788e+03 -2.969320684815713321e+03 3.931252014851026161e+03
-5.616890287081271708e+03 -6.396384718684508698e+03 -4.090058488129374155e+02
-4.543116193851527896e+03 -6.915741587425803118e+03 -6.431954237298321004e+02
-3.625841688871630595e+03 -6.901925292997601900e+03 -6.947835350061609461e+02
-3.082921446271785044e+03 -6.737351404443820684e+03 -5.121429489244238766e+02
-4.932400398650436728e+03 -4.622354363391221341e+03 1.137557126259663619e+03
-5.499317826360897016e+03 -4.993407390144465353e+03 7.621035182971712629e+02
-3.046592708079787826e+03 -7.222636232611179366e+03 -8.670734391388330096e+02
-2.138309374082755312e+03 -7.303990871312402305e+03 -8.226112197230263519e+02
-5.916736809802697280e+03 -5.930373253545149964e+03 -1.099876651147180837e+02
-5.410064254555213665e+03 -6.254459624492291368e+03 -6.149505250394264522e+01
-3.958037953482506964e+03 -6.814435895999773493e+03 -7.289706616606176794e+02
-4.859314964466763740e+03 -6.719616547062025347e+03 -6.201617203986867253e+02
1.180018909337975401e+03 -5.557458123478584639e+03 1.110380035873820816e+03
-4.843583391352677609e+03 -6.671325042024745926e+03 -4.337077025251995792e+02
-2.767500934359230087e+03 -7.283952060498973879e+03 -9.427560936628659647e+02
-4.887099521702582024e+03 -6.633149772454651611e+03 -4.952418528551337431e+02
-4.768719952156837280e+03 -6.709228590545457337e+03 -6.664519372311998495e+02
-4.320521113091119332e+03 -6.848654439270020703e+03 -6.483324907067659524e+02
-5.419329994837739832e+03 -6.408969868778916862e+03 -1.980798881986965512e+02
-2.175759028458708599e+03 -7.316707391138662388e+03 -9.594058299838688981e+02
-5.683833641856404029e+03 -5.753202020004026963e+03 2.381523792149671408e+02
