-3.114298882661097377e+04 -6.761028920346538143e+03 -4.579102451426010703e+03
-8.114992159120738506e+03 -8.178421004751138526e+02 -7.147328776956102956e+03
-1.181138856456989060e+03 4.282724797362267964e+03 -6.700364886049259439e+03
-1.527520693435055728e+04 3.929490816925631862e+03 -6.752564216349787785e+03
-3.347412389726488982e+03 7.187095899283986000e+01 -8.350767553870735355e+03
7.936654803423670273e+03 -3.874561690463713603e+03 -6.394202846547054833e+03
-2.860942062182052177e+04 -5.951968787020407490e+02 -7.255564955286760778e+03
-2.214618308186454306e+04 -1.629889380948648295e+03 -6.936249777717192956e+03
-1.561950571307662130e+03 5.255828826248512996e+03 -7.171742512329577949e+03
-2.345512893847394935e+03 -8.826892128283270722e+01 -7.059153270671801693e+03
-2.816603997204586994e+04 -6.639145754110259986e+03 -6.076438038745144695e+03
-9.363840755896921110e+03 1.573788571990052787e+03 -6.711346399704796568e+03
-2.734177983446076723e+03 1.848535310028490358e+03 -7.370644526054464222e+03
-2.658823090749869152e+03 -7.574800361566875836e+03 -7.717787995634539584e+03
-2.167667508423035542e+03 4.878804635117181533e+03 -1.006745397168904674e+04
1.046323723178350292e+03 5.976267254504236917e+03 -9.343658746409870218e+03
-6.246304584304907621e+03 -7.183429971394113636e+03 -7.000194184106779176e+03
-1.381545336222231072e+03 5.211516078081117485e+03 -7.447785574328592702e+03
-2.086747997035135541e+03 2.901300256846018328e+03 -6.887573141108388882e+03
3.010052439125576711e+03 -2.472815549278123399e+03 -6.390524790357338134e+03
-3.013115427720754724e+03 3.079983312529268460e+02 -7.532798583070861241e+03
-1.899872570402345900e+03 1.158892818431415208e+03 -6.700188623755924709e+03
-1.349982119355838449e+03 6.613534434781884556e+03 -8.764592083443671072e+03
-2.461218032594914803e+03 2.544276764926314172e+03 -7.286818672741206683e+03
-1.494873086958217755e+04 -1.070431283838863465e+03 -5.576017831033089351e+03
-3.739526598524933434e+03 3.949437235674684871e+03 -6.688118181118988105e+03
-2.164699591361846160e+03 1.035235289044521778e+03 -6.792244578360121523e+03
-3.259139177219360135e+04 -6.728411579120775968e+03 -4.732966998774601961e+03
-9.118275676247297952e+02 1.034415071752821405e+03 -6.440113683869235501e+03
-2.744515245939316810e+04 -6.013144494843124448e+03 -6.519361688706030691e+03
-3.310588009573087038e+04 -7.490482573836071424e+03 -4.559764387048224307e+03
-2.958028344205768008e+03 9.044869556444777118e+03 -6.618816154903310235e+03
-3.651648467247716326e+03 5.042700009714380940e+03 -1.007913785436969374e+04
-2.419587713138076651e+04 7.564762418724685631e+03 -9.150350553395881434e+03
-1.228721282373293434e+03 7.218420736285909243e+02 -6.610897731308348739e+03
-2.502320937535655503e+03 2.514903685961099654e+03 -7.085563853319169539e+03
-2.099665775805540761e+03 5.251206171183252081e+03 -1.009259380344696001e+04
-2.790784965134756021e+03 6.147378015469697857e+03 -1.244725572355534132e+04
-8.828724556084370079e+02 -1.271188830110032723e+04 -8.441253537570721164e+03
-8.924503084240282078e+02 1.596681616210762058e+03 -6.310306441858703693e+03
-2.358386856493723826e+03 5.490645958497455013e+02 -6.008288230950607613e+03
-1.548512201134925817e+03 5.872006278863265834e+03 -8.023215046091161639e+03
6.823256992846285357e+03 -5.434059496985626174e+04 -1.645638912324287958e+03
-6.360785883247224774e+03 1.262257915981454062e+04 -4.187868269281021639e+03
-1.404065399745353898e+04 3.418864136512444020e+03 -6.817969798595059729e+03
2.813712450901762168e+03 2.898172708030220292e+03 -9.238945652472224538e+03
-3.199371036006663780e+04 -6.722883724394976525e+03 -4.956197878192775534e+03
-2.708072915841978556e+03 5.831184025124233813e+03 -9.707199086326343604e+03
-3.436774115486235587e+03 -1.018918822032212574e+03 -7.867997527970188457e+03
-1.420606621298071786e+03 1.406790767091409407e+03 -5.609310295772769678e+03
-3.695817652055602593e+03 4.131435574342952350e+03 -9.151182930931425290e+03
6.659335014525088354e+02 9.920677239725921027e+03 -7.100973495715682475e+03
-3.858737380328794188e+03 -9.667716697785286897e+02 -8.162395319342042967e+03
-2.980059968766361635e+03 3.246978965236025033e+03 -8.714696675447108646e+03
-8.464906583086720275e+03 -4.409859590863264884e+02 -6.851377626072217026e+03
-1.562512304139795333e+03 5.667127915376764577e+03 -7.705684801142348988e+03
-4.331878656325822521e+04 -9.066408191866335983e+03 -6.955803989365505913e+03
-5.620814178025026195e+03 4.023022206585170807e+03 -6.928795821775802324e+03
-3.162408288461837856e+03 3.674957652241212600e+03 -6.802581979401152239e+03
-1.190374476625127500e+03 3.261191363634170557e+02 -5.815369328001629583e+03
-3.594323917491466091e+03 -6.135031874062560746e+02 -8.289496261976461028e+03
-4.414315253315482551e+03 -8.132657846450653778e+03 -6.897781695446892627e+03
3.729092567265832940e+02 2.922289818735910103e+03 -6.404670907168346275e+03
-1.278578527416955239e+03 4.205020290356739679e+03 -6.142347700872190217e+03
-1.181034028112004989e+03 4.788360997617509383e+03 -7.148263413146880339e+03
-5.461395606145096281e+03 9.701283139225797640e+03 -7.760533575088034922e+03
1.278197407036296681e+03 3.353264027575221917e+03 -5.749911262432049625e+03
-8.189852594131355090e+02 2.462998973804712023e+03 -6.202713349674727397e+03
-5.194041647484763189e+02 1.585128737921259244e+03 -6.213458119889400223e+03
2.484733446999983244e+03 -9.851111274527835121e+03 -8.648271721247770984e+03
-1.141215948505804363e+02 3.978032888739439386e+03 -9.704014820021247942e+03
-1.699381253155222566e+03 -1.504396157955723538e+03 -6.157979881592140373e+03
-3.200426179397103988e+04 -6.670981977401303084e+03 -5.297695856657383956e+03
-3.955386315652734766e+02 2.698179891840346045e+03 -6.750479881473387650e+03
-3.739334694026492798e+02 5.066020081905327970e+03 -8.378028377668739267e+03
-3.396494866295591692e+03 3.943873925548166426e+03 -6.773164406887864061e+03
-6.145943233421308832e+03 -7.434641416099156231e+03 -7.207958281376817467e+03
-2.792950490949281811e+04 -5.391788759319991186e+03 -6.368139060773781239e+03
-2.472890639634738363e+03 1.649593382558041867e+03 -6.728813514900424707e+03
-2.217341020274952371e+03 4.945280739137979822e+02 -6.974155539504347871e+03
-3.557516081294412288e+03 4.067373166634625704e+03 -7.015352075515736033e+03
5.489224016211157959e+02 5.607973484963849842e+03 -6.358145791143212591e+03
-2.898278106413591559e+03 -9.290675116197754733e+02 -7.221032944770567156e+03
-1.536727359670640908e+03 4.149855568542980109e+03 -7.916988481377282369e+03
-1.835230069106631618e+03 6.077829121624379695e+03 -7.658516879205430087e+03
3.485797944121961791e+03 -2.969196824172847300e+03 -4.286478170165822121e+03
-1.177780783188264195e+03 3.503631480622872459e+03 -2.735103631435394163e+03
-1.815879676787323433e+03 4.285303007316100775e+03 -7.283193699533076142e+03
8.266274780357248346e+02 3.814615022430255522e+03 -5.843327172678366878e+03
4.879915163688262965e+02 3.186684114194861195e+03 -7.055061025798730043e+03
6.367005548753918447e+02 1.712776728481003374e+03 -9.780684665579554348e+03
-6.703389444617596382e+01 -1.362282963022728836e+04 -8.738979865318726297e+03
7.868608722228054830e+02 2.907367293418802092e+03 -5.538768781389824653e+03
-3.094441582729937750e+02 3.147166138364310882e+03 -6.259211606784762807e+03
-2.215347161115062136e+02 2.867946700996856180e+03 -6.317482752752252964e+03
2.545385691794183458e+03 6.818943711826185790e+03 -1.110428187002098275e+04
-4.241305350067426843e+03 3.868002642184770593e+03 -6.621720809074007775e+03
-5.596254309806688980e+03 3.367491659372783033e+03 -6.873497969444715636e+03
9.591279533534327584e+01 2.704591522398081452e+03 -6.032236744845656176e+03
-5.356543342059883798e+03 3.549789173470161586e+03 -6.696739275952097159e+03
-1.533417224938194522e+03 1.824135176636155848e+03 -8.868614580419598497e+03
8.969360794157448254e+03 1.133911716287478885e+04 -5.770740822382567785e+03
-3.029735864288806169e+03 1.252624445041531317e+03 -7.608324219306555278e+03
-2.171379994747825549e+03 3.552271145624869860e+03 -6.294746395798153571e+03
-1.533450607278311509e+04 2.728801923459021054e+03 -7.341940414902847806e+03
-2.897963706506503513e+03 4.053630969119823021e+03 -7.340859401177085601e+03
4.301139477372719853e+02 -3.523096514059529909e+02 -5.119609763465648030e+03
-7.700887950348208051e+02 -1.657613147985386377e+03 -7.882992462423899269e+03
-2.820272929183859560e+03 1.478538418506577500e+03 -7.755068624137416919e+03
-1.739165259872160823e+04 -1.784042166153136350e+04 -1.524600326102056351e+04
-1.542614014461551051e+02 3.829973564885146516e+03 -6.853914630808745642e+03
-2.118523035259809603e+03 1.495437900644205456e+03 -6.960944327339038864e+03
-1.979280841870008999e+03 -1.358795417901332485e+03 -7.954056466905639354e+03
-3.213337955509643507e+03 4.237103761155452958e+03 -7.049948672380923199e+03
-2.951641427660794761e+03 9.650492991160726888e+02 -7.488343070148016523e+03
-9.311925826693783165e+03 -1.221036822841087087e+03 -1.100390251945513955e+04
-2.211986641356383643e+03 3.521054272713568480e+03 -5.593747629913765195e+03
8.493923335027322537e+03 -1.030123150738840559e+04 -9.384983813007880599e+03
-1.097507268036374398e+03 8.602244758515591911e+02 -6.384609407534819184e+03
-2.194922109359733895e+03 2.598810203182473288e+03 -7.473683182549902995e+03
-2.562611047549372415e+03 1.389998434002087834e+03 -4.146833353241603618e+03
-3.103014314081393422e+03 2.303000474642499285e+03 -7.963054647084402859e+03
-2.527024115484663525e+03 1.299005555733202073e+03 -7.311030771855181229e+03
-3.981559412525680273e+02 4.212364853609539750e+03 -7.080530643790615613e+03
-2.571940193796014228e+03 3.645528192027111345e+03 -8.042688275260103183e+03
-2.199174028407079277e+03 9.268900313090460941e+02 -9.378417328967194408e+03
-1.614174318855032880e+03 2.290742847461498968e+03 -6.962969521973851442e+03
1.681022854221343096e+03 3.804982142579477568e+03 -5.444898024291900583e+03
-5.566649131100987688e+03 5.675173360910343945e+03 -7.341343903709470396e+03
-3.280360758747930959e+03 1.692310927392557460e+03 -8.667733652905972122e+03
-1.586980089615545921e+03 3.084576594790335093e+03 -8.195956953425595202e+03
-2.193318174593474396e+03 1.683567609966131613e+03 -5.231198810459989545e+03
-7.527423741158676421e+03 7.523407363304885621e+03 -5.863468011046304127e+03
-4.386311568748329591e+03 5.756992114732764094e+03 -7.713303852904284213e+03
-6.815614284924371532e+03 -7.122123396636769940e+03 -7.232885640009091730e+03
-1.646692876138551128e+03 8.358676027723235165e+03 -9.133977446204466105e+03
-6.585211470787860890e+03 3.694615589692697540e+03 -6.798859171245961079e+03
-1.406050774957217436e+04 1.244538908840913427e+04 -9.234369024081959651e+03
-3.648377011245052017e+03 4.178324531583087264e+03 -6.896436497049998252e+03
-1.202754767861955315e+03 1.648029000732062457e+02 -7.334895141480776147e+03
-1.133828797901549251e+03 3.129906677305650192e+03 -6.669488891394139500e+03
1.136986430349283182e+03 -1.117991845976723926e+04 -8.146598148488395964e+03
-1.925683983906984849e+03 -1.334317636602724860e+03 -7.280730593659345686e+03
2.170928058050762388e+02 2.539225610762123324e+03 -9.235365862609751275e+03
2.445249516794994634e+03 4.085999100938121956e+03 -6.873745508250208331e+03
-4.414438773114485230e+03 -5.403627344281898331e+03 -8.710395486982473813e+03
-1.901211326621541275e+03 3.562348863664868531e+03 -5.808307175602517418e+03
-1.663635103103134315e+04 -2.913740131756017945e+03 -8.221872907456760004e+03
1.575913299423145190e+03 -1.089536971454378181e+04 -8.445602143596199312e+03
-2.050448782898921763e+03 1.208336905366258179e+03 -6.861875694769061738e+03
-2.135214675966188679e+03 2.501614292764880247e+03 -7.329199797012292038e+03
1.329967169975062916e+03 4.467577517012340650e+03 -4.238557606676182331e+03
-1.106613742969684972e+04 8.253528315126426605e+03 -8.352159333421541305e+03
-8.008527235469827247e+03 1.248732752474972403e+04 -2.549072549395566966e+03
5.927556495022045056e+03 1.311043046166392742e+04 -6.303527546386062568e+03
5.339784183630331427e+03 -1.338506080344481052e+04 -9.242034625460637471e+03
-2.310255718444551803e+03 -9.264002152769606369e+01 -9.181014593594010876e+03
1.357841306087312432e+03 2.560428934519682116e+03 -5.876374295903401617e+03
-1.747251927148673076e+03 1.889654954058033582e+03 -6.467059014017916525e+03
-1.496570764119336900e+03 5.692307070983337326e+03 -7.045902066439748523e+03
-1.717587769840857391e+03 -1.007947333849010761e+03 -5.125697832663844565e+03
2.448739088609358987e+03 -7.636062172218966225e+03 -7.308204038012272576e+03
-1.571204917894539904e+03 3.516646752623149951e+03 -6.655535751789965616e+03
-1.770754442772492212e+03 4.000629452751398730e+03 -7.025523167586304226e+03
1.435239035452003463e+03 2.623868504592239333e+03 -6.429819350805041722e+03
-1.827883913911518175e+04 5.331530638416074908e+02 -7.309988064668192237e+03
2.245542867387660408e+03 -1.936095386207276988e+03 -8.196823001327495149e+03
-1.082232263623555627e+04 3.322230162596812534e+03 -6.845926367099345953e+03
-1.551871582455775069e+03 6.540804566502883972e+03 -7.852294612921313274e+03
-1.836256847365662452e+03 -6.431177206740820793e+02 -9.895483454348814121e+03
-2.931545907628025361e+03 -2.565877327536718894e+03 -7.369406963698640538e+03
-7.880298101477670571e+03 -2.487854065980995529e+03 -6.712945433354733723e+03
-5.012498059620830645e+03 2.676829386042671558e+03 -1.013253720686059205e+04
-2.493466979618614232e+02 2.735065502746025231e+03 -5.812953356498235735e+03
-4.045407292776600912e+02 3.354747474811737447e+03 -7.044039632833091673e+03
-1.281854244883648562e+03 5.901798363973014148e+02 -8.631154566833918580e+03
-2.477445519002224501e+03 7.560587939715072707e+02 -7.050494285768254485e+03
-2.070073120838294562e+04 -1.225390972676415913e+04 -9.906679707674986275e+03
-1.614780656792385344e+03 -8.518940168009158924e+02 -8.091014531306117533e+03
-1.436197222819025410e+04 -7.803410888576727302e+03 -9.326019232218652178e+03
-1.331080092639353097e+04 3.988451843090741932e+03 -6.599475838252328685e+03
-3.376946968376691530e+03 1.406687934867080912e+03 -8.221014757776596525e+03
-2.854583701290976023e+03 4.315910916977154557e+03 -4.795443821955096610e+03
-1.552270975085936698e+03 1.110855973865238411e+03 -4.990149583550733041e+03
-3.532586775213323563e+03 7.987519558038757168e+02 -8.461533404372243240e+03
4.371060065327506891e+03 9.983772498203876239e+03 -6.027672309705214502e+03
-1.137502741656795661e+04 1.359705025776538241e+04 -9.519767040630595147e+03
-6.189527664939101896e+02 2.788447138064716000e+03 -7.420755976911755170e+03
-3.487650152025914849e+03 2.133987236175842554e+03 -8.635501156429099865e+03
8.936027365592517526e+02 -8.992810752410791792e+02 -4.906331402132822404e+03
-6.462039131098825237e+03 1.429576389475023461e+04 -9.582037694572951295e+03
-4.360420920531016236e+03 4.098880272928361592e+03 -6.903796360536214706e+03
-1.944071466755388656e+03 1.312957316960313619e+03 -6.708845672665248458e+03
-3.093703050890204395e+03 1.247425894877808332e+03 -7.607022791122013587e+03
-2.475075620920483743e+03 2.796508869525896444e+03 -6.901463532421477794e+03
-2.595385413140093988e+03 2.713469442580477789e+03 -8.138510161090982365e+03
-1.928380565362773041e+03 2.379132102667893832e+03 -6.955172691481365291e+03
-1.746731428411662637e+04 -8.610661668998633104e+03 -9.747437881505658879e+03
-1.057713433023412563e+03 2.247115161398688088e+03 -6.102177659272066194e+03
-2.888590106190832557e+03 3.611459295696376557e+03 -6.543869803844733724e+03
-2.448629772313933245e+03 1.766664116720047787e+03 -7.166896125656460754e+03
-2.556902737927684939e+03 -5.316314198742591088e+02 -7.360831999402862493e+03
-2.267829468310168977e+03 2.339182391851886678e+03 -5.785568349725870576e+03
9.487467146699964360e+02 5.455110059400309410e+02 -3.123877195984352511e+03
-7.224210128104830346e+02 2.525834473241745400e+03 -6.079238123530210942e+03
-1.985758775249418704e+03 -9.461235698003179095e+00 -6.602845368351330762e+03
9.991237042588819577e+02 1.071686151541726986e+02 -1.169378580004515788e+04
-2.906967213547713527e+03 1.033691754519312326e+03 -6.807359233825697629e+03
-2.914600318804172730e+03 8.056681846752591127e+02 -7.488255466903984598e+03
-9.544221633585563040e+02 2.280997095931952117e+03 -7.264667196321123811e+03
-1.609160862769619598e+03 2.871771137126105259e+03 -7.260997451880266453e+03
-2.312930502210977920e+03 3.450451153349995820e+03 -6.464008871689007719e+03
-6.300057992093682060e+02 1.466386768420446060e+03 -8.135831514235734176e+03
-2.854482802694299608e+03 8.462902466533782899e+02 -7.540464930344958702e+03
-1.704678049622851859e+03 2.845915669933697245e+03 -7.458643992711331521e+03
-6.927815317553377099e+02 1.210659197086530980e+02 -4.073175800994509700e+03
-5.405679050935209489e+02 2.999315941304563694e+03 -5.578300314411859290e+03
-1.029791141509195768e+03 3.080484707393025474e+03 -7.773227415563479553e+03
-9.004896668414262422e+02 2.717934309924884474e+03 -6.366564252239953021e+03
-1.720396250544318264e+03 -1.992451809851647795e+02 -6.145366745622458438e+03
1.389078957550335872e+03 7.758318239126937215e+02 -3.433379278029175566e+03
-8.374047791075391842e+02 2.006828699027914354e+03 -5.377429714507320568e+03
-1.540294599532971006e+03 2.243003082280067702e+03 -5.971500986075177025e+03
-2.112669198687422636e+02 1.799460146190293926e+03 -4.388460496651561698e+03
-2.854436449880030978e+03 4.871601305853531812e+03 -9.464941976302383409e+03
3.358935200934175782e+02 2.841678064314259245e+03 -6.991783354784277435e+03
-1.280755442295605462e+03 1.914042716199455754e+03 -5.656807522342170159e+03
-2.318886731848228465e+03 3.574093875895910060e+02 -7.125118235747530889e+03
-4.002411214049749833e+04 -2.739197129489431859e+02 -5.853982311686570029e+03
-1.351312749858956295e+03 2.523629911241181617e+03 -7.088957507522735796e+03
1.074145074874264537e+03 -1.794867639787164535e+02 -6.026379600111514264e+03
8.259902002583401099e+02 -2.611920021768577271e+02 -6.183064350068720159e+03
-7.815858119751874256e+02 2.924380084519323191e+03 -7.729599969790888281e+03
5.599964433596182971e+02 2.899649043416934546e+03 -8.173541340319020492e+03
-7.567788862155632614e+02 3.390155062333696151e+03 -4.988420258495300004e+03
-3.352675332792116933e+03 -3.838317584142412215e+02 -7.465879084547407729e+03
-2.123825581937127481e+03 2.566107810477266867e+03 -6.402136272796978119e+03
-2.706023527758520686e+03 -4.818901639109739108e+02 -4.676622654776007948e+03
-2.824613416212565426e+03 1.600960199647781337e+03 -6.547603777534580331e+03
-3.511173029060784756e+03 8.169955562186268025e+02 -7.240516178610623683e+03
-3.669306799684145517e+03 -4.097659816877068124e+02 -6.786372105613900203e+03
-2.538663912317902941e+03 1.418741565892334393e+03 -9.010037852269158975e+03
-1.225927676049147522e+03 1.175673862375114595e+03 -6.909228328350341144e+03
5.131191700409365694e+03 1.888837264293461340e+04 -8.597390963073979947e+03
-3.206172858167671166e+03 1.128264312262645944e+03 -6.645320863439179448e+03
-7.267740587380677653e+02 2.984452643044521210e+03 -7.897830828266447497e+03
-2.112718281856358772e+03 1.431265479410794569e+03 -7.035326394279858505e+03
-1.407313222529004861e+03 2.295737561865373209e+03 -8.080839748386334577e+03
5.544222634650978989e+02 4.788044619913898714e+03 -6.109126522752640085e+03
-1.552854126511019331e+03 3.174089729619200170e+03 -6.510527248794195657e+03
-2.151547271156576244e+03 2.577184828364029272e+03 -6.597849481009830924e+03
4.829002155758599457e+01 1.311497473458298600e+03 -2.774172311646034814e+03
-5.564248384691986615e+01 2.991544618095010264e+03 -7.443845067986871982e+03
5.293329387170085738e+02 3.902873138313280378e+03 -7.065694658224850173e+03
-9.383297471759585733e+02 1.415182336784789186e+03 -5.824381413692217393e+03
-2.368402631715109237e+03 4.486843958554744859e+03 -3.145732749589852119e+03
-6.989080906505528219e+03 1.415137452338740104e+03 1.085677014706275941e+03
-2.273578901982005391e+03 2.571980106408382198e+03 -6.700362659790635917e+03
-9.664376291056159971e+02 1.841677494675676826e+03 -5.649665213773449068e+03
-4.293014783578698825e+02 3.428274721818826947e+03 -6.926512997565907426e+03
-3.114269034807558455e+03 1.094978039146491483e+03 -7.965136354922445207e+03
4.796950693881744314e+02 4.280911938086288501e+03 -6.730863186079437583e+03
-9.548362179591529184e+02 1.890166073683719787e+03 -5.976324199342630891e+03
1.513573856946146407e+03 -9.803222371908468631e+03 -9.229303118165591513e+03
3.571609132676451281e+02 3.298506166810113427e+03 -4.603769792992367911e+03
7.398273028015785258e+02 8.007089635070399254e+02 -6.045222568542029876e+03
-1.535466711229831162e+03 7.707865689104952480e+02 -6.724053257923051206e+03
-1.658464336467328849e+03 9.673256671339050854e+02 -6.874407139641412869e+03
-1.976417083628230785e+03 7.542202898705476400e+03 -5.896026179585911450e+03
-4.296911885173929591e+02 2.938497427264469479e+03 -6.279154192523028541e+03
-1.157574594233095013e+03 -5.956273886117250186e+03 -7.407035806845835396e+03
-6.493405854258753607e+03 -1.677627387909547178e+04 3.553883149466517807e+03
1.819160015596663982e+01 -1.625535184097020192e+03 -4.145470631868500277e+03
-2.645619254403865853e+03 1.329350813967967724e+03 -6.008266783474308795e+03
-2.324304497634741892e+03 -4.055163738078682627e+02 -6.240916534661061633e+03
1.547388243877691139e+02 1.165002129060407924e+03 -6.502635369389820880e+03
-1.716018572201162669e+03 2.647491414763049761e+03 -5.063261637662872090e+03
-9.758222078982635139e+02 1.716959023560310925e+03 -6.446819627197956834e+03
-3.220829890818817603e+03 9.021076445419355423e+02 -6.724695573542095190e+03
-9.839137464526799022e+02 4.213328987448158500e+02 -7.526561315053203543e+03
-3.204328789692857754e+03 2.451878696620226947e+03 -7.323128733644710337e+03
-2.838486466839087825e+03 3.078840622699845881e+03 -7.892194887433912299e+03
-9.083564654857673304e+03 -3.760608754483375833e+03 -6.496043193082798098e+03
-2.010584697148133273e+03 -1.734648630853888790e+03 -6.405604468206101956e+03
-1.578066017246558204e+03 2.034386038604556006e+03 -5.955834724691058909e+03
-8.617307910563904443e+02 2.504160084983804609e+03 -7.000530598416235080e+03
-2.162151615733495873e+03 4.628318499693967169e+03 -7.248267373678707372e+03
-1.619602560871867900e+04 8.423440485119857840e+03 -4.169965393080092326e+03
-2.397058767414952399e+03 2.754602208671606149e+03 -8.375836138615180971e+03
-2.168284480235739977e+02 3.822899956344366728e+03 -6.318202220867592587e+03
-3.624050309854794705e+03 5.311087473447233606e+03 -5.384357066444198608e+03
-7.942127991804879912e+02 2.978654450601577082e+03 -7.199877495451128198e+03
-1.879144139546321412e+03 2.378747524921197510e+03 -7.414589234185467831e+03
-9.134664313914602189e+02 3.382295210844637950e+03 -7.737960018925755321e+03
-6.125845818101793157e+02 -9.655813297302709088e+02 -8.570656157265035290e+03
-4.249943284521544228e+03 4.840286637844918914e+03 -8.675136343774373017e+03
-2.649778254648270831e+03 1.358700936429756894e+03 -6.796679687756802196e+03
-1.645439179948904439e+03 3.638974226419296883e+03 -6.296023007410338323e+03
-1.003276566238036821e+03 2.909505831603355546e+03 -7.884342814613208247e+03
-1.531975464282286794e+03 7.355725642985545392e+02 -5.688372321039642884e+03
-4.553733081717906316e+03 4.774956649307613588e+03 -9.871768286499796886e+03
-1.541663058045858634e+03 1.666121794924333699e+03 -6.363709165668476089e+03
-5.322856811437640090e+02 2.137052661637052552e+03 -6.509221522725987597e+03
-2.700162990090382664e+03 2.646240383423194544e+03 -9.207392203944995345e+03
-2.715485693205717780e+03 1.864022863225585297e+03 -6.586652839374854921e+03
-2.412826264160056269e+02 1.494131959369193737e+03 -2.769581605866933387e+03
-1.073059915847323828e+04 2.481489152351669418e+03 -3.978619488038871168e+03
-1.979892706471541260e+03 5.474562679235974429e+03 -7.977613830104631234e+03
-2.234350399339998148e+03 1.768662506585015535e+03 -7.081634091882217035e+03
-1.394137682998156833e+03 3.481917481986563871e+03 -7.107529578160090750e+03
-2.392760256973119795e+03 1.985860166840732006e+02 -7.342228013291613024e+03
1.101587688552298459e+03 2.480640390187731100e+03 -6.296411514616504064e+03
-2.576829776968135320e+03 1.191197338976433002e+02 -5.922445751861609097e+03
3.934184455564784002e+03 -3.119541306765856461e+03 -6.302225220591589277e+03
-1.931258387741651404e+03 2.321679525369158455e+03 -7.131611841715225637e+03
2.485734323321670217e+03 -1.574116338922360683e+03 -6.034411282087030486e+03
-3.756294289980689427e+03 5.154702842228275586e+03 -9.994785627219700473e+03
-1.346131852252353610e+03 1.529601855013259637e+03 -6.511339766810040601e+03
-1.456235796494152964e+03 2.097951242449957135e+03 -6.474989704674715540e+03
-1.695169527384654884e+03 1.147911526351338580e+03 -7.369244609250218673e+03
-8.410193690690265100e+01 1.112723469049476307e+03 -4.826347943965916784e+03
-2.011886896106412905e+02 2.765079468622695913e+03 -6.237805113473965321e+03
-1.186010615527834716e+03 -5.365076368947260335e+02 -5.507521265320408929e+03
-3.675314492781787067e+03 4.239634711105615679e+03 -9.897610535841935416e+03
-3.421413678698780132e+03 1.132183407228005535e+03 -6.905581591566033239e+03
1.097276937735165802e+03 3.088096291569666391e+03 -6.191110487268892939e+03
-2.068744017163661738e+03 1.861679552172623062e+03 -7.341177736393210580e+03
-2.059900160657138258e+03 4.201926072765031677e+02 -6.478075680931160605e+03
-7.102385324513006708e+02 5.873524557672887568e+03 -8.899471431727930394e+03
-2.851158640568094143e+03 -1.935240550614038852e+02 -6.398104622694964746e+03
-7.068039612338229745e+03 5.344967962387170701e+03 -1.094933677744185115e+04
-1.026520470139053714e+03 1.233601250137910483e+03 -3.349406093375726414e+03
-2.419796579158605709e+02 3.877022371814439794e+03 -5.148383615708347861e+03
-2.467656138435183493e+03 2.098826507374065841e+03 -3.419378486513634016e+03
-2.505438658608404694e+03 8.154963736983165745e+02 -7.081910867018235876e+03
-4.349056586144334688e+03 1.182660116065606780e+04 -1.245508149496610713e+03
-3.129568883855562490e+03 1.304634531477313885e+03 -6.941302627507981015e+03
-2.218762400040971897e+03 2.546788122298190501e+03 -8.499251525926953036e+03
-2.524598133361387227e+03 1.532705843940316754e+03 -6.888381485444068858e+03
-6.442309353268471568e+03 5.305032053733090834e+03 -1.064681923551499494e+04
-1.202468503437607978e+03 6.925418620787589134e+03 -7.671203970367499096e+03
-2.125879061205378093e+02 2.916967817108495183e+03 -6.314129489486210332e+03
-1.381827314138595511e+03 1.380537884604635110e+03 -6.935163203299109227e+03
-9.044234687955477057e+03 7.358267474868796853e+03 -3.574744437544827633e+03
-3.247264615161906818e+02 5.471207305751150898e+02 -5.243700707997008976e+03
-1.318496146616249234e+03 3.497772027184301805e+03 -8.040032878904839890e+03
-2.882311290170102893e+02 2.434764796713993746e+03 -6.016191416661378753e+03
-6.348112312662802879e+02 -9.889161074950366128e+02 -5.882220618198244665e+03
-2.197147158537191444e+03 2.700559151433117222e+03 -7.525740520849090899e+03
-9.933402586047595832e+02 2.614762738770109991e+03 -6.838021625053615935e+03
1.698247034208361015e+02 3.314729379505419274e+03 -6.587983217982142378e+03
-8.147953225773751456e+02 2.418294793131300139e+03 -3.145374081780355482e+03
-6.873931856928546040e+03 -3.496830786505800575e+02 -6.436021035736876911e+03
-4.293379682443464844e+04 -2.219886165904395602e+04 -9.092201575500665058e+03
-2.217601819728995906e+03 1.002131714514577311e+03 -6.931075904620589426e+03
-3.801659230074569678e+02 1.018310845029780580e+02 -5.833702362908659779e+03
-1.130248905188574099e+03 3.624651256905553055e+03 -9.050344793210962962e+03
-1.132438929352579862e+03 1.731997347256277862e+03 -6.505900587448399165e+03
-1.509625307912116568e+03 8.195306275170594290e+01 -6.692111976594123007e+03
-2.626500321165365222e+03 4.138230989182349731e+03 -5.443371216042487504e+03
-1.163272167451282257e+03 2.037947988413885014e+03 -6.239650360370989802e+03
3.931212729423659198e+02 1.187945856928966123e+03 -4.796521107658829351e+03
-1.525508879989118327e+02 2.784696273461464898e+03 -7.510157243729591755e+03
-2.977895701841865048e+03 1.439820237236170215e+03 -6.726835460678577874e+03
-4.635796833330589948e+02 3.352318009929550499e+03 -6.733329541204288944e+03
-4.919450476777932977e+02 4.617238480448075279e+03 -5.384695949094918433e+03
-4.500084135136756913e+02 2.117104450516021188e+03 -5.796169699826792566e+03
-7.985460179035741021e+03 4.806836828825246812e+03 -6.510842783393196441e+03
1.317285757384390763e+02 8.218055385270522493e+02 -5.824029944531875117e+03
-8.982206163847907874e+02 2.591730340740318297e+03 -6.247264680498905363e+03
9.418838673654779541e+02 -5.100296180810346414e+03 -7.098238156933328355e+03
-1.546571820274651827e+03 2.110075639747335117e+03 -6.756493855034479566e+03
6.504862483189898512e+02 3.299064153410267409e+03 -5.577490844445665971e+03
-2.580654484977085303e+02 2.677330166560757334e+03 -6.279884788615038815e+03
-3.096286131455799477e+03 4.617876102327156332e+03 -7.738797376165457536e+03
-1.121542686352476267e+03 6.034693344113747116e+03 -8.770151920057502139e+03
-1.864565936704815840e+03 1.071656672825801479e+03 -6.966119668510163137e+03
-1.484759606841912500e+03 -1.003118234686282221e+03 -4.844618282713210647e+03
-5.572449482165693553e+02 4.024806664349875973e+03 -6.391086033602545285e+03
3.054033112557290224e+02 -3.995320427321595389e+02 -5.414969719920751231e+03
-2.948005658966530063e+03 6.963821725843439481e+01 -6.384071783043026699e+03
-1.466651398052306831e+03 2.948122790283453014e+03 -6.914125863488337018e+03
-2.361220806580601675e+03 2.180738290383078038e+03 -7.351867970868475822e+03
-3.427756670701460280e+02 5.506328853756228455e+03 -7.219258425209251072e+03
4.412237602364966733e+02 3.823345806155037735e+03 -5.818041953846922297e+03
-2.180137279791863875e+03 7.382368767567425039e+02 -7.029935878825672262e+03
3.319835365148108508e+01 4.558750933124893891e+03 -6.095696536988105436e+03
-1.958978640528530605e+03 2.236936180816435353e+03 -7.003360184723846032e+03
-9.241109876122148989e+02 4.220913030913294278e+03 -7.182524115759602864e+03
-9.856571371989221007e+02 2.468450534395180966e+03 -5.520357327405221440e+03
-1.574866249540227500e+03 4.364519945470817220e+03 -6.465407069976638013e+03
-1.341732595089779807e+03 1.109707355386819017e+03 -6.530986262098982479e+03
-3.952679526831117300e+02 1.839917642164683457e+03 -6.018913963509021414e+03
-3.023614011590202608e+03 9.859222724315325195e+02 -6.196826795904138635e+03
-2.119478930606681388e+03 1.200441062691280422e+03 -6.905813423877339119e+03
-1.648721316645894694e+04 9.483949832000782408e+03 -1.182804037422084093e+03
-7.443525113928978953e+01 8.368645305131234636e+03 -6.407040483911768206e+03
2.814148775308218546e+02 3.990370517877078782e+03 -6.912534656545502003e+03
-9.174882518475392317e+02 2.703158872164121931e+03 -6.729938098272549723e+03
-3.975556874682061789e+03 4.307631401504494534e+03 -7.208456387089089731e+03
4.983553661373094883e+02 -1.007572262116602815e+03 -7.297211326846245356e+03
-1.690518664241409624e+03 6.259715093609477663e+03 -7.684409853005292462e+03
-1.919255386675375803e+03 2.811034546414460692e+03 -6.761863793273430929e+03
-4.703936970107298293e+03 7.786200173339360845e+03 -5.277136227084510210e+03
-1.181882398162045320e+03 2.145749588174463724e+02 -6.159238461117891347e+03
-4.664394284331211566e+03 5.007961853515556868e+03 -9.448152612270394457e+03
-2.601597054255538023e+04 1.286074982259014234e+02 -3.867935936343108551e+03
-2.598749063352187022e+03 5.167931824756647984e+03 -9.359282407059219622e+03
-2.972861150196988092e+03 -1.805263769187930393e+03 -6.184181690970963245e+03
-2.059327910991441399e+02 2.033131584791482510e+03 -6.245075513649187997e+03
-1.069721850654233549e+03 4.215318873172158419e+03 -6.741779037981110378e+03
-3.014619663160951859e+03 1.806743175394087530e+03 -7.820347059333504149e+03
-2.800429680351065599e+03 5.377747305644729749e+03 -7.558722175176763812e+03
-1.117881076606173565e+03 1.264152671397316226e+03 -6.943650047135800378e+03
-9.138076612056514705e+02 4.102395195195193992e+03 -5.930041741354489204e+03
-2.533022878197457612e+04 -2.630696525472122448e+04 -1.428963851323298877e+04
-5.697756986349685576e+03 9.171632616711412993e+03 -4.912863640735334229e+03
3.371856436554127185e+02 4.343811604055262251e+03 -6.072463476149757298e+03
-2.663513855164565030e+03 1.856036387904810454e+03 -6.880634526247294161e+03
-3.510694426611562903e+03 4.995904439290290611e+03 -8.396696379512291969e+03
-5.959025756604014532e+03 8.782585206411276886e+03 -4.432742565820912205e+03
-3.370216148615183556e+03 -5.251561744234982143e+02 -8.091934752279796157e+03
-3.126981811927044419e+03 7.796330962437349399e+02 -7.821220501547171807e+03
-2.168092014412294884e+04 -1.471113978140056588e+03 -9.320053184233645879e+03
-2.123179059454284015e+03 1.667933094907590657e+03 -6.735705964993355337e+03
-3.265037233783596548e+03 5.164171228741676714e+03 -9.121585429283939447e+03
-2.545086016068649769e+03 -6.330922929389871570e+02 -5.780384296724193518e+03
-1.675360263901848612e+03 2.674510838730199339e+03 -6.575049424393800109e+03
-1.547118870956062437e+03 2.174424026820331619e+03 -6.436704932474038287e+03
-4.917219869461060853e+02 3.771581003314247482e+03 -6.565274469393304571e+03
-3.631915536259421629e+02 4.540208861971745137e+03 -8.609936877867363364e+03
-9.070677360211177074e+03 1.120955480838692529e+04 -3.861213940758607350e+03
-2.206527827433785092e+02 3.596585953492107365e+03 -6.785278397011273228e+03
1.571783162763305199e+03 -4.197990816286832342e+03 -3.200649255453427486e+03
-2.846651540668004600e+03 1.086100213008679020e+03 -6.549906495633176746e+03
-2.409933626605234895e+04 -2.047161939048989007e+04 -1.215632277647639421e+04
-3.633490921504974267e+03 1.897931847340315926e+03 -8.286363237233383188e+03
-1.626797482281944895e+03 7.593023377032659482e+03 -9.627286906351779180e+03
-1.431244278275272563e+02 7.875992138667302243e+03 -5.514170927310135994e+03
-1.884416161883423774e+04 2.904711247808231292e+03 -7.610177473312423899e+03
-2.967973814448650046e+03 8.831245968805915254e+02 -7.601037072572952638e+03
-1.945314032905298063e+03 1.102708430656404744e+03 -6.364378255924713812e+03
-2.032427220278057575e+03 3.036930015218313656e+03 -7.136809124477616024e+03
-1.791862264845606114e+04 1.875545939937060029e+04 -3.839632190653204816e+03
-1.253487076574585444e+03 -6.749938626935073444e+03 -9.342656744746731420e+03
-1.150588544477940104e+03 2.266577123045160533e+03 -8.059353761083780228e+03
8.817315627470588879e+01 9.605450071547267044e+02 -5.721427049506450203e+03
-1.821186632920617058e+03 4.425621453982811545e+03 -6.649280479232162179e+03
-1.475579111576769037e+03 1.852514698561124987e+03 -5.823377246960725643e+03
7.715539600987801805e+02 3.769280132519244489e+03 -6.268147403335543459e+03
-3.786089527475402065e+03 -1.039830320406990722e+03 -7.755658874540609759e+03
-8.536636492739169626e+03 1.101091048985440284e+04 -3.784701898751121462e+03
-1.689363761741950384e+03 1.813788614239656226e+03 -6.130806164740749409e+03
-2.988861004982169106e+03 2.962048369474926403e+03 -6.095668295751346704e+03
-1.189521077411091937e+03 4.061376643865482038e+03 -6.836325527111970587e+03
1.427949748268662006e+03 -8.218612212802413524e+02 -5.270483117307635439e+03
-1.385578815991717875e+03 3.564311303423278332e+03 -6.645737034109465640e+03
-3.328008746838858769e+03 -1.354522623866554341e+02 -8.239968820106847488e+03
-3.629184273253573565e+02 3.248590879582959133e+03 -6.775065054959936788e+03
-9.589049370090366438e+02 1.627999348533498505e+03 -6.489111803527923257e+03
-2.136796419725630585e+03 6.710340732096467491e+02 -7.182944348324556813e+03
-1.188416784105451143e+03 4.272837330420020407e+03 -6.814912712054849180e+03
-3.222302013677645846e+03 -1.171840837614940938e+03 -6.658893402981344479e+03
-3.037188653425402208e+03 1.229636548985164609e+03 -6.676810041077475944e+03
3.351096864040970900e+02 8.806826978854944173e+03 -6.542632579897554024e+03
1.982756554851607916e+03 5.877120011139744747e+03 -7.816504105854866793e+03
-1.714157678256210602e+03 -5.737935179723838701e+03 -6.964141805451047730e+03
-2.308203474838337115e+03 2.220551495573142802e+03 -7.082753567739184291e+03
-1.047701996310223331e+04 1.637336604330363798e+03 -9.399204577541180697e+03
-4.879802655297093224e+03 5.279409171327350123e+03 -9.261427845542644718e+03
-2.731824361731381487e+03 -4.821691699782715659e+03 -8.508111305620082931e+03
1.212131402478783912e+03 2.872773977648321306e+03 -5.867716973357735696e+03
-1.969946698848908909e+03 4.502518676494482861e+03 -9.648026718749330030e+03
-6.457996508144988184e+02 8.463227102966491657e+03 -6.117242119293508949e+03
-1.839246755629737891e+04 1.414294537668039538e+03 -7.735093457371166551e+03
-1.491727580613701321e+04 1.206802736203428503e+04 -4.122664222881018759e+03
-9.598289645848697091e+02 4.319114187893934286e+03 -6.647361021806727877e+03
-4.173906539487779810e+03 4.127921830451416099e+03 -8.964203474692818418e+03
-1.048798865463762013e+04 1.122538553088270601e+04 -3.598141993036881559e+03
-2.764133633385432859e+03 -6.850617634427078428e+02 -6.027744271407300403e+03
-3.535449563837170217e+02 1.937342887731795827e+03 -6.582737076357823753e+03
-2.581552023774580675e+02 3.191686216301716740e+03 -6.600115159422563920e+03
-2.894251954995896767e+02 4.848553566014118587e+03 -5.370625530819549567e+03
-3.472939226426962705e+03 8.757343067279423849e+03 -4.633131684142552331e+03
-3.593796082081355507e+02 2.055859230163515804e+03 -6.869760231657500299e+03
-2.973033919431155482e+03 -4.285853778838292101e+02 -7.105108102689893713e+03
-9.925027589104522121e+03 -6.312987635699629209e+03 -8.738658845172640213e+03
-6.167783977171817241e+03 1.044830965903784090e+04 -3.216868561403839522e+03
-1.138508455805595077e+03 5.732827013239543703e+03 -7.943304647277851473e+03
-3.658939508958550505e+03 3.543793932346065958e+03 -6.543747238759992797e+03
2.426326828274191485e+03 3.685359126551313693e+03 -5.939131799759663409e+03
-2.269897015137818016e+03 -5.136765564257350434e+02 -6.932482455665069210e+03
-2.264845973929537308e+02 3.141674343197995768e+03 -6.759924358976058102e+03
2.972704589564378921e+02 5.518254681379589783e+03 -5.807438498438515126e+03
-2.239381843875074082e+03 9.423967530540948019e+02 -7.848447514545441663e+03
1.145049545556528074e+03 -1.389054441265448077e+03 -1.034243484416304091e+04
-4.035151443304630902e+03 4.186254107061251489e+03 -9.567736093311001241e+03
4.725442193602543739e+01 8.923797518047080302e+03 -6.442555582568807040e+03
-9.692765173605454265e+01 3.155796463665512420e+03 -6.764714391188880654e+03
-1.590750309162999883e+03 5.313414520204705696e+03 -7.854380309156244039e+03
-3.322673616850659073e+03 -2.248203011146717472e+03 -8.218821977205965595e+03
-1.712236687677339205e+03 -3.514293596802081993e+03 -1.002449022201845037e+04
-2.185488029433849078e+03 1.586192994853521668e+03 -6.566023853615290136e+03
-2.536208551578922197e+03 1.276021876462808223e+03 -6.717299026253442207e+03
2.953872074997755135e+02 2.335017167902070923e+03 -6.764686196145570648e+03
-1.143771790836969103e+03 3.557456865451427802e+03 -7.367735580881673741e+03
-2.082277158907540525e+03 8.849680207720189173e+01 -6.709423211767661087e+03
-1.561773957236022397e+03 2.125950351996947575e+03 -6.420677064233234887e+03
-1.005556837759222276e+03 1.916857609518278878e+03 -6.474969730191569397e+03
-3.944160780750216873e+03 -7.844447163983833889e+03 -7.740556650805235222e+03
-2.262838806157912131e+03 1.731546500761281550e+03 -6.664461296126579327e+03
-1.694003524527265427e+03 1.157495214149277899e+03 -6.162208754979586956e+03
-1.241924806153771442e+03 1.519523357103636954e+03 -6.125421922603217354e+03
-2.103626538321668249e+03 9.236289869103188721e+02 -6.054885034652010290e+03
-1.442861493787863537e+03 2.569221956681501069e+03 -6.678562344250179194e+03
-3.265527496259649070e+03 6.051845030180492131e+02 -6.388060524642078235e+03
-1.678713958628901537e+03 2.407993204213048557e+03 -6.761415177369452977e+03
-2.412026732155916307e+02 7.635014204748654265e+03 -7.523043841594679179e+03
-1.244170020792367495e+03 2.675160417060051259e+03 -6.843776929430624477e+03
-1.581128489992630193e+03 -2.339068012837652986e+03 -8.682469209825443613e+03
4.457113417487134939e+03 6.015431855662761336e+03 -1.450083564420236144e+04
-1.526277781322126657e+03 2.578106703929332980e+03 -6.629967679530975147e+03
-1.280539885501781328e+03 2.296625894595634236e+03 -6.462568652097488666e+03
-1.790970083443988187e+03 2.659132373543714948e+03 -6.786033706741282913e+03
-2.836049631111751296e+03 1.605187616503324307e+03 -6.274432422618459896e+03
-1.165264637594380929e+03 2.547326284735159788e+03 -6.806582608268685362e+03
-2.236743766003810833e+03 9.250900042120829312e+02 -6.589216138637561926e+03
1.487656334875493303e+04 -2.606868418069836935e+03 -1.035802279255068424e+04
-1.611866158848195028e+03 3.496907214507257777e+03 -7.245807348093647306e+03
-2.116723240743520364e+03 2.430140652810409847e+03 -7.122749529217888266e+03
8.214292234135509716e+02 4.060096055800652721e+03 -5.500562893840237848e+03
8.130989858992500103e+02 4.302001449596843486e+03 -5.320376368882957649e+03
-1.840882930163289302e+03 -1.003352147554025009e+03 -6.433141772401588241e+03
-1.181798752104753703e+03 1.499304518840830951e+03 -6.181419836556957307e+03
-6.491481957995985795e+03 -2.478261040853893974e+03 -1.132338240036576826e+04
-1.804362447176345313e+03 2.681620558378866008e+03 -6.859400281105779868e+03
-1.586058668044726801e+03 2.142848452656490736e+03 -6.496242362351152224e+03
-6.105206759468712789e+02 2.717993748802193295e+03 -5.936049751722883229e+03
-3.278972662085656793e+03 -9.426015921418450034e+02 -8.660357346608092485e+03
-3.863398091523287121e+02 2.480581601713477085e+03 -6.106694049702694429e+03
-1.817254030228664305e+03 2.658794113423891758e+03 -6.687316981697537813e+03
-1.510579354286134048e+03 2.551546240353638950e+03 -6.534683731555950544e+03
-1.054774676458391923e+03 1.659047388232283083e+03 -6.074227454435529580e+03
-1.940717417381817313e+03 2.880861753230183240e+03 -7.106795314538697312e+03
-8.629392007357070042e+02 1.958733733776704184e+03 -6.177552856313770462e+03
-1.541384731880125628e+03 1.317861091906384445e+03 -6.136618263230132470e+03
-7.650045546460016794e+02 3.492014757240554900e+03 -6.673684696408541640e+03
-2.963511186611091034e+03 -2.698423100157996942e+03 -7.367688033774472842e+02
-1.360033760726729042e+03 1.672727759201756726e+03 -6.498742048474290641e+03
-1.641993373204800491e+03 2.726612299330134647e+03 -7.320476522632087836e+03
-2.284421526553928743e+03 2.591320781941117275e+03 -7.181788666534684126e+03
-3.722364702544140982e+03 -6.717405356317932274e+03 -7.847340511141902425e+03
-3.882767898127890930e+03 -6.888865877961322894e+02 -8.569691608647037356e+03
-1.934480336121359869e+03 1.161592207862569694e+03 -6.127478399168226133e+03
-9.051263955488685724e+02 2.438604877170888813e+03 -6.936183228656981555e+03
-3.438209081119006441e+03 -2.006313737648554252e+01 -6.319438863371663501e+03
3.550992463916383713e+03 1.052827482727149800e+04 -3.691906413406771753e+04
-8.444916114405555163e+02 1.809255244357817901e+03 -6.239156923332589031e+03
-9.970489559211339383e+02 -1.682088242405689925e+03 -7.411425722853862680e+03
-3.193751764938277120e+03 -4.081980901040046206e+02 -6.718000420309309447e+03
-1.435953623106137684e+03 3.276247265239517219e+03 -7.037808992280353777e+03
-1.706384056509538368e+03 9.812767132557003151e+02 -6.017202220767319886e+03
-1.003352750009507986e+03 1.443670653415890229e+03 -6.257935951242904594e+03
-1.067721505327252089e+03 1.368333064768435406e+03 -6.026283329332617541e+03
-1.985842811958832954e+03 9.436539248160213447e+02 -6.090041313396924124e+03
-1.813860259161790736e+03 2.666443635604112842e+03 -6.772513457466178806e+03
-1.400247682804915939e+03 3.204894674332632349e+03 -7.101714948755303340e+03
-1.584765152770671648e+03 1.206237198649163474e+03 -7.840746695367556640e+03
-1.192021674244218730e+03 2.126200283733939159e+03 -6.460082396647507267e+03
-2.167863296580800579e+03 1.004658415904106164e+03 -6.150526103225648512e+03
-1.655059239138439580e+03 2.691473842884134228e+03 -6.802657004998462980e+03
-5.868826384504816360e+02 1.108684379147449363e+03 -5.931567599912605147e+03
1.126004640084821062e+02 2.257689947561079862e+03 -6.582580308463126130e+03
-4.167846002900655549e+02 2.163256840435940376e+03 -5.572796680628959621e+03
-1.629121006397650035e+03 2.412001258810144918e+03 -6.485095302515441290e+03
-9.205293212229513529e+02 1.660999224044941002e+03 -6.230320453818861097e+03
-1.289417122934882627e+03 7.942033929386334421e+02 -6.353696480672630969e+03
-9.514612734803582725e+02 2.600460586817873263e+03 -6.809802565446957487e+03
5.982048778526256683e+03 1.976965047598009187e+04 -4.533441515688691288e+04
-1.235255626253640912e+03 2.596790536258569318e+03 -6.694192102652208632e+03
-1.230562485173762980e+03 1.239142458162142248e+03 -6.357224282200058042e+03
-2.024183784828105672e+03 3.801230054897895570e+03 -6.393120117958940682e+03
-6.417323196132666453e+03 -1.346867858761574553e+03 -3.648871332736292061e+03
-5.412583909223666296e+02 3.191980190913521255e+03 -6.857798107312638422e+03
-1.234344950239250693e+03 2.072430404205681953e+03 -6.236389685987680423e+03
-7.653461189145629078e+02 -2.259175211111767112e+00 -7.434655960757285357e+03
-5.713507567393639874e+03 2.086664572306302034e+03 -7.771122093149309876e+03
-7.182146902984238750e+02 2.550876818936509608e+03 -6.486272814067747277e+03
-1.610024992044086957e+03 2.625955519202951109e+03 -6.503977571275421724e+03
-1.947794434842772944e+03 2.115242061037623898e+03 -6.753037786362730003e+03
-1.186427727144252913e+03 1.748344538134443155e+03 -6.237907563540230512e+03
-3.325963383823115237e+03 -8.289091280897950128e+03 -7.298673377395713032e+03
-1.523253598868493100e+03 9.941787403674811685e+02 -6.166790621859635394e+03
-2.576257805528980498e+03 1.167759717656451130e+03 -6.732192509096130379e+03
-1.878306405929137100e+03 1.155480550308318698e+03 -6.186056612432025759e+03
-1.191202433920639123e+03 1.854478410749844898e+03 -6.248726283937819062e+03
-1.454525299438812226e+03 3.298826104759780264e+03 -7.447387410727359565e+03
-1.722717742005013861e+03 2.611503624318223046e+03 -6.569872706176574866e+03
9.317026051496891341e+02 3.438799522357893238e+03 -5.026740518856260678e+03
-1.335001504825281245e+03 3.377909502419234741e+03 -7.043569196380233734e+03
-3.007334682781818742e+02 1.424775112983909821e+03 -9.584878269903041655e+03
1.320788975323918203e+04 9.645773955952037795e+03 -5.734253379023699381e+04
-6.021488841506146628e+02 6.728304922053020164e+03 -9.979955561731416310e+03
-3.339196298317026503e+03 1.361549603643117734e+03 -6.748922378104799463e+03
-1.368176027393344839e+03 -9.261053351227104713e+00 -7.591510731141755969e+03
1.329414389566665022e+02 1.044781327647013086e+03 -6.431492274639173957e+03
1.051496706469338051e+03 -2.857898136173026273e+02 -3.887016819929682697e+03
1.250576725944614282e+03 2.283497649079689836e+03 -7.312929736732286074e+03
-1.219419766261361247e+03 2.266261954584069827e+03 -6.512066606003488232e+03
-4.037439192431867923e+03 4.653104960269391995e+03 -6.714689370129523013e+03
-2.181413857354159063e+03 2.952680235443830952e+03 -7.037946122820200799e+03
-4.692379124768074689e+03 2.875357594143426468e+03 -6.375271503655376364e+03
-1.454344851735633256e+03 1.124110683413341576e+03 -6.400948472024378134e+03
-3.034530644869405933e+03 3.262603936044998591e+03 -6.546798915932175987e+03
-9.788889988450864621e+02 1.210949447317896556e+03 -6.978366303399703611e+03
-1.955832351860405197e+03 2.651264086716248130e+03 -6.098000787477737504e+03
-1.792174397546609725e+03 1.478628240063739213e+03 -6.341926044891090896e+03
-1.566222231783012376e+03 -1.644052143533833259e+03 -8.911163211010323721e+03
1.221545110337550341e+03 1.212702457200604840e+03 -3.979359621310313742e+03
-3.013186041809100971e+03 3.670350803825756429e+03 -9.964355987584951436e+03
1.158931092753043231e+04 -1.080867434291507925e+04 -1.327120043361367971e+04
1.530079175347687396e+03 2.277636189569434919e+03 -7.673315776959827417e+03
-1.677119816181239230e+03 2.270735827982881801e+03 -6.781853668872014168e+03
2.115977163692330578e+03 1.848778057831428214e+03 -4.652200011477574662e+03
-2.356512605230940608e+03 2.536366434165129704e+03 -7.186899874656958673e+03
-5.186677628642378295e+02 2.309672096814983888e+03 -6.188142039666538039e+03
-1.735447966925453557e+03 1.939452646763523262e+03 -6.373260466958616234e+03
2.748829598726556651e+04 3.502725922080672717e+03 -3.187163327783412683e+02
-4.685912522349475694e+03 1.909565616809679113e+03 -7.966519728503988517e+03
-1.876032489489135969e+03 3.377565652339844291e+03 -6.957539830634093050e+03
-1.978451420168930326e+03 1.956727479506158943e+03 -5.829764826821553470e+03
-2.688743908442433508e+02 1.605507235927941110e+03 -6.703657127109496287e+03
-3.066253421378755775e+03 2.643295367019398782e+03 -8.801394225891459428e+03
-3.385727043259472339e+03 3.149698008673955428e+03 -8.311334175606711142e+03
-3.564484170934787926e+03 2.372279882998628636e+03 -2.274120747847367056e+03
2.607059176924238386e+01 1.349486892192589039e+03 -7.101553917473977890e+03
-3.488139907946293988e+03 3.864734299952335277e+03 -6.225767364619865475e+03
-3.660609247526679724e+02 4.840626366920874716e+03 -6.410094213234616291e+03
-4.738501527189500848e+03 2.406568112621368982e+03 -1.092058928720402946e+04
-2.256312264274920835e+03 2.150582398031492630e+03 -6.442176399302577920e+03
-2.526948552724674755e+03 2.308386116831728486e+03 -7.318951530895982614e+03
-4.338201276956779111e+03 1.370154078458916047e+03 -8.743526362509928731e+03
-2.076164965603042674e+03 2.154153789962344490e+03 -6.883170755922572425e+03
-5.573819694344731033e+03 2.098236330178064236e+03 -6.305980081830692143e+03
-3.821628961364023326e+03 1.116147816054110081e+03 -7.421785766532144407e+03
-4.333262732589129882e+03 3.095374914524765700e+03 -7.014454254785710873e+03
-2.871075813820792973e+03 2.920331735560609445e+02 -5.902884603933374819e+03
1.482662685618937530e+02 -3.178755757262515999e+03 -8.462588411990056557e+03
4.111914396457714247e+02 1.579552646508827820e+03 -6.156465388400681150e+03
-1.426299653058600143e+03 2.044328447991676740e+03 -7.565042725482180686e+03
1.091279726673228879e+03 2.451155123242780064e+03 -7.401150058921403797e+03
-3.282387863351992564e+03 2.978708059386262448e+03 -5.978711166621655138e+03
-4.960213648058807848e+03 7.636959359964291252e+03 -2.907772619909052537e+03
-1.421697337967557360e+03 1.176351680282259622e+03 -6.172916303947351480e+03
-1.772744705270873510e+03 2.581780005064321813e+03 -6.997170115066028302e+03
-1.339041876153740532e+03 2.111288506327824962e+03 -6.948842751423817390e+03
1.201909513924321254e+04 -1.218833462664892977e+04 -1.371695338329304650e+04
-1.294497640528691591e+03 1.217422974723943980e+03 -6.071206341202174372e+03
-2.384594529427087309e+03 1.808242568309853823e+03 -7.850626225599982718e+03
-5.049532649788997105e+02 -1.325547830184197892e+03 -6.068405566621602702e+03
-2.504034227351769459e+03 2.273133059095713634e+03 -7.087826477750554659e+03
-3.472403778893052277e+03 2.244249702412700117e+03 -6.889963785962313523e+03
-3.558804591609654381e+03 9.230423439682858771e+02 -7.579247772374862507e+03
-3.593853419020600768e+02 1.078309136091934761e+03 -6.379972645013053807e+03
-1.655260944571780783e+03 2.811467941292321484e+02 -7.460733217611503278e+03
-2.371237509150256301e+03 2.150256718513373471e+03 -6.649588600807794137e+03
5.534416232303345168e+03 -8.125862188460589095e+03 -1.746828282981918528e+04
-2.421734528941141434e+03 5.305900281984141884e+02 -5.732396055751757558e+03
-3.733341541015181065e+03 2.544663758078650972e+03 -6.755651773769915053e+03
-1.728599922459685786e+03 2.004047788157846298e+03 -6.354430618633108679e+03
-1.263244374581936427e+03 2.136004101313075353e+03 -6.343607676118725067e+03
-1.315674730633986883e+03 2.491854195766696193e+03 -5.647389243818697651e+03
-3.232217497736145901e+02 2.515176320605424280e+03 -7.144579736273820345e+03
-1.881004486207441005e+03 2.370817329263118609e+03 -7.234917823793904972e+03
-2.043460138468774858e+03 2.758323032025860812e+03 -7.036917833351329136e+03
-2.500263956298677840e+03 2.358105097959905379e+03 -7.135181932821234113e+03
8.603403254020656732e+02 -2.441998025227607627e+02 -7.126645298811763496e+03
-1.662690135646895442e+03 2.465768773966515255e+03 -6.633251718007957606e+03
1.865607547805807553e+04 5.356563802168235270e+03 -2.596377939519877691e+04
1.238897726693687673e+01 2.224216119110055843e+03 -6.487591558417159831e+03
-1.632667320705970269e+03 7.407890514562492399e+02 -9.367969382081073491e+03
8.046650062825516443e+02 -9.374887960635655872e+02 -7.812430458552780692e+03
-2.530973651138806417e+03 4.659059140144401567e+02 -5.854388033334789725e+03
-2.312281090378799490e+03 2.469206209069520810e+03 -6.596030746534603168e+03
-1.907446032375254845e+03 2.134751290173229791e+03 -7.048534658034905078e+03
1.385259640048913923e+02 4.212184590359320282e+03 -6.596722144398259843e+03
-1.907534665625301841e+03 1.254852191548848168e+03 -6.125825908162511041e+03
-2.711272738767748706e+03 3.212221230541202658e+03 -7.553631898967538291e+03
-3.824255274206325794e+03 3.687864581254149016e+03 -6.628984652320577879e+03
3.297537025047887482e+02 -1.111621538407473281e+03 -7.173861716834844628e+03
2.731079307347819167e+02 1.843494608966880605e+03 -6.891115475838896600e+03
3.657806318698617929e+02 3.807711775436346215e+03 -7.596976398624377907e+03
-1.252099116172351842e+03 1.765760326788406246e+03 -7.801612852193410617e+03
-3.726853876342153399e+03 1.948582527582532293e+03 -7.743855128244102161e+03
-4.284770851168201261e+03 2.711745703230310482e+03 -5.371864966486347839e+03
-2.177894729035770979e+03 -1.369063498529874323e+03 -4.155484370287974343e+03
-9.386673887074172171e+02 7.402189743880541755e+03 -9.438682590804217398e+03
-2.759188640202932675e+03 3.182993405915259245e+03 -7.143579371161785275e+03
-4.595825966185487914e+02 2.512243252534851763e+03 -7.125339546086788687e+03
-2.011705885764416507e+03 2.720518835045574633e+03 -7.234436873015418314e+03
-1.756518418865398417e+03 6.136103880977482731e+03 -7.673458798760819263e+03
1.506834052268279811e+04 -6.384066852519872555e+03 -1.658560126132065125e+04
-1.051351158685283735e+03 6.677729597152442693e+03 -5.347846527087375762e+03
-5.488142209494782946e+03 -9.042936382310013869e+03 -6.248307745989639443e+03
-3.323704210944942133e+03 1.620499090394446284e+03 -8.388167219451459459e+03
-1.403715796767582560e+03 7.614994989878127853e+03 -4.913849559791468891e+03
-4.817697438135683115e+03 1.495637358785054312e+04 -2.549807980307434718e+03
-3.521740306902988777e+03 2.882431846760375720e+03 -7.441127879755115828e+03
-1.497723468069551473e+03 -5.677776026225609485e+01 -7.557872982741636406e+03
-2.542726944186265428e+03 4.155574234580538359e+03 -8.015169715923619151e+03
2.936591535285894565e+02 2.663841099101471627e+03 -6.147550453857663342e+03
-1.799533824419050006e+03 1.977210521731861263e+03 -6.396194573028312334e+03
-9.631719620305926810e+01 2.751169159461402160e+03 -6.274903912858702824e+03
-1.732406157133594206e+03 1.389402717043090433e+03 -6.293644695679526194e+03
-2.306090385737049928e+03 1.472439379301323015e+03 -6.503447144508704696e+03
-8.279188073656106326e+02 3.622761955296869928e+03 -7.491566912709373355e+03
-1.354923782432329290e+03 2.157594798392501616e+03 -6.510438578628332834e+03
-2.481346853401261342e+03 3.224261642757408026e+03 -6.730547277260091505e+03
6.002678205545509627e+03 2.507997644840771954e+03 -5.240690091191342617e+03
-2.733702328447869604e+03 8.891296238972245192e+00 -3.529288503796453824e+03
7.039025584904204152e+03 1.048344021966106448e+04 -9.709674869112213855e+03
-8.976920628501513875e+02 2.217341504686540247e+03 -6.728612597192319299e+03
-2.955383771952016559e+03 2.462725024680439674e+03 -6.746532503572777387e+03
8.278729506019192286e+01 1.832190240625826618e+03 -6.155521948459912892e+03
-5.456132297141428353e+03 2.037396584886734672e+03 -6.651784314560946768e+03
-1.361419780773404909e+03 3.468640143005446134e+03 -5.133919981715573158e+03
-1.256902257228464441e+04 5.510421128245810905e+03 -1.208081014910725935e+04
-3.104556529348098138e+03 -1.171230730494978161e+03 -5.803567140298026970e+03
-4.204522560419596289e+02 4.073918659377445692e+03 -6.195782071398232802e+03
-2.242957839628686543e+03 1.972243592830720672e+03 -7.049960410372233127e+03
-2.397630713805689084e+03 -2.306375602669030741e+03 -4.891210463200265622e+03
-1.734397306990355901e+03 1.944804369395912090e+03 -6.607513566633308074e+03
-4.813738499583014345e+03 -1.945927978772621373e+03 -7.957680851552163404e+03
-3.556733134138589776e+03 2.741807026111668165e+03 -6.950784243812988279e+03
1.014360031871996944e+04 -9.580966696734873040e+03 -2.654651305945573768e+04
-1.893899935084158983e+02 2.380334784417307674e+03 -6.261076969342499069e+03
-1.583883780956720784e+03 1.398015234176082231e+03 -6.213777293404780721e+03
-8.331905203708262206e+02 2.655277963235271272e+03 -6.667443816579667327e+03
-6.202819528620307210e+02 7.713525089923473388e+03 -8.126817915282187641e+03
-4.547375678843316678e+02 3.698733003151290177e+03 -4.090535088175905003e+03
-9.900818097723250730e+02 3.208841277563965377e+03 -4.850176682551691556e+03
-9.915304140324227546e+02 3.538730483326188278e+03 -5.255253156200043122e+03
-4.395002631017298881e+03 3.699683156309121387e+03 -6.658910149979391463e+03
2.910138525963639609e+02 3.793010155042584302e+03 -6.914158416666767152e+03
-1.552580518616088511e+03 1.675908804788103680e+03 -6.181535959294626991e+03
-1.205292299168563659e+03 1.761037310404097752e+03 -6.369333471921846467e+03
-1.563742788377553097e+03 1.391710275657055490e+03 -6.276452709675703773e+03
-1.959980868629063480e+02 6.609783068202277718e+03 -9.656059357681722759e+03
-5.330238033966026705e+03 -8.909662911615709163e+03 -5.878732182536225082e+03
-1.454416342594509842e+03 1.401622838918394109e+03 -6.281681838555236936e+03
-1.244704685109242746e+03 2.764485601462661634e+03 -6.879545712944433944e+03
1.013549161280784460e+03 8.366220282799813504e+03 -8.622496447349916707e+03
-3.340350277994167755e+03 2.019825306970637371e+02 -3.118461124680417470e+03
-2.862080766085074174e+03 3.685409947406892115e+03 -6.407106364838959962e+03
-1.962511551905437500e+03 1.606462227923236696e+03 -6.661608727106760853e+03
2.927760410810712415e+02 3.895305140037300134e+03 -5.603081373725251069e+03
2.710068614078114115e+04 1.546910707421022198e+04 -1.488787359678632492e+04
1.931345077844268019e+02 2.951323385493583373e+03 -6.450954578313846469e+03
-3.469164989176043491e+03 2.739117036876307793e+03 -7.126066177816006530e+03
-9.378342199803682888e+02 -2.144087398869108085e+02 -4.565226605409018703e+03
-7.459902628927143269e+02 2.089155857935372296e+03 -6.428021640314855176e+03
-1.371315006837458270e+02 2.399299629947425274e+03 -7.427267630802698477e+03
-3.238059282389999225e+03 2.250004164768085957e+03 -6.609698718069401366e+03
-3.320109354764013005e+03 2.317391589446165199e+03 -6.437820442924051349e+03
4.380644721349102838e+03 -8.522046855798738761e+03 -6.787118872728381575e+03
-3.531498013090897075e+03 1.837900804844917275e+03 -7.178626208760305417e+03
-1.510153946385359404e+03 1.496023510744407986e+03 -6.207977522640222560e+03
-1.853732929664096446e+03 2.001748620089697852e+03 -6.563922186489670821e+03
1.565940578209251157e+02 1.802663230351493439e+03 -6.222066666856534539e+03
-4.440564844849581277e+03 3.718016278818862702e+03 -6.766925083860280211e+03
-2.376829204645359823e+03 2.973368278179323624e+03 -6.915446177656823238e+03
-6.674661593250044689e+02 2.860283018476626239e+03 -6.475788762015481552e+03
-1.372873498233680039e+03 7.244048564817622719e+03 -5.065621908275204987e+03
-2.735490947131739176e+03 1.602451312325521940e+03 -6.411684449909553223e+03
-2.296967753703863195e+02 2.089716073748921644e+03 -6.203610081618034201e+03
-9.188451399505252084e+02 2.659832773608191019e+03 -6.675385358775796703e+03
-5.172040074101579194e+03 -6.943219490985167795e+03 -6.271005188419170736e+03
-1.848392011045296840e+03 1.486995274892181442e+03 -6.519372342716967978e+03
2.097088767042648033e+04 1.188076290231944222e+04 -1.523620796659112602e+04
-6.234791698785338667e+02 2.115319013958544019e+03 -6.375841215069935970e+03
-8.371639394740493572e+02 3.069907048454972028e+03 -6.946582506200175885e+03
-3.599658505170759781e+03 -2.805182591975570631e+03 -6.283988447910486684e+03
-5.701534950762523977e+02 2.501243261115470432e+03 -6.253452353336753731e+03
-2.355484948952072955e+03 2.451840529992447500e+03 -7.475231471980052447e+03
-2.232599705632357654e+03 3.195464273483845773e+03 -6.869154938459392724e+03
5.664366321597971137e+02 3.778550643658159970e+03 -6.265325128793494514e+03
-3.487039319399511896e+03 1.463285113512566568e+04 -1.781879107418184731e+03
-2.150848880764352998e+03 1.818317526712023209e+03 -6.550163250646583037e+03
-3.588049132673460917e+03 2.766992293873393464e+03 -7.030153171967402159e+03
1.251591543507848883e+03 2.296035589862203324e+03 -5.527045558164822069e+03
-3.388455661584898735e+02 1.892236109830288342e+03 -5.905717933562921644e+03
-4.610453073235274132e+03 -1.677469333556467518e+03 -7.711933174267014692e+03
1.047351512172589992e+03 3.594451451735445971e+03 -6.279331517189442820e+03
-2.417317366070622484e+03 -2.910728452782424938e+03 -5.990310451209997154e+03
-2.291887610890131327e+03 1.576277331772259913e+03 -6.705071600285622480e+03
-2.294190617714680229e+02 1.853655664476833635e+03 -6.061049370931202247e+03
-1.772913052935530459e+03 -4.051650033241296569e+02 -7.357787522591665038e+03
-5.892102027609583104e+01 2.233631139824980892e+03 -6.257066531295156892e+03
-2.449325664728473839e+03 1.473424076128157481e+02 -7.908314647247758330e+03
9.654132725381919045e+02 1.789378653925212802e+03 -7.208948721319983633e+03
-2.390278437239867344e+03 -6.444626340479842384e+02 -5.807050959556483576e+03
1.954769373858614199e+04 1.476622778431766892e+04 -6.950466508970844188e+03
-1.328358833265815747e+03 1.022073583471333950e+04 -1.928015357418662006e+03
-1.078152016799443118e+03 9.718218889533885886e+03 8.227449748933229330e+02
2.806564766520683861e+03 9.712138112816708599e+03 -1.544608342297957506e+03
-4.191275111490627751e+03 1.479087792777911318e+03 -8.569105794276860252e+03
-3.048533927676551684e+03 4.878737423500656405e+03 -3.878150416388148187e+03
-7.686626370271645783e+02 3.328331236238849669e+03 -6.456127705544721721e+03
-2.886523048718791870e+03 2.609679346194106529e+03 -6.868256461897673034e+03
-2.065973494546467009e+03 2.438970350745215455e+03 -6.255450912943882940e+03
-1.514241485609398296e+03 1.919001363405206121e+03 -6.113499007050339969e+03
-3.546107447022233373e+03 -1.944233219335596232e+03 -6.772542902878952191e+03
-1.433043614500878448e+03 2.554603803357500965e+03 -7.174996744858105558e+03
-2.051808314976240581e+03 2.778601086412633776e+03 -6.905848588226515858e+03
-1.491277942905095870e+03 -3.814288911558144719e+03 -5.690161397221650077e+03
-2.868191111444010858e+03 2.296638167763290312e+03 -7.326999854673144910e+03
-9.151200259456289814e+02 2.703430186559867252e+03 -7.718343808348384300e+03
-1.324790550737105514e+04 -2.262513205780353019e+03 -8.106968576539033165e+03
-1.531421018367788292e+03 1.649466023232649832e+03 -6.498739419653739787e+03
-2.583294115320871242e+03 1.309803450950794740e+03 -4.515531415310764714e+03
-1.613521690773975752e+04 1.501287976224453996e+04 7.253994291747035277e+03
-3.607980919086915492e+03 4.163273147081577008e+03 -5.476705029402500259e+03
-1.817728488379682176e+03 -9.081672923062717473e+01 -6.697099103210141038e+03
-3.117098299966239665e+03 -1.467317295659188176e+03 -7.305397008960973835e+03
-2.603455850862211264e+03 2.362734789524537518e+03 -7.221021189526275521e+03
-2.326804336404272362e+03 2.565766257386269899e+03 -6.419342933604553764e+03
-2.523604672777176347e+03 2.373750360817808996e+03 -6.859959964438357929e+03
-4.955082265579865634e+03 1.110028516611474060e+03 -6.880743315758828430e+03
-4.959854278408489336e+03 1.074781667636964585e+03 -8.141805902218275151e+03
-2.997591628961348761e+03 2.241982401983340878e+03 -6.956621194591736639e+03
-3.312799084295038483e+02 2.890070271210613555e+03 -6.596438499337982648e+03
-2.340281461373180605e+02 8.061742085606943874e+03 -6.658339456320959471e+02
-1.388936739827665861e+03 9.938159437703897083e+02 -4.550618526564690910e+03
-2.291000078003034560e+03 2.991774162627631540e+03 -7.060870573405214600e+03
3.604724656219853387e+03 5.751807358717068382e+03 -9.700803422326913278e+03
-2.416601102822607572e+03 4.510796257211122224e+02 -5.294757426923964886e+03
-1.205303105736132920e+03 2.134531284975048948e+03 -6.082701848742048242e+03
-1.195585307422597907e+03 1.606296280335724077e+03 -7.409836688720475649e+03
1.470355616385415033e+03 7.796575603975448757e+03 -7.860618910662493363e+03
-4.521771991127729962e+02 1.904000696321116266e+03 -6.060080134414319218e+03
7.388849994981492273e+02 1.471839107209099438e+03 -6.044312255130271296e+03
-3.189636291972598883e+03 3.190748184255096930e+03 -6.387612343405572574e+03
-1.259363425768724028e+03 1.452598211281863087e+03 -6.281280794412364230e+03
-7.175265518430925340e+02 3.589041059677873363e+03 -7.048749791524611283e+03
-4.865570505680011593e+02 2.619285027418198752e+03 -6.183354627830689424e+03
-2.342438213801644906e+03 2.154483926820803390e+03 -7.091088315299275564e+03
-1.123774413309447937e+03 1.545544430688413968e+03 -6.349296816332242088e+03
-9.105722811294002895e+03 6.016382413488474867e+02 -2.681726730965870047e+03
1.987365609451479258e+03 6.562046624758479084e+03 -1.258580009781984927e+03
-1.406435211047085431e+03 2.801370290535915501e+03 -7.085274148235072062e+03
-4.704005282901129249e+03 2.659319722144306979e+03 -6.532908737969521098e+03
5.870376754722267833e+03 -1.613055419852927116e+03 -9.849559010322376707e+03
-2.590488627790194869e+02 3.792303516156438036e+03 -5.757983163568233067e+03
-2.892469135815416394e+03 2.239312745786769483e+03 -6.984917100397500690e+03
-1.927204282643439001e+03 2.382032560531074523e+03 -6.502594634620296347e+03
-2.803264438510930631e+03 2.946186210620031943e+03 -6.875351969871901929e+03
-2.365439198014912279e+02 2.690753072935951786e+04 8.338027567433673539e+03
-2.842801465034683133e+03 2.564144104462751329e+03 -6.823439252316708007e+03
-2.403123225458408797e+03 2.954554646760155720e+03 -7.126902758603575421e+03
-5.953830274496644961e+02 3.464733573491630978e+03 -6.983711212436692222e+03
-1.508343659282440512e+03 2.746777994103782476e+03 -7.172420672521850065e+03
-3.015632806356787114e+03 8.442385997323118545e+02 -5.465163883098221959e+03
-9.659986635233976813e+02 2.255469084682746143e+03 -6.132736195048506488e+03
-2.796835191789131386e+03 2.221164210337201439e+03 -6.854115201036601320e+03
-3.450555121126182712e+03 4.130197737056642836e+03 -4.481229144662104773e+03
-1.102005672127553680e+03 2.956361502659926828e+03 -7.041639509712192194e+03
-2.153418859751259333e+03 3.036401457105897862e+03 -6.859045267930045156e+03
-1.807652335119893905e+03 1.847031975322956669e+03 -7.495400376028904248e+03
9.033067258644471167e+02 1.100435103334243468e+04 -2.007337249048410968e+03
-1.656566377828660734e+03 2.292676763373980066e+03 -6.223296482595710586e+03
-4.993107258427698071e+03 2.086022294742043869e+03 -6.668884178387145766e+03
7.426623452215924772e+03 -6.919175637501902202e+03 -1.209277258157438155e+04
-4.680084119785004759e+02 3.663508124661702368e+03 -6.100126667218125476e+03
7.003172065052490325e+01 3.193114125956053158e+03 -6.908792880936615802e+03
6.710987449540440366e+02 4.039797862107609035e+03 -6.828994379151761677e+03
-1.584266644190988700e+03 2.105360322422794070e+03 -6.364793451730750348e+03
-4.799454270962954752e+02 5.292361360580403925e+03 -2.880215934616696359e+03
-1.325048414035232327e+03 1.392304801257434519e+03 -6.561595939579256992e+03
1.370395585842741093e+04 2.058178416170180935e+04 -3.429587616007110000e+02
-2.461679213438459101e+03 1.436851592423955935e+03 -6.746587941538390623e+03
-8.583679829764073475e+02 3.792647968596055762e+03 -7.007430510026106276e+03
-7.737335776758459360e+02 2.411179658622445459e+03 -7.260558609616487956e+03
-2.437942054541961625e+03 2.794065496233888098e+03 -7.487699229552557881e+03
-2.835134814723165618e+03 2.430619686913758414e+03 -6.955858377071018367e+03
-1.326521700049915125e+03 1.737913235317618046e+03 -6.428477443242130903e+03
-1.299693678031565014e+03 3.003285200031792101e+03 -6.827766522813153642e+03
-2.861119355351155718e+03 1.031881547986816486e+03 -6.882876677178752288e+03
-8.699558612449120574e+02 1.909297423160704284e+03 -6.481646831150151229e+03
-2.161639255935485380e+03 2.547614977251061646e+03 -6.353117648627660856e+03
-8.869003888851196962e+02 1.928230962305831326e+03 -6.391114316147191857e+03
-3.232409064490277160e+03 1.602062947654721484e+03 -6.992494988232212563e+03
-1.741853437427384733e+03 4.868489084934702760e+02 -5.043523680788433921e+03
-6.247489589814031206e+02 1.540654224203572312e+03 -5.706978775066181697e+03
-3.999527590922806667e+03 2.252743078396309102e+03 -8.350889337699012685e+03
-1.399014806989555836e+03 -1.611218380330687523e+03 -5.385618670713689426e+03
-6.185262364183034833e+02 1.058929964691840723e+03 -7.665200583272176118e+03
-6.079336690432603518e+02 2.009573947612096163e+03 -7.219774020599764299e+03
-2.333562510696436675e+03 1.677469768836705043e+03 -5.912538910381318601e+03
-5.973647922197500293e+02 3.403568848383358727e+03 -6.571861139130867741e+03
-2.457389073063857268e+03 2.665460042343084297e+03 -7.233031688288938312e+03
-6.944801482286956343e+03 8.072974403159942085e+03 -3.033437623528469430e+03
-2.751928112513910946e+03 2.900495460977494986e+03 -7.489391228687331022e+03
-2.908449397940844392e+03 4.178837022483998226e+03 -7.050566670097001406e+03
-1.875697501885591464e+03 2.581795209813300062e+03 -7.081203619865881592e+03
-1.658803885694103201e+03 2.019890947146309372e+03 -6.839472157469374906e+03
-1.735255019176979658e+03 2.237664039544954903e+03 -6.233287617459529429e+03
-1.627057126036958607e+03 2.683096845809021488e+03 -7.098348099214753347e+03
-1.220993913766213154e+03 1.835451982197522739e+03 -6.487851931994987353e+03
-2.092035185200050819e+03 2.247432082534740857e+03 -6.997176479872687196e+03
-1.090639094017556999e+03 -2.667086502004199247e+03 -5.486531837507039199e+03
-5.379589241025383899e+02 3.064889836489734080e+03 -6.748988213378463115e+03
-1.208092722440346961e+03 2.918134071043295990e+03 -6.594887937600531586e+03
-1.851618685620303495e+03 2.252391403938476287e+03 -8.083177856673791212e+03
-1.136791019336937552e+03 1.611764188648396384e+03 -6.474677990669327301e+03
-4.828174906793310015e+02 3.046521062425189029e+03 -6.890630778284258668e+03
1.046866263011465435e+03 5.460808576818349138e+03 -1.052517651485777242e+04
-3.086583429923057906e+02 3.472183355137255148e+03 -7.280556067389109558e+03
-2.819107179226877179e+03 9.183567285476917732e+02 -8.510420491347576899e+03
-1.469459476287047210e+03 1.227160734449299980e+03 -6.435052671500723591e+03
-2.748909592885276652e+03 3.280743398326547435e+02 -4.989806563012574770e+03
-1.739185635530946092e+04 1.045016813814923626e+04 -3.271085055749517051e+04
-1.177936333786622981e+03 3.179536533277230319e+03 -6.628485284412019610e+03
-6.862240048548616187e+02 3.637830182771333511e+03 -7.087040834138217178e+03
-1.128807967084982010e+03 2.768954013604244665e+03 -6.532243091526683202e+03
-2.446264683694327687e+03 1.674635969788643933e+03 -6.824482532145410914e+03
-6.187293691670902263e+02 3.158213448000841254e+03 -6.915637509355594375e+03
-1.912553517998549978e+03 2.670215365834621480e+03 -7.219879667410755246e+03
-2.507129087615037861e+03 2.320638611941244562e+03 -6.399270705314324005e+03
-1.034072584519048178e+03 1.409415255962262336e+03 -6.109079273909448602e+03
-3.929205124871754833e+03 2.775178415114136442e+03 -8.224716406703924804e+03
1.561658000601303797e+02 1.761656294954563464e+03 -6.848019087344810032e+03
-2.930096494864859324e+03 1.373043647440092627e+02 -7.207986315472659044e+03
-1.687040325945076347e+03 -2.280327480514220042e+03 -6.588554909427179155e+03
-7.893978402133726604e+02 2.829316884078071780e+03 -7.199032611263694889e+03
8.325327727818283847e+02 5.826758415231306572e+03 -2.229181963116208408e+03
-1.275667143057979047e+03 2.515483361552690440e+03 -6.655564631397416633e+03
-6.277937239050118023e+02 3.188595774120166880e+03 -6.832811653228824980e+03
-2.800837268891327767e+02 1.917225972238156146e+03 -9.126737050439041923e+03
-2.298110736992139209e+03 3.885017913112624683e+03 -5.517882007333399997e+03
1.095132152651568163e+02 5.013666347757713993e+03 -2.688346211878857048e+03
-1.617288814872407556e+03 2.633285605703432793e+03 -6.900631436238850256e+03
-1.103590359948156220e+03 3.240801141866177204e+03 -6.757937917610699515e+03
-1.289319921797271036e+03 3.594699878676018670e+03 -7.243316362054039018e+03
-5.767369901005102975e+02 1.249716740720265534e+03 -7.311210885650756609e+03
-6.538862637887100391e+02 3.409929203124157993e+03 -6.800486186586474105e+03
-6.836121398203393937e+02 2.498079109267157037e+03 -6.244171182317205421e+03
-1.410502996179073534e+03 1.549157472284965479e+03 -6.634463994048393943e+03
-1.605901331606517033e+02 2.388959765108561896e+03 -6.314115678431126071e+03
-1.320074156983665944e+03 2.667149650836508954e+03 -6.744555335749343612e+03
-9.108672571897394619e+02 3.726288488478033287e+03 -7.156881934611933502e+03
-8.122894709870620318e+02 2.930015634447446701e+03 -6.391571754397260520e+03
-4.398970769170937274e+02 1.442339487201915972e+03 -7.599522281295949142e+03
8.712836145305055879e+02 1.027039840683144121e+03 -7.647422876926048957e+03
-1.291733024619819389e+03 1.627419809674455564e+03 -6.225822438851358129e+03
-1.368845518378587485e+03 -9.340447119462344290e+02 -6.154500103947324533e+03
-1.072305082479261955e+03 2.741591471808301776e+03 -6.967515190651087323e+03
-1.289981206225037113e+03 1.210716031227991152e+04 -8.758664318683328020e+03
-2.187561437530318926e+03 1.608581121381970434e+03 -6.940686677885928475e+03
2.213253826405705695e+03 9.894922315320516645e+03 -2.094589317951434623e+03
-7.819931626201050676e+02 2.856775766816873329e+03 -6.251107392886513480e+03
-2.547270700585854229e+03 1.973219311670755587e+03 -6.689458376968348603e+03
-1.880176073119645480e+03 2.559242338787297285e+03 -7.094767584727485882e+03
-2.007479427041038889e+03 1.662211546703869089e+03 -6.824432713381922440e+03
-4.668684952964455306e+02 3.089874668186777399e+03 -6.820296604792123617e+03
-1.076133288976538779e+03 3.206063438877641147e+03 -6.838589816464923388e+03
-5.112168715648284660e+02 2.950747270131474579e+03 -6.903962756688761147e+03
3.834282578625665792e+03 1.114537692204361156e+04 -2.556289897703617498e+03
-6.966449487695201242e+03 8.512607421119546416e+03 -6.094966156583201155e+03
-1.064414144542507074e+03 3.015382117015931726e+03 -6.870855243554003209e+03
-5.640164986205818423e+02 2.926199032762453498e+03 -7.047843450631935411e+03
-1.930193917522283300e+03 1.201356060035426026e+03 -6.238843158945200230e+03
-1.428543552726207736e+03 2.915068276782085377e+03 -6.868214086136734295e+03
-2.550431904429909991e+03 7.867001961885332094e+03 -6.648473629229924882e+03
-1.951885860186536320e+03 2.553032811297539865e+03 -7.109525259147901124e+03
-7.601985369833228106e+02 2.887361249125612630e+03 -6.370577140005633737e+03
-5.531314500773298732e+02 2.826172297617386903e+03 -6.729718771320436645e+03
-9.263570715550342811e+02 2.831495492576663764e+03 -6.421076459082298243e+03
-2.098400176889663271e+03 2.216049905449824564e+03 -7.146178850791703553e+03
-3.697294192098153417e+03 1.607138267093709692e+04 -8.738887888627079519e+03
-1.403927924145520819e+03 3.124662634784455804e+03 -7.191478874245532097e+03
-1.645471362108239873e+03 2.773009541223436372e+03 -6.685117969904288657e+03
1.075231304396552332e+02 3.268431348263168729e+03 -5.627746612903062669e+03
-8.983634425335767446e+02 2.331890555863408736e+03 -6.552747901339685086e+03
-1.017752464747684257e+03 2.698567657114790563e+03 -7.182591613182051333e+03
-1.173266853506673442e+03 2.105592490558949066e+03 -6.414546612021646979e+03
-2.319887768342921390e+03 2.644132705741506925e+03 -6.947976746395755981e+03
5.958361786820662019e+03 -5.392459891021808289e+03 -3.753574726181539882e+04
-6.162865545763413593e+02 3.278035399985010372e+03 -6.867301015286795518e+03
-6.851184236463969910e+02 3.325709443411436496e+03 -6.765277642351286886e+03
-1.163964288235858930e+03 1.245304507614451495e+03 -6.056482560577836921e+03
-1.285080733961955502e+03 2.340947972570889760e+03 -6.707974999725814087e+03
-2.236853140289414625e+02 5.133131403079352822e+03 -2.992934168165769734e+03
-9.642395951998183818e+02 2.712822679385032188e+03 -6.425420988368804501e+03
1.050304098820993204e+02 1.678416076818379452e+03 -7.477561375112980386e+03
-1.434048121545843060e+03 2.035590299129132745e+03 -6.434127777489577966e+03
-1.326906619346263597e+03 2.441217335204904884e+03 -6.681028137571374828e+03
-1.819936558204455650e+03 2.781000719844221294e+03 -6.933814739142189865e+03
-1.221191001806951135e+03 3.431831100549396069e+03 -6.649163039941610805e+03
3.815923197532412814e+03 -4.266379567020931063e+03 -2.845727095943663153e+04
-2.414743893330892661e+03 1.761453012831836304e+03 -6.884843212536612555e+03
