-3.318496701898349420e+04 -6.784498853584956123e+03 -4.997008944718624662e+03
-9.425165540563843024e+03 1.540009188160150188e+03 -7.466505536199163544e+03
-6.381161527514163936e+02 2.298072325372022533e+03 -7.221736343841724192e+03
-1.442784952489809803e+04 5.220376611428636352e+03 -7.139230210861229352e+03
-2.766877194082569076e+03 3.491136609311559369e+03 -7.807188347890658406e+03
7.716563166124617965e+03 -5.419858659331179297e+03 -7.039315106801183902e+03
-3.052532717303301615e+04 2.216480413901634847e+02 -7.650543830345524839e+03
-2.269109247356386186e+04 -8.068038609079567323e+02 -7.326063095727469772e+03
-1.217409238719810219e+03 2.058676858981784790e+02 -6.691430645240290687e+03
-5.070587207466714972e+03 1.825077192759806621e+02 -8.358745365109383783e+03
-2.962846253551125483e+04 -6.468283662507454210e+03 -6.464279096170600496e+03
-1.051220868770753077e+04 4.219213816989789848e+03 -6.895847350751739214e+03
-2.562356505227945036e+03 2.948788722739629520e+03 -8.151813548393602105e+03
-4.642935156618605106e+03 -7.780497086584443423e+03 -7.909707028502502908e+03
-1.686371638127587403e+03 4.582094063599265610e+03 -9.416939149151694437e+03
8.902745778142757445e+02 5.110795750838883578e+03 -8.424043558002884311e+03
-8.624361175003439712e+03 -7.359906758267668920e+03 -6.975543307806678058e+03
-1.304707254800986902e+03 6.503803294627859941e+02 -6.631523291874566894e+03
-1.184707624400857640e+00 4.422756673880933704e+03 -6.844183114463340644e+03
1.064372511104991872e+03 -3.940768320315430174e+03 -6.820641013380582990e+03
-2.816334613401583283e+03 1.394996844542525650e+03 -7.700240339304861664e+03
-4.439649915432694797e+03 3.596847138225384242e+03 -8.527666459081221547e+03
-8.382793602056201507e+02 5.479023579898546814e+03 -7.891896743468597379e+03
-2.667202581766104572e+02 2.322968910795404554e+03 -7.072271891338285059e+03
-1.417886010993564560e+04 -2.721842365392423062e+02 -6.053645170503919871e+03
7.502498235431578451e+02 3.925877707312382881e+03 -7.454473352380027791e+03
-3.437508996656626096e+03 1.423118351042995528e+03 -7.737725569241500125e+03
-3.461140846090783452e+04 -6.403580354513160273e+03 -4.977625192617022549e+03
-3.016013454167585223e+03 -9.616660451282277791e+02 -6.833957495939917862e+03
-2.881367550525291153e+04 -5.851776996779894944e+03 -6.821080712268851130e+03
-3.530846303601621184e+04 -7.017841306829348468e+03 -4.710049300270894491e+03
1.372795283910835451e+02 8.261488724581240604e+03 -6.965182656158872305e+03
-3.802655007357062914e+03 5.630779681713325772e+03 -1.118529740390864208e+04
-2.488663470520030751e+04 8.781885614741944664e+03 -9.928810620017209658e+03
-4.292274453342210109e+03 -1.054741324756696031e+03 -7.574432429357958426e+03
-1.586300923664485481e+03 5.191076285967241347e+03 -7.011200347491649154e+03
-1.571242648172788904e+03 6.402855169723898143e+03 -1.169908837833671532e+04
-2.949622827187382882e+03 7.283268608783521813e+03 -1.353912719170074342e+04
-2.020499658186413626e+03 -1.492146288735551752e+04 -8.827802559470526830e+03
-2.717774648888380398e+03 3.069462762711365940e+03 -7.230099042277144690e+03
-1.792276758343127540e+03 3.186503274349654021e+03 -7.621802746818872038e+03
-7.198342035940835331e+02 2.489186175843386536e+03 -6.732719950951732244e+03
7.568230787207559842e+03 -5.898402078267151956e+04 -1.602088379557892495e+03
-7.081628589029908653e+03 1.427113419579134643e+04 -4.173179260939369669e+03
-1.287097958239873333e+04 4.665064298510854314e+03 -7.168500351281526491e+03
3.037500922393205656e+03 1.558263433365824994e+03 -8.285005004282564187e+03
-3.403431134136177570e+04 -6.513868395492118907e+03 -5.183397133565487820e+03
-1.963240207856368670e+03 5.454537472178482858e+03 -9.408878051764297197e+03
-3.370633307304594837e+03 2.022739193367095140e+03 -8.180145244810082659e+03
-2.353460398554223048e+03 2.792949931999572982e+03 -8.063622737093098294e+03
-5.233685157050099406e+03 5.310733559510212217e+03 -1.183276891394517952e+04
2.792551849222404599e+03 8.498185478388970296e+03 -7.260996286016594240e+03
-2.939210715554441776e+03 3.643858605073384751e+03 -7.360546759888708038e+03
-4.356658704078291521e+03 5.048851228284636818e+03 -1.075734541313803129e+04
-9.834728566642463193e+03 1.935473368136582394e+03 -7.086587074609415140e+03
-1.076919577301189065e+03 1.514029284582313039e+03 -6.742623562804814355e+03
-4.701129854969104053e+04 -9.117185990797110207e+03 -7.316472168156808038e+03
-2.610798630633562425e+03 6.030866173964387599e+03 -6.958707788066903959e+03
1.198545760872811343e+03 2.552220202574224459e+03 -7.214014762499442440e+03
-1.709767869390279657e+03 2.170596179225712604e+03 -7.203391182087498237e+03
-3.838451340027267179e+03 1.852943475013508760e+03 -8.686698592428778284e+03
-5.886864884645199709e+03 -8.205525924626352207e+03 -6.750260968001154652e+03
-3.657602252699269229e+03 2.051609385901745100e+03 -7.179191291525990891e+03
-1.483361732152344302e+03 1.167739337701023487e+03 -7.546559082276170557e+03
-1.717798207374794856e+03 3.154269060684423494e+02 -6.888344667332958124e+03
-3.064817224337083189e+03 8.770922699588609248e+03 -8.769314828432268769e+03
-1.368576190173074792e+03 2.389243653774771701e+03 -6.932235814503223082e+03
-3.717190970231966276e+03 1.622242649780664578e+03 -7.948139453934879384e+03
-2.007887262760181784e+03 3.706187829998262714e+03 -7.339857295840025472e+03
1.259314465398589164e+03 -1.209087242577258075e+04 -9.337321297342356047e+03
2.269763384386599682e+03 2.766488088689650795e+03 -9.570214465921450028e+03
-2.446811597681974035e+03 -6.841903425497416720e+02 -6.664618438680528925e+03
-3.404806040222269075e+04 -6.257608959605723612e+03 -5.490268020581069322e+03
-2.979451885572871561e+03 2.151089614876623273e+03 -6.747691919566042088e+03
-2.110585525807217891e+03 7.728171765466879606e+02 -5.934814715895553491e+03
1.005564539786582714e+03 3.106293134417686360e+03 -7.256382312341082979e+03
-8.471737580163149687e+03 -7.641354873392582704e+03 -7.448965925741611500e+03
-2.949412625153107365e+04 -5.034728347307631338e+03 -6.773139050649758246e+03
-1.048645121378538761e+03 3.201264011423477314e+03 -6.637793903128697821e+03
-2.830238036657771318e+03 2.531829219947795536e+03 -7.133896787131887322e+03
1.341926305213834439e+03 1.292007841680667752e+03 -6.816603752644570704e+03
-7.806452596912882882e+02 2.700893558476278486e+03 -7.223832409581096726e+03
-4.082580544831563657e+03 1.181518863347929482e+03 -8.439369754110603026e+03
4.626134693016136339e+02 1.852833225448439407e+03 -6.790477387572926091e+03
-1.102962770926864778e+03 1.333311445555398677e+03 -6.783456117297803758e+03
3.168310928351738767e+03 -4.735167260965703463e+03 -3.856561685854608186e+03
-8.832185530072281381e+02 4.958580398478487041e+03 -4.119290817906680786e+03
-5.208005933374878396e+02 3.371367621340476944e+03 -7.630602483252118873e+03
-2.543711512834970563e+03 1.605150782992553559e+03 -7.581266928024717345e+03
-2.837203227981337477e+03 1.748711751685508716e+03 -6.655494675434939381e+03
-1.675161859322068949e+03 2.156486583706579040e+03 -5.858175210958493153e+03
-1.119728633043950595e+03 -1.632825247021765790e+04 -9.298469473004675820e+03
-3.073576369626503038e+03 2.229994895990555960e+03 -8.075342122524210936e+03
-3.092012333347188815e+03 1.803078138287776255e+03 -7.094118858972789894e+03
-2.347952034018207542e+03 2.261060347189280037e+03 -7.417462058564579820e+03
3.462170542531688625e+03 6.406589037865185674e+03 -1.103047109609610925e+04
2.015070392480429291e+02 4.576381466407926382e+03 -7.284373870551161417e+03
-2.071300734615121200e+03 5.162976363777580445e+03 -6.900510395925830380e+03
-3.737687772420938472e+03 1.887336180789354785e+03 -8.076506116485766142e+03
-1.727732043732414240e+03 5.520089027365802394e+03 -6.689873635132650634e+03
-1.454861045320065841e+03 3.576455026288352201e+03 -4.879110165346790382e+03
1.073971617761839661e+04 1.110111292548013989e+04 -6.386979513212040729e+03
-1.469036327664914097e+03 2.904133419503195910e+03 -6.615124738563039500e+03
-2.308385829787816419e+03 2.859216788133719092e+03 -4.341096176764023767e+03
-1.448426094039292548e+04 4.088303996176506644e+03 -7.719247999098580294e+03
4.674194099126098081e+02 8.496231855644225561e+02 -6.782931709209834480e+03
-6.639905190031433904e+02 -1.167531191319505069e+03 -8.098868989648343813e+03
-4.490528029938289365e+03 4.912634663301148521e+02 -7.101247211186545428e+03
-1.427636111829394849e+02 3.240811634573104129e+03 -6.369883122546856612e+03
-1.848570809046916111e+04 -1.842391944010572115e+04 -1.609125481238925568e+04
1.265040009507759123e+03 1.092704042604442066e+03 -6.316033712618147547e+03
-3.057926046739165940e+03 2.061768160170681767e+03 -7.584000299782778711e+03
-2.696900628059296650e+03 -2.578073142497778463e+02 -1.061975541317906755e+04
7.841969384470847899e+02 2.693195674736729416e+03 -7.077767663938778242e+03
-1.498103755698443365e+03 2.951237695410274682e+03 -6.613989583237567786e+03
-9.757118008690773422e+03 -1.268231720623579804e+03 -1.200587121639183169e+04
-1.824464760949242191e+03 1.569289733997150734e+03 -4.374605801473266183e+03
8.964632689466368902e+03 -1.303477984793855649e+04 -1.033617378759617532e+04
-1.513792631080534420e+03 2.040260168891363151e+02 -4.599600624275492919e+03
-2.434836632459665452e+03 1.655850403005292947e+03 -6.477728354545692127e+03
-1.774614431388017010e+03 2.982232098357468999e+02 -6.176544102006338107e+03
3.469887885250606132e+02 2.541111251480843293e+03 -6.349461814353026966e+03
-2.813974255852703209e+03 2.277611251685266780e+03 -7.461639980863011260e+03
8.095176686848776626e+02 3.237557727915610940e+03 -5.674123340363951684e+03
-2.259395328259429334e+03 5.776776514344275711e+03 -1.162738172567793117e+04
-3.883174642505359316e+03 3.977736678889082668e+03 -8.727545808056242095e+03
-1.430239678306856490e+02 3.399383234151909164e+03 -2.843020490342255925e+03
5.950313111921007021e+02 1.083122118774090268e+03 -6.774112460068678956e+03
-4.379800107235339965e+03 4.801855940681422908e+03 -7.669495086383212765e+03
-1.338742327256720728e+03 2.796973980565207512e+03 -6.087853863201200511e+03
-1.961428827091213407e+03 2.958055876155440274e+03 -4.165491332978082937e+03
-9.420955795147748404e+02 -2.874942008310037522e+01 -8.203900081681733354e+03
-4.807934472496861417e+03 8.446803812892230781e+03 -6.151384018703070069e+03
-1.685696081651242366e+02 6.206744573301708442e+03 -7.647288019388549401e+03
-9.096821467981224487e+03 -7.203825843305639864e+03 -7.527849842502421779e+03
-2.108691232700309229e+03 7.668708791967045727e+03 -8.637902710274078345e+03
-4.907702157233744401e+03 6.614097017582847911e+03 -7.043542779161583894e+03
-1.357697107194316413e+04 1.433106186850184531e+04 -9.860812809194838337e+03
6.810814706502543459e+02 3.597493578031211200e+03 -7.264919004034555655e+03
-7.824574523439273435e+02 1.874078755884346037e+03 -9.164367399256929275e+03
-2.105179838228667904e+03 1.805631151526976510e+03 -6.546530968445647886e+03
-6.468157153467700482e+01 -1.310839901169352743e+04 -8.672612396186506885e+03
-2.536769042843055558e+03 1.250247942081668725e+03 -6.257585215311495631e+03
-1.712345816958764090e+03 2.991558809904695408e+03 -7.528901583358659991e+03
3.638465229813581118e+03 1.026136535586509581e+03 -7.495055380996713211e+03
-5.927042656388585783e+03 -5.229397908999156243e+03 -8.556733518687164178e+03
-1.937889592342384276e+03 1.815271484068647396e+03 -7.496033225903374841e+03
-1.679177965613408378e+04 -1.530230208767209660e+03 -8.390249341934357290e+03
5.495700427391836911e+02 -1.333262837884963301e+04 -8.914584484603930832e+03
-3.536502055950969407e+03 1.516921269429837594e+03 -7.700453557797764915e+03
1.136988784820139244e+02 2.763768729800570327e+03 -6.606632451584767296e+03
8.960873523789528008e+02 1.924778185289701923e+03 -5.743530936154659685e+03
-9.779677131280563117e+03 1.000002076074730030e+04 -9.116812202103998061e+03
-7.024568809279016932e+03 1.215901944167739930e+04 -3.064787373659324658e+03
7.781156997366950236e+03 1.294139845306943425e+04 -6.969883616705555141e+03
5.264326941931684814e+03 -1.640299893514532960e+04 -1.006183310896475268e+04
-3.152895421879140486e+03 2.047042618271581659e+03 -6.175456062542648397e+03
6.408545421322298807e+01 1.298349405848701963e+03 -6.009799127049986055e+03
-3.364952944115318132e+03 2.042738125009244868e+03 -8.345487957236844522e+03
-1.055545239672820344e+03 1.124127664972381126e+03 -7.003919282318236583e+03
-2.632510314677335373e+03 -4.131769139879029353e+02 -6.596049696477871294e+03
1.019688931858649767e+03 -8.766155625469311417e+03 -8.004270503073996224e+03
1.165146679734611780e+03 4.167241725345134000e+03 -6.217922296000225288e+03
1.030425164089788723e+03 1.604695984669796189e+03 -6.745526550727265203e+03
2.563833639591915698e+02 1.590125209199915389e+03 -6.307943682794362758e+03
-1.878856601423544998e+04 2.268973590870587032e+03 -7.992941408560845048e+03
-6.642927848350836939e+02 -2.501583548415539099e+03 -8.340722061587841381e+03
-9.080624696939630667e+03 5.123773553359060315e+03 -6.767094235022735120e+03
-9.116206974405454275e+02 4.278167777095574820e+03 -7.208957450570749643e+03
-2.265573745847733335e+03 1.139341764996464917e+03 -1.073506866108534814e+04
-5.069066571788659530e+03 -3.811835230771258466e+03 -7.769400656888062258e+03
-9.295830500430929533e+03 -4.986946466486604095e+02 -6.849921155064612321e+03
-3.604290305366546818e+03 3.510702249648017641e+03 -8.976920743854834654e+03
-3.665094155848411447e+03 1.767381463555401979e+03 -8.296841904268960207e+03
-2.277828153413250675e+03 2.855570737185853432e+03 -6.024765896238587629e+03
-1.553986530762438861e+03 3.723339598572977138e+03 -6.259438201696403667e+03
-2.787615866962664313e+03 2.098581971102566968e+03 -7.349264725802393514e+03
-2.182779942044060226e+04 -1.205437529920608358e+04 -1.035987317932316728e+04
-3.951626837919535319e+03 1.012858557599959113e+03 -1.033596121649358429e+04
-1.464402250291853670e+04 -6.741539960026415429e+03 -9.575051277556873174e+03
-1.230490639604943499e+04 5.646273418860746460e+03 -6.766860479710137042e+03
-4.604859024313443570e+02 2.984712584797501677e+03 -6.165905259046014180e+03
-1.103424633340454648e+03 3.932851491226922462e+03 -7.106552088694860686e+03
-8.495852641355141941e+02 -8.724731265643748657e+02 -6.895138875801214454e+03
-3.784350429411574623e+03 1.557893439419899323e+03 -8.221489134274392200e+03
6.068007216975696792e+03 8.897119143542380698e+03 -6.577264512256336275e+03
-1.051656920992806954e+04 1.535310353336506705e+04 -1.022513118868441416e+04
-2.743241050695196009e+03 1.941045821620350353e+03 -6.106912935895901683e+03
-1.958983048528284826e+03 3.401607174831164684e+03 -7.336605556025870101e+03
-1.219964794292786337e+03 2.449129983965369320e+03 -6.396914537806173939e+03
-4.966457431478496801e+03 1.553456467456840619e+04 -1.025743218251716826e+04
-1.530816633759243359e+02 4.660073314704145560e+03 -7.291681193887702648e+03
-3.304257272790933712e+03 1.920961313259384497e+03 -7.692696437083028286e+03
-1.619520862538686742e+03 2.772122278333309623e+03 -6.674372916616715884e+03
-6.058941275108807076e+02 2.307586768223857689e+03 -7.174722250525147501e+03
1.136456347680223757e+02 2.477561234195668021e+03 -5.864535511476196916e+03
1.502738763712389982e+03 3.257697210027831261e+03 -6.343626489970089096e+03
-1.812942428044718690e+04 -7.861641660760470586e+03 -1.007630276827729722e+04
-3.588417244375650171e+03 1.701712907108094896e+03 -8.189753247953103710e+03
3.827031381525507641e+02 1.975113909926038787e+03 -7.201921088647202851e+03
-2.127094203836356883e+03 1.951729161242221835e+03 -6.760527694976211023e+03
-1.854161031945315472e+03 3.797605163077244470e+03 -6.760080465690505662e+03
2.503902235129364158e+02 4.462087582428833230e+03 -7.572130301730057909e+03
-1.218238739734380943e+03 1.959883619579584320e+03 -5.782025661591616881e+03
-3.682129379905115911e+03 1.581694163593281473e+03 -8.033855148111891140e+03
-1.201619894172382828e+03 4.654142149018772216e+03 -7.431766440110191070e+03
1.338970172719626589e+03 1.546518831206262234e+02 -9.866271102872431584e+03
-2.273150787595471911e+02 3.943220476144450913e+03 -7.278221019498192618e+03
-1.259610759013995448e+03 3.184833204868900793e+03 -6.543944987815215427e+03
-1.150670915627202248e+03 6.549852367058913387e+02 -4.111917826816000343e+03
-1.666037540482474242e+03 1.862172932261481947e+03 -6.444687127659105499e+03
-1.006020886586260076e+03 1.301224625378252767e+03 -6.814246848027027227e+03
-2.249694153474536506e+03 3.625051478160749866e+03 -5.810526449370625414e+03
-7.284522862740229812e+02 3.495050380023633352e+03 -6.637284637004882825e+03
-1.645155432565292131e+03 2.097592076717390682e+03 -5.753632684065093599e+03
-1.803281186338732823e+03 1.214066823771568579e+03 -5.357500743601032809e+03
-3.248509822294776313e+03 1.959447796637514102e+03 -9.573752625610162795e+03
-1.949943313903854005e+03 1.607486724603544872e+03 -6.396794930008891242e+03
-1.897580149394772889e+03 2.771134430586363123e+03 -7.066166115915605587e+03
-3.394585075851237889e+03 -5.490404008855529128e+01 -6.660126846684104748e+03
-3.867311313163768318e+02 2.170447463205407985e+03 -5.864164528925180093e+03
-2.004598846360522202e+03 3.339243923368635024e+03 -8.257273444549344276e+03
-1.659137683402145740e+03 2.717241025782560428e+03 -7.879027849303025505e+03
-2.716439761470187477e+03 3.206976844961324332e+03 -9.450464350905120227e+03
-5.199403604377962438e+03 3.549694511915637122e+03 -6.575805074231858271e+03
-3.594269348441552211e+03 1.991047370994681387e+03 -7.111837282885095192e+03
-7.379377186199858443e+02 3.491220255924354205e+03 -7.471923718945160545e+03
-8.634449578668646836e+02 4.567476086500637393e+03 -7.017329797469209552e+03
-4.299518086402765766e+04 8.414713638578827215e+01 -6.120646961021790958e+03
-1.850261383680270910e+03 2.315695795491646095e+03 -6.447203221531878626e+03
2.290283273793907483e+03 -1.841296230913908857e+03 -6.276198709602503186e+03
1.192012270294231712e+03 -2.425965999131325134e+03 -6.105282252466156024e+03
-2.277527853866075475e+03 2.043345401283024785e+03 -6.331562140861547960e+03
-1.950676657089865330e+03 1.322434201679863918e+03 -4.723740404640769157e+03
1.341307224829141660e+02 3.200086626184601755e+03 -8.110762970318884072e+03
-5.229076286464199256e+03 1.085224030938798933e+03 -8.669027698223859261e+03
-1.426476938852628109e+03 2.878997834268436236e+03 -5.709319459739544072e+03
-3.153800831070110689e+03 -1.266332347091260090e+03 -4.296664329962753072e+03
-2.695763583440983666e+02 3.723474899859395009e+03 -7.142784974116809281e+03
-2.535004670343323596e+02 4.227823963788468973e+03 -6.952323459284841192e+03
-2.493607491205693350e+03 3.346356465541038233e+03 -7.918946490340261334e+03
-1.576055335008528345e+03 3.032975488305964063e+03 -5.027943031450249691e+03
-2.963334666793829001e+03 -4.683174952682594494e+01 -7.898874460215521140e+03
5.631893502446615457e+03 1.914911424251561766e+04 -9.186738627636264937e+03
-9.506496303720580272e+02 2.990400909159251569e+03 -7.189835713190626848e+03
-1.975182692645131510e+03 2.281101810283709256e+03 -6.192877292624853908e+03
-7.578680649781712191e+02 5.051856174437066329e+03 -6.741634658334667620e+03
-2.206657556564377046e+03 3.997885206718730387e+03 -7.287969560835192169e+03
1.205869105812893167e+02 3.320350870630121335e+03 -5.457537455124513144e+03
-1.771906485831686496e+03 1.494546287007689216e+03 -7.529548444611131345e+03
-1.031909428199997819e+03 2.787639296858305443e+03 -5.316482872707207207e+03
-5.946086901622172718e+02 2.532547134896084572e+03 -5.715623509116320747e+03
-2.748992138603907279e+03 1.828779164063092139e+03 -6.746665890236130508e+03
-2.943803946998658830e+03 1.240671312143192154e+03 -6.805899663970682013e+03
-1.540048149792163258e+03 3.645554326792071606e+03 -8.320283603466568820e+03
-1.895856232770015595e+03 4.578171333386403603e+03 -4.107040515691989640e+03
-7.242238156989137678e+03 3.281814269276276264e+03 6.141014655491562735e+02
-5.933999158208096105e+02 2.624862290440660217e+03 -7.439033450730155892e+03
-1.513110180178339988e+03 3.568234186186288298e+03 -8.452201681485415975e+03
1.219061798693989886e+03 1.158513004148642949e+03 -6.234488171557016358e+03
-1.197223937267999190e+03 2.946325670357407034e+03 -6.278026425774594827e+03
-1.481398368587588720e+03 1.622911541501803868e+03 -6.823136927254186958e+03
-1.860075702766763698e+03 3.691758122802635626e+03 -7.433476510846609017e+03
2.447723328569516070e+02 -1.167490677860544929e+04 -9.910415641651448823e+03
-1.754288731592863769e+03 2.544984418937332975e+03 -8.276818117194854494e+03
-2.172434107564363785e+03 -1.349588391884092005e+02 -4.217282816918732351e+03
-1.419848618595633525e+03 4.010776625799773683e+03 -7.158193178948230525e+03
-1.349956794869011446e+03 3.936247305322998727e+03 -7.136740375465971738e+03
-7.392874990772072579e+02 5.288212974299308371e+03 -6.242535608306354334e+03
-2.700377191988797222e+03 2.123905819355644326e+03 -7.598368792895129445e+03
-2.255061492782853747e+03 -5.297717346662840100e+03 -7.096638905203325521e+03
-7.191656640577517464e+03 -1.629421913019836575e+04 3.761792093223314168e+03
-1.841428664129900312e+02 -1.815432412128598344e+03 -4.914979879668949252e+03
-7.860496292706227450e+02 5.185774853221146259e+03 -7.618253025454454473e+03
-4.509311263113589121e+03 -1.382445220107691739e+02 -7.626596355559038784e+03
1.001873294960181624e+03 -1.338179527527440314e+03 -6.619978112002760099e+03
-1.037965268456504418e+03 2.838931099915836967e+03 -8.267463654582279560e+03
-3.424625252530844136e+03 2.077875544001038179e+03 -7.425424043298815377e+03
-1.587663572232164370e+03 3.368378850781145502e+03 -7.422958377585985545e+03
-1.822980562389970828e+03 4.456784870662827416e+03 -6.538309777412193398e+03
5.665541643989674867e+02 2.911596018468086186e+03 -6.208647903018893885e+03
-9.236964891306674872e+02 2.400669361640826082e+03 -6.566685792271995524e+03
-1.117394778320850492e+04 -2.658989959080648077e+03 -6.365622281786384519e+03
-3.848491162006638206e+03 1.346019751324728077e+03 -7.432088387690158015e+03
-1.863992668146723190e+03 2.807534859859165863e+03 -7.550561970159708835e+03
-2.075477778498993302e+03 2.247651724763250513e+03 -7.509903875424122816e+03
-7.578657064247486232e+02 1.561810457544117980e+01 -6.564921472097873448e+03
-1.554362111758505307e+04 9.122411495640684734e+03 -4.882046022773663935e+03
-2.020115381257508034e+03 2.913382663535602205e+03 -5.808795287348315469e+03
-2.777817224342820282e+03 -1.622964575519916366e+02 -7.503879907399150397e+03
-1.587522171367833380e+03 3.714985632703420833e+03 -7.290237799381782679e+03
-2.014662583498266940e+03 2.355640545743579423e+03 -6.286550563476042043e+03
-1.404774466616534937e+03 2.369272418030089739e+03 -6.300991827063407982e+03
-2.097749612001925470e+03 1.617523548259772724e+03 -6.235876553888724629e+03
-2.824298510693923618e+03 2.767041848518132610e+03 -6.270906577272000504e+03
-4.651396173988657210e+03 5.129208577678489746e+03 -1.026453579862304287e+04
3.180575368213408183e+01 3.628989732441771139e+03 -7.149177013530284057e+03
-7.030230725899212985e+01 4.758720391160669010e+02 -7.014277518671444341e+03
-2.014285331408015736e+03 2.012944050086999823e+03 -6.165320044582374067e+03
-1.569391832446882745e+03 4.105145562881025398e+03 -7.896823718542134884e+03
-2.120359878551720612e+03 4.313761927435557482e+03 -8.575824759317461940e+03
-3.479285265878905648e+03 2.067557704345310412e+03 -8.105459904597323657e+03
-1.984240578497552860e+03 3.137172406199683792e+03 -7.462251958947455023e+03
-1.099912273704823065e+02 2.437310225883760268e+03 -4.580579399490638025e+03
-1.370670998701703411e+03 2.283719430289913362e+03 -7.276321283013323409e+03
-4.522482934304900368e+02 1.648655918993624255e+03 -2.347458595447188600e+03
-8.807528842524208812e+03 2.284174605132301622e+03 -5.434343134985530014e+03
-5.528540776843665299e+02 1.097559318567964965e+03 -6.313824290126501182e+03
-1.151231066497562324e+03 2.832344316224567137e+03 -6.661889396198115719e+03
-7.378065506734810697e+01 2.550863372789825007e+03 -6.644625544567457837e+03
-1.047895987624907775e+03 4.214414739434641888e+03 -6.521861120300516632e+03
-4.334593623776356708e+02 1.308269244668229931e+03 -6.678875079871481830e+03
-2.041819102363073398e+03 3.835547567961222740e+03 -8.471890889853080807e+03
2.778897505217388243e+03 -1.644995682576112131e+03 -5.975803970403692801e+03
-2.404665612954418975e+03 1.672314337031603372e+03 -6.657388788569328426e+03
1.559853633913003932e+03 -3.924027481009481562e+03 -5.837991629102831212e+03
-1.695885114135644699e+03 4.172631127504176220e+03 -8.000994580451041656e+03
-1.703863330857910341e+03 5.073703011636457632e+03 -7.760801916185629125e+03
-1.385536474095247740e+03 1.714268812778253050e+03 -7.006699667756158306e+03
-2.852654222221542113e+03 2.404752615435892039e+03 -6.578485343405590356e+03
-1.001095603760908830e+03 -7.119981881968476500e+02 -4.398267306841511527e+03
-2.340151066664903738e+03 2.604887961038416506e+03 -7.316496315047091230e+03
-1.631626553874096999e+03 3.001687117206483890e+03 -7.371675858076683653e+03
-4.561391494894893185e+03 5.023924390920340556e+03 -1.171422397487594753e+04
3.651469534242085047e+02 3.789478879511950709e+03 -7.063589250102910228e+03
7.088050659406731029e+02 1.819076013500400222e+03 -6.290377890853456847e+03
8.532389533747073074e+01 3.944841546810197542e+03 -6.519985779024837939e+03
-1.824569643050800551e+03 5.015468989690885792e+03 -7.739327226509354659e+03
6.614661856992943285e+02 6.834862111773467404e+03 -8.674502773271366095e+03
-1.757208723565659511e+03 2.515465198343390512e+03 -7.689564037598413961e+03
-6.149104492216903054e+03 6.012966426463613971e+03 -1.120047188283393371e+04
-1.664005223360350101e+03 1.068507375142896990e+03 -2.649098674579420731e+03
9.836662154806069793e+02 4.017275620587320191e+03 -6.153678564714158711e+03
-4.278365642342313549e+03 1.050845191315918782e+03 -6.058568723296327335e+03
-2.910172878298772048e+02 4.023457065109979794e+03 -7.234868250332376192e+03
-2.682916533131983670e+03 1.227828774206429989e+04 -2.087725146757565199e+03
-9.970213611548191466e+02 2.793998660189112343e+03 -7.064802496763256386e+03
-3.722145399789173098e+03 6.093211662546019397e+03 -9.105551205638836109e+03
-1.828339239073278350e+03 2.262694690827550403e+03 -6.944256939520460946e+03
-5.107926918690232014e+03 5.697787197356266915e+03 -1.059964617079565869e+04
7.065941905716454130e+01 7.737134904343932249e+03 -7.357758738637757233e+03
-2.363303851457771998e+03 2.252251389110690980e+03 -7.347080644026389564e+03
-2.939645064534883659e+03 4.730306868135822697e+03 -5.918917865956541391e+03
-7.589827975297800549e+03 6.760190235088462032e+03 -4.562387910353246298e+03
-2.386384384998597852e+03 -1.148400136888028101e+03 -6.377103231993657573e+03
-3.435196956116415095e+02 3.719517220048672243e+03 -6.942530885415668308e+03
-6.361248596237061292e+02 -5.373929754480506062e+02 -4.826567348278589634e+03
-8.668537118053003496e+02 -2.675365308077343798e+02 -6.689767812542021602e+03
-8.553278619695190628e+02 2.068462132843203563e+03 -6.569664267640915568e+03
-2.978699667920656793e+03 1.673182919833794813e+03 -7.060667059625167894e+03
-3.437628394155385195e+03 1.745025648136381733e+03 -6.931927646534032647e+03
-1.076878877237620600e+03 3.174482523751217741e+03 -1.365079176453203900e+03
-4.242212449007684882e+03 3.777439569405912039e+02 -8.099201237489092819e+03
-4.654028483603722998e+04 -2.354564609449377167e+04 -9.652901810614899659e+03
-1.800469277448047023e+03 5.098510291222661181e+03 -8.277712977653021881e+03
-2.295719128993186132e+03 1.116632379038514500e+03 -6.560272631833073319e+03
1.278644751065802893e+03 5.874637824499524868e+03 -9.133071066866792535e+03
-3.145907346551598494e+03 1.810064738923984123e+03 -7.205597892302069340e+03
-1.323551608494526363e+03 4.850439324697638767e+03 -7.287105623391303197e+03
-1.032249561293009265e+03 5.644022315461593280e+03 -6.791189323527277338e+03
-2.482396529678567731e+03 1.675164072284445410e+03 -7.410599839290736782e+03
1.002365667335121543e+03 -7.280226993340334047e+02 -3.192827923238760377e+03
-3.138533454092858392e+03 1.953930201302937121e+03 -6.100535341320446605e+03
1.895194524907818050e+03 4.938807737468985579e+03 -7.169663087430711130e+03
-2.201361307530745762e+03 1.701142391542229234e+03 -6.980514512813967485e+03
-2.620302900612575286e+03 6.115700241361550979e+03 -4.381127287217964295e+03
-3.746659613318759511e+03 2.138966157124079473e+03 -8.203838790628189599e+03
-5.608425449301003027e+03 5.028514318176023153e+03 -6.752592582682110333e+03
-3.745677580804891022e+03 3.348502877568230360e+03 -7.861295662680990063e+03
6.596759029779192929e+01 2.069739045513009614e+02 -4.654169682718850709e+03
-9.988400389542753146e+02 -5.879211517657184231e+03 -7.563220838790350172e+03
-7.834417994481592586e+02 4.403986115271449307e+03 -7.361288163271699887e+03
-3.026403396672357303e+03 1.926746061148843637e+03 -7.832030885680196661e+03
-2.365182999169445338e+03 2.553538293465191146e+03 -7.314878515223730574e+03
-4.347064130627989471e+03 7.124091060008464410e+03 -8.976510154737465200e+03
1.490308939816085569e+02 6.501614879543461029e+03 -8.115398349241609139e+03
-5.212710114725409767e+02 4.764494825945029334e+03 -7.215903777436909877e+03
-3.364097287658757523e+03 9.181862332146583867e+02 -7.318768716025001595e+03
-1.517435181663422554e+03 1.431210110926731431e+03 -7.237516689928829692e+03
5.425689353801266179e+01 -2.124634075999459128e+03 -5.484009263737887522e+03
-1.730144182167583494e+03 2.720295577412729472e+03 -7.636673274019701239e+03
-1.529197652009680496e+03 1.825386515935513899e+03 -6.543471332532411907e+03
-7.103383004429082348e+02 2.606477140579792831e+03 -6.539112538483818753e+03
-5.208017742176350566e+02 2.231832519692101414e+03 -6.422136068686538238e+03
1.432799889948363898e+03 3.300747029186099098e+03 -6.313867502714066177e+03
-2.996708882364861893e+03 2.186141074195188594e+03 -7.185693327589441651e+03
-3.586428588028800277e+02 6.744794083212057558e+03 -4.193783490504288238e+03
-7.964773388955977680e+02 4.683919867741841699e+03 -8.020046004345344045e+03
-1.977075461391573526e+03 9.618299807019110403e+02 -6.714503642336197117e+03
-8.704693469946976165e+02 2.550814935912675310e+02 -3.404625080276311564e+03
-1.197470187295995856e+03 1.466320052875364581e+02 -7.159491087002874337e+03
-1.974996447655625616e+03 5.224079066744236115e+03 -7.635607387719436701e+03
-3.787712428115116381e+03 2.264176976503265450e+03 -7.859847369452264502e+03
-7.848410298568296639e+02 3.184801873318217531e+03 -7.518444652384399888e+03
-3.135077686269730748e+03 1.881095650952297319e+03 -7.512854540337810249e+03
-1.625687820393594484e+04 1.081737957772345362e+04 -1.241072066759341169e+03
1.168351917723321094e+03 7.536995680069350783e+03 -5.866589107293547386e+03
8.423342819698452786e+02 1.880881136380624866e+03 -6.554438380375832821e+03
-2.992519305984354560e+03 1.526548338890763716e+03 -7.084627258019198052e+03
1.041993423113968902e+03 9.722980590615377423e+02 -6.848188181450578668e+03
-2.164500580515358763e+02 -3.752359129133542865e+03 -6.950572356368208602e+03
-8.608173922969555178e+02 1.812167143931182181e+03 -6.851368307175174778e+03
2.638455641908342386e+02 4.504537044576594781e+03 -6.655761889425814843e+03
-1.847200211544588001e+03 6.299819931343157805e+03 -6.615565269426914710e+03
-1.635033099620407711e+03 4.873499256824911754e+03 -7.575674662253948554e+03
-4.013875900968867427e+03 4.571097968130559821e+03 -9.739029896229352744e+03
-2.722648681232770468e+04 4.999948977931045420e+02 -4.096609436729060690e+03
-1.109103083224943248e+03 3.302724869655974544e+03 -7.425552052486026696e+03
-4.922437965350267405e+03 -8.765243945674346833e+02 -7.786093989820358729e+03
-2.570635560649930085e+03 3.104451655624901832e+03 -7.191345808744935312e+03
-6.980891832321385664e+02 2.026764673436860903e+03 -7.099119855356756489e+03
6.443610008094351542e+02 3.769441054595889000e+03 -6.088846053744458004e+03
-2.838770447922497624e+02 1.052119970360193065e+03 -6.576461484836914678e+03
-3.195998669590058853e+03 2.724291680889105464e+03 -6.885825602122168675e+03
9.958589383576477303e+02 4.192874719070852734e+03 -6.840221698531083348e+03
-2.736348975653504021e+04 -2.782921581451174643e+04 -1.523806096251810050e+04
-3.382065364936643164e+03 8.337719277460861122e+03 -6.001682525585602889e+03
1.799749124042462427e+03 4.062317941713212804e+03 -6.770584229912995397e+03
2.265226947558177244e+02 3.460410395196794070e+03 -7.412778762906772499e+03
-8.382416696495366750e+02 2.297884835242802183e+03 -6.809642639974083068e+03
-3.646362621293299071e+03 7.920917439506773917e+03 -5.548417776321670317e+03
-4.451098141580780975e+03 8.677908561031642876e+02 -9.023667661981789934e+03
2.058214815013286625e+02 4.045869570857807048e+03 -6.263987572285928763e+03
-2.248372384189133663e+04 -2.863621411927007898e+02 -9.579296759811744778e+03
-1.979191888626173295e+03 2.466126462848680148e+03 -7.144157585813310106e+03
-4.211094449414640621e+03 5.478846531339658213e+03 -1.019607992541535714e+04
-2.283528332143093849e+03 3.186638092272868562e+03 -7.654049789393862739e+03
-2.213527140076933392e+03 6.765500890294100827e+03 -9.529849981702502191e+03
-3.441203279296300934e+03 2.367755090455822028e+03 -9.008628819107963864e+03
-2.018048612670622333e+03 1.551390765986353244e+03 -7.177347207610926489e+03
7.944185467780803265e+02 6.183935511366344144e+03 -9.725746612234801432e+03
-7.295656580517425027e+03 1.156547016630303187e+04 -4.448102757539251797e+03
-2.662665275361862768e+03 1.662939077703835210e+03 -6.925745106322743595e+03
6.930389261662263607e+02 -5.128189557693270217e+03 -2.237978953305460436e+03
-6.714680585271776181e+02 3.339165938907275631e+03 -7.478170417252013976e+03
-2.590058763455144799e+04 -2.129263848100035102e+04 -1.283700001119461922e+04
-3.718091626753275705e+02 3.441005088588537546e+03 -6.220023217226103952e+03
5.980493463310574498e+02 7.334467642418403557e+03 -9.181584503730597135e+03
1.893980680394147953e+02 6.204405888621176018e+03 -5.894986956172670943e+03
-1.895133800678991611e+04 4.415554195240371882e+03 -7.712191321853157206e+03
-3.225433771746961611e+02 3.572381062096196274e+03 -6.806171343566059477e+03
-2.261446010367711551e+03 2.775644068773546678e+03 -7.386044386213436155e+03
5.647439734145166312e+02 4.105326069583493336e+03 -6.115712487235531626e+03
-1.862055296891001126e+04 2.100308583272574833e+04 -3.781406155802738340e+03
-2.051454845845737054e+03 -7.560167527975089797e+03 -9.326238420897201649e+03
-2.894146758216849321e+03 2.192726070955117393e+03 -6.065283250259351917e+03
-3.210720924375944378e+03 2.820082363596755386e+03 -7.692379701313264377e+03
-6.645353157234266064e+02 2.626910970194174297e+03 -7.363671562024639570e+03
5.449474958180758222e+00 2.916072758504336434e+03 -7.724753658825351522e+03
-2.641766424606358214e+03 1.670220675785466938e+03 -7.246046978589120954e+03
-3.250643652072013992e+03 1.704019241011576241e+03 -7.995295846324308513e+03
-6.662479099128904636e+03 1.118255960151997897e+04 -4.331564780076530951e+03
-3.903129575433487389e+03 -6.103714818688270043e+02 -8.026494867712370251e+03
-3.640100069089188764e+03 8.039928732266359930e+02 -9.628528092830303649e+03
-6.129966327450151766e+02 2.173565532957653886e+03 -7.036767103961155044e+03
-2.460609038798282654e+03 2.289603555060444705e+03 -6.401748581532956450e+03
1.222371593884060985e+03 -7.273411287289487746e+02 -8.067138602820233245e+03
-1.068618944397258019e+03 3.712685548676658073e+03 -6.265621671318291192e+03
-2.886365778986509213e+03 1.895077557183618410e+03 -6.892095778904497820e+03
-1.657655246168811573e+03 3.780408180795230237e+03 -7.009506393716555976e+03
-2.118492461574698154e+03 3.295191880299699278e+03 -6.820296037521415201e+03
-5.740169218834995490e+02 2.221932931017030569e+03 -7.057797594251543160e+03
-5.033056087719402967e+03 -1.161588363991805863e+02 -8.218675253862975296e+03
-4.303046438727169516e+02 3.327741437359358770e+03 -7.332567133392710275e+03
1.571460129280631691e+03 8.311452236228524271e+03 -5.993679996914030198e+03
1.203783579918133228e+03 5.237778922238365340e+03 -6.959781196269411339e+03
-2.956268968118374687e+03 -6.611894835242701447e+03 -6.643389060551883631e+03
2.394893554036809746e+02 4.372663506833810061e+03 -6.882319194790155052e+03
-8.288245031780023055e+03 2.790116384453529463e+03 -9.776314722663095381e+03
-4.478076445532749858e+03 5.051953756298453300e+03 -9.701613212662547085e+03
-1.120061044753976830e+03 -3.822237865539338145e+03 -9.837663592121329202e+03
-2.152818671156722758e+03 2.142984774375574034e+03 -7.349739094914638372e+03
-2.696244611969980724e+03 5.240970076768560830e+03 -1.115909402799178133e+04
3.574362542120398984e+02 7.248829907875336175e+03 -6.009325581725296615e+03
-1.859128758377787381e+04 2.954192039801544979e+03 -7.811877623481062983e+03
-1.415918527188174085e+04 1.307012302499137695e+04 -4.409290348327072934e+03
-4.419129551982784960e+02 2.411936214451690830e+03 -7.172986364431635593e+03
-5.621398610267913682e+03 4.202580667229587561e+03 -1.136161386989035236e+04
-8.892856912368655685e+03 1.159433338813293449e+04 -4.006769736054138320e+03
-2.068390648432354283e+03 3.377691695605845780e+03 -7.554701189957678253e+03
-3.150543333956960851e+03 2.710747034440620155e+03 -7.148427851550552077e+03
-2.897059635142729803e+03 1.974314817871188552e+03 -7.007210528448447803e+03
7.308435569990756449e+02 4.223176763902847597e+03 -6.761953254787057631e+03
-1.011564922062362484e+03 7.400844795567551955e+03 -5.881513000786894736e+03
-3.298464254587352116e+03 2.602975677345310942e+03 -6.779581724980257604e+03
-1.361569439871521354e+03 3.818885528176760999e+03 -6.970462242537007114e+03
-1.003752592751690463e+04 -6.068044734657199115e+03 -9.265354351837426293e+03
-4.073460380636106947e+03 1.018751847219494812e+04 -3.924551113657277256e+03
-1.254050698740878715e+03 1.978235080313624167e+03 -6.693558828968171838e+03
4.433057362346598893e+02 5.230841850680545576e+03 -7.964707651013398390e+03
-1.526398663004788432e+03 4.652020946070978425e+03 -5.940444281271426007e+03
-4.554660756980589213e+03 -6.581486220796763291e+02 -7.725159740382529890e+03
-2.957877840441476110e+03 2.006312858030182497e+03 -6.964419735261843016e+03
-9.456223870035037180e+02 1.353157271949950655e+03 -6.995581693443907170e+03
-3.367870340477195896e+03 1.250570258708104774e+02 -5.669112006298194501e+03
2.302702238581432539e+03 6.525115885235679798e+02 -9.592611258560444185e+03
-5.354887764708423674e+03 4.489304546120957639e+03 -1.161161801284235844e+04
1.072161060208738490e+03 8.306488016944582341e+03 -5.891486778466742180e+03
-2.842333010186919637e+03 2.053350367640824516e+03 -6.865133835272650686e+03
-1.020086509163723122e+03 1.032153459477787464e+03 -6.439894545357356947e+03
-2.364475301214023602e+03 2.854887455973110264e+03 -8.079321764623269701e+03
-1.483805888503445658e+03 -3.638165871281576983e+03 -1.179226184104208733e+04
-1.329794449576507986e+03 3.095847904074345024e+03 -7.233378305622408334e+03
6.110829975992739946e+02 4.806339039025661805e+03 -6.916694009646394079e+03
-2.223191227864314897e+03 2.543276832092233235e+03 -6.860735837210439968e+03
-2.139107712234444080e+03 1.170101600790539123e+03 -6.278587787788676906e+03
-4.939883128574593911e+02 5.413518830629300282e+03 -7.559723935562947190e+03
-1.066052769142238049e+03 2.875360644594407859e+03 -7.241713120477966186e+03
-1.605894636226613557e+03 3.048853680044369412e+03 -7.484970617885313914e+03
-4.713538156272636115e+03 -6.253932160504895364e+03 -8.963005364598198867e+03
-1.501102069492987539e+03 4.403534112265138901e+03 -7.539847169101043619e+03
-1.006671797323350347e+03 4.171475495806016625e+03 -7.659835087346402361e+03
-1.468386572593789651e+03 3.477635108841820966e+03 -7.680063067163500818e+03
-2.577291111005264952e+02 4.875028377159199408e+03 -8.101715257600466430e+03
-1.329656684675207316e+03 2.354286297634391303e+03 -6.829273229167054524e+03
-5.853156185469631964e+03 2.000289864254736358e+03 -5.911060417282172239e+03
-1.382084499978710483e+03 2.853345335928357599e+03 -6.970032801113267851e+03
1.207675301177429219e+03 6.923683330455493888e+03 -8.681575703757678639e+03
-1.856396911770547149e+03 2.586810526107100031e+03 -7.052393380742923910e+03
-2.243714555955736159e+03 -3.078207015777063589e+03 -9.577767709770450892e+03
3.598826004819389254e+03 5.897208466696099094e+03 -1.352280237440959354e+04
-1.234167793417439952e+03 2.351625748353397285e+03 -7.003637384107556500e+03
-1.371250170336925066e+03 2.702502612199010855e+03 -7.131514196638826434e+03
-1.181697209865370269e+03 2.502380277444960029e+03 -6.874251330083940047e+03
-1.912287801269223166e+02 3.415648638715278594e+03 -7.752318608250482612e+03
-1.899710372616238146e+03 2.566252841072125648e+03 -7.270611322214228494e+03
-5.489324606540756122e+02 4.090665685291891350e+03 -7.291759568160432536e+03
1.472948874493314906e+04 -2.667819363529388283e+03 -1.110014691069364926e+04
-1.993099764908504085e+03 1.039021333805017548e+03 -6.481860905499832370e+03
-3.839963808581092053e+03 4.090690691503276412e+03 -6.539731870946316121e+03
-9.335836520970559604e+02 2.650987895895281326e+03 -7.895993966846468538e+03
-5.276938452325268827e+02 3.015694874320990039e+03 -7.828696997208629909e+03
-1.670030163366342776e+03 4.770681118181077181e+03 -7.366724579809168972e+03
-1.724925946157680755e+03 3.716820627938798680e+03 -7.596276979858521372e+03
-5.472034508338616433e+03 -8.767405963188241458e+02 -1.169124919786854480e+04
-1.140753063412292704e+03 2.436122281001887586e+03 -6.814554924727470279e+03
-1.026234644175376161e+03 2.823130352526666684e+03 -7.250959596493513345e+03
1.786953092446761502e+03 2.895518107230147507e+03 -8.050751769872774275e+03
-1.415319070455549991e+03 4.279160699701336853e+03 -6.709562969780959975e+03
-3.509016937284966843e+03 1.672113348806173235e+03 -7.705447414276214658e+03
-1.215897346238942418e+03 2.575951447948998521e+03 -6.906285700757795894e+03
-1.218827827282624412e+03 2.390516959448812031e+03 -7.138602583358753691e+03
-1.627393289048126462e+03 3.687449785792216062e+03 -7.634556988391895175e+03
-1.772182088309616120e+03 1.539295598318302837e+03 -6.698387272842084712e+03
-1.874358139855799891e+03 3.371609430893916397e+03 -7.493003908891141691e+03
-9.517534861970601696e+02 3.889599031575748086e+03 -7.634519922385115024e+03
-2.308991219769061445e+03 1.748616504502774433e+03 -6.941186940956915350e+03
-3.723025989521367137e+03 -1.963302929186375195e+03 -6.974757379116318816e+02
-1.223140032047949489e+03 3.375718241402609237e+03 -7.508130722864188101e+03
-1.369236930833200404e+03 2.295321064362879042e+03 -6.825404193152516200e+03
-1.256389898648536928e+03 2.084446147377677789e+03 -6.791700681482170694e+03
-4.197698822547179589e+03 -4.681835519883484267e+03 -9.051593009454880303e+03
-2.039860428459786135e+03 4.276612393882040124e+03 -7.414628658614791675e+03
-1.161347804126294250e+03 3.654597747854108093e+03 -7.329572167380703831e+03
-1.865785368757300148e+03 2.394498862890239707e+03 -6.942830261270113624e+03
-3.097039672563296335e+03 -1.628604000165532284e+02 -5.441962419867103563e+03
3.910839550579543811e+03 1.166695728370329562e+04 -3.931504131505206897e+04
-1.919087725460758747e+03 3.337139449514984790e+03 -7.455413561383466003e+03
-2.379826078090677584e+03 -2.487440748363846069e+03 -7.694859181463069945e+03
-5.652403683157812111e+02 4.460272789409148572e+03 -7.128303293673251574e+03
-1.599600266469974031e+03 1.879830247835038563e+03 -6.622346577300146237e+03
-1.097018934119380447e+03 4.101566592658879017e+03 -7.857415772122977614e+03
-1.719444675157070606e+03 3.671802865849582759e+03 -7.643715759744740353e+03
-1.656089357485494020e+03 3.721451915639066101e+03 -7.846311969488227987e+03
-8.928151593526389433e+02 4.011302816315298514e+03 -7.722853970996879980e+03
-1.154852994538592611e+03 2.496523577038852636e+03 -6.865527260026093245e+03
-1.688925735398068809e+03 1.938769115139122960e+03 -6.624742729203900126e+03
-5.688753362426804415e+03 2.154408612778699535e+03 -7.786375369559871615e+03
-1.449088874073396255e+03 2.855080543747694264e+03 -7.267460959240775082e+03
-1.447882405059628354e+03 2.906028832226540999e+03 -7.410784128477347622e+03
-1.292222765420602627e+03 2.423279909972101450e+03 -6.879775617398300710e+03
-2.349426416318631709e+03 3.673168210848196395e+03 -8.045113055603467728e+03
-3.841941077703794690e+03 2.898080465000627100e+03 -7.127050902837298054e+03
-8.569439573542699691e+02 3.875502035303424691e+03 -8.136760259425123877e+03
-1.059078302875450618e+03 2.562093120834866113e+03 -7.203822754491887281e+03
-1.858634604360599269e+03 3.489082135649469819e+03 -7.433365047037482327e+03
-2.444902719722350867e+03 3.663973457615220468e+03 -7.612016477818409840e+03
-1.967250625894236009e+03 2.360737803532761973e+03 -7.231989644590934404e+03
6.609838783966121809e+03 2.171666467418182947e+04 -4.864744826260520495e+04
-1.506866085832324188e+03 2.250489085068307759e+03 -6.948739057822997893e+03
-1.536319343768430599e+03 4.026693703789997471e+03 -7.574720280959071715e+03
9.747750302224068264e+01 1.859604393891889686e+03 -7.490293573131445555e+03
-6.986178683129151977e+03 2.329772740689487591e+02 -4.307546169505028956e+03
-2.611735016069665107e+03 2.029107540901571610e+03 -6.721344296882249182e+03
-1.410807203335906024e+03 2.872569291276878630e+03 -7.494797626993236918e+03
-4.778327776202822861e+03 1.459416860950836053e+03 -6.306009667142053331e+03
-4.667471908823920785e+03 3.593203407909570160e+03 -6.417750224747749598e+03
-2.221479198545042891e+03 2.531766436013753719e+03 -6.954700470189245607e+03
-1.217214509754115852e+03 2.401386657331353945e+03 -6.961474043429196172e+03
-1.727156620109194137e+03 2.338465516834329719e+03 -7.092298271027622832e+03
-1.537556591769661736e+03 3.469395127128046170e+03 -7.505589283869938299e+03
-4.164267039458041836e+03 -6.768618817286295780e+03 -8.577596453099202336e+03
-1.283270371511850954e+03 4.241673365380406722e+03 -7.632653132089799328e+03
-2.037960479123442838e+03 2.631809330223830329e+03 -6.791506193319392878e+03
-9.457499805445331731e+02 4.121193668128282297e+03 -7.680243580948268573e+03
-1.460393298226024854e+03 3.257925302170124723e+03 -7.530815957099730440e+03
-2.120282766585667105e+03 1.270652347890455076e+03 -6.232555112203128374e+03
-1.111932842857742571e+03 2.423841900660435385e+03 -6.985633329483388479e+03
-5.449592900739980905e+02 3.121583503800581639e+03 -8.082021203364103712e+03
-1.647625597708312625e+03 1.775250394974032361e+03 -6.601310739177382857e+03
-3.287682829893319195e+03 8.342665253951591922e+02 -9.655390184389445494e+03
1.439374539748759707e+04 1.064898400905468407e+04 -6.201459261097892158e+04
-1.205663920625030642e+03 6.191645669110894232e+03 -8.122671972518985967e+03
-2.948643024038837211e+03 3.963187575403227584e+03 -5.954373825427078373e+03
-3.401371201813501557e+03 3.723880389448520873e+03 -6.411256796931907957e+03
-3.219564949508600876e+03 3.926793730224002502e+03 -7.383159895168634648e+03
1.973427063641039695e+03 -5.679452229829673797e+02 -4.712796384693022446e+03
-8.418488778910307246e+02 2.805957908043106272e+03 -8.042832392177127986e+03
-1.451308014723542328e+03 2.684183990347924464e+03 -7.138354621898438381e+03
-3.046637853344391260e+03 7.541733358240561756e+03 -4.284413155946456754e+03
-6.438200806686721762e+02 2.101057063691333497e+03 -6.875395220276618602e+03
-4.881518571968597371e+02 2.879204303335323857e+03 -7.099951337115692695e+03
-1.183411046293429990e+03 3.763437326690319424e+03 -7.553632519596319071e+03
-8.645379546862543521e+02 2.316067620298589645e+03 -7.375346015949483444e+03
-2.950884918463238137e+03 3.713962080505693393e+03 -6.885821947102795093e+03
-3.501885250877004410e+02 2.798600252297697807e+03 -7.685355932996640149e+03
-1.097887996850499121e+03 3.557990828376913669e+03 -7.685828555388825407e+03
-4.388714541437415392e+03 2.526509040469235060e+03 -8.501813434782568947e+03
1.096099563813762074e+02 1.391945829502517427e+03 -2.510637365302700346e+03
-4.592084568137923270e+03 4.088211511724270622e+03 -8.182391719117697903e+03
1.197760064298601355e+04 -1.190149911776788576e+04 -1.366122867377056355e+04
-3.002404052430106276e+02 2.720103976403265733e+03 -8.345858737533697422e+03
-1.178846537864536003e+03 2.768359716129273238e+03 -7.247135160433314013e+03
6.037337554657799501e+02 1.550377811625069171e+03 -8.537857005546464279e+03
-1.115092382019011438e+03 2.192814090129414581e+03 -6.819981715542223355e+03
-2.766643101413114437e+03 2.795102836181226394e+03 -7.724020931165105139e+03
-9.263781478381324632e+02 3.020584061128509347e+03 -7.173397037933016691e+03
2.952344619867995789e+04 3.511442207080815024e+03 -5.163435930328373615e+02
-5.057367955349229305e+03 3.354352711328637724e+03 -5.695364695824469891e+03
-8.476356872124628126e+02 2.011700606874052482e+03 -6.808961229416408969e+03
-3.502434422694364002e+02 3.614082281254977715e+03 -8.362775648161217759e+03
-3.826256456582353167e+03 2.258859356793921961e+03 -6.098673892166742917e+03
-2.445952705360957225e+03 2.299299957816789629e+03 -4.801281505363948781e+03
7.514056680459725612e+02 2.127864300132936023e+03 -5.270649786131269138e+03
-4.965495317688921205e+03 3.001021769663121631e+03 -4.840193076270906545e+02
-2.931030998115144030e+03 2.825158578977965135e+03 -6.652605333432515181e+03
-5.165092177011196100e+02 3.018430461310825649e+03 -7.071927143592643006e+03
1.500496431248147360e+02 4.670818544227236998e+03 -7.922850058418625849e+03
-4.544606942058618188e+03 2.617466402859165555e+03 -9.484914772851348971e+03
-6.997848372492620683e+01 3.399541879587738549e+03 -7.363948376941193601e+03
-7.192106850023542393e+02 2.619405189287585927e+03 -6.782622869601495950e+03
-6.100278035499070938e+03 2.862038657191770653e+03 -6.805974293390861931e+03
-8.589203546392043336e+02 2.914884420456000498e+03 -7.200220044927415984e+03
-4.295735250082439961e+03 3.883978540281992082e+03 -5.648454304586249236e+03
-4.267314590671419865e+03 3.403590900933796092e+03 -6.254709247205487372e+03
-2.832105566445182376e+03 4.900879902733015115e+03 -5.586766293503190354e+03
-3.864514597186800984e+02 4.203322660159288716e+03 -8.019629395258550176e+03
-2.705772879382427618e+03 -2.266653057671373972e+02 -9.305257133149956644e+03
-1.679445526575471376e+03 7.236280527705404211e+02 -9.984043414953257525e+03
-3.318507516890107127e+03 2.993463041618080752e+03 -5.765430480498027464e+03
8.225681418170961479e+02 2.903281329645264577e+03 -8.708138689478451852e+03
1.671475196646513268e+03 1.553124480631858205e+03 -8.175011687838098624e+03
-4.486349085180449038e+03 6.806058098697389141e+03 -2.132203251110479414e+03
-1.247079473888770281e+03 3.737234785367409586e+03 -7.941164242359050149e+03
-9.689653883398569860e+02 2.476718568949070232e+03 -6.887818652698483675e+03
-2.560533692884720040e+03 2.060392516486394925e+03 -6.903626153498596977e+03
1.238988964332816613e+04 -1.306233908409113064e+04 -1.406899012612088882e+04
-1.456013551991174836e+03 3.852475241400244613e+03 -7.804315838531997542e+03
-1.088615165632340450e+03 2.613183557678752550e+03 -5.670048739337939878e+03
-5.337184818243508744e+02 -2.349223172239479482e+03 -7.908624308591290173e+03
-9.496646336538558444e+02 2.523386196384033155e+03 -6.858984740926158338e+03
-1.350983498313957170e+03 4.762864702858490091e+03 -6.918962719983099305e+03
-3.458186034705105158e+03 4.235446237983343053e+03 -6.559099979278204046e+03
-2.674115481485151577e+03 3.672127639872844611e+03 -7.515411619807213356e+03
-3.245268597691861942e+03 4.062048238122383736e+03 -6.370171923470677939e+03
-1.605559921002785586e+03 3.805700737324202237e+03 -7.553522256885199567e+03
5.556188174346689266e+03 -7.653350081729052363e+03 -1.749009505013015951e+04
-1.445488905111846179e+03 3.197737521196920170e+03 -7.735830079504521564e+03
-1.648007740688241938e+03 4.830034592864382830e+03 -6.954893214296428596e+03
-8.826994904502371355e+02 2.990835044434382780e+03 -7.380835718371855364e+03
-1.749724692121995986e+03 3.125440751879134041e+03 -7.489863656985459784e+03
1.137967492766000532e+03 2.499835530489509438e+03 -8.990513813588710036e+03
-2.799623762548926152e+03 2.478952822346164339e+03 -6.573284943940212543e+03
-1.609069530151295112e+03 2.085391331734367668e+03 -6.930736327304529368e+03
-8.222023127834313527e+02 2.362634079211868084e+03 -6.942949862149399451e+03
-9.393194869597414254e+02 2.429820058491899090e+03 -6.865175681331459600e+03
-2.370237853067255401e+03 3.495200308859129564e+03 -7.283590017654347321e+03
-1.088174539381122486e+03 2.465221654090607899e+03 -6.977479961780473786e+03
1.992711125513364459e+04 5.769767887118058752e+03 -2.744299159275520287e+04
-2.216166193048108653e+03 2.323777287303331832e+03 -7.058842276509320072e+03
-4.758981513740009177e+03 1.588189910744077906e+03 -1.023389020720168446e+04
-5.416354724363018249e+02 9.626729239464184502e+02 -9.083872506725734638e+03
-1.191343055542460661e+03 3.434947854357314554e+03 -7.821951750094092858e+03
-2.032668274217207681e+03 2.465264788997474170e+03 -7.251789587711639797e+03
-8.691235558569254636e+02 2.907906104740246064e+03 -6.888451978707146736e+03
-2.486930814279355673e+03 1.955509573129317005e+03 -7.279659979162775926e+03
-5.325978846223799792e+02 4.159120919732842594e+03 -8.129101566486843694e+03
-8.182358996092151529e+02 1.866246712275623395e+03 -6.418014361349159117e+03
-2.422979341059181934e+03 5.248002165894936297e+03 -5.740174351372109413e+03
-1.769789499869833378e+02 -6.052022035840510625e+02 -8.980308254419391233e+03
-3.904004061076342168e+03 3.129287025920055385e+03 -7.005860604869270901e+03
-2.476504314397454891e+03 3.943594974565012308e+03 -7.605884868638475382e+03
-3.096476415008046843e+03 3.308284836754500702e+03 -5.531208343213534135e+03
-1.412365957904612287e+03 2.109487463345807100e+03 -6.577232002331576041e+03
-1.172213038505413806e+03 2.776049356460756371e+03 -5.737546540841481146e+03
-2.069429610332552329e+03 -1.481554573977036171e+03 -5.979641865569952643e+03
-1.403807023281698548e+03 6.549829117445985503e+03 -7.794479542063621011e+03
-9.230973919065525024e+02 2.411085705590186535e+03 -6.994789613007335902e+03
-2.453351355451527979e+03 2.192977028669223728e+03 -6.597817289980345777e+03
-8.854713639165773884e+02 2.341515504638544371e+03 -6.780911373096962052e+03
-1.554282440912929360e+03 1.448609899758943811e+03 -7.432255255359311377e+03
1.538429729446296551e+04 -6.743796631088795948e+03 -1.702566941847855560e+04
-2.436381636368783461e+02 2.669932491493546877e+03 -7.428067003887104875e+03
-7.298293108990677865e+03 -9.798619901744425079e+03 -6.609857096693440326e+03
-7.653088125931520835e+02 3.109014509719074340e+03 -6.211742684561239003e+03
-2.226056236725750921e+02 5.034167512641575740e+03 -6.523927929812489310e+03
-4.304101549886589964e+03 1.654058141728027840e+04 -2.431247798581552615e+03
9.433152211694191465e+02 4.748967671035208696e+03 -7.366274071597506918e+03
-3.418020768877712271e+03 3.723073588480716808e+03 -6.479241971979078698e+03
-2.717881218652572898e+03 1.634412715259898278e+03 -6.324232448539827601e+03
-2.521145028329831803e+03 2.800447299768217363e+03 -7.494023345167390289e+03
7.046956610074215632e+01 3.072608339618743230e+03 -7.285972053179120849e+03
-2.975708634750814326e+03 2.022882104175755103e+03 -7.262235855254743001e+03
-1.100803194674876977e+03 3.602856944167923757e+03 -7.732512556407681586e+03
-3.898834883600329704e+02 3.736122619802046302e+03 -7.512869323944258213e+03
-2.235047637216504427e+03 1.013762514004457898e+03 -6.671728245491864982e+03
-1.738864650669691855e+03 3.168246593566456795e+03 -7.232132661712914341e+03
-2.727470084173319265e+03 3.757109188739719684e+03 -7.691457847611818579e+03
3.073412892769856171e+03 2.285003669383102988e+03 -5.993706134311509231e+03
-3.642855359539248639e+02 2.918305124836034338e+03 -4.821594293890130757e+03
7.001333259318127602e+03 9.789849401969504470e+03 -1.045938259967707745e+04
-2.785992045059811062e+03 2.463993093763956495e+03 -7.232379448888476873e+03
3.114453933073639291e+01 2.508658194361213646e+03 -7.342174772698295783e+03
-2.838647446408310316e+03 3.219767862371385945e+03 -7.648517358655900352e+03
-5.506258228335893364e+03 3.940237659072417046e+03 -5.362395198315145535e+03
-1.656465691821822247e+03 1.429143093781173775e+03 -8.730528774861624697e+03
-1.393832170578135265e+04 6.715720373359912628e+03 -1.319642698582215962e+04
-1.971248912125826791e+03 3.040305735377820383e+03 -6.941231688307171680e+03
-2.191984056879230593e+03 -4.808297962633150746e+02 -7.995486840681146532e+03
-1.366365110269338402e+03 2.714412763214233564e+03 -6.743785548192410715e+03
-2.910243328288285284e+03 5.224871229741114576e+02 -5.813189604409802087e+03
-1.108797747211096976e+03 3.260433557336112244e+03 -7.620654171813793255e+03
-4.844578956365647173e+03 -1.001170989513671088e+03 -5.312135206124967226e+03
-3.207959152052870195e+03 5.411168578167754276e+03 -6.495181749619410766e+03
1.048563482032088541e+04 -1.018365258639893727e+04 -2.772518384612254522e+04
-2.772920878685209118e+03 2.430092286058482841e+03 -7.297545617613557624e+03
-1.375258543247733087e+03 3.707038154418546583e+03 -7.552947319904327742e+03
-3.045028961553749468e+03 1.571573176819527362e+03 -7.389663467822892017e+03
-1.356649974874927238e+03 5.044024525195067326e+03 -8.728271764780831290e+03
-1.943242069572306946e+03 1.764413130761938191e+03 -7.885221585702250195e+03
1.289651737056302409e+03 4.746418115348401443e+03 -6.123028226729261405e+03
1.281464792099732676e+03 5.016491500934121177e+03 -6.818655785589546213e+03
-2.522497433005291896e+03 3.938428350184464307e+03 -6.501385627214502165e+03
-2.139602699383959134e+03 2.073557629402965176e+03 -6.835346018684716000e+03
-1.506105336769323912e+03 3.478168040440482855e+03 -7.547515812458280379e+03
-1.797825748161538286e+03 3.381150119284073298e+03 -7.388339893785038839e+03
-1.396524182527108223e+03 3.632068813896362371e+03 -7.405483621383293212e+03
1.000797506513032545e+03 4.936029294748664142e+03 -9.122202691184973446e+03
-7.149122425100965302e+03 -9.616845914355493733e+03 -6.241402036966175729e+03
-1.513116194452279615e+03 3.697746176507906966e+03 -7.504011851642997499e+03
-2.475518462189415914e+03 1.827908686489131242e+03 -6.731129018581107630e+03
1.810901834730749442e+02 7.290967008848241676e+03 -9.620906444116844796e+03
-1.843049668210618393e+03 2.145205534654519397e+03 -2.329593793916571485e+03
1.472925943680363616e+02 1.406579329753757975e+03 -7.584303283016232854e+03
-9.647180060997939108e+02 3.442718117809351497e+03 -7.572698777278160378e+03
-2.071491739027522726e+03 2.503493515870091414e+03 -8.117553355255456154e+03
2.944157139575183464e+04 1.641889272845352389e+04 -1.608403232108098928e+04
-2.726451036721037326e+03 2.177312468748448737e+03 -7.175360248619400409e+03
7.106411543296387663e+02 2.276115183475093545e+03 -6.918679333055482857e+03
-1.565345954471372806e+03 1.907157023712183218e+03 -6.708136304002909128e+03
-2.134562650455355197e+03 2.940416268072654475e+03 -7.317455585929211338e+03
-3.191785008700182516e+03 2.483318971422539107e+03 -6.134333051601794978e+03
5.643824556061745170e+02 2.904329903374382411e+03 -7.293551394501237155e+03
6.041113450045149875e+02 2.669523630280133602e+03 -7.692242494763878312e+03
3.621754042705324991e+03 -1.042113300205891028e+04 -7.179446426567330491e+03
-1.836697984677550266e+03 4.836050164150248747e+03 -6.670145114941387874e+03
-1.327629191485400497e+03 3.471674332828623847e+03 -7.763336458042428603e+03
-1.023946017007749560e+03 3.254764524031098972e+03 -7.598262860973513853e+03
-2.823305580749662113e+03 3.255382306975047868e+03 -7.428858042524379925e+03
-2.770400073148760384e+03 4.127170477847530492e+03 -6.465733071302161989e+03
-4.274964123657556456e+02 2.169884180388621644e+03 -6.987283573178905499e+03
-2.472567018801847098e+03 1.909192142885534395e+03 -6.951800706396636997e+03
-6.248806659221712607e+02 4.194894620212720838e+03 -7.341615838413466008e+03
2.878436639479133987e+02 3.830377209089611824e+03 -7.590163357032348358e+03
-2.725192225078362299e+03 2.751286626336682730e+03 -7.547018053697650430e+03
-2.829030256391446528e+03 1.993706706671354823e+03 -7.217083596142955685e+03
-7.069642208110903084e+03 -6.862405775408979025e+03 -7.058646523199507101e+03
-1.045102764104098696e+03 3.506075492425170978e+03 -7.611951929919750910e+03
2.257572290046266789e+04 1.234939651980513372e+04 -1.639547857356722670e+04
-2.272620454234017416e+03 2.941864993437445264e+03 -7.471525147406700853e+03
-2.236773299365401726e+03 1.697688715835148059e+03 -6.542485754676233228e+03
-4.366134970950040952e+03 -1.256430351852233798e+03 -6.316235217729844408e+03
-2.154097428339603994e+03 2.456605255455959195e+03 -7.450165712382119636e+03
-7.181280000295755599e+02 2.523565208871551931e+03 -6.589999765713642773e+03
-6.221723902706917215e+02 1.861523904045931204e+03 -7.202190106265572467e+03
5.165561365818593913e+02 4.347912737259253845e+03 -8.414410975326831249e+03
-2.914535300360362726e+03 1.615714187774834136e+04 -1.784971578543093074e+03
-2.087873896514400258e+03 3.307466613168261574e+03 -7.511529297257649887e+03
-3.861311318849145664e+03 5.238713515432793429e+03 -6.286723742420928829e+03
-1.627963424788958037e+03 2.004855681204383700e+03 -7.384408339777713991e+03
-8.662011530626434705e+02 3.446427912665946678e+03 -7.664249893174085628e+03
-4.649277188281344934e+03 -3.969242914163743308e+02 -4.944536774826543478e+03
-6.130239316092497575e+02 3.150554188441099996e+03 -8.094373624835564442e+03
-3.726607813582656036e+03 -3.293969493679978768e+03 -5.574156200023247038e+03
-3.834830084780834909e+02 3.657436127922197102e+03 -7.163898021448717373e+03
-9.006125431750147072e+02 3.265912305376356471e+03 -7.429066951745828192e+03
-4.536787802072415616e+03 -1.953485894492861007e+03 -7.205713884737054286e+03
-2.871562777231750260e+03 2.560468374492842486e+03 -7.575763386019657446e+03
-1.666232831709037782e+03 3.705355172355956711e+03 -6.281390636252834156e+03
-3.477318745602044146e+03 3.153165400294774827e+03 -6.597117626887156803e+03
-4.836950816063424099e+03 2.658269405233794259e+03 -4.765805604943416256e+03
2.098752970644238303e+04 1.515882648127454377e+04 -7.293619387496282798e+03
-3.895966325652046294e+02 1.050869707127812217e+04 -1.698504828211850054e+03
-4.578176380020208285e+02 1.007693019760916650e+04 2.377238841150231110e+02
4.291956419772604931e+03 1.056277322809239195e+04 -1.814800911559938413e+03
-1.485546844885138853e+03 3.163371738170941626e+03 -5.315537597169212859e+03
-4.811121263424270182e+02 6.211549683204360008e+03 -2.486470520973180555e+03
-1.085275114885222592e+03 1.469055951987309527e+03 -7.170649556020796808e+03
1.200756325965803057e+02 2.444938916532625171e+03 -7.125228812894009934e+03
-2.410899095266100176e+03 2.065469748623078772e+02 -6.560507804627629412e+03
-1.910900613855322661e+02 3.901318897825654858e+03 -7.881259515686815575e+03
-3.681884014347218908e+03 1.097859801459435403e+00 -6.142589336768542125e+03
-2.135140773348971834e+03 1.931259402894297409e+03 -6.684878304500944978e+03
-5.950973211353608576e+02 2.422846894270561279e+03 -6.875174720483993951e+03
-2.436141501339266597e+03 -2.281071984160919783e+03 -5.539205114650662836e+03
-9.209000692159976325e+02 2.249098165897772105e+03 -6.692592752556925916e+03
-3.053905637894556094e+03 1.713537010090197782e+03 -5.868021960355964438e+03
-1.258566192027871148e+04 -1.371346708950559560e+03 -7.232019525834001797e+03
-1.501168677755835233e+03 3.457829256070237079e+03 -7.498095797533934274e+03
-1.064980661252696791e+03 2.362832517583289700e+03 -3.990025425758111396e+03
-1.675108555948390494e+04 1.582101915338488106e+04 7.572559524782180233e+03
-1.972726475629017841e+03 4.655039819550045650e+03 -6.352711683706449548e+03
-3.371803208388028452e+03 -7.497867921396425572e+02 -5.327057939609746427e+03
-2.479298175168964008e+03 2.632053834980333704e+03 -6.158185087298993494e+03
-1.045200746056728121e+03 2.189447483829514113e+03 -6.797930889927998578e+03
-4.081281434647343076e+02 2.669988240348562158e+03 -7.318358360944308515e+03
-2.606019020124040253e+02 2.813552190059227541e+03 -7.181813858056060781e+03
-3.524561996980937693e+03 1.491535367448069337e+03 -5.862307699690079062e+03
-1.809966000078338766e+03 2.747127962094845316e+03 -6.155615531603536510e+03
2.788793943154774411e+02 2.939416128508079510e+03 -7.012038611006596511e+03
-4.423366880465141548e+02 4.039344999411556728e+03 -7.443942688920793444e+03
1.603439618666943488e+03 9.119105736730536591e+03 -1.216312671134981827e+02
3.870305480622499772e+02 2.583164750655016178e+03 -6.071326579104572374e+03
-6.861443563854949161e+02 2.099603315076392391e+03 -6.731055581369329957e+03
4.993824666680036898e+03 4.566028723405482197e+03 -1.048916486022744175e+04
-3.308347893735970501e+03 1.812271501154842554e+03 -5.760839452645708661e+03
2.111008561475264855e+02 3.267641743760650115e+03 -7.682644336828155247e+03
-3.359248488679812908e+03 2.890569459701328014e+03 -6.235624129834404812e+03
3.763108815305975895e+03 7.430852719742442787e+03 -8.538899370822948185e+03
-1.164010494984492198e+03 3.989342837297348979e+03 -7.795973650151538095e+03
-1.534780992774195283e+03 3.181226084861397794e+03 -7.282118809811070605e+03
-6.244747909450555881e+02 3.308415857762541236e+03 -7.509981857305086123e+03
-1.539503347118808506e+03 3.585836217262225546e+03 -7.565929359253778784e+03
-2.037272709769813446e+03 1.660014861437111449e+03 -6.538708549730560662e+03
-9.951390148945849887e+02 3.320702127395900789e+03 -7.655603566634378694e+03
-6.977890891888473561e+02 2.689650468809985796e+03 -7.125820719283615290e+03
-1.645596368848048542e+03 3.521009497743039901e+03 -7.483652471184587739e+03
-6.997113153584263273e+03 2.024875458578519329e+03 -2.458332193311593983e+03
2.316687235898943982e+03 6.015505507860932084e+03 -2.853818814093092442e+03
-2.054501072919922535e+03 1.722692253828972071e+03 -6.744433057430205736e+03
-2.950659633870468497e+03 5.637255315518088537e+03 -3.727642234774891222e+03
5.106042407267264025e+03 -2.716556161274815167e+03 -9.816067209235830887e+03
1.745989189358165959e+03 5.629987109539644734e+03 -5.223564492044132749e+03
9.175239960940814399e+01 2.780634449268409298e+03 -6.956327104413183406e+03
-7.091802350240047872e+02 2.931948797235168513e+03 -7.304449894673420204e+03
-4.517817782068840415e+01 2.072432312326554893e+03 -7.233872985952793897e+03
9.820650004096901853e+01 2.871858229892352392e+04 9.000851459234787399e+03
8.860492219201842090e+01 2.510510445130861626e+03 -7.108264524016093674e+03
-2.549254725280939056e+02 2.114114303660096539e+03 -6.948274615004979751e+03
-1.829474134597977354e+03 2.209217586760347331e+03 -6.860093930799226655e+03
-2.013022205826846402e+03 1.760374167978289961e+03 -6.694591140663350416e+03
-1.049290525528965418e+03 3.226573842363191034e+03 -7.988357490420601607e+03
-9.204818297603260362e+02 3.573874257620783283e+03 -7.757517855450691968e+03
-6.963760769987578669e+01 2.951385879386059059e+03 -7.203018225588649329e+03
-8.916522302873828494e+02 6.336216617420626790e+03 -2.983477887101301349e+03
-2.088467359773422231e+03 1.739702848930747678e+03 -6.565300698238455880e+03
-7.440172702089562335e+02 2.146713400672539592e+03 -6.877989092890567917e+03
-2.846090689787174597e+03 1.358864108201112913e+03 -5.415762378400548187e+03
2.089937229645410753e+03 1.199543281668713644e+04 -2.269347897697806275e+03
3.589932492624532188e+02 2.929676906038960169e+03 -7.583948758749503213e+03
-2.794729338081608148e+03 3.222614068390795637e+03 -6.391383342670476850e+03
6.272581353522438803e+03 -6.651616759053209535e+03 -1.293493063240295851e+04
-1.016858997853967139e+03 3.350206048971448581e+03 -8.060912189352776295e+03
-1.335191666503837723e+03 1.446113748646739850e+03 -7.026906733787154735e+03
-2.447514699759121868e+03 2.209428439469805198e+03 -7.122181783255840855e+03
-1.314925032623596508e+03 3.191117114222279270e+03 -7.472323675406416442e+03
2.105803745439483464e+03 6.144022819685292234e+03 -2.973122801920187612e+03
-1.594528238510912843e+03 3.712732959550282430e+03 -7.435163927991955461e+03
1.487561486627472550e+04 2.148508293414183572e+04 -3.915186274293154725e+02
-5.943609086659885179e+02 3.525664459997625727e+03 -7.266927416540603190e+03
-2.010841096412648767e+03 1.319108132202856268e+03 -6.883284453254183973e+03
-3.778052590815629628e+03 2.220313051709777028e+03 -6.439973509384931276e+03
-4.935131627407996348e+03 4.776587117762280286e+03 -7.453065400021211644e+03
7.315707807764786139e+02 2.562840790758397361e+03 -7.013203861051006243e+03
-1.672617636126967227e+03 3.567595799006077868e+03 -7.233537949340861815e+03
-1.718660812957509279e+03 2.169490190435129534e+03 -6.818028469212311393e+03
-2.883114151384365414e+03 7.812243486311347169e+02 -5.734118589512422659e+03
-2.097914447409135391e+03 3.266472629844229687e+03 -7.293441163158307063e+03
-5.957603495513908456e+02 2.720083536735633061e+03 -7.311146119106295373e+03
-2.339497518371069418e+03 2.993445728465122556e+03 -7.167976937556673874e+03
-7.347077207946044837e+02 2.601122316035725817e+03 -7.045961698948795856e+03
-6.794322179195012268e+02 2.296699567332860170e+03 -7.475064399278487144e+03
-9.519766683514078522e+02 2.823789047281661169e+03 -7.377382316410125895e+03
-1.195750759799060233e+03 2.250059332829825962e+03 -6.333052975173967752e+03
-2.483609390321030787e+03 3.217811736298696815e+03 -7.052410910314460125e+03
-3.984791788739631556e+03 4.500681049843547953e+03 -6.021917251857031260e+03
-3.348394308887082389e+03 2.055693482879991279e+03 -5.666000639738465907e+03
-1.759993200196574890e+02 5.680751915020358865e+03 -7.966189520808958150e+03
-2.899742087172352058e+03 1.534309425964150478e+03 -7.080107006588395961e+03
-1.295252980600733508e+03 1.923234795944844109e+03 -6.739673207925809038e+03
-6.072794201953619449e+03 7.954761677643007715e+03 -3.722409848106084155e+03
-3.908906614077501217e+03 4.896069872433576165e+03 -5.094024441314995784e+03
-1.612953607172992179e+02 2.898706750477687820e+03 -6.727686215251504109e+03
-1.013172248822813572e+03 2.358489745673964080e+03 -6.646991789600428092e+03
-7.889036777286007691e+02 3.408990235443208803e+03 -7.174979241988965441e+03
-9.807581157855588572e+02 2.763538210029256334e+03 -7.244853501727872754e+03
-1.310773434994909167e+03 2.281916861512340347e+03 -6.640699949203860342e+03
-1.209494877099692530e+03 3.791660457271486848e+03 -7.534492271247938334e+03
-1.418019307325079808e+03 2.548374418192984194e+03 -6.892610518333328400e+03
-3.089534721108134818e+03 -2.452639137401552034e+02 -5.509510794972562508e+03
-2.650216258713719071e+03 2.049536044175263214e+03 -6.784953836105318260e+03
-1.349855230050443424e+03 2.552860948316702888e+03 -7.184011616942268120e+03
-4.389052766753049582e+03 4.406407245210630208e+03 -6.724702129122765655e+03
-1.650333446815347770e+03 3.450158679685761854e+03 -7.474037193741685769e+03
-2.654374308102601390e+03 2.157602723374557627e+03 -6.670235230899260387e+03
2.171059633649133502e+03 7.819515648271272767e+03 -1.170389629045709444e+04
-3.003733435431900489e+03 1.186153513801561758e+03 -6.850089633244999277e+03
-4.858897010726895132e+03 4.095045479824821086e+03 -7.617762722013090752e+03
-1.351419999722162174e+03 3.823273192733377073e+03 -7.521468742990052306e+03
-1.525697235886102590e+03 3.775197916950822218e+03 -8.814897853166503410e+03
-1.854834462423970763e+04 1.160773787314932815e+04 -3.476111487023500376e+04
-1.616886136930110297e+03 2.050965405981606182e+03 -7.160314182021646957e+03
-1.756392058501971405e+03 2.093770343069835690e+03 -6.830686519728636995e+03
-1.447117987851325324e+03 2.670396777839867809e+03 -7.188502516245795960e+03
-7.061040440185773832e+02 3.141725823779418533e+03 -7.126921027562961171e+03
-2.561491141710246666e+03 2.053376172485229745e+03 -6.732081974835997244e+03
-1.656196189254175806e+03 1.850345792861652626e+03 -6.719709769414243056e+03
-3.146883671599797708e+03 4.905302897596437106e+03 -1.018372189445344884e+04
-1.865293897098006482e+03 3.514133803729363080e+03 -7.682653681999235232e+03
-3.461317283715792655e+03 3.440536963535252198e+03 -6.679891008930328098e+03
-2.982196601195488711e+03 3.209753628485296304e+03 -6.852853395133257436e+03
-2.849638090002350054e+03 4.087796731260644719e+03 -6.938650470797683738e+03
-3.762201998657896183e+03 -2.235313418952724078e+03 -5.512878856103964608e+03
-2.292786064807500679e+03 1.796809944037901232e+03 -6.621948126628059981e+03
7.978892282185638578e+02 4.936549743278338610e+03 -3.917088236045513440e+03
-1.276250608597805012e+03 2.838338621428036731e+03 -7.303781080613322047e+03
-2.514193979576417860e+03 2.005235034051695720e+03 -6.811845124695355480e+03
2.346458593560196732e+03 1.264880136067000421e+03 -1.246057945687693973e+04
4.343954743208115588e+02 2.574994455604413588e+02 -9.374364779264784374e+03
-2.165197413527421304e+02 4.205679822662736115e+03 -6.074796879038673978e+03
-9.881970933273262290e+02 2.637341350341454472e+03 -7.102740773142163562e+03
-1.777166842239958896e+03 1.933081255033776870e+03 -6.890148510802311648e+03
-1.862085116768656917e+03 1.235836199841298594e+03 -6.444665756414364296e+03
-3.120098537129107171e+03 3.393597758945373243e+03 -6.408302152046418996e+03
-2.473722749459357601e+03 1.816815804115869696e+03 -6.879551758082369815e+03
-2.447963723976349229e+03 2.657300717130867270e+03 -7.454760070737905153e+03
-1.576038684439947247e+03 3.617275862871169920e+03 -7.360095756206695114e+03
1.295992033358907065e+03 1.644124086302534351e+03 -8.190026802611710991e+03
-1.477113542837395471e+03 2.243371879562674621e+03 -6.893471715655812659e+03
-1.574064614625070817e+03 2.104184815695105954e+03 -6.795268902141349827e+03
-1.956106802021340627e+03 2.137933385090992033e+03 -7.289387221870058966e+03
5.974138572848925151e+02 -1.060404068080949628e+03 -9.333075770264365929e+03
2.585711080561591189e+03 -3.690197960709399467e+02 -8.227960752935083292e+03
-1.613358442285816636e+03 3.545283544661848282e+03 -7.689644844340421514e+03
-2.903519886832433258e+03 8.004965034688530068e+01 -6.768331316853304997e+03
-2.191831320654985120e+03 1.822371785399258897e+03 -6.833699513323559586e+03
-9.699397826375550267e+02 1.071946167192806206e+04 -7.936275180716234900e+03
-1.213052099175254170e+03 3.090779987826032084e+03 -7.017974048460918311e+03
1.758301885722331690e+03 9.886951075035480244e+03 -1.858315923254173413e+03
-7.605128447020907743e+02 9.014285421217547309e+02 -7.461183919614404658e+03
-3.854268473281663887e+02 3.312412486240408271e+03 -7.226384412962504939e+03
-1.135852008109848157e+03 2.586414207244243244e+03 -6.893963376910449369e+03
-1.346462192960009361e+03 3.092642794747513562e+03 -7.068249876692613725e+03
-2.699940298385764436e+03 2.075812743769642111e+03 -6.734971476753588831e+03
-1.962541244737109537e+03 1.981810230775132823e+03 -6.827050207799809868e+03
-2.624923441784605529e+03 2.192571985391440194e+03 -6.777904459841800417e+03
4.182370430616669182e+03 1.264543144215356187e+04 -1.727991838665056093e+03
-5.932301707184663428e+03 8.145513170897687814e+03 -7.113426181436218030e+03
-1.864475723793575753e+03 1.969344730596364798e+03 -6.668602367220529231e+03
-2.402622211797588989e+03 1.739177039104024061e+03 -6.739741691952775000e+03
-6.022637001038383460e+02 4.359054487689546477e+03 -7.749105746272636679e+03
-1.566905694339899355e+03 2.172035820898388465e+03 -6.553745328348371913e+03
-1.183433656181004380e+03 5.861033984435927778e+03 -8.144965083816434344e+03
-1.047285552398091340e+03 2.580097335731570638e+03 -6.783714822903328240e+03
-2.031334874404457196e+03 2.138666455695715285e+03 -7.236062554906578953e+03
-2.631463454882521546e+03 2.208837510785408540e+03 -6.738392810473813370e+03
-1.705207105020122071e+03 2.473160582975599027e+03 -7.303187009970459258e+03
-9.112065347021160733e+02 2.590320182287814077e+03 -7.081682168737102074e+03
-3.330141443295607587e+03 1.577065714014137120e+04 -8.392256795126590077e+03
-1.676666793377177783e+03 1.972674822108480839e+03 -6.600220822965709885e+03
-1.379268758395826808e+03 2.388121599488104948e+03 -6.624830210750221340e+03
7.015916260956372525e+02 2.142877100319707552e+03 -8.412822493587224017e+03
-2.134215639504292540e+03 2.854967494254640769e+03 -7.443268700795073528e+03
-2.327570664164794835e+03 1.896845892450667861e+03 -6.564873942539136806e+03
-1.672707608615855861e+03 2.885140503109611018e+03 -7.232811256937206053e+03
-1.694462834332640568e+03 1.856272244606828053e+03 -7.048337159983207130e+03
6.426458998567775780e+03 -5.561622811309631288e+03 -3.987737364449320739e+04
-2.567176662057928297e+03 1.863425218954713500e+03 -6.603590269202744821e+03
-2.514100195356100357e+03 1.833140569219629015e+03 -6.892066285542776313e+03
-1.622277792329229214e+03 3.705445241086367787e+03 -7.715137242121044437e+03
-1.715259634975090876e+03 2.701893507180829147e+03 -7.305826330172521011e+03
-2.002567880967843621e+02 3.484657155954192149e+03 -6.384313223019338693e+03
-1.616881842771997071e+03 2.579759053736551778e+03 -7.433087411929194786e+03
-3.031597898638722199e+03 3.277128365441251390e+03 -6.104745238659305869e+03
-1.038593870056682590e+03 3.471928311251625928e+03 -7.493343846627757557e+03
-1.706364039300094419e+03 2.617063136083706013e+03 -7.306057353747644811e+03
-1.213855258067926115e+03 2.340264826040889602e+03 -6.516335863112743937e+03
-1.820330201525126085e+03 1.774165213148355406e+03 -6.867845873626275534e+03
3.971980484401605281e+03 -4.175797817877099988e+03 -2.957935710246327289e+04
-6.609613308951396675e+02 3.046185135141797218e+03 -7.241898454163107999e+03
