-4.305811515047209832e+04 -6.314386830645397822e+03 -7.281743523301520327e+03
-3.213548014447947480e+03 1.039674183819193786e+04 -8.489530343128766617e+03
-1.519855632879065070e+03 5.687995781984936912e+03 -8.344123393767586094e+03
-2.587464588701741377e+03 8.065818625260735644e+03 -8.837279278511425218e+03
-1.145947813211786979e+03 4.357188975555857724e+03 -1.057584037079946393e+04
3.023850812880210469e+03 -9.263938878748413117e+03 -1.013875461063207513e+04
-3.903670630470003380e+04 4.258355589848739328e+03 -9.579886354072110407e+03
-2.330679665152717644e+04 3.589090840319177460e+03 -9.240159414959307469e+03
2.590689954577447679e+03 6.784854261024170228e+03 -8.705897823817284007e+03
3.210225669884855506e+03 5.373942738425395191e+02 -1.104341022746485032e+04
-3.606658474516019487e+04 -5.274649961854609501e+03 -8.385205736362588141e+03
-7.801228315810354616e+03 1.376001569194697913e+04 -8.182240386662178935e+03
-1.684947665029465043e+03 5.819191579818406353e+03 -8.364332555326136571e+03
-1.176448676635716038e+04 -2.547579181060134488e+03 -8.447058088212632356e+03
-1.114734795616903739e+03 6.323875126305752929e+03 -8.947561258150875801e+03
-2.820517872827907013e+03 5.295932598007886554e+03 -9.062090234094288462e+03
-1.706352840423707312e+04 -4.504954373573198609e+03 -7.207869491293114152e+03
1.143876761550782703e+03 4.942769691241129294e+03 -9.650074927391131496e+03
-2.766182732919165574e+03 6.315642296662244917e+03 -7.836104242235322090e+03
-8.665926294922661327e+03 3.272100098327768592e+03 -8.980640194662984868e+03
-1.953946596723640710e+02 4.170313518566650600e+03 -9.171176538367564717e+03
-3.279746294952185053e+03 7.283479607996021514e+03 -6.249547129704426879e+03
1.500989314525800637e+03 6.365446809930352174e+03 -8.145041666897369396e+03
-1.412461092139785023e+03 6.065529861662937947e+03 -9.212457723630883265e+03
3.629301794770219658e+02 5.326259033776793331e+03 -8.328929502488774233e+03
8.219769707392796363e+02 6.678601478187379143e+03 -8.534946868779208671e+03
-1.482014669036821942e+03 5.025186318362755628e+03 -8.258484579549294722e+03
-4.365704959899593086e+04 -4.600152179907595382e+03 -6.404441607888012186e+03
3.607459649148024710e+03 2.375683794281424071e+03 -1.020587841018412109e+04
-3.465781849388334376e+04 -4.702908904126537891e+03 -8.317736635725255837e+03
-4.492378923690749798e+04 -4.272443833669268315e+03 -5.803361809956209072e+03
-2.907910791568913282e+03 -3.077772229265635815e+03 -8.859513119131608619e+03
1.945356806779153203e+03 2.912856291903903184e+03 -5.004907761271217169e+03
-2.681288445149007021e+04 1.435575276467176991e+04 -1.357499006988779547e+04
2.269718757638616353e+03 3.439725880629098810e+03 -9.061145482740608713e+03
-2.693086127867662071e+03 4.339501481748942751e+03 -7.823877840368277248e+03
-5.725217638446268211e+03 1.147320625270268010e+03 -5.574296390668258937e+03
-1.612137659547577414e+03 2.246616022686683209e+03 -5.987392399271914655e+03
-7.511101214688124855e+03 -2.345954378535893557e+04 -1.055164637145846973e+04
-1.498064196468131968e+03 4.313399993345486109e+03 -8.304869903234530284e+03
-2.706245270708733187e+03 5.182639629204139965e+03 -7.268695577246284302e+03
5.881189289249371086e+02 6.249602563490236207e+03 -7.944239290911133139e+03
1.125895861403734489e+04 -8.198595041021177894e+04 -1.403942751018909348e+03
-8.676910224732810093e+03 1.820892360850732803e+04 -5.171764259612986280e+03
9.800097661936760005e+02 1.593349791996682598e+03 -8.888541338639679452e+03
-2.325232196562208628e+03 9.893067017817689702e+03 -1.188915519518312794e+04
-4.341117337100961595e+04 -5.190960020997378706e+03 -6.393335529953960759e+03
9.542866911667124441e+02 7.240849400054659782e+03 -7.773841840129629418e+03
-1.525480759516948865e+03 5.101337723786858987e+03 -8.328567926157205875e+03
-2.007913259513507683e+03 5.751867637507334621e+03 -7.277511477109177576e+03
-4.007829920937759653e+03 5.419363443050451679e+03 -1.180998478757626617e+04
-3.903657500241619800e+03 -1.107976596870091043e+03 -8.511297497102252237e+03
-3.765411963091990856e+03 5.686399878954209271e+03 -8.002066185498397317e+03
1.829485032306561834e+03 5.511522811468631744e+02 -7.404556945439457195e+03
-5.344623980421455599e+03 1.146727643288673607e+04 -8.451846808014504859e+03
2.251600262443299926e+03 5.758018333086934945e+03 -9.186247605559072326e+03
-6.506236128257370729e+04 -9.269152887725917026e+03 -9.115442473154191248e+03
-5.225406767705323546e+03 1.035894992639361135e+03 -8.932994602449858576e+03
1.379801987010641142e+03 6.024006699153033878e+03 -8.651876423840451025e+03
-3.040195323017665942e+03 4.349819763305269589e+03 -7.812584712313110685e+03
-2.737077118969707499e+03 6.003547092365921344e+03 -5.295372186773139219e+03
-1.049640168986732897e+04 -3.047746086614870364e+03 -6.625897560155252904e+03
-1.362161594475116999e+02 4.884584442839509393e+03 -9.445313921281534931e+03
-8.931111970691063107e+01 4.408784866977381171e+03 -8.236584432001540335e+03
-3.695781972503822544e+03 5.776403679961409580e+03 -6.777775245669310607e+03
-6.020643974445813910e+03 -6.635965481685418581e+02 -3.934198469816690249e+03
-1.047998044534836708e+03 3.981855715687736847e+03 -1.098866924065174862e+04
3.004092096374888570e+02 5.248369777289127342e+03 -9.673836699986562962e+03
-1.687926925273715824e+03 5.074840400186902116e+03 -7.999953557487317994e+03
-5.366657987974243042e+03 -2.029382319219024430e+04 -1.225970423612737977e+04
-1.811063263351003116e+03 7.301718400249238584e+03 -1.181468221066342994e+04
-2.591809257580448957e+03 3.833975376654001138e+03 -8.481525458218380663e+03
-4.340295642278166633e+04 -4.075489262628974757e+03 -6.491012102283311833e+03
-2.109693616211570770e+03 4.984788720543851014e+03 -7.511225359631105675e+03
-2.398080574178439747e+03 5.091946387469154615e+03 -9.264477437247940543e+03
1.346833540745368282e+03 5.635255495322272509e+03 -8.719167975680364179e+03
-1.674704066053006682e+04 -4.932688568377107003e+03 -8.511517148491726402e+03
-3.636452219811173563e+04 -2.992889166526595545e+03 -8.772624729665791165e+03
-1.491846093319714782e+03 4.790868263108940482e+03 -8.793547504629714240e+03
-2.523693046692817006e+03 5.201363517700950069e+03 -7.900377207721024206e+03
-2.936186250425736489e+03 2.870411342510539725e+03 -8.276188159562860164e+03
1.236035765376239624e+03 3.105123330982823518e+03 -1.062168967164454625e+04
-2.434438726515769304e+03 7.044139264990780248e+03 -5.594104648530377744e+03
-2.066493192313719646e+03 2.666030806197202764e+03 -7.179457460852737313e+03
1.525431492288821119e+03 8.365388209900342190e+03 -8.399248009018187076e+03
-1.896384141963044613e+03 -6.631627695214421692e+03 -4.816191648344811256e+03
-1.094724702013472779e+03 6.815259899533337375e+03 -1.050309247648499877e+04
-2.423908612148517022e+03 3.313953357904733821e+03 -8.895963595554712811e+03
-4.800510975859191376e+01 1.876942055219749591e+03 -1.158786116315344225e+04
-1.406117717246538405e+03 4.596525811329636781e+03 -8.419584556356681787e+03
-1.513692761145273380e+01 3.923974554092628750e+03 -8.262470334885660122e+03
-6.353722420339379823e+03 -2.773026269362644962e+04 -1.185841753761517975e+04
-2.639428530574550678e+03 5.387405190202493941e+03 -5.461337825203064313e+03
-7.303927745981717408e+02 5.332224283108318559e+03 -9.234301669223890713e+03
-2.157500001508744845e+03 4.168032080180195408e+03 -8.696858245050021651e+03
-8.090436122085859097e+03 7.397567440930590237e+03 -9.921923780130809973e+03
-1.049593592760208594e+03 8.306380912445421927e+03 -8.166672471239922743e+03
-4.295969203160470897e+03 4.089291558303888451e+03 -8.247256564860306753e+03
-2.682923122967320069e+03 5.528711174764873249e+03 -6.402740202829121699e+03
-4.114988185189979959e+03 5.680317406465484964e+03 -7.798885490866128748e+03
-2.584848731785939890e+03 3.155671360559580535e+03 -1.003452827131578124e+04
1.626117657761225928e+04 8.185001009321169477e+03 -9.532610506268740210e+03
-2.847710967259771223e+03 4.453679940193243965e+03 -7.552297093951140596e+03
-2.720480342487158850e+03 2.843228549228276279e+03 -1.057483706242944754e+04
-2.047711231561032946e+03 7.704367817183503576e+03 -8.787302268661971539e+03
-1.616886379051909671e+03 4.139991906724097134e+03 -9.207836245054029860e+03
8.588979949830747955e+02 5.422174567972366276e+03 -5.005819245121857421e+03
1.846027679805519483e+03 1.110955699578963868e+04 -7.976281512683660367e+03
-3.550703591195334866e+03 4.123308043027489475e+03 -7.929609885655137077e+03
-2.330645548919755674e+04 -2.050918353230644789e+04 -1.994039277180347563e+04
7.118444640562689756e+02 3.529546054462449320e+03 -8.901322833959875425e+03
-3.096466265445735644e+03 4.457582431925829951e+03 -8.042893621036066179e+03
-4.009991336736609924e+02 1.247183657892034034e+03 -6.914723231436388232e+03
1.404362214598179207e+03 4.387837987401228020e+03 -8.739532956118790025e+03
-3.414112464802176873e+03 4.606332614056331295e+03 -7.912965123939620753e+03
-5.326467418107964477e+03 2.067288520809026068e+03 -1.193397617022177474e+04
-2.167901482974219562e+03 3.354611946071779130e+03 -1.039337558216634352e+04
1.026157446376027110e+04 -2.503591897523871739e+04 -1.475702739371909411e+04
-3.053742141417686071e+03 3.991009863246479199e+03 -7.909300957802434823e+03
-1.588637575326347360e+03 3.701182280125456600e+03 -8.217887153092209701e+03
-8.333985493800524864e+02 5.301069099029171412e+03 -1.151072578856928158e+04
3.414786394335317254e+02 5.602198326801173607e+03 -9.923026650311858248e+03
-3.072864218046822316e+03 4.312098091246308286e+03 -7.965285852296169651e+03
-1.846849961178450712e+03 2.155578914274108229e+03 -1.025419162417787265e+04
-2.954323764773632206e+02 6.181577723592564325e+03 -1.147911540003983464e+04
-3.293522315784222883e+03 6.274205515157087575e+03 -1.012591386116315516e+04
-3.236402564851724492e+03 4.777458288883181012e+03 -1.096872906302494084e+04
-1.034636092159499640e+03 9.041633074758727162e+03 -6.919862630768324379e+03
-5.654749582217305942e+03 5.246611814533052893e+03 -7.795673187607315413e+03
-5.771602072215061980e+02 6.640869045649569671e+03 -9.964573640475366119e+03
-1.219345699712769829e+03 6.578361166063054043e+03 -5.769891001570603294e+03
-6.254248358983261369e+01 6.312337590596327573e+03 -9.661758347832168511e+03
-1.497399236260194357e+03 -2.459111854441970536e+03 -1.018227594977927947e+04
-2.324178134837094149e+03 -2.020247016018025306e+03 -7.591213311855178290e+03
-1.685799678890060386e+04 -4.056001897513111544e+03 -8.722042072494818058e+03
4.605311765275491354e+01 -1.506116628858418380e+03 -8.817283754126216081e+03
-1.069849748830586350e+03 -5.814343811885578361e+02 -9.294447846239208957e+03
-9.195661067836697839e+03 2.133431486493520424e+04 -1.238180033372495927e+04
1.095286309943409833e+03 5.414446606957768381e+03 -8.590932007732491911e+03
-2.496809223763957561e+03 4.850870639482351180e+03 -7.921485243171111506e+03
-1.277641211388102874e+03 5.695733894165427955e+03 -8.159275774347086553e+03
-6.172197881933456301e+03 -1.975253926931472961e+04 -1.109684058569920853e+04
5.526295966072204919e+02 4.344140522595573202e+03 -8.203715262825811806e+03
-3.015996418413385072e+03 4.062013230493637820e+03 -8.856105820111704816e+03
-4.724716433063759723e+03 -2.994397341084872551e+03 -8.782402025937424696e+03
-5.909245960331928472e+03 4.237287728537429757e+03 -7.196732108753286411e+03
-3.407911917507552971e+03 4.738815063246007412e+03 -8.927716997052912120e+03
-1.335513964020629646e+04 6.163311989096177967e+03 -8.885227715404589617e+03
-4.923813981948349465e+03 -2.267870381184691723e+04 -1.099233285995148981e+04
-1.568582517876030579e+03 5.037781717675615255e+03 -8.219156300025657401e+03
-4.152225143559239768e+03 4.354872781730286988e+03 -7.814346975215887142e+03
-6.501804890441002499e+03 9.862643044454163828e+03 -8.116540056377618384e+03
7.100038207408864537e+02 1.192378484494158874e+04 -1.080846360351521616e+04
-1.638452330858255891e+03 -3.700538663549280045e+02 -1.181280364656621896e+04
1.354636137419374791e+04 9.304546951042144428e+03 -1.015951521894852522e+04
4.288758582378721258e+03 -2.980865606843552087e+04 -1.389751797992821048e+04
-2.518827712514222185e+03 7.727817837529950339e+03 -6.780638769981194855e+03
-3.435887915550119487e+03 1.656140659567011653e+03 -9.557277630252554445e+03
-9.785049904851954352e+02 5.602948957851621344e+03 -9.346668396818520705e+03
1.951814214001487017e+03 4.649751705424368083e+03 -9.987702677355717242e+03
-3.179971139628823948e+03 4.109851779381456254e+03 -9.321718576398214282e+03
-6.818209124211427479e+03 -8.748000184162838195e+03 -1.084360246036862372e+04
-1.106566792024306551e+03 3.264219829914326056e+03 -1.157825481938315897e+04
-9.726102816134688283e+02 3.037440552347738048e+03 -8.784120821923026597e+03
-1.769180612002581029e+03 2.112404498593922199e+03 -9.173252065396887701e+03
-1.812026609960359201e+04 1.072439251077830522e+04 -1.106512401339180542e+04
-3.173173401167538486e+03 1.064195942899455804e+04 -7.066308213242964484e+03
6.969731169124927419e+02 -2.201050951915146925e+03 -1.133040075223395070e+04
1.973128546178716533e+03 6.848024888828493204e+03 -8.676371422149324644e+03
-2.588371240253932683e+03 5.586604336506467916e+03 -1.021433791483229470e+04
-8.364435222564876312e+03 6.717951348067489334e+02 -8.574043699403939172e+03
-3.257087085828125964e+03 9.704648747703342451e+03 -8.425669187902642079e+03
-4.304253604706123042e+03 7.347285543399182643e+03 -6.581087665529835249e+03
-2.885129279137403046e+03 5.532194649937586291e+03 -6.938967034724521909e+03
-1.628330845548296793e+03 6.188457741749215529e+03 -8.205671481914825563e+03
-3.727647146446032366e+03 5.074178256485546626e+03 -7.574335486466415205e+03
-2.931959536170069441e+03 5.144069879819167909e+03 -7.787704098803467787e+03
-2.631087324386675755e+04 -1.018213946245188890e+04 -1.240540660642203147e+04
9.595502678934822143e+02 2.316676634953551911e+03 -8.138898814396668968e+03
-1.255475972200404249e+04 6.616928778448051389e+02 -1.008007759830650321e+04
8.573355328306483898e+02 5.607004142497802604e+03 -8.532636340195211233e+03
-2.792306258383653585e+03 4.520153895707232550e+03 -7.791829246426125792e+03
-2.889611682112990252e+02 4.202032008966808462e+03 -9.335128496806572002e+03
-1.680454224883239021e+03 3.912411508502912511e+03 -6.410480596351024360e+03
-1.653900585691859305e+03 5.279994204863275627e+03 -9.182416142563162794e+03
5.544698975051236630e+03 2.899596490373774600e+02 -9.403669262128812989e+03
-4.584749519097424127e+03 2.101314305778449852e+04 -1.290170120304088778e+04
-2.601912725609641711e+03 5.309026691763830058e+03 -8.088323496604442880e+03
-7.733449335666837214e+02 4.638016025851049562e+03 -9.995410133912793754e+03
5.640751174465069653e+02 2.732302727536408838e+03 -5.087014109891670159e+03
2.909340252215852161e+03 1.700780048929810073e+04 -1.229898300980865315e+04
-1.299170144742899993e+02 7.679361383291758102e+03 -8.268329747508967557e+03
-3.089662833411219253e+03 4.896468943926853171e+03 -7.715257650674318029e+03
-2.847725685203422472e+03 4.312886600784080656e+03 -7.630641188549186154e+03
-2.279625489967193971e+03 4.977458470160692741e+03 -7.532536545017885146e+03
-1.918796036331104460e+03 4.001500659124173126e+03 -1.088217752901561835e+04
-1.096970654759773396e+02 5.421633887944471098e+03 -1.176265239757481322e+04
-1.930638877325097928e+04 -2.848253820361967428e+03 -1.129064474715659162e+04
1.807488397314047006e+02 5.123359820881145424e+03 -9.471013749760137216e+03
-3.053421017062114970e+03 3.769013715808781853e+03 -1.084095867317613374e+04
-3.311562747010224484e+03 4.488554320358943187e+03 -7.543905092735659309e+03
-4.033449369441085537e+02 2.930231118053727187e+03 -9.424772186662474269e+03
4.043780612148756290e+02 2.482873251127806270e+03 -9.005558383146941196e+03
-1.683663557143492199e+03 1.224980660399573935e+03 -8.047860221416647619e+03
-1.001827432515406144e+02 4.791020632318978642e+03 -9.703336063443774037e+03
-1.925820862154403358e+03 4.202723381353632249e+03 -8.991855669345964998e+03
-6.062092584046642514e+03 7.607518507832218347e+03 -1.237905832957013263e+04
-3.927582000247435644e+03 4.340386937023538849e+03 -7.657741073571583911e+03
-3.544635318721090243e+03 4.821542855247305852e+03 -7.825862327462680696e+03
6.379251936179776976e+02 5.086546988992147817e+03 -7.514088414208642462e+03
-1.649298771506827961e+03 6.097991780964841382e+03 -8.368598654180368612e+03
-3.081852607394710049e+03 3.924585055315224963e+03 -8.777087206726206205e+03
-1.879595648780810961e+03 5.913498001221427330e+03 -9.462062035351114901e+03
-3.538554735813997468e+03 4.574303046293968691e+03 -7.656218236003896891e+03
-2.370628490158897421e+03 4.289212300001495350e+03 -9.378768704583097133e+03
-5.153721876723170681e+03 3.182673677610097457e+03 -9.509806702384839809e+03
-1.585130180718215115e+03 4.430352365065106824e+03 -1.106509064407277037e+04
-2.233384872698564777e+03 5.744153211872995598e+03 -8.645643666361740543e+03
-1.825348205425122160e+03 3.851833771154437272e+03 -8.653195258398063743e+03
-3.875999291442061804e+03 6.883109480011615233e+03 -6.892388491984341272e+03
-1.787269599171567279e+03 4.890280006936058271e+03 -7.560375871015185112e+03
-1.878746462663633110e+03 5.809670052347025376e+03 -8.521092202752774028e+03
-1.711117250851562858e+03 5.192190831704488119e+03 -9.138312712936472963e+03
5.218432716012571291e+02 3.090072337735275596e+03 -9.539200816786898940e+03
3.222420393575524940e+03 3.649408772868002870e+02 -6.316028960339410332e+03
-5.744084276894892582e+02 4.931003366940740307e+03 -9.670402145778796694e+03
-9.673570011460714113e+02 5.658986224319915891e+03 -6.030235792318096173e+03
-2.111928684460183376e+03 5.072642071011774533e+03 -8.552936788003808033e+03
-5.729939163017499959e+04 1.882291473417619272e+03 -7.465483300015151144e+03
-9.669754135370560562e+02 5.192855451049456860e+03 -8.831883700701453563e+03
-2.616286524158939756e+03 9.313255898948584218e+03 -7.198401959229907334e+03
-6.252964784142901635e+02 8.245017146383044746e+03 -8.177324608586516661e+03
-2.071152507189610333e+03 5.261476229845987291e+03 -8.486516533805041036e+03
5.418539343921435147e+02 5.033394791506712863e+03 -8.380426633921289977e+03
-1.847601358548709641e+03 4.299301609461073895e+03 -8.214351649920388809e+03
-2.207317931110922473e+03 4.005004760960283875e+03 -9.639376845702981882e+03
-1.318472210740308128e+03 4.879609185120073562e+03 -7.134723849084730318e+03
1.166822827883067703e+03 8.016975923941191468e+03 -8.600749303984493963e+03
-9.430521085415620064e+02 4.897601467954120380e+03 -8.397464023442093094e+03
-1.572907837829187201e+03 3.072562116043064634e+03 -1.052056393352265695e+04
-1.293837824129869659e+03 4.868762370667896903e+03 -7.991122970354193967e+03
-1.333372541761175171e+03 5.247676097065602335e+03 -1.070548730278676521e+04
-3.555772141873334022e+03 6.668799980323961790e+03 -6.894265711806756372e+03
6.777533204299405952e+03 1.772981483753349312e+04 -1.167572267494603511e+04
-3.531198893955377116e+03 4.804190513992946762e+03 -7.401357616038349988e+03
-1.531258834565459210e+03 7.121688904205295330e+03 -8.949748413939289094e+03
-7.882000771163146737e+02 2.747511044921479879e+03 -8.905821221885527848e+03
-1.729271645611482882e+03 4.707961927517859294e+03 -8.589191274851367780e+03
-1.369141861524283286e+02 3.336342130227882990e+03 -8.348987940316046661e+03
-1.272240872052154828e+03 5.384785048763874329e+03 -8.717889622122871515e+03
-2.039333333593225461e+03 5.671063907012656273e+03 -6.836953731622673331e+03
1.105536966473654047e+03 3.943989681261380611e+03 -7.844858798976976686e+03
-2.139408911209461621e+03 4.538986431694044768e+03 -7.821088094101518436e+03
-6.713483760415617780e+02 4.821262344259642987e+02 -9.855802741463730854e+03
-2.189280567122193133e+03 5.206014221003122657e+03 -9.307962520868530191e+03
-2.754745444381797824e+03 -2.213418272927179657e+02 -1.594358208900976570e+04
-1.167771500226033595e+03 6.894087020097835193e+03 -1.029502327046804930e+04
-1.600267482656462107e+03 4.558352972550629602e+03 -8.024780251338106609e+03
-4.559205933133725921e+02 5.889774105763813168e+03 -7.766239677521192789e+03
-2.220572952638615789e+03 2.793390494563425818e+03 -8.915731675803423059e+03
-2.981110837344703214e+03 4.642728062038313510e+03 -7.639566612822937714e+03
-2.069138605773578092e+03 3.926404368070730015e+03 -9.316688230951340302e+03
-1.271674358898436594e+03 5.960904146517562367e+03 -9.178461593230218568e+03
-6.373148572456894726e+03 -1.780179877403689898e+04 -1.254742166790993906e+04
-2.043914221585375344e+03 3.984319565516600505e+03 -1.053801673383958587e+04
9.057939798148313457e+02 5.672777578320673456e+03 -9.240860124844315578e+03
-3.253515535170279691e+03 6.292051279681814776e+03 -7.484081313106936250e+03
-3.292769459187538814e+03 6.423546621900096397e+03 -7.522703648704507941e+03
-4.742691882927020742e+03 4.381347590872801447e+03 -8.032767675072360362e+03
-1.673852305002303183e+03 4.439021024053656220e+03 -8.537645625807357646e+03
3.510715637774114839e+03 6.701496826436848096e+03 -1.063840105329565995e+04
-1.018377417856722423e+04 -1.233910060866777530e+04 3.795516556008090902e+03
-7.947125822826632202e+01 9.354700680735357309e+03 -6.954333229220937028e+03
-2.017434173368884558e+02 2.587758289545673506e+03 -8.081238727186350843e+03
-1.157275414897199425e+03 2.126993928294301895e+03 -1.006643784142795994e+04
9.044623013491998336e+02 9.772084772484438872e+03 -8.291220722894840947e+03
-2.831564773538680583e+03 6.530344151339194468e+03 -8.421767746762277966e+03
-3.005621040218427424e+03 4.897182033375594074e+03 -7.673220516450754985e+03
-1.479555298260478139e+03 5.321761565753827199e+03 -9.086601123146034297e+03
-1.727434004834977713e+03 4.343346983499788621e+03 -9.772333134870645154e+03
-1.372782808213889894e+03 2.403841112468541724e+03 -8.853505355550521926e+03
-2.505184125147347913e+03 5.351406891536710646e+03 -9.465813338101954287e+03
-1.567794992427648867e+04 5.153378147016449475e+03 -6.395908172601976730e+03
-2.505700147647502945e+03 7.460063239801739655e+03 -7.127123554286989020e+03
-2.023264400013247723e+03 4.693985115447363569e+03 -8.793089382078334893e+03
-1.656081833150241891e+03 4.756618646046135837e+03 -9.387390655610885005e+03
-1.446984747719081724e+03 4.079089604635971227e+03 -8.372939858151134104e+03
-7.886658078192744142e+03 1.009424488184389884e+04 -9.003651464008751645e+03
-7.203076352210616733e+02 6.501918784781818431e+03 -9.192626928237612447e+03
1.352645592788293015e+03 2.626961146213199754e+03 -1.028656006834643813e+04
-2.034783277443988027e+03 9.394619698615046218e+03 -1.036358747468956244e+04
-1.957190073789924099e+03 3.903041765842231143e+03 -8.411539836443176682e+03
-1.468712294232993372e+03 6.129445772812272480e+03 -8.454602837371174246e+03
-2.373189312642281038e+03 5.575623365739434121e+03 -7.946054163415927178e+03
-3.954323136215652994e+03 2.529383235660585342e+03 -7.063496782905194777e+03
4.487081918104661327e+01 6.194331137785040482e+03 -5.748313413550850782e+03
-3.871677968670958762e+03 5.150759344043852252e+03 -6.989911011380805576e+03
-3.411262564506466788e+03 4.519737887840241456e+03 -1.066181991650400960e+04
-2.020890888788923121e+03 5.605529500765581361e+03 -8.277024547719334805e+03
-2.426032556164693688e+03 6.101429121146420584e+03 -7.285294179296373841e+03
-2.661812483671035807e+03 3.585847990661882250e+03 -8.796548577500190731e+03
-1.877158812292218499e+03 4.956110724222726276e+03 -7.683637171587353805e+03
-1.442277097005824771e+03 4.611711968637429891e+03 -8.358184592293333480e+03
-2.941311106134128295e+03 6.543526354551993791e+03 -1.119100254797531852e+04
-2.933233850550809166e+03 4.632659810228587958e+03 -7.409861121614754666e+03
-2.209016089121755044e+02 7.348629039700206704e+03 -1.016679201896073027e+04
4.416776424504072565e+03 1.071830928448078885e+04 -5.867774505407218385e+03
7.649474044889439028e+02 6.412090222456758966e+03 -7.704637621930135538e+03
-1.127590046872430776e+03 5.307524043288365647e+03 -8.737272811122256826e+03
-2.816500472153194551e+03 6.906736567282928263e+03 -7.300772620359582106e+03
-2.860767416042855075e+03 5.704400960858953113e+03 -7.914199817911392529e+03
-2.279402485017404160e+03 5.401687197342178479e+03 -8.411697475191529520e+03
-8.445010117164313215e+02 3.832321454963318502e+03 -8.659093117249416537e+03
-5.240593240481392968e+03 9.317735011090291664e+03 -1.430409998496978369e+04
-2.796426392011169810e+03 4.089375975192380793e+03 -7.416095252316284132e+03
-6.278684604159541777e+03 -4.444103644241401526e+03 -7.136740407705425241e+03
-2.392072565048891192e+03 5.171792930571567922e+03 -9.186344729467788056e+03
-3.253720248747968981e+03 5.737815264767205008e+03 -7.263906103366967727e+03
-2.226778728915379361e+03 5.777660199198093324e+03 -8.299600856532500984e+03
-2.740635563434468168e+03 4.685257376274143098e+03 -7.381020948781556399e+03
2.013339537644463235e+03 5.389872116246579026e+03 -6.750179638977431750e+03
-1.032634889821030811e+03 5.814607917459930832e+03 -8.506281293400690629e+03
-1.187125801803946160e+03 4.903681393328844933e+03 -8.680507642669384950e+03
3.484411561885493029e+03 3.286605976527658640e+03 -3.261009611529020731e+03
-3.246400765977797391e+02 4.065947750099056066e+03 -1.071259634756425476e+04
-1.563354760767208745e+03 1.459144418268243044e+03 -1.034254244967151499e+04
-3.825885863044891721e+03 5.521149395215838922e+03 -7.683348446220156802e+03
-1.636658153574082917e+03 3.534678091933836640e+03 -9.947224819483637475e+03
-4.768757427707086208e+03 5.626730083782133079e+03 -9.200350590814301540e+03
-5.434790653818652117e+01 5.679125895102704817e+03 -1.034189060774248355e+04
-7.376489478501187023e+02 -2.467929713459756726e+02 -6.042955130631085012e+03
8.975366927075160675e+02 6.298183366484056023e+03 -7.655350388679066782e+03
-1.279244136095371687e+03 3.327021578407825473e+03 -1.187646919197337593e+04
-2.589943995778585759e+03 4.544711055825647236e+03 -5.598313528564297485e+03
-3.570595033197160319e+03 5.575604470836462497e+03 -7.502687748033185017e+03
2.859798420447747958e+03 5.322376550662584123e+03 -9.804565492504629219e+03
-3.339969957837550282e+03 4.015578425087445339e+03 -7.432841593015707986e+03
-1.173276619829887522e+03 1.875776707662464105e+03 -1.304953049432405533e+04
-3.095158669951591492e+03 4.788465869626064887e+03 -7.331602783813465976e+03
-1.837523869368980058e+03 2.102127186956653986e+03 -7.440245263324911321e+03
-4.395903649889883127e+03 6.096820548616217820e+03 -8.111619905486581047e+03
-2.142121392444268167e+03 4.152361187956744288e+03 -8.719661844061913143e+03
-1.464329369793162414e+03 3.635202159121354725e+03 -7.229149484727069648e+03
6.230099492484726397e+03 3.175244312056328909e+03 -9.713146139127342394e+03
1.099235809791203792e+03 2.745526318659956814e+03 -7.784112977782044254e+03
-2.631220339431446064e+03 4.186354721097284710e+03 -9.477395361677472465e+03
2.455774473086600210e+03 5.856789075592571862e+03 -6.411128222618931431e+03
-2.932509605753345568e+03 3.178023550698088002e+03 -7.772670702261180850e+03
-1.697034135373045046e+03 6.328053268444386049e+03 -8.654410663503165779e+03
-2.617106843557176489e+03 4.808954741298598492e+03 -8.145603198115239138e+03
1.203687233327536887e+01 4.594248766890337720e+03 -9.347314842975813008e+03
9.634809477644519120e+02 3.241321757571159196e+03 -1.430903570907478024e+04
-1.621520988520588617e+03 1.047267569240329976e+04 -4.136486448631299936e+03
-6.428820874313394597e+04 -3.010443413581936693e+04 -1.243806815789476241e+04
2.081666013559794237e+02 4.048805908121606535e+03 -8.500696040250155420e+03
-2.409172023647494825e+03 4.376929577826629611e+03 -8.851645050696944963e+03
-5.178406275872146580e+03 4.427101914465694790e+03 -1.309625743537142262e+04
-2.862140374370239897e+03 5.277248235430177374e+03 -7.507640901626612504e+03
-3.000479690780663077e+03 5.092436276715389795e+03 -8.187906908262224533e+03
3.903767474381598390e+02 2.759708940072648147e+03 -9.231418951827165074e+03
-2.728345243464686519e+03 5.853365647622036704e+03 -8.183723262062869253e+03
-2.618234696152155720e+03 4.776129572087843371e+03 -9.261948977317768367e+03
-2.038258393647703542e+03 3.764637056700806625e+03 -7.834050822470302592e+03
-5.815866570441868134e+03 3.028465829335663329e+03 -7.274189547340763966e+03
-2.862058788892758457e+03 4.651186835738066293e+03 -8.123821148413247101e+03
2.162258114774646401e+03 7.405985514325898293e+03 -7.636267889041317176e+03
-1.745460273070831818e+03 4.738945486537021679e+03 -8.762899428451904896e+03
3.136274935904122685e+03 4.254130065162453320e+02 -9.899578171842487791e+03
-1.210102491269544998e+03 7.170861984394012325e+03 -7.678619788185713332e+03
3.042494867070567466e+02 6.403042518034081695e+03 -7.434996943221898619e+03
-8.843967769895132733e+03 1.004483142228268775e+03 -9.028645239930345269e+03
-2.319230160159939715e+03 6.916729540840675327e+03 -8.155553677354000683e+03
-3.552507631951279109e+03 5.940060910492763469e+03 -6.864306855219872887e+03
-2.002366237708640710e+03 4.071239974938488558e+03 -8.602124514274561079e+03
1.814928234642762163e+03 -1.251629687632542755e+03 -6.339517062300978068e+03
-9.220103846944014094e+02 5.668983028732750427e+03 -7.846100298884571203e+03
-3.487142146616781247e+03 6.151006814736630076e+03 -8.009567114039989974e+03
-4.348487868432486721e+03 4.801359508100984385e+03 -9.658796738571230890e+03
-1.095783795180972902e+03 6.554191917808910148e+03 -6.329367583090856897e+03
2.086811447911035884e+03 6.813413012194841940e+03 -7.861627968757466988e+03
-1.309928550883260868e+03 4.188733684243809876e+03 -9.251040622576350870e+03
-1.118053992939391264e+03 5.819844837564515728e+03 -7.979251644427352403e+03
-1.239717911466575515e+03 6.200916843425568004e+03 -8.659483406179177109e+03
6.059673827167671334e+02 3.703137558811876261e+03 -8.523252704704944335e+03
1.042015764090695740e+01 3.491710830919502314e+03 -1.211260069423401546e+04
-3.060636229988044306e+03 5.173382056439624648e+03 -7.687556410223697640e+03
2.027595749968060090e+03 2.889349412973731432e+03 -1.195991485757381997e+04
-2.726902463013239867e+03 5.931604397282741047e+03 -6.862681621892981639e+03
-9.174662701195251202e+02 4.072631527434426516e+03 -9.155869589040759820e+03
4.456230844651212237e+02 8.338949515387528663e+03 -6.402379886063097729e+03
-7.777381674207463220e+02 4.163286784445066587e+03 -7.719002189548833485e+03
-1.790497644257661022e+03 3.768756692002011278e+03 -8.839501501516320786e+03
8.646604942277360806e+01 4.909751682625987996e+03 -9.244087215804913285e+03
-3.299925416363883869e+03 4.115890289457199287e+03 -7.426927055044048757e+03
-3.003784641756959900e+03 5.067165511322094972e+03 -7.792995976617386077e+03
-1.269192673040062982e+04 1.584061739182090969e+04 -2.676335351479104247e+03
-6.624499245805662213e+03 7.171103765304977060e+03 -9.227886412719008149e+03
-2.320481344379260463e+03 1.908454808455152033e+03 -9.134376641773078518e+03
-2.446732794517613911e+03 4.914014357046553414e+03 -8.026762811388366572e+03
8.314116868614728446e+03 -5.270214399275243522e+03 -8.742866174981332733e+03
-5.509771127419017830e+03 -3.533712376655304070e+03 -6.187628674921734273e+03
-7.018771879493153847e+02 6.467795446730758158e+03 -8.162776076756358634e+03
-1.350084251966872671e+03 4.446932690742915838e+03 -8.492705474836247959e+03
-5.195210624991596887e+03 -6.080967175783614039e+03 -7.667643749015184767e+03
-3.287284414387992001e+03 5.005005150153242539e+03 -7.685441448701730224e+03
-3.803272172062259415e+03 5.127061018352082101e+03 -1.062233358177887749e+04
-3.195289890718053721e+04 2.392911179419128075e+03 -5.443879443725062629e+03
1.067247033585847930e+03 7.794069731529531055e+03 -7.574531628348094273e+03
1.856587263530247583e+03 9.890300434880614375e+02 -7.500112902715723067e+03
-1.260040412572212745e+03 3.941636841917307265e+03 -8.748944640849160351e+03
-1.273594460518725555e+03 5.345120089181767980e+03 -8.688156007359688374e+03
-6.873093161157818258e+02 4.040410021611221055e+03 -1.157296972280915725e+04
1.219336301803674360e+03 8.043498555411933012e+03 -8.301035305384040839e+03
-2.210352678444568483e+03 4.557169519430594846e+03 -7.509504121638802644e+03
3.008199947288208875e+01 2.662997020339196297e+03 -1.090575039754174577e+04
-3.720016589253816346e+04 -3.503476322685711057e+04 -1.986802935692455139e+04
-5.730822853804768783e+03 -4.711184967746954499e+03 -7.792542693909918853e+03
3.721873672722734341e+02 3.356565097236761630e+03 -1.117672693007256566e+04
-3.675539907355046580e+03 5.606417779145900568e+03 -7.498135471804237568e+03
-1.056096824948361700e+03 9.193831030774052124e+03 -8.724276073855162394e+03
-4.319908417537329115e+03 -4.353413823166735710e+03 -9.158944113385292439e+03
-2.124393991417830421e+03 3.880714728796649979e+03 -9.887496520295955634e+03
-2.627468593432265607e+02 4.073228188351436529e+03 -1.102968351540218100e+04
-2.441202340844170612e+04 5.824982537748096547e+03 -1.059642116884197821e+04
-2.639156088949894183e+03 4.728670007139390691e+03 -8.072772886112788001e+03
2.426108693730720915e+03 5.654329102169791440e+03 -7.897226129683903309e+03
-9.948494047722556388e+02 5.177670153301065511e+03 -7.840842151996345819e+03
-1.838282418170600067e+03 2.929422795630694509e+03 -6.490789781241293895e+03
-1.558944587901098203e+03 5.260172293057002207e+03 -6.902708308353739085e+03
3.213629089373529268e+01 4.398690716657674784e+03 -9.267666202082597010e+03
-4.643657966032718832e+03 3.255116842154322512e+03 -9.170725872300899937e+03
-8.032227844886208459e+02 1.036151100741698428e+03 -9.945500043783351430e+03
-5.786963578948432314e+02 5.059306463197960511e+03 -9.722213608074880540e+03
-4.841337018145860384e+03 -2.843253322886620936e+03 -2.505005846273386851e+03
-2.947038945086884723e+03 4.853584105837095194e+03 -6.798561799025622349e+03
-3.439485304942791117e+04 -2.486569286823461880e+04 -1.610623287427386458e+04
-1.181637637524370348e+03 3.748262233046139499e+03 -1.075579493409515999e+04
-6.974371997256949726e+03 5.820490600884098967e+03 -1.053224058442952628e+04
-8.076046549653839975e+03 2.655812269309619296e+03 -8.684199472695709119e+03
-1.621941466564348411e+04 1.101588521074838718e+04 -8.207973914819363927e+03
-3.717568571026420614e+03 4.522754598883157996e+03 -7.973768017155665802e+03
-2.978269348468737007e+03 4.948282142551647667e+03 -7.972315918786307520e+03
-1.838987639934650133e+03 3.322374035664292478e+03 -1.138555544548997568e+04
-2.125687659286334019e+04 3.120005990493234640e+04 -3.685227600387188886e+03
-5.383334832616963467e+03 -3.927855175696151491e+03 -7.880428712177681518e+03
-1.722002319317120737e+03 5.765254548378718027e+03 -6.990738803678293152e+03
-1.265438403374605969e+03 3.399788406004941407e+03 -9.042851890808771714e+03
-3.248202936389952811e+03 4.684389972999603742e+03 -7.989237418092381631e+03
-1.303717061348166453e+03 4.003837608042309057e+03 -8.711544029243672412e+03
-3.572551092906406211e+03 6.717917756462859870e+03 -7.239300733636699078e+03
-3.460004819659344321e+03 6.520458138116207920e+03 -5.752770490213862104e+03
-2.521161249207202673e+03 1.825475116459028868e+01 -1.058955167262977375e+04
5.348565535455837789e+02 5.171502758334047030e+03 -7.833722879532885599e+03
-5.472218033005600773e+03 6.698739937852667026e+03 -9.153855942958241940e+03
-1.252991504666560104e+03 5.128537620036941007e+03 -8.629219969505280460e+03
-2.196592287592868161e+03 3.205875741066091905e+03 -6.571271337251830118e+03
-5.445860058420855694e+02 -4.033460067989709842e+03 -8.152449003033100780e+03
2.085711122811669611e+02 4.403071562048701708e+03 -1.056563013982537632e+04
-2.571038520386019172e+03 5.037529523775603593e+03 -7.396196042493794266e+03
-1.032818541252078376e+03 5.001521144122340047e+03 -8.188665987166353261e+03
-3.098608988648937611e+03 4.694564360939520157e+03 -7.278484674295100376e+03
-2.350187914481194184e+03 7.657328231892523945e+03 -8.350048059126267617e+03
2.804216112389098043e+02 8.245242070508711549e+02 -9.766080953412283634e+03
-3.123428694563360750e+03 5.043744908005078287e+03 -6.801073188617882806e+03
-7.513111536143981539e+03 7.043743978895528926e+03 -9.979308488489945375e+03
-7.232182076051909462e+03 3.257091016716297872e+03 -1.005759692006233126e+04
-7.115264826995145995e+03 -2.204609956296586461e+03 -6.247425326803891949e+03
-1.819965888226995048e+03 4.981646056576992123e+03 -8.299201090279490018e+03
5.166589410214764030e+03 7.935810630171372395e+02 -1.930070161534928957e+03
-2.791356654142982279e+03 5.437860816973530746e+03 -9.796149936537411122e+03
-6.021756036683157618e+03 5.561428312390196879e+03 -6.059485471241370760e+03
-3.767283408154103654e+03 5.029434704659086492e+03 -6.884991805919564285e+03
2.118376298430698625e+03 3.728527158889560724e+03 -7.183512903448441648e+03
-6.910289609827912500e+03 4.958023180619802588e+03 -8.370833692352689468e+03
-1.615355656060596448e+04 1.033877655063196289e+04 -8.102309579478048363e+03
-7.648359538347979651e+03 1.524745358730049520e+04 -6.538036387092329278e+03
-3.205572388865954508e+03 7.336006725515751896e+03 -7.816997288407221276e+03
-1.263357373768179457e+02 6.559439159127630774e+03 -5.527776085252657140e+03
1.802523395582679200e+02 2.492307260039042376e+03 -9.707119263816797684e+03
-3.510341375786195073e+01 3.929199641419073032e+03 -9.944889888482406604e+03
-1.731757792502740585e+03 4.382589392916116594e+03 -8.293994543834394790e+03
-2.556468392527577635e+03 4.969156588434308105e+03 -7.532103768246338404e+03
-9.913371673221136007e+02 2.060393231201373510e+03 -1.095780563264365992e+04
-8.605517768078709196e+03 -1.966815577866716239e+03 -8.508271098731996972e+03
-1.899915127501475126e+03 4.237704956805206166e+03 -7.800512746450100167e+03
-3.705456409629521204e+02 4.248966381681430903e+03 -9.494684593973281153e+03
-5.720095090609219369e+03 1.692889541200510166e+02 -1.008434562542607273e+04
-4.833587574185983613e+03 -2.038070921966988408e+03 -1.158069069358895649e+04
1.681877947229824713e+03 6.371095880214107638e+03 -9.129254199180772048e+03
-2.319795414272332891e+03 9.062439651032773327e+03 -8.785331252764162855e+03
8.636707380574974877e+02 2.157366236617459435e+03 -8.787173937356707029e+03
2.718854293641144977e+03 1.139964823284820341e+03 -1.071659130305206781e+04
-2.586440188754153041e+03 4.930104422087062630e+03 -7.421780688187342093e+03
-7.320598659578081424e+02 5.791184737121443504e+03 -7.712297570058810379e+03
-3.703760842325482372e+03 5.419870141534723189e+03 -6.583556951782124088e+03
-5.887341314464396419e+03 1.116489568784581934e+03 -1.067304284749940416e+04
1.031573948388241433e+03 6.292040785326390505e+03 -5.418117266840767115e+03
-7.251536552551617206e+03 6.532308236028306055e+03 -1.004459605226305575e+04
-2.077961465219889760e+03 5.311724271012056306e+03 -8.375042015125622129e+03
2.354911435024645925e+03 5.294741673968859686e+03 -8.991756823444984548e+03
5.359423652321568625e+03 7.791954806202898908e+03 -3.377374934670355742e+03
-1.262965159344758831e+03 5.781755703185759558e+03 -8.122545948058408612e+03
-2.184948152881718670e+03 5.330011870067090967e+03 -8.168892408979823813e+03
-5.715558498056916505e+02 5.825440903279208214e+03 -9.956445761634366136e+03
-1.128778820497049310e+03 5.819812847601331669e+03 -9.884542567513582981e+03
-2.185927842608813990e+03 5.004274944540004071e+03 -8.128780275504444035e+03
3.936507350350741490e+02 5.338636210537849365e+03 -9.297986727171197344e+03
-2.138654470784038040e+03 5.386352606834476319e+03 -8.019025894661808707e+03
-2.258536722875418945e+03 5.066718006617735227e+03 -8.466221927399245033e+03
6.135645812394212726e+02 7.361491279423691594e+03 -6.263043304121747497e+03
-2.155696126113810806e+03 6.771218802451610827e+03 -8.129359858607331262e+03
-1.178167252209748312e+03 6.491205956522164342e+03 -8.500257166658080678e+03
-1.242931841716717372e+03 4.612054080992354102e+03 -8.979838714040130071e+03
-1.436550528018899740e+03 4.677691600441041373e+03 -8.648374136277790967e+03
-1.937461952313510665e+03 5.241266291849319714e+03 -8.265939259471577316e+03
8.265558299964480966e+02 1.661447566401217955e+03 -8.861607041484539877e+03
-1.909228029498235628e+03 4.713512790924003639e+03 -8.642204348358851348e+03
-6.138273869389002357e+03 8.710148609729745658e+03 -7.566180134276440185e+03
-1.645523691407786828e+03 5.003702126938039328e+03 -8.646348322878016916e+03
1.763647052686661254e+03 8.642136499454638397e+03 -9.136843473243236076e+03
-8.743786330932494820e+03 1.062201200571539630e+03 -5.094330615363847755e+03
-1.870596943148297669e+03 5.101699739919551575e+03 -8.186492998131027889e+03
-2.154561535708437077e+03 5.492535805491493193e+03 -7.883791962582830820e+03
-1.757827891602979662e+03 4.607384123907197136e+03 -8.761722711788430388e+03
-2.610607944783861967e+03 2.974352839401470646e+03 -7.748564272450224053e+03
-1.117739683885066825e+03 5.083159826720411729e+03 -8.741453975851021823e+03
-1.786824320990460819e+03 5.291474858156446317e+03 -8.218361360426177271e+03
1.113048621802134767e+04 -1.934043364952241973e+03 -1.398570255672101484e+04
-1.751676701129596950e+03 3.708270148373584107e+03 -9.090645672167191151e+03
-8.098504997589686809e+02 6.395861365708385165e+03 -9.417549276928284598e+03
-4.930576685281508844e+02 4.250889030784988790e+03 -8.957154019248608165e+03
-1.059475654743704922e+02 3.694177189651117260e+03 -9.850760211488479399e+03
-5.655747402430335569e+03 5.614750532186821147e+03 -7.340897047199574445e+03
-1.252997959354312570e+03 4.004203269359503793e+03 -8.895396505855505893e+03
2.309262637592166811e+03 5.752609096671959378e+03 2.270369115742937993e+03
-1.753658010338945587e+03 4.582691201384127453e+03 -8.671635734965033407e+03
-2.126424938569010010e+03 5.391001215497540215e+03 -8.088665198659760790e+03
3.462558571184822540e+02 4.999116445002150613e+03 -1.006207569214147406e+04
4.914010744201659691e+03 6.975233227870636256e+03 -4.130012240780843058e+03
1.328300290726683670e+02 4.423653672146211647e+03 -8.958650814846534558e+03
-1.828933969171745048e+03 4.654055504701234895e+03 -8.838089355803815124e+03
-1.856449699524021071e+03 5.189546425211658971e+03 -7.991594526931500695e+03
-1.144456723978619038e+03 5.711757827425083633e+03 -8.381916377224370081e+03
-1.588030193156104133e+03 5.541333496986306272e+03 -8.270803191681430690e+03
-1.696756209773525825e+03 3.966748773040627839e+03 -8.659398829181549445e+03
-1.575087203831799343e+03 6.442554902569158912e+03 -8.278803296968035283e+03
-2.178288282140440060e+03 4.791745711708451381e+03 -7.690430125583096014e+03
3.422535545485352031e+03 5.209405540061275133e+03 -1.081718303219223890e+04
-2.167642865067914954e+03 4.947004375896201964e+03 -8.657198500618211256e+03
-1.284141493452461873e+03 4.455842002665824111e+03 -8.726653069190986571e+03
-1.286738877197764396e+03 5.782306444268617270e+03 -8.572041247032788306e+03
3.811901843119801470e+03 6.821887016249921544e+03 -3.435722463844127105e+03
1.060753938606948850e+03 2.511105700544063438e+03 -8.414241409566000584e+03
-2.000896627790635648e+03 4.899988744735946057e+03 -8.420047295008736910e+03
-1.695807543029729686e+03 5.299104955336178136e+03 -8.355914365332128000e+03
-3.242840276131873452e+03 1.253486061234614681e+03 -7.159512543476754217e+03
5.585202976863281037e+03 1.715723441261475818e+04 -5.058942375354820251e+04
-2.157932923712143293e+03 4.393034886147286670e+03 -8.642326809396716271e+03
2.170560513769013596e+03 4.961479104693137742e+03 -1.079459255373887936e+04
1.165329673738625615e+02 6.572025406119778381e+03 -9.427448729263418500e+03
-1.345880704204824269e+03 4.810603209413587138e+03 -8.879976593322104236e+03
-2.326844182880827702e+03 4.658295567226881758e+03 -8.692353007970115868e+03
-1.809219177852459325e+03 4.183500374978789296e+03 -9.064578764498333840e+03
-1.420120625828166794e+03 4.088977959017609010e+03 -9.139884488249717833e+03
-2.046176992513591131e+03 2.762125424486976044e+03 -8.672630684312380254e+03
-1.779649167685505063e+03 4.608949059695105461e+03 -8.758731170400020346e+03
-1.197987899613064201e+03 4.720662311104055334e+03 -9.000086349251887441e+03
-5.658358929944098463e+02 2.739626777555714398e+03 -1.280882267888215756e+04
-2.219134059341556167e+03 5.404619883461008612e+03 -7.908935454394422777e+03
-2.813288937227267525e+03 5.557608092948057674e+03 -7.358334495546217113e+03
-1.641344434982272332e+03 4.708338239561139744e+03 -8.745180490751516118e+03
-1.469043341340734514e+03 5.834497211694168072e+03 -8.017149906572783038e+03
-1.663829442970594755e+03 7.206121270205700966e+03 -8.858026255533875883e+03
-1.719293654511749082e+03 5.629240337258967884e+03 -8.628369736458589614e+03
-2.006559652098580045e+03 5.209094136896661439e+03 -7.841947841755078116e+03
-2.043203118101082055e+03 4.216961902543933320e+03 -8.732772955089982133e+03
-2.254515989542972420e+03 6.433500154580447088e+03 -7.441034216265979012e+03
-1.513163336595297096e+03 5.227022226745646549e+03 -8.413835844603399892e+03
9.676557267911470262e+03 3.128747798431319097e+04 -6.486009106181875541e+04
-1.768999548042495462e+03 5.380915118422344676e+03 -8.184416141494027215e+03
-5.289466011931997400e+02 4.722421583538308369e+03 -8.857092611681800918e+03
-2.818352127464096156e+03 3.689396332116260965e+03 -7.822505592706670541e+03
5.815204177967234500e+03 3.594409269371809046e+02 -8.405785637952600155e+03
-1.682369333632076632e+03 5.008499140557805731e+03 -8.804454438937294981e+03
-1.930539082458853272e+03 5.269628808148492681e+03 -7.994481011335854419e+03
-1.952606600858629918e+03 7.877939241641620356e+02 -9.052396130533285032e+03
-3.328768599930531764e+03 6.480735256564341398e+03 -4.932058579659076713e+03
-1.884281918551425861e+03 5.481620326339704661e+03 -8.545369099588597237e+03
-1.831405946766391480e+03 4.927573885830950530e+03 -8.464205743332380735e+03
-1.166952180372941712e+03 5.097285844733385602e+03 -8.764159320750530242e+03
-2.272648146917567828e+03 4.350610517607940892e+03 -8.573618812297398108e+03
-2.478372450522858799e+02 8.065819133395589233e+03 -6.833221223763688613e+03
-1.617664340721268672e+03 6.424832078433553761e+03 -8.456083697749987550e+03
-2.572514420470997720e+03 4.149637251362892130e+03 -7.069408603077034968e+03
-9.101390534542398427e+02 6.396349729050315545e+03 -8.639462895252609087e+03
-2.207605401396115212e+03 4.960230768486773741e+03 -8.242851876486773108e+03
-2.066130390995580910e+03 4.375227557173559035e+03 -8.439463801909199901e+03
-1.918620698108009947e+03 4.876362370624856339e+03 -8.419983465404158778e+03
-1.478948490584407182e+03 4.758183186151454720e+03 -8.027796853208607899e+03
-1.539449462231452117e+03 5.001290905428498263e+03 -8.667922568292862707e+03
-8.939480834111645891e+02 3.697422065987772385e+03 -1.185609225158129630e+04
2.025041753978307315e+04 1.562997461484917949e+04 -8.513119551890715957e+04
-2.847471821658091812e+03 5.234634325463816822e+02 -1.190932884475043284e+04
-1.269431571145581756e+03 3.090176613972717405e+03 -8.017999713386853728e+03
-7.991112989158982600e+02 3.741993949717809301e+03 -9.232647501497522171e+03
-8.241390155595780698e+02 4.871986545550677874e+03 -9.634502106891077347e+03
-2.697013933738862761e+03 5.358516992325521642e+03 -6.373810652974943878e+03
-3.335008576749135045e+03 2.899913880627143044e+03 -7.615991060011880109e+03
-2.048384980732816075e+03 5.470666816150401246e+03 -7.973198110105310661e+03
3.662217153137994501e+03 8.844123206130125254e+03 -2.192628958380993481e+03
-2.031620246437119249e+03 5.835389719871853231e+03 -7.939200160028151004e+03
-7.913696670460967653e+02 4.256720555719327422e+03 -8.749955730138941362e+03
-1.835189492510127593e+03 5.840856232879672461e+03 -8.438867814983526841e+03
-2.901005076197202470e+03 6.321682127386649881e+03 -8.202930432782570279e+03
-2.193265085741418716e+03 5.780495915108865120e+03 -7.757165782455171211e+03
-7.061294390649522938e+02 5.064935075786665038e+03 -1.000375232689597397e+04
-8.877149310656236594e+02 5.989376776270290975e+03 -8.750710703926839415e+03
3.156398722086295948e+03 1.073330694815660718e+04 -2.129710808908318540e+03
3.344788423435813911e+03 5.442899697697579541e+03 -9.873514441133804212e+03
-2.397819292584355480e+03 3.650623840612487584e+03 -6.453744093484619953e+03
1.266938246032644929e+04 -1.599066930257689091e+04 -1.502663647849679728e+04
-2.294292530106920367e+03 5.031971602328356312e+03 -8.436567587693074529e+03
-1.118289683573038019e+03 5.522692036800478490e+03 -8.650763685594665731e+03
-3.387212427220221343e+03 6.753219041700084745e+03 -3.396298953312022604e+03
-1.326191690998651666e+03 5.820811606062013198e+03 -8.586116343737707211e+03
-2.122376810063622997e+03 5.119343277447328546e+03 -7.445010650714676558e+03
-2.022959272284254212e+03 5.362595676980182361e+03 -8.013490763373843947e+03
3.886732641516887816e+04 3.545768182076614721e+03 -1.675915023662200156e+03
-1.174534433687843830e+03 5.390802806914789471e+03 -6.167821658114786260e+03
-1.785741793967291642e+03 4.688762327721849033e+03 -8.866683598739708032e+03
-1.779531417045795024e+03 5.254288499185327964e+03 -7.783489135886758049e+03
-3.669427949587651256e+03 6.517327751378393259e+03 -9.999996270091643964e+03
-2.211536998588992901e+03 3.599758165226421625e+03 -5.710720868081287335e+03
-1.924133652135842340e+03 5.513919343872964419e+03 -1.196617850179248671e+04
-6.211056608318212966e+03 5.536373695042361760e+03 -2.577572369174376490e+03
5.213127979167776260e+00 4.121003635578290414e+03 -8.658297005863665618e+03
-2.391781251460236945e+03 2.681333821768412236e+03 -8.154129193326202767e+03
-1.600054509344043936e+02 3.259891986619509680e+03 -9.050318594796726757e+03
-6.198385291952511125e+02 5.417477270813660652e+03 -1.086944926701689292e+04
-4.724267734793727413e+02 4.669118416886161867e+03 -9.663100816701329677e+03
-1.234344966517612193e+03 6.168314271848166754e+03 -8.538722465689163073e+03
-2.937431303090965230e+03 2.989021942538192889e+03 -1.302321415793784763e+04
-1.286008670305154283e+03 6.287432352837048711e+03 -8.471992586262133045e+03
-3.214463877843146747e+03 8.129331789079379632e+03 -6.937300225024179781e+03
-2.529743242881062542e+03 5.380935970236277171e+03 -8.617767445451856474e+03
-4.287066108423720152e+02 5.477742188714751137e+03 -9.407256337959708617e+03
-6.373245512365888317e+02 6.818396259712487335e+03 -8.291672795951995795e+03
2.222661137131492524e+03 1.122851657430806335e+04 -2.258050900957132399e+03
9.100366777685743500e+02 4.272890495374163038e+03 -8.155199388809528500e+03
-2.390672264987950712e+03 5.774775674128316496e+03 -8.795950029025150798e+03
-2.811669153020324302e+03 4.384272823141889603e+03 -8.333052308228949187e+03
-5.806840316988479572e+03 4.064010140896667508e+03 -6.026776206048009044e+03
-1.338327043276878157e+03 7.780002640433118358e+03 -1.382359032106940504e+04
-8.918994995593104704e+02 4.390194927381213347e+03 -9.607728584321581366e+03
-1.695615281899831871e+03 5.612880079529307295e+03 -8.093006889065723954e+03
-2.260568525388743637e+03 4.866297582633083948e+03 -8.167980976775458657e+03
1.311778279932040277e+04 -1.615694978818585696e+04 -1.528938027386654539e+04
-8.375557060229886019e+02 4.186996284539308363e+03 -9.297525369513386977e+03
-2.496266238580017671e+03 3.545323559059740546e+03 -8.753257518202724896e+03
2.166654032525026707e+02 6.834975575569505054e+03 -4.245454746590874493e+03
-1.534867198917918813e+03 5.639810917073241399e+03 -8.513681626544965184e+03
-2.323239645174226553e+03 2.739999516477922953e+03 -8.652765224388771458e+03
-9.164324407156309462e+02 4.793363819306312507e+03 -9.525568230048298574e+03
-1.233146517895303077e+03 5.775814975885230524e+03 -8.290801136490645149e+03
-1.949933573263183007e+03 3.290703415922967906e+03 -8.348372498885115419e+03
-1.608037131658379622e+03 6.785395725881748149e+03 -8.120962262575929344e+03
3.853335271210895826e+03 -2.833851219573432900e+03 -1.506864099876741057e+04
-3.009614696748998085e+03 4.569603804863411824e+03 -8.082505389131153606e+03
-1.005534364774405958e+03 3.113625716386889962e+03 -9.103793006290447011e+03
-1.883962120743548894e+03 5.220417161286783994e+03 -8.171719987271893842e+03
-9.463670424368392560e+02 4.051957678986085739e+03 -8.738385836849165571e+03
-5.682399489627903222e+02 5.390364635292422463e+03 -1.046846026832242933e+04
-1.884812644163076129e+03 5.244494041577948337e+03 -9.071418722433878429e+03
-1.805905442098031926e+03 5.740963544790879496e+03 -9.042735793167994416e+03
-1.681023026223416309e+03 4.832999289632046384e+03 -8.192672996919731304e+03
-1.423661470701474627e+03 5.762893400064564048e+03 -8.597360814334653696e+03
7.532938109396100117e+02 3.306275393472182259e+03 -1.209179282513626276e+04
-2.004485865873026569e+03 5.081812511889436792e+03 -8.098786015278222294e+03
2.557468065037540146e+04 7.735474805079134057e+03 -3.417819442867498583e+04
-1.816959104264401958e+03 5.687600352328870031e+03 -9.313441477175789259e+03
1.301190822378585381e+03 3.659844991521994871e+03 -1.141186576725918167e+04
-1.413470850437915033e+03 6.179345054111439822e+03 -1.167205730524774481e+04
-2.852638924942795256e+03 4.438599351131457297e+03 -8.770030444756012002e+03
-1.793975708543425981e+03 4.099729356296776132e+03 -6.895719944452033815e+03
-1.521444754219062361e+03 6.461004234476458805e+03 -7.959641155133368557e+03
-4.204471837363879786e+03 3.108078795319018354e+03 -8.024395552676388434e+03
-3.105595664684924486e+03 5.852277495828690007e+03 -7.096154556875515482e+03
-2.486912277548376551e+03 3.649882974248082974e+03 -7.595292190469841444e+03
-7.393816000419022885e+02 5.152392856371293419e+03 -9.790120228452788069e+03
-1.360741293735675299e+03 4.402732540009774311e+03 -8.678876255765444512e+03
-9.611551131628302755e+02 6.407765718906902293e+03 -1.011758337403034602e+04
1.218930602710693165e+02 3.679452345762520508e+03 -9.407440370377460567e+03
-7.991665236565736450e+02 6.132544437398231821e+03 -7.922433056950608261e+03
-1.611424655642984590e+03 6.940688807055681536e+03 -8.967360573616439069e+03
-1.695702545194597860e+03 4.584391523113363291e+03 -9.662082594311250432e+03
-6.931340245051251259e+02 7.533528899287359309e+03 -3.742082521588713462e+03
-2.780763827675064022e+03 -1.097185132325126915e+03 -1.233691565372201876e+04
-2.071358023825473538e+03 5.456331021467911341e+03 -8.892064850008489884e+03
-1.915701579394540659e+03 5.734398473172016566e+03 -8.792827997698763284e+03
-1.545082090710984176e+03 5.470469054018441966e+03 -8.383139147300060358e+03
-2.234727617810604897e+03 4.903169112187249993e+03 -4.883365980983220652e+03
1.546878667314148697e+04 -7.698068891181351319e+03 -1.835640462857861712e+04
-9.691584051254452788e+03 -5.815632447264611073e+02 -6.973721120728742790e+03
-1.434939954417755143e+04 -9.633087745941331377e+03 -8.622659305110928472e+03
-1.358818098160621275e+03 4.990927973427447796e+03 -1.035706558387001496e+04
-8.090370852806227958e+03 1.101899792421088932e+03 -7.314714491413255928e+03
-1.273777422650359313e+03 2.075619801209854631e+04 -3.111025390985500962e+03
-1.870298487245186834e+03 9.184536285622954892e+03 -8.720025935123689123e+03
-6.488166522849622879e+02 3.927105930378387256e+03 -9.425113797573212651e+03
-4.977897340860628219e+02 5.847967389190978793e+03 -9.674509939184488758e+03
-6.797597125601325843e+02 6.860530848877576318e+03 -8.655548687670567233e+03
-1.468227242865521021e+03 6.519982403771864483e+03 -9.199674966739876254e+03
-1.758118052754694872e+03 3.928089818727662077e+03 -8.530650341489556013e+03
-1.282117988710931058e+03 6.571263201427062086e+03 -8.376736237997545686e+03
-7.300578910565411661e+02 4.926086965959247209e+03 -9.027265068154631081e+03
-1.858111304050034960e+03 4.814141043636705945e+03 -7.988839127772370375e+03
-1.193929023637595719e+03 4.293297139432386757e+03 -8.935219332762242630e+03
-2.246221338634480617e+03 5.837044635028521952e+03 -8.802721498843195150e+03
-1.237118146198691284e+04 1.065780703586749769e+04 -9.245175907890861708e+03
-3.125008786460134615e+03 3.785424270947256446e+03 -6.641475782127183265e+03
-2.515079898697594217e+03 3.164291431277254560e+03 -8.486540456588707457e+03
-1.631892088170458919e+03 4.007784998739278308e+03 -8.689582173560818774e+03
-3.036999524796512105e+03 4.736391819858541567e+03 -6.735220517784018739e+03
-1.903385440781773696e+03 4.200258773401757935e+03 -8.115681693638893194e+03
-2.243035992693184198e+03 4.858584205845460019e+03 -7.852275546108567141e+03
-2.290006421356361898e+03 4.789452181234963973e+03 -6.809460952712393009e+03
-1.756136794818691487e+04 1.153903041708573801e+04 -1.695360716911388954e+04
-6.731387167992781542e+03 5.083418819232391797e+03 -8.186843256567191929e+03
-4.135821442254255999e+03 5.291869947757343652e+03 -7.565089384417977271e+03
-9.869914304574924699e+02 5.364732583100174452e+03 -8.596222250556100335e+03
-5.794201504301164277e+03 5.186883860196920068e+03 -8.250153490625651102e+03
-1.930457884491842151e+03 3.978317999089061686e+03 -8.703742483165666272e+03
-1.176228840687670072e+02 6.102316022385492033e+03 -1.300923715476653706e+04
-3.423422101991238264e+02 6.358716048328879879e+03 -9.306071509252997203e+03
1.166913258663898159e+04 -1.262781903052520283e+04 -3.270796627776358582e+04
-1.605095848155485555e+03 3.860418208308366502e+03 -9.067499837238568944e+03
-8.054141464750196064e+02 4.309818745505060178e+03 -9.032020480684352151e+03
-2.760503863979573907e+03 5.306660636506983792e+03 -7.487309378021353950e+03
-3.502093993695013978e+03 2.171354834868920989e+03 -1.608653484532503398e+03
5.396568055476953987e+02 2.674416077480615968e+03 -6.092638327671488696e+03
-1.268347112234503356e+03 4.534087020719313841e+03 -1.066172225152649480e+04
-4.151065615528329431e+02 3.697834224557847847e+03 -1.061786054032898755e+04
-1.297883473748062670e+03 4.203442998542919668e+03 -8.453319092190296942e+03
-1.848827380556385606e+03 5.405758187360173906e+03 -7.801370552794120158e+03
-7.376974489852422039e+02 4.260005310809830007e+03 -8.883684720988105255e+03
-1.102194819094000650e+03 4.626942417451788060e+03 -9.065316244789737539e+03
-5.113296711065294176e+02 4.588209008944209927e+03 -9.159309963839756165e+03
-6.612701538877551684e+03 7.554994190487072956e+03 -1.054135965498123551e+04
-1.423542524503410095e+04 -9.159622460954047710e+03 -8.445809250757625705e+03
-9.221960531969283466e+02 4.258204844166333714e+03 -9.056747045628488195e+03
-1.828374544068532032e+03 4.196858074821306218e+03 -8.908704674760367197e+03
-3.188916654447442852e+03 2.749385291579671048e+03 -2.453344808685828298e+02
-5.202055180964392093e+03 9.801929640548526095e+02 -9.242605179039377617e+03
-2.432663680106160427e+03 5.645999189535999903e+03 -9.029811969321955985e+03
-7.668688197381410419e+02 5.583113926680570330e+03 -8.996718139913344203e+03
-3.519253127623238925e+03 5.193162920028640656e+03 -6.489883940656641244e+03
4.053661002496036963e+04 2.090770197884554727e+04 -2.188821767936774631e+04
-5.766971711132653127e+02 6.745365727129728839e+03 -8.312947723872557617e+03
-1.712560336778121155e+03 5.590186524252389972e+03 -8.915025429079812966e+03
-1.576371229032014980e+03 6.355708906931745332e+03 -7.904717883891454221e+03
-1.792227398427201479e+03 5.526882892076112512e+03 -8.316210492324511506e+03
-2.346213169921417375e+03 4.257829746020945095e+03 -8.005542691743431533e+03
-2.680411864231240088e+03 3.102255946753900844e+03 -7.136577123581021624e+03
-2.140859067595338274e+03 3.654051323881498320e+03 -8.123797069685818315e+03
-1.439802727510873183e+03 -1.637420931311029017e+04 -9.174793530334200113e+03
-1.878752039981703092e+03 2.956158421786951749e+03 -9.083132564940657176e+03
-1.232948368467251385e+03 6.423173360780906478e+03 -8.545258183802381609e+03
-1.812406735664629196e+03 3.940116492032702809e+03 -8.620263813690873576e+03
-2.091198141712164670e+03 4.547760606453371111e+03 -7.792735238623388796e+03
4.624359307658276066e+02 3.647576074283836533e+03 -9.059068118211802357e+03
-1.935984458130867552e+03 5.372639973690058468e+03 -8.017884030661626639e+03
-1.637380553717189059e+03 4.801189348044052167e+03 -8.789047424991103981e+03
-7.495856662621832584e+03 -1.192849503413794537e+03 -5.048001646964950851e+03
-3.800514811327894677e+03 3.483173515065260290e+03 -7.340929955049415184e+03
-1.465055260358033820e+03 4.331082613207494433e+03 -9.266293178493069718e+03
-1.621507197169493111e+03 3.770588512090797394e+03 -8.718724551106781291e+03
-1.256254481539553854e+04 -1.319309088549353874e+03 -1.070476199596582228e+04
-9.996507915329685829e+02 6.340046894134041395e+03 -8.553431248539829539e+03
2.961401387713521399e+04 1.432647152311346690e+04 -2.180340829775103703e+04
-1.599738776465815135e+03 5.129989941238074607e+03 -8.649757928487553727e+03
-1.761396371231544208e+03 5.720929596599795332e+03 -8.327171632255171062e+03
4.286871382604477731e+03 3.352119055778108304e+03 -1.044027881268304009e+04
-1.812010039154356946e+03 4.174476187577703058e+03 -9.302493184770504740e+03
-1.268857851716665209e+03 6.440468747002591954e+03 -8.380739353591461622e+03
-1.936847271368050997e+03 5.695191476082963163e+03 -8.397453386060136836e+03
1.486755176171494440e+03 6.066697597762206897e+03 -1.026590956563583131e+04
8.071161542769172570e+01 1.990863107128588308e+04 -3.300655514661509187e+03
-2.528438217282199730e+03 5.313543075639513518e+03 -7.064060342859043885e+03
-2.169703893061773215e+03 7.578301100336397212e+03 -8.469554802131011456e+03
-4.211089885583906835e+03 5.347488868713368902e+03 -7.084039615047992811e+03
-1.433198235528543819e+03 6.172600874129979275e+03 -8.282509662904934885e+03
-5.711356170091747799e+02 4.812685635871808699e+03 -1.301571867700963412e+04
-3.215872394047918988e+03 4.403153087635915654e+03 -8.105440092908612314e+03
3.490504189049645447e+03 5.724546157322123690e+03 -9.968208408695483740e+03
-1.093386770898064015e+03 5.003325592649905957e+03 -8.830448224389025199e+03
-1.354455577706563645e+03 6.261327939608071574e+03 -8.336565381593736674e+03
-6.294705972786550774e+01 5.774345930565114941e+03 -8.797713556480703119e+03
-1.893610727338117385e+03 3.999556328975041197e+03 -8.957230039732350633e+03
-9.766006616509230298e+02 4.524799915311608856e+03 -8.674163386983180317e+03
-2.286336260469400713e+03 4.347073357816836506e+03 -7.047800840944033553e+03
-5.757752422749716743e+02 1.904266646240140290e+03 -8.094970942980566178e+03
2.699755899436859909e+04 1.652063231184832694e+04 -8.999166704166564159e+03
-1.134911367941795334e+03 3.539567164849768233e+03 -9.502721221100749972e+03
-2.990800842436840867e+03 2.934727498535340601e+03 -1.034371466476785099e+04
7.291894165608027834e+03 1.022756643372986946e+04 -6.114209202031776840e+03
-1.418039933120024671e+03 5.187256947225492695e+03 -4.307983396839468696e+03
4.292735383013237879e+03 4.682560664611805805e+03 -8.586228473127679536e+03
-1.380991281886991146e+03 5.005901091988866938e+03 -9.352416940011322367e+03
-1.478241521878620006e+03 5.219876345353548459e+03 -9.174859023642817192e+03
-2.011125218740833134e+03 4.764937421224336504e+03 -7.953033923013917047e+03
-1.212842788045216366e+03 5.862717518735807971e+03 -8.724317995044259078e+03
-5.477442556967974269e+03 5.703087856434377500e+03 -7.296798725596693657e+03
-1.556391047385099455e+03 5.716588816527786548e+03 -8.705398897143651993e+03
-2.252777519922577994e+03 4.862316277972757234e+03 -7.844894820635101496e+03
4.625189363608224085e+03 5.806059627661988998e+03 -1.174611766476348748e+04
-2.321441526201713714e+03 4.051479122379695127e+03 -8.548625299521632769e+03
-2.343436132877022374e+03 3.760870909413246409e+03 -8.449487701724476210e+03
1.998364293004543697e+02 5.875043436728649795e+03 -8.457736584379495980e+03
-1.075345930492960179e+03 4.237746258460781974e+03 -9.065909375418596028e+03
4.330333593172775863e+02 5.036512581739510097e+03 -9.956397520256186908e+03
-1.894031803596582540e+04 1.906997004053101773e+04 8.245177628800154707e+03
-1.056333124706445233e+03 3.913251210215707943e+03 -8.504916709057974003e+03
-1.162996401170715217e+03 3.582823412703954091e+03 -8.067281610375855962e+03
-4.964950792493026711e+03 7.217735211758667901e+03 -8.292719634522325578e+03
-1.781543693431714473e+03 5.269787411006880575e+03 -8.760239516715453647e+03
-1.754663704488126996e+03 4.610781763818038598e+03 -7.874074579432757673e+03
-1.785056771718009713e+03 4.700937088897652757e+03 -8.147530056207945563e+03
-2.145224082122284017e+03 2.313757013167039077e+03 -8.346655945399208576e+03
-3.843963009826576126e+03 3.785924193630003174e+03 -5.110198765759793787e+03
-2.658232293560117796e+03 3.871518858044541957e+03 -8.229968243666959097e+03
-1.442137673592936835e+03 5.357482637843866542e+03 -8.556579449100105194e+03
7.300315361608022613e+03 9.901651158333334024e+03 -2.785993837129859003e+03
-2.819346265536433748e+03 6.641077882402280011e+03 -1.071223182237513902e+04
-1.607638846688185367e+03 6.166069911445923935e+03 -8.025562397406657510e+03
-1.605471680124341674e+03 1.423146639628239427e+03 -7.970516013599145481e+03
-3.030301459399769328e+02 5.173595191566088943e+03 -8.437415230167953268e+03
-1.957701921325744479e+03 4.535620678209738799e+03 -8.417479472838354923e+03
-2.136322133752450554e+03 3.954580566843636916e+03 -7.622564423774559145e+03
-5.016164180375564001e+02 1.317828289022041645e+03 -8.505552849313113256e+03
-8.873641819187375859e+02 6.329466341186004684e+03 -8.341918291761872752e+03
-1.287020826716189958e+03 5.884262905273610158e+03 -9.676938781279061004e+03
-3.370459929849039327e+03 5.482398122033795516e+03 -8.430386205916594918e+03
-1.569831017028872338e+03 4.768654661135768947e+03 -8.752870406742322302e+03
-2.582027771402755661e+03 4.529589140313903954e+03 -8.030569041399829985e+03
-2.038706291360059026e+02 6.222596267515807085e+03 -9.146300167670331575e+03
-8.786013710043488345e+02 5.771181170530873715e+03 -8.972352365086759164e+03
-1.978368363416641159e+03 5.070518219156625491e+03 -8.451248515804747512e+03
-2.059567217335905752e+03 2.022678463363521814e+03 -1.656899164667496007e+04
-7.150390236943028867e+03 4.735863131971394978e+03 -6.365529271314886500e+03
-1.607557903994530307e+03 5.795982518017586699e+03 -8.557213651659078096e+03
6.738233302022380485e+03 8.056100898624104957e+03 -5.488652006201966287e+03
-4.770418839218791618e+03 2.506507638542806490e+03 -7.212344067095497849e+03
-1.540734844283666007e+03 5.492813611556670367e+03 -8.081699810463858739e+03
-1.442857252031031749e+03 5.152725268604445773e+03 -8.975407362240737712e+03
-2.274742313407173697e+03 4.407577789972527171e+03 -8.086020347319145003e+03
-1.537747839921743207e+03 4.932173467830301888e+03 -9.050613341574529841e+03
1.702248496248880201e+03 3.697897851460018865e+04 1.181382292388522183e+04
-1.017540915100595157e+03 5.704648715048037047e+03 -9.434123375398859935e+03
-3.168362264905055099e+02 4.490311478684780923e+03 -9.255866770706257739e+03
-3.723580831479501967e+02 4.602802107467591668e+03 -9.181042611727132680e+03
-1.719627622108750757e+03 5.689404754655010038e+03 -8.587969046585187243e+03
-2.688495694561361233e+03 4.457507195050937298e+03 -8.815007719341170741e+03
-3.642958706474468613e+02 6.108141340332247637e+03 -9.241600683835733435e+03
-8.521922759964855913e+02 6.152642636189274526e+03 -8.903862960058706449e+03
5.311494478390549375e+03 6.496504983371056369e+03 -8.137818927187961890e+03
-1.576193602121878257e+03 5.970106596448999881e+03 -8.392362436666095164e+03
-1.797673036259558785e+03 5.210188085805176343e+03 -7.783589277960600157e+03
-2.014534185824818451e+03 4.589016548988158320e+03 -9.046118670484611357e+03
4.729636332910296915e+03 1.086065491000276779e+04 -6.477720965776195953e+03
-1.731299569952591355e+03 4.755629668628005675e+03 -8.414958391628399113e+03
4.522177661096748125e+02 5.411026225515722217e+03 -8.988904194239341450e+03
-2.189779737966009634e+03 -1.070207804645007400e+03 -1.391879128452395707e+04
-2.920030140735778787e+03 5.513132835593369236e+03 -8.072278566993198183e+03
-5.156999879598857888e+02 3.912035226774596595e+03 -8.480843189207884279e+03
-4.303955608538479282e+03 3.879276064528913139e+03 -8.021537315468101042e+03
-1.580806936212007940e+03 3.917691658324831678e+03 -8.592045377603100860e+03
-1.379044195290479138e+02 3.588404751613426470e+03 -1.098956387303766496e+04
-1.330520090920129405e+03 4.302910888800010071e+03 -9.191019497344334013e+03
1.984913598541726969e+04 2.505618811052812816e+04 -9.807673629527055255e+02
-2.608280403708653807e+02 5.239622804144857582e+03 -9.222115213503524501e+03
-2.794789586294095898e+03 5.454416502044204208e+03 -7.792697699928492511e+03
-1.826835261497558349e+03 5.224501980657073545e+03 -8.419181055627112073e+03
-3.915963835343434766e+03 3.494215155689538733e+03 -7.117771980822105434e+03
-3.076508960356427906e+03 3.476288032971504890e+03 -7.260725326472846973e+03
-1.537650892676425883e+03 4.066235973644433670e+03 -8.860585418742644833e+03
-1.388639095720061732e+03 4.903474242404226970e+03 -8.952385241915524603e+03
-2.705115217997150694e+02 7.198045270693885868e+03 -8.355429606626925306e+03
-1.779680003297722578e+03 4.852240810422405048e+03 -8.888810302403024252e+03
-1.768727538951301767e+03 4.448123683794446151e+03 -7.758986465094806590e+03
-7.732924207545033823e+02 5.020299127149954074e+03 -9.077631340339763483e+03
-2.803275753136931598e+03 3.552091160744838817e+03 -7.734617008446024556e+03
-3.766032687043407350e+03 4.512187427159398794e+03 -7.498642036471715983e+03
-7.431698127806872662e+02 5.610080388646683787e+03 -9.381142707237480863e+03
-1.430191848982073680e+03 6.954817283763599335e+03 -1.022567154092594683e+04
-4.939780955251732848e+03 4.689856370856529793e+03 -8.111223605429662712e+03
1.151116203893722343e+02 3.043058003488237773e+03 -1.248338238143841772e+04
2.618214509114103521e+02 5.258618661434183196e+03 -7.705504987491464817e+03
-6.179410388206356401e+02 4.719876360298162581e+03 -8.867365941736672539e+03
-1.190324411774081909e+03 7.040995729415279129e+03 -8.131698391609234022e+03
-1.814458933627442775e+03 4.386217418062155957e+03 -8.917003749238772798e+03
2.182725045232835782e+03 1.675473207759518345e+03 -1.000034645524828920e+04
-3.380565002436470877e+03 4.531921567062357099e+03 -6.228581866252265172e+03
-2.626187863258870948e+03 3.537797868675328573e+03 -9.286642580395662662e+03
-1.902802680566231629e+03 5.014107521750800515e+03 -8.345138571264002167e+03
-5.098817962519421485e+02 4.679949377447021106e+03 -9.025063545927994710e+03
-1.549256409132567569e+03 5.199837562875602089e+03 -8.269114249031354120e+03
-1.587496015062745755e+03 4.782469291603418242e+03 -8.596418085707684440e+03
-2.365204948822172355e+02 5.223247938032397542e+03 -8.709444817989673538e+03
-9.234466797628806489e+02 5.346439852101492761e+03 -8.748901744261944259e+03
1.130464185980277762e+03 1.653370254513761665e+03 -7.577245398363561435e+03
-1.468065614235106750e+03 5.263618240110044098e+03 -8.975097612346391543e+03
-2.591739662500997383e+03 4.847633347359535946e+03 -7.851005870983386558e+03
-3.520474129653694945e+03 3.102960872275260499e+03 -7.835064873938661549e+03
-2.060467958728746908e+03 5.130217059864413386e+03 -8.357230309537484573e+03
-1.757664384892672388e+03 5.105155274069205007e+03 -8.881153130794285971e+03
2.113331492326876287e+03 1.162701591512694540e+04 -1.100369457116313060e+04
-1.241507640337310477e+03 4.549614275557566543e+03 -8.777134882122452836e+03
-4.122956754138972428e+03 3.420695490997497473e+03 -1.221715920783008187e+04
-1.194413574527728315e+03 4.388627970735026793e+03 -9.230900113373621934e+03
-1.703861660051048830e+03 7.266847452636682647e+03 -9.509759535673058053e+03
-2.395590570497427689e+04 1.718342991326786796e+04 -4.437602811013412429e+04
-2.323314276113837423e+03 4.971846965478912352e+03 -7.683902982590046122e+03
-2.079318299806343191e+02 4.439229195855797116e+03 -9.225777176741277799e+03
-2.547398684978561505e+03 4.834353498072537150e+03 -7.821125331662349708e+03
-4.428628141220373209e+02 5.503839602699862553e+03 -9.179256817752704592e+03
-1.534768764456759072e+03 4.988071898801245879e+03 -8.995462341177473718e+03
-1.760791511435141501e+03 5.582765330911241108e+03 -8.559816285492128372e+03
-5.183998865835815195e+03 2.080977747441535939e+03 -6.313302180439051881e+03
-8.024003331709645863e+02 5.699773983087679881e+03 -8.849541012859506736e+03
1.125978111269933493e+02 6.567828473797619154e+03 -8.724744725953984016e+03
-1.368568665941730160e+03 4.072761059870846111e+03 -7.817286344200777421e+03
-1.743051031012551903e+03 2.920860801688718766e+03 -9.160462280531617580e+03
2.701153875788981622e+03 3.336715838111924768e+03 -1.031206983281373505e+04
-1.454926503691551488e+03 5.757456224515459326e+03 -8.782376829543094573e+03
-7.407643086480170496e+03 4.743574138655859315e+03 -8.754523141490224589e+03
-2.648609028373326055e+03 4.729888130773781086e+03 -8.276686435753012120e+03
-1.448164141987530002e+03 5.121251742426348756e+03 -8.979016262512703179e+03
8.920817309739313714e+03 4.950663606855519561e+02 -2.003907025094417259e+04
1.933120237634356499e+03 -4.432650506533223052e+03 -1.251124681639016853e+04
-7.082179497375968822e+03 9.963328799373252878e+02 -7.622128304601606942e+03
-2.401881291090392551e+03 5.123517186871172271e+03 -8.473415505853319701e+03
-2.068319559454937007e+03 5.008339771510149149e+03 -7.960720303597072416e+03
-1.673516806039813446e+03 4.266661790331320844e+03 -8.993877755186229479e+03
-1.682578866813933701e+03 4.719359477019102997e+03 -7.744491903750982601e+03
-1.928487372032301209e+03 4.729754208694431327e+03 -8.178746354265034824e+03
-1.778914465107353863e+03 4.323335604029541173e+03 -8.667666397701646929e+03
-1.296372897932012165e+03 4.261999507132280087e+03 -9.123005511179433597e+03
1.648006449668920368e+03 4.179621510613242208e+03 -1.012413628397121829e+04
-1.611861553322446980e+03 5.031685126465237772e+03 -8.523761346643303114e+03
-1.855031714299868497e+02 4.305344384285253909e+03 -9.286040927861435193e+03
-2.165400662482615189e+03 4.798443157686699124e+03 -7.900392115645006015e+03
-1.914179726920668145e+03 9.608508217235927077e+03 -8.881639130340699921e+03
-6.089687299611447997e+03 1.052744443244912691e+04 -9.134662146708693399e+03
-1.092703134048827224e+03 4.299437016586859500e+03 -8.864041945348231820e+03
-2.650957109039833540e+03 7.394659722159979538e+03 -7.540750742423872907e+03
-1.400370897767337738e+03 5.917080014037867841e+03 -8.562952609054105778e+03
-5.802271328349929718e+03 -2.402132365327860498e+03 -1.457718726156526463e+04
-1.074988259628552896e+03 5.143838019020309730e+03 -8.779970214069973736e+03
-1.906885356755911289e+03 2.690202588436919086e+03 -1.316822891705135225e+04
-9.509989119558304083e+02 4.240161908470079652e+03 -8.223481970702443505e+03
-1.421579248176753254e+03 4.759299194544672901e+03 -8.442599447755133951e+03
-1.573435547937598358e+03 4.374537755516563266e+03 -8.666097257717034154e+03
-9.614519612836713804e+02 5.022042822730194530e+03 -8.878807456491373159e+03
-1.707980616011096799e+03 5.085397148969246700e+03 -8.835472670106993974e+03
-1.381138621560482534e+03 4.935870745175282536e+03 -8.918624891217363256e+03
-1.508126822405170060e+03 5.214179676213513631e+03 -9.073409283126409719e+03
3.665421138476328451e+03 1.618318959009567516e+04 2.852912834858111779e+01
1.730042069292819406e+03 6.565444714890493287e+02 -4.753763756379430561e+03
-1.353155012768366760e+03 5.127460317552739070e+03 -8.897595861444366165e+03
-1.592493628934957542e+03 5.762434994918632583e+03 -8.568356522485628375e+03
-6.470689801514091641e+02 5.024013652458233992e+03 -8.920315547549142138e+03
-1.569558751731415668e+03 4.972019084782145001e+03 -8.899487279193330323e+03
-6.380622688529167135e+03 1.567351842098424186e+03 -3.833192171098905874e+03
-1.709083856576898143e+03 4.363802182003202688e+03 -8.678418558669773120e+03
-2.013702314583072166e+03 4.975333391075140753e+03 -7.933399760192048234e+03
-1.429017700362985352e+03 5.569469341504190197e+03 -9.013402890981915334e+03
-2.417853742892827995e+03 4.772475047679577074e+03 -7.893691728121330016e+03
-9.288400986978945184e+02 5.594410232911486673e+03 -8.919096709150060633e+03
-1.171297931036866885e+03 5.203645970278861569e+03 -7.405549455040764769e+03
-1.194682847040955949e+03 4.712677577637555260e+03 -8.967388917329333708e+03
-1.777402035963813887e+03 4.826035686425385393e+03 -8.854890710485360614e+03
-2.616061700818699592e+03 2.343546244899526755e+03 -1.113387101658332722e+04
-1.031142051725489182e+03 4.051455998597122743e+03 -8.936852805155485839e+03
-1.490420009082960405e+03 5.815319648590615543e+03 -8.808251385873825711e+03
-1.943804760179894402e+03 5.366801564230975600e+03 -8.274346719264885905e+03
-1.941106433900816228e+03 3.885398793070216470e+03 -8.370645844651488005e+03
8.598019306195537865e+03 -6.238153246643409148e+03 -5.091160216972408671e+04
-1.638267678715364355e+03 5.091981058822770137e+03 -8.741601376998234628e+03
-1.398977164878421263e+03 4.914049730988057490e+03 -8.793703878326803533e+03
-1.671327814226653572e+03 6.527277166123868483e+03 -8.293923657503561117e+03
-8.936914739167274320e+02 5.210642480038063695e+03 -8.774216793795148988e+03
-4.120233929272736532e+03 4.790888212680519246e+03 -7.014645519165651422e+03
-2.413398716961955415e+03 4.777577054083905750e+03 -8.046604027803787176e+03
-1.630435572367207214e+03 6.997881106446345257e+03 -9.095128668145534903e+03
-6.610639924073922202e+02 4.585160331597609002e+03 -9.147559353784381528e+03
-7.811835310015546838e+02 5.174014033254089554e+03 -8.791259229756173227e+03
-1.766418710117314049e+03 5.008988719711782323e+03 -8.664875064166346419e+03
-1.449425804867095621e+03 4.929697325232571529e+03 -8.561737936181563782e+03
4.392305684822406874e+03 -3.296220526582432740e+03 -3.375896630518334132e+04
-5.619079204241097614e+02 5.553365864125748885e+03 -9.279146261005455017e+03
